""GT"",""AD"",""DP"",""GQ"",""PL""
"0/1","11,22","33","99","772,0,296"
"0/1","16,16","32","99","536,0,531"
"0/1","19,19","38","99","572,0,593"
"0/1","11,4","15","99","130,0,259"
"0/1","7,17","24","99","577,0,213"
"1/1","1,25","26","69","900,69,0"
"0/1","10,10","20","99","263,0,142"
"0/1","18,18","36","99","599,0,519"
"0/1","10,3","13","80","80,0,368"
"0/1","12,18","30","99","612,0,386"
"0/1","22,14","36","99","340,0,651"
"0/1","13,17","30","99","565,0,386"
"0/1","8,15","23","99","524,0,231"
"0/1","12,20","32","99","652,0,342"
"0/1","14,11","25","99","320,0,492"
"0/1","12,11","23","99","351,0,399"
"0/1","9,10","19","99","310,0,309"
"0/1","10,10","20","99","347,0,336"
"0/1","5,6","11","99","217,0,130"
"0/1","12,22","34","99","716,0,401"
"0/1","19,21","40","99","598,0,534"
"0/1","14,18","32","99","542,0,471"
"0/0","29,0","29","75","0,75,913"
"0/1","13,24","37","99","847,0,401"
"0/1","15,25","40","99","842,0,472"
"0/1","16,24","40","99","804,0,490"
"0/1","5,7","12","99","212,0,174"
"0/1","27,16","43","99","512,0,885"
"0/1","25,15","40","99","435,0,851"
"0/1","20,7","27","99","154,0,662"
"0/1","9,16","25","99","448,0,288"
"0/1","16,12","28","99","331,0,397"
"0/1","13,6","19","99","173,0,436"
"0/1","14,7","21","99","208,0,509"
"0/1","17,13","30","99","417,0,444"
"0/1","17,15","32","99","502,0,558"
"0/1","8,21","29","99","579,0,240"
"0/1","13,12","26","99","404,0,343"
"0/1","11,12","23","99","411,0,371"
"0/1","12,10","22","99","324,0,370"
"0/1","16,6","22","99","168,0,588"
"0/1","16,5","21","99","139,0,569"
"0/1","11,4","15","99","110,0,350"
"0/1","11,16","27","99","578,0,282"
"0/1","9,15","24","99","489,0,202"
"0/1","12,18","30","99","558,0,305"
"0/1","10,12","22","99","389,0,299"
"0/1","9,5","14","99","161,0,321"
"0/1","12,13","25","99","412,0,410"
"0/1","14,18","33","99","550,0,387"
"0/1","16,15","31","99","472,0,521"
"0/1","14,15","29","99","488,0,434"
"0/1","10,15","25","99","497,0,323"
"0/1","11,15","26","99","528,0,335"
"0/1","16,19","35","99","661,0,524"
"0/1","9,17","26","99","595,0,267"
"0/1","13,15","28","99","488,0,393"
"0/1","16,22","38","99","712,0,418"
"0/1","13,11","24","99","294,0,425"
"0/1","30,12","42","99","209,0,845"
"0/1","30,12","42","99","204,0,881"
"0/1","26,12","38","99","214,0,743"
"0/1","26,12","38","99","217,0,739"
"0/1","25,11","37","99","166,0,684"
"0/1","26,12","38","99","213,0,715"
"0/1","31,14","45","99","239,0,1000"
"0/1","14,15","31","99","383,0,257"
"0/1","13,17","30","99","565,0,385"
"0/1","14,14","28","99","444,0,448"
"0/1","22,19","41","99","599,0,427"
"0/1","31,10","41","65","65,0,771"
"0/1","17,14","31","99","330,0,490"
"0/1","20,17","37","99","522,0,543"
"0/1","13,14","27","99","467,0,352"
"0/1","15,9","24","99","287,0,532"
"0/1","11,21","32","99","732,0,319"
"0/1","15,15","30","99","475,0,480"
"0/1","18,14","32","99","463,0,585"
"0/1","14,18","32","99","586,0,463"
"0/1","11,8","19","99","248,0,382"
"0/1","12,14","26","99","384,0,381"
"0/1","12,16","28","99","480,0,409"
"0/1","18,16","34","99","522,0,608"
"0/1","19,14","33","99","397,0,609"
"0/1","12,7","19","99","228,0,388"
"0/1","20,17","37","99","503,0,644"
"0/1","10,10","20","99","339,0,306"
"0/1","9,7","16","99","203,0,276"
"0/1","9,13","22","99","456,0,258"
"0/1","11,6","17","99","174,0,405"
"0/1","7,12","19","99","393,0,202"
"0/1","9,10","19","99","227,0,268"
"0/1","12,11","23","99","373,0,346"
"0/1","14,11","25","99","325,0,425"
"0/1","9,9","18","99","298,0,229"
"0/1","9,3","12","83","83,0,313"
"0/1","9,7","16","99","228,0,314"
"0/1","14,11","25","99","341,0,495"
"0/1","10,7","17","99","223,0,336"
"0/1","13,12","25","99","418,0,371"
"0/1","8,13","21","99","393,0,234"
"0/1","7,13","20","99","427,0,227"
"0/1","13,7","20","99","225,0,403"
"0/1","11,8","19","99","251,0,393"
"0/1","8,11","19","99","392,0,257"
"0/1","10,13","23","99","457,0,290"
"0/1","21,13","34","99","385,0,671"
"0/1","16,10","26","99","314,0,548"
"0/1","13,13","26","99","442,0,431"
"0/1","14,9","23","99","270,0,460"
"0/1","17,17","34","99","447,0,489"
"0/1","12,12","24","99","396,0,382"
"0/1","15,15","30","99","405,0,502"
"0/1","14,19","33","99","598,0,463"
"0/1","19,16","36","99","419,0,516"
"0/1","11,17","28","99","420,0,248"
"0/1","18,19","37","99","482,0,460"
"0/1","7,5","12","99","164,0,251"
"0/1","6,9","15","99","313,0,204"
"0/1","10,7","17","99","185,0,311"
"0/1","13,6","19","99","192,0,367"
"0/1","16,18","34","99","556,0,531"
"0/1","18,11","29","99","357,0,600"
"0/1","11,16","27","99","511,0,365"
"0/1","8,19","27","99","653,0,244"
"0/1","9,8","17","99","245,0,274"
"0/1","14,20","34","99","693,0,466"
"0/0","19,0","19","54","0,54,700"
"0/0","25,0","26","72","0,72,943"
"0/1","14,17","31","99","482,0,418"
"0/1","16,13","29","99","390,0,461"
"0/0","12,3","18","24","0,24,299"
"0/1","15,8","23","99","259,0,335"
"0/0","19,0","19","54","0,54,721"
"0/1","11,14","25","99","428,0,332"
"0/1","16,23","39","99","724,0,506"
"0/1","17,15","32","99","336,0,451"
"0/0","19,0","19","54","0,54,668"
"0/1","14,24","38","99","726,0,455"
"0/1","21,17","38","99","519,0,594"
"0/1","9,12","21","99","414,0,286"
"0/1","4,26","30","68","284,0,68"
"0/1","6,26","33","99","249,0,162"
"0/1","19,15","34","99","451,0,568"
"0/1","13,12","25","99","313,0,448"
"0/1","11,13","24","99","369,0,380"
"0/1","11,15","26","99","486,0,377"
"0/1","6,11","17","99","396,0,194"
"0/1","12,10","22","99","326,0,413"
"0/1","14,14","28","99","475,0,476"
"0/1","4,9","13","99","294,0,126"
"0/1","10,11","21","99","353,0,334"
"0/1","1,13","14","1","432,0,1"
"0/1","16,12","28","99","324,0,533"
"0/1","15,21","36","99","687,0,437"
"0/1","5,5","10","99","173,0,174"
"0/1","15,12","27","99","382,0,522"
"0/1","18,13","31","99","390,0,543"
"0/1","11,15","26","99","523,0,358"
"0/1","19,13","32","99","396,0,486"
"0/0","17,0","18","27","0,27,347"
"0/1","7,17","24","99","590,0,208"
"0/1","7,8","15","99","287,0,203"
"0/1","6,13","19","99","426,0,183"
"0/1","17,11","28","99","368,0,564"
"0/1","13,9","22","99","267,0,401"
"0/1","19,31","53","99","809,0,345"
"0/1","20,30","53","99","728,0,319"
"0/1","21,31","53","99","825,0,343"
"0/1","21,32","54","99","763,0,328"
"0/1","39,20","60","99","281,0,949"
"0/1","42,10","52","99","99,0,936"
"0/1","14,15","29","99","329,0,360"
"0/1","10,9","19","99","215,0,353"
"0/1","15,16","31","99","532,0,441"
"0/1","10,22","32","99","777,0,295"
"0/1","11,13","24","99","444,0,311"
"0/0","43,2","45","80","0,80,1449"
"0/1","28,5","33","34","34,0,890"
"0/0","25,2","27","30","0,30,661"
"0/1","11,12","23","99","339,0,353"
"0/0","39,2","41","27","0,27,1261"
"0/1","13,13","26","99","339,0,398"
"0/1","15,14","29","99","433,0,486"
"0/0","5,0","8","9","0,9,110"
"0/0","19,0","23","42","0,42,505"
"0/0","20,1","23","45","0,45,547"
"0/1","20,12","32","99","338,0,682"
"0/1","8,9","17","99","307,0,242"
"0/1","14,21","35","99","667,0,439"
"0/1","19,4","24","80","80,0,522"
"0/1","5,9","14","99","322,0,158"
"0/1","10,10","20","99","343,0,331"
"0/1","14,7","21","99","168,0,345"
"0/1","14,13","27","99","411,0,442"
"0/1","45,29","74","99","853,0,1465"
"0/1","48,11","59","99","253,0,1671"
"0/1","45,22","67","99","477,0,1473"
"0/1","32,7","39","99","134,0,922"
"0/1","56,16","72","99","283,0,1693"
"0/1","37,12","49","99","194,0,1093"
"0/1","12,16","28","99","387,0,316"
"0/1","43,13","57","99","280,0,375"
"0/1","12,15","27","99","358,0,281"
"0/1","12,12","24","99","384,0,295"
"0/1","10,17","27","99","595,0,281"
"0/1","18,13","31","99","425,0,544"
"0/1","16,7","29","65","65,0,435"
"0/1","34,12","46","99","136,0,864"
"0/1","15,13","28","99","369,0,502"
"0/1","18,10","28","99","321,0,574"
"0/1","18,13","31","99","436,0,601"
"0/1","13,15","28","99","470,0,443"
"0/1","16,12","28","99","365,0,530"
"0/1","13,14","27","99","456,0,456"
"0/1","16,14","30","99","442,0,519"
"0/1","12,5","17","99","106,0,394"
"0/1","24,15","39","99","422,0,657"
"0/1","13,10","23","99","281,0,442"
"0/1","13,10","23","99","288,0,434"
"0/1","10,21","31","99","617,0,182"
"0/1","15,9","24","99","272,0,518"
"0/1","10,7","17","99","219,0,348"
"0/1","14,12","26","99","369,0,413"
"0/1","12,15","27","99","463,0,397"
"0/1","15,18","33","99","573,0,409"
"0/1","19,10","29","99","329,0,609"
"0/1","15,11","26","99","290,0,461"
"0/0","23,2","26","27","0,27,293"
"0/1","19,12","33","99","347,0,457"
"0/1","11,12","23","99","370,0,316"
"0/1","12,18","30","99","524,0,361"
"0/1","4,23","27","76","745,0,76"
"0/1","14,12","26","99","347,0,415"
"0/1","21,24","45","99","689,0,722"
"0/1","14,20","34","99","666,0,376"
"0/1","9,5","14","55","55,0,191"
"0/1","13,21","34","99","737,0,373"
"0/1","14,19","33","99","580,0,461"
"0/1","16,12","28","99","258,0,295"
"0/1","16,15","31","99","496,0,539"
"0/1","20,13","33","99","421,0,592"
"0/1","14,9","24","99","246,0,419"
"0/1","13,18","31","99","563,0,377"
"0/1","16,17","33","99","487,0,550"
"0/1","24,11","35","99","345,0,805"
"0/1","10,13","23","99","415,0,329"
"0/1","12,11","23","99","340,0,408"
"0/1","15,8","23","99","261,0,544"
"0/1","12,10","22","99","330,0,414"
"1/1","1,27","28","48","593,48,0"
"0/1","20,16","36","99","463,0,559"
"0/1","15,17","32","99","460,0,453"
"0/1","25,11","36","99","327,0,814"
"0/1","9,15","24","99","496,0,303"
"0/1","14,13","27","99","330,0,474"
"1/1","0,32","32","84","1088,84,0"
"0/1","11,14","25","99","460,0,328"
"0/1","16,17","33","99","556,0,454"
"0/1","13,16","29","99","493,0,342"
"0/1","11,18","29","99","619,0,322"
"0/1","12,21","33","99","681,0,380"
"0/1","16,14","30","99","398,0,492"
"0/1","17,17","34","99","534,0,556"
"0/1","22,6","28","99","114,0,391"
"0/1","18,8","26","99","133,0,297"
"0/1","14,7","23","99","187,0,107"
"0/1","15,11","31","99","284,0,507"
"0/1","19,7","26","99","112,0,593"
"0/1","15,9","24","99","224,0,474"
"0/1","9,15","24","99","473,0,207"
"0/1","22,25","47","99","737,0,636"
"0/1","23,5","28","99","126,0,792"
"0/1","13,14","27","99","429,0,304"
"0/1","14,19","33","99","465,0,444"
"0/1","7,15","22","99","489,0,207"
"0/1","16,24","40","99","771,0,447"
"0/1","11,22","33","99","743,0,300"
"0/1","18,24","42","99","693,0,501"
"0/1","20,13","33","99","368,0,699"
"0/1","20,15","36","99","446,0,605"
"0/1","20,17","37","99","581,0,667"
"0/1","20,16","36","99","490,0,635"
"0/1","13,11","24","99","331,0,457"
"0/1","12,16","28","99","552,0,399"
"0/1","13,15","28","99","500,0,404"
"0/1","13,18","31","99","566,0,357"
"0/1","12,10","22","99","307,0,377"
"0/1","9,4","13","99","123,0,331"
"0/1","7,17","24","99","469,0,217"
"1/1","0,18","18","51","674,51,0"
"0/1","4,14","18","99","503,0,109"
"0/1","11,9","20","99","272,0,399"
"0/1","8,9","17","99","278,0,247"
"0/1","11,13","25","99","452,0,378"
"0/1","8,12","20","99","414,0,225"
"0/1","10,16","26","99","455,0,329"
"0/1","9,13","22","99","455,0,288"
"0/1","18,11","29","99","355,0,546"
"0/1","11,11","22","99","347,0,340"
"0/1","9,12","21","99","419,0,291"
"0/1","18,12","30","99","389,0,580"
"0/1","11,9","20","99","305,0,377"
"0/1","10,10","20","99","346,0,181"
"0/1","13,10","23","99","340,0,457"
"0/1","8,11","20","99","389,0,263"
"0/1","9,12","21","99","380,0,306"
"0/1","11,11","22","99","383,0,386"
"0/1","6,16","22","99","532,0,174"
"0/0","16,0","16","45","0,45,607"
"0/1","25,6","32","46","46,0,598"
"0/1","27,7","35","99","129,0,458"
"0/1","12,13","26","99","400,0,257"
"0/0","11,0","12","18","0,18,226"
"0/1","10,15","25","99","528,0,302"
"0/1","20,10","30","99","319,0,702"
"0/1","11,15","26","99","480,0,324"
"0/1","15,22","39","99","584,0,406"
"0/1","21,22","43","99","667,0,705"
"0/1","3,10","13","84","371,0,84"
"0/1","9,10","19","99","344,0,315"
"0/1","28,7","35","99","109,0,1021"
"0/1","20,4","24","94","94,0,673"
"0/1","24,5","29","99","108,0,834"
"0/1","32,6","38","99","114,0,1079"
"0/1","11,9","20","99","304,0,387"
"0/1","13,12","25","99","408,0,457"
"0/1","7,10","17","99","325,0,234"
"0/1","28,9","37","99","170,0,992"
"0/1","32,6","38","99","121,0,1093"
"0/1","34,6","41","99","120,0,1199"
"0/1","16,10","26","99","319,0,575"
"0/1","9,14","23","99","429,0,265"
"0/1","12,14","26","99","353,0,353"
"0/1","13,11","24","99","340,0,416"
"0/1","3,17","20","63","526,0,63"
"0/1","21,6","28","99","155,0,629"
"0/1","16,12","28","99","345,0,539"
"0/0","21,1","22","24","0,24,798"
"0/0","21,1","22","24","0,24,803"
"0/0","19,1","20","18","0,18,717"
"0/0","15,1","16","3","0,3,522"
"0/0","16,1","17","9","0,9,593"
"0/0","16,1","17","8","0,8,571"
"0/0","17,0","17","51","0,51,682"
"0/0","17,0","17","51","0,51,683"
"0/1","9,8","17","99","279,0,270"
"0/1","9,5","14","99","163,0,278"
"0/1","10,10","20","99","341,0,346"
"1/1","0,28","28","81","1087,81,0"
"0/1","15,20","35","99","664,0,496"
"0/1","12,9","21","99","258,0,423"
"0/1","13,6","19","99","183,0,457"
"0/1","16,8","24","99","172,0,463"
"0/1","10,8","18","99","257,0,288"
"0/1","15,16","31","99","523,0,427"
"0/1","15,18","33","99","582,0,513"
"0/1","19,15","34","99","419,0,680"
"0/1","13,10","23","99","333,0,448"
"0/1","12,18","30","99","563,0,379"
"0/1","18,17","35","99","524,0,614"
"0/0","29,0","29","87","0,87,1159"
"0/1","7,15","22","99","474,0,225"
"0/1","36,10","46","99","265,0,1225"
"0/1","50,11","61","99","219,0,1635"
"0/0","53,0","53","99","0,150,1962"
"0/0","50,0","50","99","0,135,1785"
"0/1","11,13","24","99","334,0,336"
"0/1","14,9","23","99","239,0,446"
"0/1","12,15","27","99","458,0,364"
"0/1","10,7","17","99","213,0,348"
"0/1","20,13","33","99","386,0,603"
"0/1","14,11","26","99","362,0,439"
"0/1","12,10","22","99","307,0,389"
"0/1","5,11","16","84","394,0,84"
"0/1","6,15","21","99","494,0,174"
"0/1","8,13","21","99","449,0,212"
"0/1","15,24","39","99","765,0,452"
"0/1","16,28","44","99","854,0,408"
"0/1","19,27","46","99","839,0,498"
"0/1","18,25","43","99","754,0,467"
"0/1","20,12","32","99","389,0,644"
"0/1","17,11","28","99","314,0,420"
"0/1","21,11","32","99","260,0,677"
"0/1","10,17","27","99","559,0,274"
"0/0","42,0","45","93","0,93,1172"
"0/1","15,7","22","99","136,0,356"
"0/1","25,8","33","99","105,0,732"
"0/1","61,14","76","99","130,0,1754"
"0/1","44,12","56","99","169,0,1240"
"0/1","49,10","59","99","134,0,1425"
"0/1","42,8","50","98","98,0,1244"
"0/1","43,7","50","99","128,0,1126"
"0/1","47,10","57","99","127,0,1311"
"0/1","36,11","48","99","106,0,1100"
"0/1","39,6","45","74","74,0,1099"
"0/1","8,22","34","99","482,0,157"
"0/1","16,18","34","99","590,0,440"
"0/1","20,16","36","99","486,0,656"
"0/0","21,0","21","63","0,63,845"
"0/0","25,0","25","75","0,75,1005"
"0/1","17,16","33","99","496,0,504"
"0/1","18,13","31","99","400,0,570"
"0/1","9,17","26","99","565,0,233"
"0/1","13,10","23","99","328,0,374"
"0/1","15,10","25","11","11,0,395"
"0/0","24,0","24","57","0,57,740"
"0/1","17,16","33","99","571,0,285"
"0/1","20,12","32","99","329,0,555"
"0/0","28,3","31","75","0,75,1019"
"0/0","49,0","49","99","0,114,1468"
"0/1","43,11","54","51","51,0,1341"
"0/0","38,0","38","93","0,93,1244"
"0/0","24,2","26","69","0,69,930"
"0/1","10,18","28","99","646,0,311"
"0/1","12,9","21","99","303,0,427"
"0/0","41,0","41","99","0,114,1464"
"0/1","24,20","44","99","559,0,736"
"0/1","107,18","125","99","323,0,2996"
"1/1","0,95","95","99","2853,235,0"
"0/0","78,7","85","21","0,21,2381"
"0/1","9,11","20","99","382,0,316"
"0/1","14,15","29","99","495,0,452"
"0/1","11,10","22","99","300,0,337"
"0/1","21,19","40","99","593,0,734"
"0/1","4,7","11","99","206,0,123"
"0/1","14,19","33","99","621,0,445"
"0/1","12,26","38","99","788,0,264"
"0/1","7,6","13","99","170,0,173"
"0/1","8,8","16","99","198,0,186"
"0/1","4,10","14","99","334,0,118"
"0/0","37,0","37","99","0,102,1360"
"0/0","37,0","37","99","0,105,1401"
"0/1","14,18","34","99","490,0,405"
"0/1","16,15","31","99","458,0,500"
"0/1","11,10","21","99","299,0,356"
"0/1","17,16","33","99","545,0,506"
"0/1","20,11","31","99","342,0,712"
"0/1","23,9","32","99","259,0,800"
"0/1","14,17","31","99","552,0,475"
"0/1","12,13","27","99","459,0,419"
"0/1","17,12","29","99","399,0,557"
"0/0","14,1","15","0","0,0,470"
"0/1","10,10","20","99","334,0,315"
"0/1","16,15","31","99","400,0,459"
"0/1","9,9","18","99","315,0,273"
"0/1","11,15","26","99","514,0,367"
"0/1","19,15","34","99","487,0,561"
"0/1","7,10","17","99","353,0,200"
"0/1","18,9","27","99","259,0,530"
"0/0","23,1","24","66","0,66,837"
"0/0","23,1","24","66","0,66,871"
"0/0","24,1","25","69","0,69,913"
"0/0","25,1","26","72","0,72,952"
"1/1","1,31","32","43","1028,43,0"
"0/0","37,0","37","84","0,84,1060"
"0/1","21,7","28","99","151,0,548"
"0/1","25,10","35","99","193,0,731"
"0/0","20,0","20","54","0,54,735"
"0/0","21,0","21","57","0,57,776"
"0/1","19,13","32","99","422,0,610"
"0/1","9,19","28","99","591,0,251"
"0/1","23,19","42","99","596,0,747"
"0/0","20,0","20","60","0,60,794"
"0/1","7,15","22","99","500,0,219"
"0/1","21,15","36","99","472,0,717"
"0/0","11,0","11","33","0,33,452"
"0/1","9,7","16","99","197,0,283"
"0/1","9,11","20","99","313,0,247"
"0/0","20,0","20","60","0,60,799"
"0/1","20,14","34","99","425,0,711"
"0/1","22,24","46","99","744,0,569"
"0/1","14,18","32","99","603,0,379"
"0/0","23,0","23","66","0,66,858"
"0/0","18,0","18","54","0,54,724"
"0/0","19,0","19","54","0,54,739"
"0/0","27,0","27","72","0,72,989"
"0/0","30,0","30","78","0,78,1063"
"0/1","10,15","25","99","484,0,295"
"0/1","15,18","33","99","620,0,378"
"0/1","22,4","26","13","13,0,781"
"0/1","16,14","30","99","328,0,471"
"0/1","11,16","27","99","549,0,366"
"0/1","8,13","21","74","395,0,74"
"0/1","10,8","18","99","239,0,316"
"0/1","22,16","38","99","446,0,735"
"0/1","18,17","35","99","507,0,512"
"0/1","15,13","28","99","428,0,487"
"0/0","36,0","36","93","0,93,1255"
"0/1","15,14","29","99","430,0,480"
"0/1","16,24","40","99","722,0,332"
"0/1","17,25","42","99","817,0,299"
"0/0","21,0","21","57","0,57,675"
"0/0","28,0","28","69","0,69,901"
"0/1","6,8","14","99","266,0,185"
"0/0","16,0","16","42","0,42,550"
"0/0","11,0","11","33","0,33,454"
"0/0","25,0","25","60","0,60,785"
"0/0","18,0","18","48","0,48,650"
"0/0","36,0","36","66","0,66,811"
"0/1","21,11","32","99","308,0,679"
"0/1","11,24","35","99","741,0,335"
"0/1","12,10","22","99","279,0,411"
"0/1","9,12","21","99","378,0,297"
"0/1","9,10","19","99","295,0,275"
"0/1","11,15","26","99","534,0,343"
"0/1","18,16","34","99","514,0,579"
"0/1","14,18","32","99","631,0,433"
"0/1","16,10","26","99","288,0,485"
"0/1","9,7","16","99","184,0,322"
"1/1","1,25","26","32","884,32,0"
"0/1","8,3","11","89","89,0,280"
"0/1","7,9","16","99","310,0,195"
"0/1","9,10","19","99","355,0,237"
"0/0","18,0","18","54","0,54,729"
"0/1","11,11","22","99","378,0,349"
"0/1","12,20","32","99","652,0,391"
"0/1","11,10","21","99","307,0,336"
"0/0","20,0","20","54","0,54,729"
"0/0","21,0","21","57","0,57,748"
"0/1","15,12","27","99","343,0,497"
"0/1","19,13","32","99","403,0,581"
"0/1","13,17","30","99","554,0,422"
"0/0","35,0","35","99","0,99,1328"
"0/0","35,0","35","99","0,99,1297"
"0/1","17,16","33","99","489,0,521"
"0/1","4,8","12","99","286,0,123"
"0/1","11,9","20","99","301,0,381"
"0/1","20,14","34","99","351,0,666"
"0/1","16,14","30","99","453,0,468"
"0/0","25,0","25","72","0,72,920"
"0/1","10,21","31","99","702,0,307"
"0/1","21,14","35","99","449,0,706"
"0/1","20,14","34","99","468,0,675"
"0/1","12,12","24","99","415,0,390"
"0/0","24,0","24","69","0,69,910"
"0/1","12,5","17","99","148,0,433"
"0/0","17,0","17","51","0,51,695"
"0/1","19,7","26","99","203,0,543"
"0/0","27,0","27","78","0,78,1009"
"0/1","14,9","23","99","291,0,464"
"0/0","31,0","31","90","0,90,1181"
"0/1","10,10","20","99","340,0,345"
"0/0","19,0","19","54","0,54,732"
"0/0","19,0","19","57","0,57,759"
"0/0","22,0","22","60","0,60,775"
"0/0","35,0","35","99","0,105,1417"
"0/1","11,15","28","99","429,0,276"
"0/1","12,16","28","99","525,0,402"
"0/1","14,10","24","99","289,0,466"
"0/1","15,14","29","99","473,0,453"
"0/1","12,16","29","99","550,0,359"
"0/1","15,14","29","99","417,0,530"
"0/1","23,13","36","99","415,0,749"
"0/1","25,13","38","99","413,0,864"
"0/1","5,17","23","99","565,0,132"
"0/1","8,9","17","99","242,0,279"
"0/1","14,14","28","99","443,0,448"
"0/0","23,0","23","63","0,63,841"
"0/0","10,0","11","24","0,24,299"
"0/0","10,0","12","24","0,24,301"
"0/0","11,0","14","30","0,30,390"
"0/0","12,0","15","33","0,33,415"
"0/0","14,1","15","33","0,33,396"
"0/0","12,1","15","33","0,33,400"
"0/0","12,2","15","30","0,30,369"
"0/0","13,0","15","33","0,33,426"
"0/0","12,1","15","33","0,33,428"
"0/0","15,0","15","33","0,33,411"
"0/0","14,0","15","33","0,33,415"
"0/0","12,1","14","30","0,30,381"
"0/0","14,0","14","42","0,42,540"
"1/1","0,17","17","45","560,45,0"
"1/1","0,17","17","48","596,48,0"
"0/1","10,23","33","99","756,0,304"
"0/1","17,16","33","99","405,0,487"
"0/1","13,8","21","99","218,0,455"
"0/1","10,11","21","99","386,0,246"
"0/1","11,11","22","99","285,0,318"
"0/1","14,12","26","99","375,0,485"
"0/1","12,15","27","99","515,0,405"
"0/1","14,10","24","99","320,0,488"
"0/0","21,0","21","60","0,60,807"
"0/0","21,0","21","54","0,54,728"
"0/0","20,0","20","54","0,54,737"
"0/0","20,0","20","54","0,54,738"
"0/0","21,0","21","57","0,57,763"
"0/0","21,0","21","54","0,54,739"
"0/0","21,0","21","54","0,54,744"
"0/1","18,13","31","99","428,0,611"
"0/1","11,13","24","99","461,0,338"
"0/1","6,10","16","99","359,0,182"
"0/1","10,7","17","99","232,0,283"
"0/1","11,17","28","99","571,0,356"
"0/1","4,11","15","99","346,0,117"
"0/1","12,12","24","99","410,0,399"
"0/1","12,18","30","99","548,0,377"
"0/1","17,12","29","99","362,0,592"
"0/1","17,13","30","99","417,0,562"
"0/1","7,14","21","99","466,0,210"
"0/1","8,17","25","99","574,0,227"
"0/0","14,0","14","42","0,42,566"
"0/0","15,0","15","45","0,45,597"
"0/0","15,0","15","45","0,45,597"
"0/0","15,0","15","45","0,45,598"
"0/0","17,0","17","51","0,51,672"
"0/0","19,0","19","54","0,54,719"
"0/0","19,0","19","57","0,57,749"
"0/0","19,0","19","57","0,57,723"
"0/0","18,0","18","54","0,54,707"
"0/0","22,0","22","57","0,57,756"
"0/0","22,0","22","57","0,57,766"
"0/0","24,0","24","66","0,66,874"
"0/0","25,0","25","69","0,69,924"
"0/1","13,12","25","99","355,0,437"
"0/1","6,23","29","99","662,0,145"
"0/1","46,42,22","110","99","1214,0,1409,674,853,2139"
"0/1","45,8","54","99","150,0,1492"
"0/1","45,8","54","99","123,0,1456"
"0/1","46,8","56","87","87,0,1391"
"0/1","49,6","55","96","96,0,1450"
"0/1","46,12","59","99","220,0,1506"
"0/1","31,6","37","56","56,0,1049"
"0/1","46,10","56","99","211,0,1366"
"0/1","48,9","57","99","213,0,1370"
"0/1","41,8","49","99","99,0,1386"
"0/1","48,19","67","99","383,0,1535"
"0/1","48,19","67","99","438,0,1485"
"0/1","50,12","63","62","62,0,1270"
"0/1","41,10","51","96","96,0,1271"
"0/1","42,15","57","98","98,0,1266"
"0/1","9,6","15","99","198,0,316"
"0/1","21,7","28","99","196,0,754"
"0/1","9,9","18","99","313,0,308"
"0/1","19,13","32","99","429,0,640"
"0/0","17,0","17","51","0,51,682"
"0/1","16,3","19","53","53,0,590"
"0/1","26,7","33","99","173,0,920"
"0/1","25,7","32","99","173,0,889"
"0/1","8,1","9","19","19,0,162"
"0/1","16,7","23","99","177,0,495"
"0/1","10,10","20","99","331,0,349"
"0/0","23,0","23","63","0,63,834"
"0/1","13,9","22","99","283,0,400"
"0/1","6,18","24","99","636,0,131"
"0/1","11,9","20","99","309,0,358"
"0/1","15,14","29","99","482,0,470"
"0/1","24,10","34","99","304,0,634"
"0/1","16,12","28","99","347,0,459"
"0/1","16,6","22","99","180,0,517"
"0/1","14,3","17","77","77,0,447"
"0/1","18,8","26","99","255,0,554"
"0/1","9,11","20","99","374,0,303"
"0/1","9,11","20","99","356,0,306"
"0/1","20,11","31","99","325,0,642"
"0/1","12,6","18","99","195,0,415"
"1/1","0,20","20","60","796,60,0"
"0/1","12,5","17","99","154,0,395"
"0/1","12,13","25","99","442,0,375"
"0/1","19,13","32","99","423,0,592"
"0/1","14,6","20","99","185,0,475"
"0/0","16,3","19","42","0,42,557"
"0/1","9,7","16","99","194,0,322"
"0/1","14,14","28","99","440,0,480"
"0/1","13,9","22","99","268,0,429"
"0/1","18,16","34","99","477,0,546"
"0/1","17,9","26","99","232,0,559"
"1/1","2,36","38","69","1362,69,0"
"0/1","21,20","41","99","589,0,653"
"0/1","13,26","39","99","848,0,322"
"0/1","27,13","40","99","333,0,758"
"0/1","14,26","40","99","716,0,347"
"0/1","19,19","38","99","508,0,425"
"0/1","20,15","35","99","434,0,667"
"0/1","16,24","40","99","794,0,314"
"0/0","42,2","44","39","0,39,1134"
"0/1","13,17","31","99","376,0,319"
"0/1","13,18","31","99","496,0,336"
"0/1","16,17","33","99","507,0,401"
"0/1","8,19","27","99","693,0,207"
"0/1","15,11","26","99","373,0,504"
"0/1","16,12","28","99","406,0,528"
"0/1","13,11","24","99","359,0,410"
"0/1","7,10","17","99","287,0,203"
"0/1","6,7","13","99","209,0,209"
"0/1","12,16","29","99","525,0,387"
"0/1","22,14","36","99","425,0,657"
"0/1","12,10","22","99","324,0,405"
"0/1","8,13","21","99","429,0,267"
"0/1","14,12","26","99","406,0,454"
"0/1","28,15","43","99","359,0,902"
"0/1","26,10","36","99","294,0,933"
"0/1","7,8","15","99","282,0,199"
"0/1","11,16","27","99","455,0,354"
"0/1","15,15","30","99","447,0,504"
"0/1","16,8","25","99","258,0,498"
"0/1","14,14","28","99","480,0,443"
"0/1","7,3","10","66","66,0,257"
"0/1","10,13","24","99","460,0,337"
"0/1","16,8","24","99","245,0,537"
"0/1","61,26","87","99","336,0,1288"
"1/1","0,15","15","42","550,42,0"
"0/1","14,8","22","99","269,0,463"
"0/1","7,5","12","99","155,0,244"
"0/1","7,9","16","99","315,0,229"
"0/1","9,14","23","99","448,0,303"
"0/1","13,5","18","99","151,0,441"
"0/1","6,11","17","99","365,0,194"
"0/1","12,18","30","99","623,0,340"
"0/1","15,16","31","99","553,0,467"
"0/0","42,0","42","99","0,105,1407"
"0/1","9,9","18","99","309,0,310"
"0/1","11,10","21","99","262,0,370"
"0/1","19,9","28","99","251,0,679"
"0/1","23,12","35","99","343,0,764"
"0/1","25,16","41","99","469,0,773"
"0/1","18,6","24","99","163,0,558"
"0/1","8,13","21","99","431,0,215"
"0/1","19,15","34","99","503,0,306"
"0/1","21,12","33","99","320,0,553"
"0/1","14,8","22","99","186,0,333"
"0/1","11,13","24","99","418,0,354"
"0/1","12,11","23","99","331,0,265"
"0/1","21,20","41","99","602,0,449"
"0/1","18,17","35","99","482,0,606"
"0/1","13,11","24","99","361,0,443"
"0/1","16,9","25","99","177,0,547"
"0/1","13,17","30","99","584,0,366"
"0/1","23,12","35","99","367,0,804"
"0/1","18,6","24","87","87,0,614"
"0/1","20,21","41","99","653,0,634"
"0/1","16,12","28","99","414,0,484"
"0/1","15,28","43","99","571,0,500"
"0/0","42,0","42","93","0,93,1205"
"0/1","19,10","29","99","287,0,599"
"0/1","14,14","28","99","453,0,495"
"0/1","15,16","31","99","554,0,471"
"0/1","15,8","23","99","257,0,504"
"0/1","4,9","13","99","314,0,123"
"0/1","11,25","36","99","811,0,303"
"0/1","19,12","31","99","388,0,626"
"0/1","14,14","28","99","445,0,404"
"0/1","12,13","25","99","413,0,320"
"0/1","10,10","20","99","353,0,303"
"0/1","4,11","15","99","408,0,120"
"0/1","7,8","15","99","235,0,247"
"0/0","19,0","19","51","0,51,685"
"0/0","20,0","20","54","0,54,733"
"0/0","19,0","19","51","0,51,682"
"0/1","8,10","18","99","341,0,267"
"0/1","3,4","7","99","141,0,102"
"0/1","8,13","21","99","433,0,260"
"0/1","14,10","24","99","326,0,468"
"0/1","9,7","16","99","236,0,317"
"0/1","15,5","20","91","91,0,551"
"0/1","20,17","37","99","538,0,688"
"0/1","19,9","28","99","277,0,614"
"0/1","11,17","28","99","622,0,208"
"0/1","26,7","33","99","147,0,862"
"0/1","17,15","32","99","513,0,522"
"0/1","16,17","33","99","532,0,514"
"0/1","18,23","41","99","802,0,571"
"0/1","25,16","41","99","453,0,773"
"0/1","16,19","35","99","631,0,542"
"1/1","0,28","28","81","1091,81,0"
"0/1","9,9","18","99","305,0,306"
"0/1","10,11","21","99","251,0,200"
"0/1","3,14","17","43","397,0,43"
"0/1","14,10","24","99","306,0,477"
"0/1","5,9","14","99","330,0,161"
"0/1","16,9","26","99","292,0,523"
"0/1","48,17","65","99","181,0,1267"
"0/0","57,7","67","11","0,11,1276"
"0/1","41,10","51","99","157,0,881"
"0/1","14,8","22","99","241,0,471"
"0/0","24,1","25","69","0,69,924"
"0/1","14,11","25","99","206,0,442"
"0/1","9,19","28","99","588,0,212"
"0/1","14,22","36","99","748,0,462"
"0/1","16,17","33","99","567,0,492"
"0/1","18,24","42","99","776,0,446"
"0/1","11,16","27","99","512,0,290"
"0/1","16,14","30","99","481,0,563"
"0/1","17,17","34","99","527,0,525"
"0/1","8,7","15","99","167,0,226"
"0/1","16,14","30","99","403,0,444"
"0/1","9,6","16","99","167,0,210"
"0/1","13,8","21","99","171,0,328"
"0/1","8,14","23","99","468,0,253"
"0/1","9,16","25","99","429,0,281"
"0/1","8,14","22","99","373,0,250"
"0/0","31,3","34","84","0,84,1096"
"0/1","29,10","39","99","217,0,766"
"0/0","30,0","30","87","0,87,1157"
"0/1","6,14","20","99","449,0,156"
"0/1","24,13","37","99","173,0,489"
"0/1","20,15","35","99","506,0,601"
"0/1","12,8","20","99","262,0,377"
"0/1","18,12","30","99","354,0,598"
"0/1","16,15","31","99","450,0,546"
"0/1","18,20","40","99","576,0,470"
"0/1","14,8","22","99","259,0,448"
"0/1","3,7","10","94","157,0,94"
"0/1","17,6","23","12","12,0,422"
"0/1","12,3","15","29","29,0,439"
"1/2","2,13,5","20","99","566,161,157,379,0,393"
"0/1","16,5","22","99","151,0,454"
"1/1","0,8","8","18","247,18,0"
"0/1","9,15","24","99","440,0,301"
"0/1","14,9","23","99","306,0,388"
"0/1","12,8","20","99","264,0,424"
"0/1","15,11","26","99","299,0,419"
"0/1","13,17","30","99","548,0,402"
"0/1","11,16","27","99","573,0,358"
"0/1","12,17","29","99","604,0,397"
"0/1","16,20","36","99","658,0,500"
"0/1","19,19","38","99","616,0,642"
"0/1","10,16","26","99","493,0,291"
"0/1","11,13","24","99","367,0,368"
"0/1","13,13","27","99","440,0,433"
"0/1","18,19","37","99","570,0,603"
"0/1","21,24","45","99","667,0,478"
"0/0","45,0","45","99","0,105,1388"
"0/1","14,20","34","99","669,0,421"
"0/1","10,21","31","99","698,0,275"
"0/1","14,12","26","99","333,0,397"
"0/1","28,5","34","63","63,0,545"
"0/1","30,5","35","63","63,0,556"
"0/1","11,13","24","99","434,0,305"
"0/1","18,14","32","99","434,0,568"
"0/1","18,15","33","99","464,0,583"
"0/1","17,19","36","99","621,0,561"
"0/1","22,15","37","99","424,0,691"
"0/1","14,20","34","99","608,0,466"
"0/1","19,17","36","99","509,0,577"
"0/1","7,13","20","99","460,0,209"
"0/1","10,15","25","99","471,0,271"
"0/1","16,18","34","99","616,0,518"
"0/1","32,17","49","99","241,0,747"
"0/1","45,21","66","99","213,0,882"
"0/1","53,13","66","99","140,0,924"
"0/1","30,13","43","99","119,0,570"
"0/1","11,8","19","99","217,0,344"
"0/1","24,10","34","99","320,0,726"
"0/1","14,14","28","99","483,0,414"
"0/1","7,7","14","99","205,0,231"
"0/1","10,15","26","99","452,0,330"
"0/1","28,11","39","99","315,0,658"
"0/1","28,4","32","68","68,0,998"
"0/1","9,8","17","99","265,0,298"
"0/1","29,13","46","99","106,0,659"
"0/1","8,15","23","99","531,0,251"
"0/1","22,13","35","99","385,0,636"
"0/1","19,13","32","99","409,0,562"
"0/0","29,2","31","44","0,44,1027"
"0/0","30,3","33","53","0,53,1136"
"0/0","28,2","31","50","0,50,1077"
"0/0","30,1","31","84","0,84,1114"
"0/1","13,25","38","99","879,0,411"
"0/1","22,17","39","99","558,0,725"
"0/1","11,22","33","99","721,0,307"
"0/1","2,2","4","65","67,0,65"
"0/1","25,11","36","99","364,0,309"
"0/1","11,11","22","99","339,0,393"
"0/0","23,1","25","60","0,60,744"
"0/1","53,11","64","99","113,0,1344"
"0/1","9,13","22","99","298,0,184"
"0/1","9,10","19","99","300,0,261"
"0/1","9,7","16","99","235,0,300"
"0/1","15,17","32","99","509,0,442"
"0/1","11,11","22","99","318,0,298"
"0/1","11,12","23","99","370,0,380"
"0/1","6,12","18","99","390,0,138"
"0/1","10,3","13","53","53,0,295"
"0/1","11,24","35","99","736,0,265"
"0/1","13,18","31","99","544,0,426"
"0/1","15,15","30","99","381,0,508"
"0/1","12,9","21","99","300,0,378"
"0/1","11,10","21","99","329,0,374"
"0/1","9,22","31","99","753,0,245"
"0/1","7,16","23","99","541,0,211"
"0/1","9,7","16","99","232,0,315"
"0/1","23,21","44","99","572,0,668"
"0/1","19,26","45","99","733,0,637"
"0/1","20,11","31","99","352,0,662"
"0/1","8,14","22","99","486,0,250"
"0/1","7,12","19","99","385,0,194"
"0/1","12,13","25","99","449,0,355"
"0/1","17,14","31","99","462,0,520"
"0/1","27,7","34","99","203,0,705"
"0/1","23,16","39","99","468,0,410"
"0/1","22,11","33","99","259,0,634"
"0/1","17,9","26","99","276,0,559"
"0/1","20,9","29","99","273,0,685"
"0/1","9,20","29","99","689,0,270"
"1/1","2,18","20","51","695,51,0"
"0/1","13,13","26","99","381,0,362"
"0/1","11,15","26","99","484,0,357"
"0/1","11,18","29","99","607,0,368"
"0/0","34,0","34","99","0,102,1362"
"0/0","33,0","33","99","0,99,1300"
"0/0","23,0","23","66","0,66,877"
"0/1","12,13","25","99","401,0,378"
"0/1","7,24","31","99","874,0,189"
"0/1","10,11","21","99","333,0,302"
"0/1","19,8","27","99","231,0,673"
"0/1","15,19","34","99","472,0,417"
"0/1","18,14","32","99","451,0,589"
"0/1","24,18","42","99","515,0,769"
"0/1","16,10","26","99","281,0,543"
"0/1","16,6","22","99","174,0,532"
"0/1","13,9","22","99","286,0,451"
"0/1","13,13","26","99","448,0,442"
"0/1","7,12","19","99","375,0,222"
"0/1","16,14","30","99","437,0,516"
"0/1","8,19","27","99","596,0,190"
"0/1","17,8","25","99","200,0,604"
"0/1","11,16","27","99","435,0,332"
"0/1","17,8","25","99","201,0,540"
"0/1","14,16","30","99","556,0,462"
"0/1","28,8","36","99","216,0,934"
"0/1","29,7","36","99","146,0,1021"
"0/0","49,3","52","23","0,23,1633"
"0/1","27,3","30","20","20,0,995"
"0/1","22,7","29","99","116,0,692"
"0/1","8,21","29","99","673,0,209"
"0/1","22,9","31","99","160,0,766"
"0/1","22,11","33","99","312,0,758"
"0/1","16,13","29","99","443,0,482"
"0/1","24,5","29","99","108,0,736"
"0/1","24,5","29","99","107,0,758"
"0/1","24,7","31","99","163,0,749"
"0/1","15,22","37","99","703,0,489"
"0/1","20,4","24","65","65,0,728"
"0/1","22,3","25","32","32,0,809"
"0/1","10,13","23","99","460,0,266"
"0/1","10,20","30","99","637,0,323"
"0/1","9,8","17","92","92,0,209"
"0/1","11,6","17","99","194,0,317"
"0/1","22,18","40","99","586,0,707"
"0/1","16,10","26","99","328,0,517"
"0/1","16,8","24","99","258,0,580"
"0/1","11,20","31","99","711,0,334"
"0/1","20,8","28","99","230,0,658"
"0/1","19,17","36","99","533,0,461"
"0/1","16,18","34","99","465,0,282"
"0/1","19,18","37","99","522,0,558"
"0/1","12,18","30","99","561,0,395"
"0/1","12,18","30","99","590,0,372"
"0/1","8,16","24","99","542,0,254"
"0/1","19,15","34","99","459,0,627"
"0/1","11,10","21","99","305,0,309"
"0/0","24,0","24","63","0,63,830"
"0/1","25,23","48","99","729,0,694"
"0/0","12,0","12","36","0,36,496"
"0/0","13,0","13","36","0,36,491"
"0/1","12,10","23","99","338,0,407"
"0/1","17,16","33","99","561,0,553"
"0/1","19,16","35","99","553,0,547"
"0/1","14,25","39","99","780,0,453"
"0/1","26,21","47","99","629,0,845"
"0/1","10,11","21","99","352,0,342"
"0/1","11,12","23","99","417,0,343"
"0/1","7,5","12","99","160,0,251"
"0/1","12,18","30","99","597,0,361"
"0/1","20,8","28","99","121,0,653"
"0/1","12,12","24","99","406,0,324"
"0/1","14,14","28","99","483,0,442"
"0/1","11,15","26","99","528,0,366"
"0/1","15,22","37","99","783,0,459"
"0/1","15,7","22","99","212,0,547"
"0/1","9,15","24","99","488,0,292"
"0/1","11,15","26","99","532,0,354"
"0/1","15,13","28","99","450,0,481"
"0/1","15,11","26","99","363,0,497"
"0/1","13,16","29","99","479,0,402"
"0/1","12,13","25","99","431,0,359"
"0/1","15,11","26","99","301,0,531"
"0/1","15,15","30","99","442,0,521"
"0/1","14,13","27","99","442,0,486"
"0/1","12,17","29","99","602,0,400"
"0/1","16,20","36","99","663,0,530"
"0/1","16,20","36","99","657,0,515"
"0/0","21,0","22","48","0,48,611"
"0/1","14,5","19","99","146,0,511"
"0/1","12,7","19","99","227,0,419"
"0/1","10,9","19","99","308,0,343"
"0/1","5,10","15","99","346,0,157"
"0/1","10,12","22","99","397,0,304"
"0/1","13,19","32","99","609,0,333"
"0/1","32,9","41","99","214,0,496"
"0/1","15,12","28","99","379,0,473"
"0/1","16,18","34","99","536,0,527"
"0/1","23,17","40","99","533,0,807"
"0/1","16,18","34","99","607,0,495"
"0/1","19,20","40","99","691,0,575"
"0/1","20,17","37","99","383,0,659"
"0/1","94,12","106","99","110,0,2924"
"0/1","15,16","31","99","415,0,406"
"0/1","17,14","31","99","429,0,433"
"0/1","31,9","40","99","180,0,942"
"0/0","98,0","98","99","0,262,3439"
"0/1","82,12","94","99","189,0,2715"
"0/1","12,22","34","99","789,0,362"
"0/1","12,9","21","99","305,0,362"
"0/1","10,17","27","99","570,0,316"
"0/1","12,8","20","99","254,0,426"
"0/1","7,12","19","99","416,0,223"
"0/1","12,9","21","99","312,0,383"
"0/1","19,21","40","99","572,0,620"
"0/1","16,20","36","99","619,0,453"
"0/1","16,14","30","99","399,0,538"
"0/1","14,13","27","99","394,0,472"
"0/1","9,17","26","99","540,0,291"
"0/1","14,10","24","99","334,0,504"
"0/1","14,11","25","99","369,0,482"
"0/1","4,10","14","99","328,0,117"
"0/1","6,7","13","99","251,0,206"
"0/1","19,10","29","99","323,0,634"
"0/1","18,13","31","99","420,0,615"
"0/1","16,8","24","99","260,0,550"
"0/1","18,18","36","99","533,0,573"
"0/0","40,0","40","99","0,111,1458"
"0/1","12,19","31","99","580,0,328"
"0/1","14,16","30","99","505,0,396"
"0/1","18,16","34","99","493,0,562"
"0/1","8,7","15","99","205,0,260"
"0/0","20,0","20","60","0,60,812"
"0/1","7,10","17","99","317,0,166"
"0/1","12,9","21","99","275,0,397"
"0/1","17,11","28","99","376,0,373"
"0/0","26,0","26","66","0,66,842"
"0/1","26,5","31","99","113,0,711"
"0/1","22,11","33","99","299,0,709"
"0/1","9,13","22","99","420,0,299"
"0/0","13,0","13","39","0,39,516"
"0/1","12,4","16","99","100,0,440"
"0/1","28,6","34","99","102,0,957"
"0/1","29,8","37","99","180,0,935"
"0/1","18,18","36","99","594,0,580"
"0/1","12,14","26","99","467,0,375"
"0/0","26,0","26","75","0,75,930"
"0/1","11,16","27","99","545,0,366"
"0/1","8,20","28","99","677,0,245"
"0/1","6,7","13","99","242,0,203"
"0/1","8,11","19","99","356,0,236"
"0/1","22,14","36","99","378,0,681"
"0/1","30,10","40","99","259,0,1046"
"0/1","37,4","41","37","37,0,1267"
"0/1","26,4","30","73","73,0,862"
"0/0","19,0","20","48","0,48,629"
"0/1","38,6","44","97","97,0,1339"
"0/0","40,0","40","99","0,114,1519"
"0/1","5,14","19","99","423,0,152"
"0/1","14,14","28","99","433,0,448"
"0/1","8,9","17","99","303,0,278"
"0/1","14,18","32","99","577,0,433"
"0/1","20,19","39","99","508,0,575"
"0/1","16,16","32","99","459,0,503"
"0/0","34,2","39","64","0,64,1205"
"0/0","36,1","37","96","0,96,1209"
"0/0","36,3","41","62","0,62,1153"
"0/0","35,3","40","56","0,56,1021"
"0/0","36,1","38","93","0,93,1164"
"0/0","23,6","30","33","0,33,704"
"0/0","26,3","30","60","0,60,758"
"0/1","18,19","37","99","650,0,559"
"0/0","13,0","13","33","0,33,397"
"0/1","7,10","17","99","327,0,188"
"0/1","1,12","13","4","389,0,4"
"0/0","19,3","22","14","0,14,513"
"0/0","21,0","21","51","0,51,651"
"0/1","14,20","34","99","657,0,468"
"0/1","14,17","31","99","543,0,361"
"0/1","14,23","37","99","774,0,451"
"0/1","17,11","28","99","360,0,536"
"0/1","5,8","13","92","287,0,92"
"0/1","5,8","13","99","288,0,160"
"0/1","5,5","10","99","175,0,173"
"0/1","11,11","22","99","386,0,365"
"0/1","11,11","22","99","365,0,304"
"0/1","8,13","21","99","424,0,180"
"0/1","13,13","26","99","375,0,353"
"0/1","20,19","39","99","600,0,591"
"0/1","21,11","32","99","324,0,668"
"0/1","15,14","29","99","452,0,481"
"0/0","27,0","30","66","0,66,880"
"0/1","18,9","27","99","282,0,650"
"0/1","19,14","33","99","476,0,523"
"0/1","10,17","27","99","548,0,327"
"0/1","16,13","29","99","418,0,492"
"0/1","6,13","19","99","458,0,179"
"0/1","17,17","34","99","465,0,528"
"0/1","16,18","34","99","512,0,464"
"0/1","14,12","26","99","293,0,432"
"0/1","12,23","35","99","832,0,356"
"0/1","7,6","13","99","203,0,240"
"1/1","0,21","21","57","764,57,0"
"0/1","10,13","23","99","457,0,326"
"0/1","20,15","35","99","498,0,585"
"0/1","136,22","158","99","367,0,4474"
"0/1","143,27","170","99","557,0,4947"
"0/1","132,30","163","99","696,0,4618"
"0/1","129,31","160","99","741,0,4622"
"0/1","9,7","16","99","204,0,321"
"0/1","15,9","24","99","297,0,489"
"0/0","25,0","25","72","0,72,948"
"0/1","22,6","28","99","112,0,752"
"0/1","22,6","28","99","113,0,718"
"0/1","29,5","34","99","101,0,863"
"0/1","9,2","11","41","41,0,323"
"0/1","12,7","19","99","217,0,432"
"0/1","16,19","35","99","620,0,534"
"0/1","23,16","39","99","487,0,779"
"0/1","7,9","16","99","306,0,222"
"0/1","17,17","35","99","411,0,397"
"0/1","47,8","56","98","98,0,1480"
"0/1","16,10","26","99","342,0,469"
"0/1","11,13","24","99","444,0,367"
"0/1","14,10","24","99","330,0,505"
"0/1","11,8","19","99","256,0,356"
"0/1","16,11","27","99","324,0,555"
"0/1","22,23","45","99","723,0,685"
"0/1","6,10","16","99","354,0,199"
"0/1","6,6","12","99","207,0,174"
"0/1","10,12","22","99","418,0,302"
"0/1","11,9","20","99","309,0,378"
"1/1","2,30","32","18","869,18,0"
"0/1","10,15","25","99","454,0,335"
"0/1","10,8","18","99","238,0,337"
"0/1","11,12","23","99","345,0,278"
"0/1","12,12","24","99","319,0,313"
"0/1","20,13","33","99","389,0,586"
"0/1","8,28","36","99","940,0,100"
"0/1","18,12","30","99","392,0,554"
"0/0","36,0","36","84","0,84,1094"
"0/1","16,14","30","99","396,0,491"
"1/1","2,24","26","66","887,66,0"
"1/1","1,19","20","39","480,39,0"
"1/1","0,18","18","45","598,45,0"
"0/1","17,13","30","99","417,0,569"
"0/1","24,17","41","99","495,0,784"
"0/1","19,11","30","99","374,0,506"
"1/1","5,43","48","88","1382,88,0"
"0/1","29,12","41","99","330,0,774"
"0/1","28,11","39","99","319,0,774"
"1/1","2,27","29","41","947,41,0"
"0/1","19,13","32","99","381,0,624"
"1/1","0,36","36","99","1311,99,0"
"0/1","23,13","36","99","356,0,677"
"0/1","10,11","21","99","328,0,301"
"0/0","19,1","20","54","0,54,718"
"0/1","10,11","21","99","347,0,296"
"0/1","31,13","44","99","168,0,835"
"0/1","30,14","44","99","271,0,724"
"0/1","30,12","43","99","274,0,652"
"0/1","33,9","42","99","200,0,790"
"1/1","0,29","30","87","1156,87,0"
"0/1","17,11","28","99","362,0,569"
"1/1","0,6","8","15","196,15,0"
"1/1","1,36","37","66","1202,66,0"
"1/1","0,36","36","90","1189,90,0"
"1/1","0,23","23","66","875,66,0"
"0/0","30,3","33","81","0,81,1037"
"0/0","29,3","32","81","0,81,1047"
"0/0","28,3","31","78","0,78,988"
"0/1","12,11","23","99","377,0,346"
"0/1","20,7","27","99","197,0,604"
"0/1","11,20","31","99","611,0,303"
"0/0","28,0","28","84","0,84,1060"
"0/1","16,12","28","99","401,0,553"
"0/1","11,5","16","99","134,0,349"
"0/1","23,18","42","99","556,0,745"
"0/1","19,18","37","99","481,0,587"
"0/1","18,20","38","99","633,0,572"
"0/1","17,21","38","99","655,0,460"
"0/1","14,20","34","99","667,0,377"
"0/1","9,11","20","99","295,0,299"
"0/1","14,14","28","99","485,0,390"
"0/1","19,21","40","99","685,0,587"
"0/1","21,19","40","99","597,0,650"
"0/1","18,13","31","99","354,0,535"
"0/1","15,14","29","99","398,0,485"
"0/1","8,10","18","99","354,0,225"
"0/1","9,19","28","99","602,0,286"
"0/1","29,3","32","10","10,0,1027"
"0/1","28,11","39","99","318,0,933"
"0/1","15,7","22","99","194,0,528"
"0/1","15,7","22","99","201,0,527"
"0/1","38,8","47","99","184,0,1218"
"0/1","36,5","41","72","72,0,1262"
"0/1","21,14","35","99","405,0,695"
"0/0","31,1","32","78","0,78,1046"
"0/1","11,21","32","99","643,0,279"
"0/1","11,12","23","99","418,0,382"
"0/1","16,15","31","99","476,0,554"
"0/1","5,19","24","99","592,0,129"
"0/1","12,6","18","99","192,0,430"
"0/1","10,9","19","99","296,0,305"
"0/1","12,11","23","99","351,0,362"
"0/1","17,16","33","99","391,0,542"
"0/1","14,17","31","99","453,0,391"
"0/1","9,11","20","99","257,0,274"
"0/1","14,14","28","99","433,0,335"
"0/1","17,13","30","99","356,0,564"
"0/1","14,9","23","99","263,0,414"
"0/1","15,11","26","99","361,0,499"
"0/1","12,9","21","99","298,0,367"
"0/1","13,17","30","99","581,0,436"
"0/1","13,18","31","99","585,0,368"
"0/1","13,16","29","99","448,0,399"
"0/1","20,14","34","99","414,0,635"
"0/1","19,14","33","99","369,0,646"
"0/1","16,21","37","99","624,0,533"
"0/1","10,19","29","99","672,0,229"
"0/1","15,8","23","99","201,0,533"
"0/1","16,5","21","99","133,0,586"
"0/1","17,13","30","99","384,0,581"
"0/1","13,12","25","99","414,0,412"
"0/1","14,8","22","99","217,0,487"
"0/1","11,9","20","99","265,0,346"
"0/1","18,12","30","99","365,0,566"
"0/1","11,18","29","99","601,0,358"
"0/1","16,20","36","99","653,0,510"
"0/1","19,16","35","99","499,0,664"
"0/1","15,8","24","99","237,0,489"
"0/1","13,14","27","99","469,0,434"
"0/1","14,8","22","99","254,0,491"
"0/1","12,8","20","99","271,0,315"
"0/1","11,9","20","99","307,0,352"
"0/1","10,8","18","99","255,0,315"
"0/1","19,13","32","99","409,0,554"
"0/1","17,15","32","99","511,0,547"
"0/1","17,15","32","99","517,0,573"
"0/1","7,16","23","99","573,0,216"
"1/1","0,30","30","81","1101,81,0"
"0/1","10,17","27","99","584,0,292"
"0/1","15,19","34","99","650,0,500"
"0/1","17,14","31","99","428,0,526"
"0/1","16,21","37","99","655,0,542"
"0/0","8,0","8","18","0,18,233"
"0/0","7,0","7","18","0,18,237"
"0/0","8,0","8","21","0,21,271"
"0/0","9,0","9","24","0,24,309"
"0/0","9,0","9","24","0,24,306"
"0/0","9,0","9","24","0,24,306"
"0/0","9,0","9","24","0,24,317"
"0/0","9,0","9","24","0,24,312"
"0/0","9,0","9","24","0,24,317"
"0/0","9,0","9","24","0,24,312"
"0/0","10,0","10","27","0,27,344"
"0/0","10,0","10","27","0,27,350"
"0/0","12,0","12","30","0,30,383"
"0/0","12,0","12","33","0,33,433"
"0/0","12,0","12","33","0,33,427"
"0/0","15,0","15","39","0,39,492"
"0/0","15,0","15","39","0,39,500"
"0/0","15,0","15","39","0,39,511"
"0/0","15,1","16","39","0,39,502"
"0/0","16,0","16","42","0,42,542"
"0/0","15,2","17","42","0,42,525"
"0/1","17,13","30","99","360,0,560"
"0/1","18,14","32","99","381,0,514"
"0/1","14,14","28","99","469,0,472"
"0/1","12,8","20","99","257,0,333"
"0/1","23,17","40","99","507,0,784"
"0/1","13,14","27","99","492,0,374"
"0/1","17,16","33","99","522,0,465"
"0/1","11,14","25","99","348,0,358"
"0/1","5,13","18","99","428,0,152"
"0/1","11,10","22","99","312,0,345"
"0/1","9,21","30","99","742,0,268"
"0/1","8,15","23","99","504,0,204"
"0/1","21,15","36","99","457,0,618"
"0/1","16,18","34","99","581,0,508"
"0/1","22,13","35","99","372,0,542"
"0/1","11,17","28","99","562,0,308"
"0/1","13,18","31","99","551,0,405"
"0/0","33,0","33","96","0,96,1271"
"0/1","11,15","26","99","482,0,284"
"0/1","9,16","25","99","542,0,269"
"0/1","29,6","35","59","59,0,950"
"0/1","9,18","28","99","533,0,164"
"0/1","20,6","26","99","162,0,565"
"0/0","26,0","26","69","0,69,890"
"0/0","24,0","24","66","0,66,799"
"0/0","18,3","21","11","0,11,514"
"0/0","20,0","22","60","0,60,772"
"0/0","20,0","22","60","0,60,777"
"0/0","22,0","23","66","0,66,838"
"0/0","23,0","23","66","0,66,846"
"0/0","25,0","25","72","0,72,912"
"0/1","17,16","34","99","507,0,580"
"0/1","21,19","40","99","589,0,642"
"0/1","10,13","23","99","455,0,335"
"0/1","4,2","6","50","50,0,132"
"0/1","7,10","17","99","260,0,225"
"0/1","22,25","47","99","648,0,489"
"0/1","20,11","32","99","315,0,676"
"0/1","11,16","27","99","529,0,366"
"0/0","26,0","26","78","0,78,1019"
"0/0","31,0","31","87","0,87,1153"
"0/1","17,17","34","99","589,0,580"
"0/0","43,0","43","99","0,126,1649"
"0/0","44,0","44","99","0,126,1655"
"0/0","45,0","45","99","0,126,1642"
"0/0","45,0","46","99","0,129,1698"
"0/0","41,0","41","99","0,108,1416"
"0/0","29,0","29","87","0,87,1133"
"0/0","23,0","23","66","0,66,895"
"0/1","13,4","17","99","119,0,427"
"0/1","13,15","28","99","522,0,431"
"0/1","23,17","40","99","498,0,792"
"0/1","17,22","39","99","732,0,560"
"0/1","15,15","30","99","525,0,405"
"0/1","7,5","12","99","157,0,209"
"0/1","52,7","59","36","36,0,1177"
"0/1","26,11","37","99","117,0,774"
"0/1","24,9","33","99","129,0,749"
"0/1","15,13","28","99","256,0,481"
"0/1","19,9","28","99","168,0,486"
"0/1","15,23","38","99","768,0,109"
"0/1","21,8","29","99","132,0,653"
"0/1","16,12","28","99","294,0,384"
"0/1","22,9","31","99","106,0,633"
"0/1","23,13","36","99","201,0,679"
"0/1","27,15","42","99","201,0,901"
"0/0","42,3","45","9","0,9,1468"
"0/1","26,12","38","99","373,0,910"
"0/1","24,17","41","99","572,0,818"
"0/1","26,9","35","99","275,0,780"
"0/1","22,16","38","99","378,0,705"
"0/1","33,6","39","99","139,0,941"
"0/1","31,6","37","95","95,0,868"
"0/1","29,11","40","99","226,0,910"
"0/1","19,4","23","94","94,0,421"
"0/1","103,11","114","99","115,0,3424"
"0/1","73,24","97","99","642,0,2515"
"0/0","74,0","74","99","0,214,2824"
"0/0","124,0","124","99","0,352,4666"
"0/1","86,35","121","99","915,0,2970"
"0/1","136,24","160","99","419,0,4699"
"0/0","121,0","121","99","0,343,4364"
"0/1","92,61","153","99","1293,0,1934"
"0/0","152,0","152","99","0,418,5392"
"0/0","148,0","148","99","0,424,5610"
"0/1","98,11","111","99","110,0,3046"
"0/1","81,8","89","76","76,0,2736"
"0/1","69,11","80","99","180,0,2377"
"0/1","69,11","80","99","112,0,2403"
"0/1","85,10","95","90","90,0,2875"
"0/1","86,11","97","99","137,0,2872"
"0/1","86,11","97","99","131,0,2958"
"0/1","88,9","97","77","77,0,3107"
"0/0","82,0","82","99","0,229,3027"
"0/1","48,6","54","68","68,0,1712"
"0/1","49,5","54","42","42,0,1774"
"0/1","48,4","52","8","8,0,1768"
"0/1","48,4","52","8","8,0,1753"
"0/1","60,9","69","99","171,0,2000"
"0/0","74,0","74","99","0,193,2526"
"0/0","139,11","150","39","0,39,4286"
"0/0","106,0","106","99","0,280,3662"
"0/0","72,1","73","99","0,177,2664"
"0/0","133,0","133","99","0,343,4362"
"0/1","124,20","144","99","358,0,3883"
"0/0","144,0","144","99","0,394,5090"
"0/0","145,0","145","99","0,397,5080"
"0/1","89,19","108","99","323,0,2787"
"0/1","103,11","114","35","35,0,3306"
"0/1","84,13","97","99","128,0,2533"
"0/1","83,13","98","99","163,0,2697"
"0/1","93,21","114","99","419,0,2975"
"0/0","64,0","64","99","0,181,2402"
"0/1","46,10","56","99","182,0,1670"
"0/1","44,10","54","99","196,0,1573"
"0/1","44,10","54","99","189,0,1617"
"0/1","44,12","56","99","212,0,1567"
"0/1","42,7","49","96","96,0,1474"
"0/1","39,6","45","99","104,0,1375"
"0/1","40,15","55","99","307,0,1172"
"0/1","37,13","50","99","308,0,1070"
"0/1","42,12","54","99","268,0,1045"
"0/1","32,42","74","99","1298,0,869"
"0/1","39,23","62","99","564,0,670"
"0/1","54,18","72","99","458,0,1674"
"0/1","19,7","26","99","142,0,593"
"0/0","25,2","27","32","0,32,778"
"0/1","27,3","30","11","11,0,668"
"0/1","13,22","35","99","428,0,362"
"0/1","18,3","21","22","22,0,591"
"0/1","17,4","21","22","22,0,579"
"0/1","20,2","22","10","10,0,722"
"0/1","26,11","37","99","235,0,786"
"0/1","32,8","40","50","50,0,1059"
"0/1","28,5","33","83","83,0,750"
"0/1","27,6","33","99","135,0,683"
"0/1","26,9","35","99","211,0,738"
"0/1","23,6","29","99","118,0,647"
"0/1","35,5","40","85","85,0,1141"
"0/1","43,6","49","74","74,0,1476"
"0/0","51,0","51","99","0,150,1950"
"0/1","45,16","61","99","399,0,1431"
"0/1","52,8","60","99","145,0,1695"
"0/1","57,7","64","99","103,0,1656"
"0/1","56,7","63","97","97,0,1694"
"0/1","52,13","65","99","304,0,1727"
"0/1","54,8","62","99","108,0,1852"
"0/1","33,7","40","99","137,0,1138"
"0/1","33,7","40","99","171,0,1139"
"0/1","37,7","44","99","143,0,1221"
"0/1","39,5","44","37","37,0,1218"
"0/1","46,9","55","99","218,0,1504"
"0/1","43,8","51","99","132,0,1528"
"0/1","58,10","68","99","186,0,1992"
"0/1","44,12","57","99","223,0,1432"
"0/1","42,11","53","99","180,0,1363"
"0/1","34,10","44","99","238,0,1056"
"0/1","32,5","37","48","48,0,995"
"0/1","23,8","31","99","173,0,752"
"0/1","19,8","27","99","139,0,609"
"0/1","11,13","24","99","158,0,266"
"0/1","12,13","25","99","172,0,330"
"0/1","14,8","22","53","53,0,293"
"0/1","10,9","19","99","109,0,171"
"0/1","21,11","32","86","86,0,448"
"0/1","31,13","44","99","141,0,719"
"0/0","27,9","36","4","0,4,919"
"0/0","27,9","36","7","0,7,886"
"0/0","27,9","40","45","0,45,970"
"0/1","34,14","48","99","148,0,884"
"0/1","36,9","45","99","150,0,1016"
"0/1","30,11","41","99","199,0,955"
"0/1","35,5","40","50","50,0,1055"
"0/1","26,5","31","68","68,0,832"
"0/1","25,16","41","99","337,0,783"
"0/1","32,9","41","99","103,0,959"
"0/0","55,10","65","11","0,11,1643"
"0/1","59,12","71","40","40,0,1686"
"0/2","25,10,50","85","99","1251,988,1646,0,365,568"
"0/1","48,6","54","14","14,0,1525"
"0/1","25,4","29","35","35,0,631"
"0/1","23,5","28","72","72,0,628"
"0/1","11,10","21","99","161,0,312"
"0/1","9,11","20","99","167,0,253"
"0/0","11,1","14","27","0,27,360"
"0/1","89,17","106","99","279,0,2581"
"0/1","68,16","84","99","411,0,1974"
"0/1","63,18","84","99","355,0,1744"
"0/0","86,0","86","99","0,193,2430"
"0/1","14,48","62","99","1285,0,403"
"0/1","62,8","71","38","38,0,1833"
"0/1","55,17","72","99","316,0,1544"
"0/1","53,17","71","99","303,0,1590"
"0/1","58,12","71","99","166,0,1617"
"0/1","56,8","65","71","71,0,1559"
"0/1","52,8","60","82","82,0,1424"
"0/1","86,9","95","70","70,0,2846"
"0/1","80,13","93","99","146,0,2523"
"0/1","69,13","87","99","159,0,2061"
"0/1","95,18","114","99","354,0,2830"
"0/1","109,23","132","99","474,0,3398"
"0/1","107,21","128","99","454,0,3273"
"0/1","92,13","106","99","211,0,3194"
"0/1","87,8","95","42","42,0,2892"
"0/1","83,7","90","32","32,0,2787"
"0/1","84,8","92","64","64,0,2740"
"0/1","64,8","72","99","122,0,2075"
"0/1","50,9","59","99","151,0,1810"
"0/1","43,13","56","99","368,0,1471"
"0/1","54,8","62","99","139,0,1903"
"0/1","49,12","61","99","310,0,1684"
"0/1","80,9","89","64","64,0,2782"
"0/1","84,16","100","99","325,0,2881"
"1/2","16,22,49","87","99","1869,1136,1679,175,0,643"
"0/1","74,11","85","99","148,0,2671"
"0/1","79,12","91","99","206,0,2819"
"0/1","78,8","86","61","61,0,2728"
"0/1","93,10","104","90","90,0,3133"
"0/0","107,8","116","21","0,21,3711"
"0/1","78,19","97","99","489,0,2558"
"0/1","88,15","103","99","285,0,3016"
"0/1","88,9","97","79","79,0,3004"
"0/1","87,20","109","99","450,0,3067"
"0/1","99,18","117","99","378,0,3401"
"0/1","22,68","90","99","2227,0,547"
"0/1","69,14","84","99","227,0,2244"
"0/0","83,0","84","99","0,229,3038"
"0/0","82,0","82","99","0,229,2992"
"0/1","69,14","84","99","249,0,2285"
"0/1","71,14","85","99","249,0,2339"
"0/1","74,15","94","99","344,0,2344"
"0/1","75,13","88","99","269,0,2522"
"0/1","49,6","55","85","85,0,1722"
"0/1","50,6","56","88","88,0,1653"
"0/1","24,5","29","78","78,0,868"
"0/1","24,5","29","81","81,0,866"
"0/1","27,6","33","99","112,0,950"
"0/1","57,15","73","99","370,0,1746"
"0/1","55,15","70","99","278,0,1790"
"0/1","55,15","71","99","296,0,1802"
"0/1","58,12","70","99","224,0,1913"
"0/1","64,9","73","99","131,0,2219"
"0/0","73,0","74","99","0,202,2615"
"0/1","60,14","74","99","336,0,1837"
"0/1","63,14","77","99","167,0,2073"
"0/2","47,29,30","106","53","918,53,1544,0,578,1485"
"0/1","53,5","58","24","24,0,1829"
"0/1","54,6","60","43","43,0,1837"
"0/1","52,6","58","81","81,0,1713"
"0/1","51,6","58","76","76,0,1731"
"0/1","50,21","71","99","531,0,1592"
"0/1","42,6","49","25","25,0,1394"
"0/1","34,7","41","99","145,0,1140"
"0/1","34,6","40","99","123,0,1063"
"0/1","19,2","21","20","20,0,625"
"0/1","39,6","45","36","36,0,1310"
"0/1","42,6","48","42","42,0,1416"
"0/1","24,5","29","99","122,0,757"
"0/1","21,7","28","99","132,0,709"
"0/1","25,7","32","99","146,0,753"
"0/1","10,5","15","99","112,0,312"
"0/1","19,7","26","99","174,0,594"
"0/1","45,12","57","99","313,0,1301"
"0/1","92,25","117","99","365,0,3075"
"0/1","114,59","173","99","1654,0,3110"
"0/1","160,40","200","99","832,0,5084"
"0/1","144,37","181","99","578,0,4447"
"1/1","11,140","151","44","4906,44,0"
"0/1","32,182","214","99","5841,0,553"
"0/1","10,82","92","99","2683,0,141"
"0/1","31,13","44","99","373,0,851"
"0/0","29,6","35","13","0,13,1013"
"0/1","22,9","31","99","279,0,587"
"0/1","30,13","44","99","322,0,1006"
"0/1","27,9","36","99","220,0,804"
"0/1","28,5","33","58","58,0,923"
"0/1","26,8","34","99","116,0,849"
"0/1","26,5","32","98","98,0,919"
"0/1","37,14","51","99","383,0,1306"
"0/1","44,12","56","99","307,0,1502"
"0/1","42,15","57","99","417,0,1377"
"0/1","44,19","63","99","586,0,1531"
"0/1","36,18","54","99","542,0,1154"
"0/1","35,16","51","99","461,0,1248"
"0/1","48,14","62","99","377,0,1516"
"0/1","33,12","45","99","350,0,1121"
"0/0","33,0","33","96","0,96,1246"
"0/1","35,13","48","99","355,0,1170"
"0/0","39,0","39","99","0,108,1450"
"0/0","36,0","36","99","0,99,1315"
"0/0","36,0","36","99","0,102,1370"
"0/0","46,0","46","99","0,132,1780"
"0/1","16,3","20","29","29,0,518"
"0/1","20,10","30","99","317,0,637"
"0/1","28,8","36","99","213,0,926"
"0/1","30,7","37","99","185,0,940"
"0/1","30,7","37","99","188,0,944"
"0/1","37,7","45","99","162,0,1294"
"0/0","37,0","37","99","0,102,1318"
"0/0","34,0","34","96","0,96,1261"
"0/1","29,3","32","20","20,0,872"
"0/1","26,4","30","63","63,0,802"
"0/1","28,7","35","99","106,0,764"
"0/1","25,7","32","99","117,0,693"
"0/1","15,2","17","10","10,0,327"
"0/0","20,4","24","2","0,2,484"
"0/0","20,4","24","8","0,8,546"
"0/0","22,4","26","12","0,12,603"
"0/1","36,11","47","99","183,0,665"
"0/1","59,11","70","99","188,0,996"
"0/1","50,7","57","84","84,0,817"
"0/1","41,4","45","59","59,0,825"
"0/1","34,5","39","85","85,0,781"
"0/1","30,8","38","99","125,0,607"
"0/1","32,6","38","99","125,0,619"
"0/1","30,13","43","99","183,0,715"
"0/1","33,10","43","99","137,0,797"
"0/1","33,10","43","99","134,0,1063"
"0/1","58,17","75","99","243,0,1856"
"0/1","91,19","110","99","341,0,2374"
"0/1","58,9","67","99","142,0,1719"
"0/1","31,10","41","99","211,0,837"
"0/1","25,6","31","66","66,0,561"
"0/1","28,13","41","99","316,0,660"
"0/1","34,16","50","99","408,0,862"
"0/1","37,14","51","99","289,0,976"
"0/0","44,0","44","99","0,105,1321"
"0/1","29,14","43","99","362,0,742"
"0/0","19,0","19","54","0,54,700"
"0/0","19,0","19","48","0,48,649"
"0/1","18,3","21","66","66,0,511"
"0/1","20,2","22","25","25,0,600"
"0/1","16,5","21","99","150,0,514"
"0/1","15,6","21","99","185,0,477"
"0/1","15,6","21","99","188,0,466"
"0/1","15,6","21","99","193,0,436"
"0/1","13,5","18","99","155,0,397"
"0/1","11,4","15","99","123,0,342"
"0/1","6,3","9","99","99,0,182"
"0/1","9,5","14","99","154,0,286"
"0/1","9,6","15","99","187,0,270"
"0/1","12,8","20","99","230,0,414"
"0/0","17,1","18","0","0,0,494"
"0/1","13,3","16","40","40,0,433"
"0/1","8,6","14","99","147,0,278"
"0/1","10,9","19","99","240,0,316"
"0/0","12,2","14","8","0,8,448"
"0/0","11,2","13","2","0,2,374"
"0/0","12,2","14","8","0,8,439"
"0/0","12,2","14","8","0,8,439"
"0/0","14,3","17","0","0,0,479"
"0/0","18,2","20","12","0,12,645"
"0/1","6,2","8","51","51,0,210"
"0/1","8,2","10","50","50,0,253"
"0/1","11,5","16","99","115,0,401"
"0/1","14,5","19","99","108,0,483"
"0/1","14,5","19","99","108,0,490"
"0/1","14,4","18","65","65,0,461"
"0/1","14,4","18","34","34,0,466"
"0/1","12,3","15","37","37,0,435"
"0/1","13,3","16","37","37,0,473"
"0/1","13,3","16","43","43,0,395"
"0/1","13,9","22","99","147,0,467"
"0/1","16,10","26","99","217,0,565"
"0/1","46,19","65","99","450,0,1105"
"0/1","33,7","41","99","121,0,1020"
"0/1","31,8","41","99","152,0,929"
"0/1","31,9","40","99","217,0,870"
"0/1","36,10","46","99","238,0,810"
"0/0","25,3","28","33","0,33,903"
"0/0","26,2","28","3","0,3,940"
"0/1","17,24","41","99","805,0,508"
"0/1","13,3","16","67","67,0,435"
"0/0","20,2","22","51","0,51,688"
"0/0","21,0","21","60","0,60,816"
"0/1","15,4","19","74","74,0,506"
"0/1","13,4","17","80","80,0,473"
"0/1","9,1","10","10","10,0,337"
"0/1","9,2","11","49","49,0,331"
"0/1","10,1","11","12","12,0,342"
"0/1","10,2","12","46","46,0,337"
"0/1","10,3","13","75","75,0,370"
"0/1","10,3,3","16","47","78,0,367,47,316,417"
"0/1","21,8","29","91","91,0,753"
"0/1","22,8","30","87","87,0,805"
"0/1","23,8","31","84","84,0,837"
"0/1","17,5","22","99","140,0,528"
"0/0","18,0","18","54","0,54,691"
"0/0","20,0","20","54","0,54,720"
"0/1","20,8","28","99","105,0,610"
"0/1","13,9","22","99","139,0,340"
"0/1","15,7","22","71","71,0,478"
"0/1","12,2","14","37","37,0,445"
"0/1","12,1","13","1","1,0,419"
"0/1","26,9","35","99","122,0,788"
"0/1","13,2","15","3","3,0,437"
"0/0","15,2","17","17","0,17,550"
"0/0","13,0","13","30","0,30,408"
"0/0","12,0","12","36","0,36,482"
"0/1","18,7","25","99","107,0,591"
"0/1","22,11","33","99","271,0,671"
"0/1","22,11","33","99","277,0,674"
"0/1","25,15","40","99","308,0,698"
"0/1","26,15","41","99","359,0,688"
"0/1","19,6","25","99","108,0,592"
"0/1","7,8","15","99","114,0,238"
"0/1","14,8","22","99","143,0,381"
"0/1","15,9","25","99","203,0,404"
"0/1","26,3","29","6","6,0,776"
"0/1","18,5","23","99","122,0,610"
"0/1","26,10","36","99","225,0,838"
"0/1","31,10","41","99","141,0,1034"
"0/1","8,4","12","81","81,0,287"
"0/1","17,2","19","32","32,0,550"
"0/1","16,2","18","34","34,0,506"
"0/1","16,5","21","99","101,0,553"
"0/1","28,12","40","99","354,0,953"
"0/1","41,13","54","99","286,0,1398"
"0/1","41,9","50","99","164,0,1409"
"0/1","40,8","48","99","132,0,1388"
"0/1","19,14","33","99","455,0,677"
"0/0","34,1","35","65","0,65,1278"
"0/1","30,7","37","58","58,0,1009"
"0/1","30,6","36","24","24,0,1022"
"0/1","15,7","22","32","32,0,554"
"0/1","13,8","21","91","91,0,438"
"0/0","16,0","16","45","0,45,617"
"0/1","8,12","20","99","367,0,126"
"0/1","15,5","20","37","37,0,490"
"1/1","0,13","13","36","449,36,0"
"0/1","16,10","26","99","245,0,545"
"0/1","16,10","26","99","283,0,563"
"0/1","12,10","22","99","199,0,427"
"0/0","9,0","9","27","0,27,364"
"0/0","9,0","9","27","0,27,360"
"0/1","13,4","17","99","105,0,457"
"0/1","14,4","18","99","101,0,494"
"0/1","12,4","16","99","110,0,441"
"0/1","12,4","16","99","110,0,432"
"0/1","19,7","26","99","166,0,626"
"0/1","9,9","21","99","273,0,321"
"0/1","16,11","27","99","296,0,530"
"0/1","16,4","20","99","99,0,552"
"0/1","15,5","20","99","136,0,547"
"0/1","15,5","20","99","133,0,541"
"0/1","12,6","18","99","183,0,392"
"0/1","10,8","18","99","184,0,320"
"0/1","22,5","27","74","74,0,779"
"0/1","22,7","29","99","126,0,779"
"0/1","24,7","31","99","99,0,826"
"0/1","26,6","32","30","30,0,930"
"0/1","28,4","32","3","3,0,973"
"0/1","23,7","30","99","148,0,784"
"0/1","21,7","28","99","162,0,723"
"0/1","20,8","28","99","209,0,662"
"0/1","19,7","26","99","167,0,643"
"0/1","15,9","24","99","240,0,459"
"0/1","14,6","20","99","153,0,478"
"0/1","15,5","20","99","119,0,494"
"0/1","18,11","29","99","291,0,511"
"0/1","17,8","25","99","157,0,581"
"0/1","17,8","25","99","159,0,588"
"0/1","16,6","22","22","22,0,528"
"0/1","15,6","21","99","112,0,505"
"0/0","16,1","17","8","0,8,553"
"0/1","10,11","21","99","198,0,248"
"0/1","10,10","20","99","169,0,324"
"0/1","17,6","23","99","146,0,583"
"0/0","13,1","14","11","0,11,490"
"0/1","8,3","11","80","80,0,269"
"0/1","7,3","10","83","83,0,254"
"0/1","6,4","11","90","90,0,216"
"0/1","7,5","12","87","87,0,257"
"0/1","10,4","14","99","119,0,357"
"0/0","14,0","14","42","0,42,554"
"0/1","19,5","24","99","100,0,547"
"0/1","9,4","13","95","95,0,332"
"0/1","8,4","12","98","98,0,293"
"0/1","13,6","19","99","163,0,350"
"0/1","7,2","9","53","53,0,257"
"0/1","8,1","9","16","16,0,260"
"0/1","10,1","11","7","7,0,322"
"0/1","10,1","11","1","1,0,324"
"0/1","9,3","12","78","78,0,318"
"0/1","8,8","16","99","230,0,236"
"0/1","10,5","15","99","154,0,344"
"0/1","14,3","17","54","54,0,493"
"0/1","14,3","17","65","65,0,505"
"0/1","14,3","17","59","59,0,497"
"0/1","14,3","17","65","65,0,494"
"0/1","11,5","16","99","118,0,395"
"0/1","13,8","21","99","266,0,458"
"0/1","13,8","21","99","255,0,467"
"0/1","10,3","13","60","60,0,362"
"0/1","10,3","13","57","57,0,362"
"0/1","10,3","13","62","62,0,330"
"0/1","9,3","12","69","69,0,323"
"0/1","7,3","10","77","77,0,253"
"0/1","10,3","13","35","35,0,355"
"0/1","13,5","18","84","84,0,444"
"0/1","13,10","23","99","273,0,457"
"0/1","21,4","25","59","59,0,643"
"0/1","19,7","26","99","171,0,563"
"0/1","19,7","26","99","171,0,570"
"0/1","21,10","31","88","88,0,751"
"0/1","20,10","30","94","94,0,717"
"0/1","21,9","30","99","104,0,726"
"0/1","12,6","18","99","130,0,426"
"0/1","15,7","22","99","128,0,500"
"0/1","16,7","23","99","123,0,552"
"0/1","11,3","14","49","49,0,364"
"0/1","11,3","14","49","49,0,367"
"1/1","0,10","10","27","362,27,0"
"0/1","7,5","12","99","167,0,249"
"0/1","6,3","9","77","77,0,218"
"0/1","9,14","23","99","397,0,307"
"0/1","10,8","18","99","199,0,356"
"0/1","7,6","13","99","153,0,250"
"0/1","7,6","13","99","150,0,250"
"0/1","7,3","10","87","87,0,259"
"0/1","12,8","20","99","259,0,324"
"0/1","9,13","22","99","372,0,302"
"0/1","6,10","16","99","280,0,194"
"0/0","15,0","15","39","0,39,526"
"0/1","5,7","12","47","258,0,47"
"0/1","4,3","7","27","27,0,148"
"0/1","5,3","8","27","27,0,142"
"0/1","13,9","22","99","237,0,399"
"0/1","17,7","24","99","166,0,483"
"0/1","8,12","20","99","300,0,276"
"0/1","8,11","19","99","304,0,276"
"0/1","9,9","18","99","245,0,319"
"0/1","13,13","26","99","290,0,459"
"0/1","13,12","25","99","253,0,456"
"0/0","19,1","20","9","0,9,592"
"0/1","14,5","19","29","29,0,377"
"0/1","12,5","17","99","110,0,370"
"0/1","16,6","22","99","160,0,578"
"0/1","18,9","27","99","255,0,658"
"0/1","12,11","23","99","359,0,400"
"0/1","26,15","41","99","419,0,899"
"0/1","31,15","46","99","443,0,985"
"0/1","28,14","42","99","408,0,913"
"0/1","12,7","19","99","130,0,414"
"1/1","0,16","16","48","628,48,0"
"0/1","14,21","35","99","683,0,440"
"1/1","0,12","12","36","492,36,0"
"0/1","23,8","31","99","243,0,722"
"0/1","19,4","23","67","67,0,626"
"0/1","19,4","23","82","82,0,619"
"0/1","21,4","25","71","71,0,718"
"0/1","13,9","22","99","304,0,426"
"0/1","17,7","24","96","96,0,605"
"0/1","15,5","20","80","80,0,517"
"0/1","16,4","20","44","44,0,490"
"0/0","14,0","14","39","0,39,510"
"0/0","15,0","15","36","0,36,478"
"0/1","8,11","19","99","325,0,273"
"0/1","8,10","18","99","355,0,275"
"0/1","32,14","46","99","386,0,1035"
"0/0","40,5","45","5","0,5,1201"
"0/1","28,6","34","99","131,0,973"
"0/0","30,1","31","44","0,44,1030"
"0/0","32,0","32","93","0,93,1232"
"0/1","22,10","32","99","289,0,666"
"0/1","23,11","34","99","144,0,751"
"0/1","7,5","12","99","122,0,249"
"0/1","7,5","12","99","124,0,251"
"0/0","11,1","12","5","0,5,408"
"0/0","14,0","14","36","0,36,478"
"0/1","13,12","25","99","178,0,289"
"0/1","24,5","29","76","76,0,425"
"0/1","24,5","29","76","76,0,420"
"0/1","24,6","30","99","103,0,460"
"0/1","18,4","22","76","76,0,433"
"0/1","18,5","23","99","102,0,488"
"0/1","14,9","23","99","136,0,440"
"0/1","13,8","21","99","113,0,409"
"0/1","13,6","19","81","81,0,398"
"0/1","14,4","18","99","101,0,355"
"0/1","10,7","17","99","160,0,297"
"0/1","12,6","18","99","159,0,368"
"0/1","11,8","19","99","225,0,343"
"0/1","9,8","17","99","228,0,271"
"0/1","11,10","21","99","198,0,370"
"0/1","10,3","13","65","65,0,352"
"0/0","10,1","11","30","0,30,401"
"0/1","8,3","11","82","82,0,283"
"0/1","12,5","17","57","57,0,402"
"0/1","15,5","20","33","33,0,425"
"0/1","14,5","19","30","30,0,462"
"0/1","12,4","16","29","29,0,431"
"0/1","11,4","15","70","70,0,374"
"0/1","9,4","13","78","78,0,301"
"0/1","15,3","18","54","54,0,481"
"0/1","13,18","32","99","594,0,405"
"0/1","17,13","30","99","257,0,550"
"0/1","16,9","25","99","179,0,520"
"0/1","37,6","43","94","94,0,1258"
"0/1","36,6","43","93","93,0,1137"
"0/1","33,6","39","99","109,0,1053"
"0/1","33,6","39","87","87,0,1052"
"0/1","31,16","47","99","367,0,928"
"0/1","33,11","44","99","176,0,1118"
"0/1","33,11","44","99","176,0,1056"
"0/1","26,4","30","73","73,0,854"
"0/1","32,4","36","43","43,0,965"
"0/0","40,0","40","99","0,114,1424"
"0/0","43,0","43","99","0,117,1479"
"0/1","31,9","40","99","230,0,1056"
"0/1","37,9","46","99","162,0,1195"
"0/1","33,13","46","99","314,0,1034"
"0/1","33,17","50","99","421,0,972"
"0/1","35,15","50","99","403,0,1088"
"0/1","32,16","48","99","394,0,952"
"0/0","35,0","35","99","0,99,1291"
"0/1","10,14","24","99","392,0,338"
"0/0","23,3","27","57","0,57,778"
"0/0","19,5","24","51","0,51,665"
"0/0","19,5","24","51","0,51,693"
"0/1","15,17","32","99","545,0,476"
"0/1","23,9","32","99","233,0,662"
"0/1","18,16","34","99","538,0,527"
"0/1","20,7","27","99","118,0,672"
"0/1","18,20","38","99","650,0,470"
"0/1","28,28","56","99","771,0,745"
"0/1","18,20","38","99","613,0,473"
"1/1","1,28","29","47","1049,47,0"
"0/1","10,20","30","99","592,0,308"
"0/1","24,13","37","99","374,0,644"
"0/0","31,1","32","64","0,64,1109"
"0/1","29,12","41","99","333,0,916"
"0/1","27,14","41","99","435,0,896"
"0/1","9,13","22","99","427,0,304"
"0/1","10,10","20","99","339,0,351"
"0/1","11,15","26","99","459,0,328"
"0/1","17,13","30","99","423,0,598"
"0/1","16,15","31","99","502,0,515"
"0/1","19,11","30","99","329,0,655"
"0/1","12,11","23","99","371,0,364"
"0/1","17,17","34","99","559,0,541"
"0/1","14,19","33","99","618,0,431"
"0/0","15,0","15","45","0,45,576"
"0/1","20,8","28","99","150,0,669"
"0/1","18,5","23","99","111,0,573"
"0/1","17,5","23","99","111,0,571"
"0/1","11,10","21","99","192,0,373"
"0/1","11,9","20","99","151,0,381"
"0/1","12,6","18","66","66,0,419"
"0/1","12,5","17","28","28,0,393"
"1/1","1,18","19","54","706,54,0"
"0/1","12,3","15","18","18,0,341"
"0/1","19,9","29","99","186,0,324"
"0/1","20,7","27","99","105,0,384"
"0/1","9,8","21","99","127,0,166"
"0/1","13,6","19","85","85,0,221"
"0/0","4,4","8","12","0,12,149"
"0/1","13,9","22","99","313,0,222"
"0/0","19,4","23","4","0,4,570"
"0/0","5,0","5","12","0,12,164"
"0/1","11,7","19","99","107,0,246"
"1/1","0,11","11","30","379,30,0"
"0/1","8,3","11","48","48,0,283"
"0/1","36,13","50","99","132,0,556"
"0/1","12,2","15","24","24,0,183"
"0/0","23,0","23","60","0,60,789"
"0/1","18,5","23","99","100,0,634"
"0/1","15,5","20","99","99,0,500"
"0/1","14,7","21","99","152,0,438"
"0/1","15,6","21","99","142,0,459"
"0/1","16,6","22","99","146,0,474"
"0/1","16,6","22","99","145,0,441"
"0/1","14,8","22","99","155,0,428"
"0/1","14,8","22","99","155,0,412"
"0/0","19,0","19","54","0,54,711"
"0/0","15,1","16","18","0,18,541"
"0/0","14,1","16","39","0,39,529"
"0/0","14,0","14","39","0,39,480"
"0/0","12,0","12","36","0,36,477"
"0/0","13,0","13","39","0,39,524"
"1/1","0,18","18","54","713,54,0"
"0/1","16,7","23","99","136,0,575"
"0/1","20,5","25","91","91,0,637"
"0/1","19,5","24","99","100,0,521"
"0/1","16,7","23","71","71,0,550"
"0/1","17,11","28","99","318,0,390"
"0/1","20,7","27","99","195,0,589"
"0/1","19,6","25","99","121,0,533"
"0/1","15,6","21","88","88,0,502"
"0/1","11,7","19","73","73,0,397"
"0/1","11,4","15","58","58,0,364"
"0/1","10,2","12","43","43,0,369"
"0/1","10,3","13","70","70,0,360"
"0/1","8,5","13","99","115,0,285"
"0/1","6,5","11","99","121,0,212"
"0/1","15,7","22","99","146,0,543"
"0/1","10,7","17","99","164,0,351"
"0/1","9,7","16","99","167,0,316"
"0/1","8,7","15","99","169,0,287"
"0/1","8,7","15","99","179,0,287"
"0/1","11,7","18","99","182,0,388"
"0/0","11,0","12","27","0,27,337"
"0/0","12,0","13","30","0,30,363"
"0/0","11,0","11","30","0,30,399"
"0/1","20,12","32","99","370,0,644"
"0/0","29,0","29","84","0,84,1080"
"0/1","14,17","31","99","574,0,444"
"0/1","14,14","28","99","408,0,462"
"0/1","14,18","32","99","612,0,431"
"0/1","14,6","20","99","183,0,504"
"0/0","21,0","21","63","0,63,863"
"0/1","15,10","25","99","314,0,430"
"0/1","21,18","39","99","585,0,736"
"0/1","14,17","31","99","542,0,388"
"0/1","19,16","35","99","522,0,650"
"0/1","17,7","24","99","162,0,588"
"0/1","7,17","24","99","496,0,222"
"0/1","9,12","21","99","434,0,255"
"0/1","13,6","19","99","168,0,456"
"0/1","17,11","28","99","368,0,566"
"0/1","7,8","15","99","205,0,240"
"0/1","7,8","15","99","218,0,240"
"0/1","6,11","17","99","219,0,200"
"0/1","6,11","17","99","222,0,166"
"0/1","5,11","16","99","224,0,167"
"0/1","4,14","18","99","295,0,121"
"0/1","12,10","22","99","327,0,416"
"0/1","13,10","23","99","329,0,455"
"0/1","12,10","22","99","340,0,425"
"0/1","8,2","10","36","36,0,299"
"0/1","8,2","10","36","36,0,297"
"0/1","9,7","16","99","188,0,325"
"0/0","16,1","17","16","0,16,544"
"0/0","16,1","17","16","0,16,549"
"0/0","17,1","18","19","0,19,581"
"0/0","18,0","18","48","0,48,659"
"0/1","10,8","18","99","267,0,277"
"0/1","10,7","17","99","227,0,310"
"0/1","10,9","19","99","302,0,319"
"0/2","14,0,8","22","99","259,295,748,0,453,428"
"0/1","13,8","21","99","251,0,417"
"0/1","15,8","23","99","263,0,505"
"0/0","18,2","20","9","0,9,656"
"0/1","13,7","20","99","188,0,452"
"0/1","13,7","20","99","181,0,445"
"0/1","17,9","26","99","218,0,554"
"0/1","16,9","26","99","203,0,552"
"0/1","16,9","25","99","237,0,535"
"0/1","15,15","30","99","446,0,520"
"0/1","13,13","27","99","442,0,400"
"0/1","18,15","33","99","413,0,536"
"0/1","22,11","33","99","314,0,703"
"0/1","9,12","21","99","320,0,271"
"0/0","49,4","54","21","0,21,1508"
"0/1","78,15","93","99","278,0,2351"
"0/1","22,13","38","99","349,0,687"
"0/0","46,1","47","85","0,85,1629"
"0/1","23,4","27","4","4,0,726"
"0/1","23,4","27","7","7,0,681"
"0/1","75,15","90","99","262,0,2487"
"0/1","54,10","64","99","215,0,1967"
"0/1","12,2","14","32","32,0,405"
"0/1","40,6","46","99","108,0,1465"
"0/1","51,13","64","99","318,0,1829"
"0/1","63,10","73","99","193,0,2258"
"0/1","71,13","84","99","229,0,2259"
"0/1","27,22","49","99","663,0,829"
"0/1","19,24","43","99","798,0,618"
"0/1","13,6","19","99","196,0,396"
"0/1","11,17","28","99","594,0,340"
"0/1","12,14","26","99","456,0,389"
"0/0","16,3","19","5","0,5,519"
"0/0","16,3","19","8","0,8,525"
"0/1","7,8","15","99","255,0,215"
"0/1","32,13","45","99","291,0,1065"
"0/1","31,10","41","99","223,0,1089"
"0/1","35,10","45","71","71,0,1065"
"0/1","3,31","34","25","901,0,25"
"0/1","49,11","60","99","238,0,1496"
"0/1","32,13","45","99","298,0,1114"
"0/1","31,12","43","99","305,0,1049"
"0/1","33,12","45","99","292,0,1129"
"0/1","17,6","23","99","171,0,606"
"0/1","15,9","24","99","280,0,521"
"0/1","18,16","36","68","416,0,68"
"0/1","19,16","35","99","404,0,490"
"0/1","24,7","31","3","3,0,559"
"0/1","1,1","2","20","20,0,36"
"0/1","3,5","8","73","179,0,73"
"0/1","4,7","13","99","186,0,133"
"0/1","4,5","13","99","143,0,136"
"0/1","5,6","14","99","155,0,174"
"0/1","5,6","14","99","155,0,177"
"0/1","7,5","12","99","149,0,204"
"0/0","43,3","46","10","0,10,1394"
"0/0","42,3","45","6","0,6,1338"
"0/1","21,13","34","99","416,0,711"
"0/1","22,6","28","99","118,0,763"
"0/1","8,24","32","99","808,0,217"
"0/1","13,18","31","99","600,0,374"
"0/1","11,14","25","99","464,0,297"
"0/1","20,4","25","94","94,0,677"
"0/1","20,4","25","96","96,0,655"
"0/1","20,4","25","93","93,0,682"
"0/1","6,9","15","99","302,0,185"
"0/0","7,1","9","21","0,21,284"
"0/0","38,0","40","93","0,93,1227"
"0/0","36,0","37","90","0,90,1163"
"0/0","34,1","36","47","0,47,1045"
"0/0","32,0","38","81","0,81,1035"
"0/0","40,0","40","99","0,102,1300"
"0/0","36,2","38","68","0,68,1275"
"0/1","16,11","27","99","345,0,547"
"0/1","17,10","27","99","314,0,563"
"0/1","25,10","36","99","287,0,774"
"0/1","21,11","32","99","341,0,708"
"0/1","13,14","27","99","427,0,414"
"0/1","20,16","36","99","508,0,603"
"0/1","7,14","21","99","498,0,215"
"0/1","9,11","20","99","294,0,293"
"0/1","20,17","37","99","485,0,592"
"0/1","4,7","11","99","254,0,130"
"0/1","5,16","22","99","345,0,145"
"0/0","15,0","15","39","0,39,505"
"0/1","12,16","28","99","463,0,273"
"0/1","15,10","25","99","332,0,538"
"0/1","10,12","22","99","379,0,304"
"0/1","10,11","21","99","385,0,347"
"0/1","17,14","31","99","415,0,521"
"0/1","14,20","34","99","414,0,301"
"0/0","20,0","20","51","0,51,659"
"0/1","17,20","37","99","678,0,455"
"0/1","19,21","40","99","480,0,656"
"0/1","7,5","12","99","169,0,210"
"0/1","14,6","20","99","190,0,437"
"0/1","12,21","33","99","619,0,389"
"0/1","15,11","26","99","362,0,510"
"0/1","17,15","32","99","416,0,504"
"0/1","31,17","48","99","539,0,1038"
"0/1","10,12","22","99","402,0,239"
"0/1","17,16","33","99","534,0,542"
"0/1","17,12","29","99","313,0,557"
"0/1","12,14","26","99","465,0,270"
"0/1","12,16","28","99","485,0,377"
"0/1","9,11","20","99","270,0,266"
"0/1","7,10","17","99","355,0,233"
"0/1","16,17","34","99","467,0,264"
"0/1","15,13","28","99","426,0,486"
"0/1","23,14","37","99","401,0,769"
"0/1","8,20","28","99","653,0,168"
"0/0","14,0","14","36","0,36,434"
"0/0","27,0","27","69","0,69,905"
"0/0","13,0","14","24","0,24,296"
"0/1","13,9","22","99","288,0,431"
"0/1","25,25","50","99","742,0,811"
"0/1","11,24","36","99","624,0,283"
"0/1","10,12","22","99","374,0,287"
"0/1","8,12","20","99","343,0,220"
"0/1","16,16","32","99","499,0,537"
"0/1","7,9","16","99","318,0,228"
"0/1","14,17","31","99","586,0,466"
"0/1","14,21","35","99","690,0,447"
"0/1","19,15","34","99","433,0,600"
"0/1","10,14","24","99","457,0,293"
"0/1","10,11","21","99","375,0,307"
"0/1","21,17","38","99","571,0,708"
"0/1","15,15","30","99","466,0,490"
"0/1","10,17","27","99","599,0,287"
"0/1","9,8","17","99","214,0,314"
"0/1","12,3","15","71","71,0,439"
"0/1","12,6","18","99","147,0,437"
"0/0","19,0","19","51","0,51,643"
"0/1","10,17","27","99","511,0,259"
"0/1","10,6","16","99","192,0,343"
"0/1","19,10","29","99","250,0,452"
"0/1","15,16","31","99","509,0,477"
"0/1","15,9","24","99","115,0,345"
"0/1","13,12","25","99","405,0,440"
"0/0","26,0","26","72","0,72,957"
"0/0","27,0","27","69","0,69,923"
"0/0","30,0","30","78","0,78,1028"
"0/0","31,0","32","81","0,81,1048"
"0/1","9,10","19","99","257,0,219"
"0/1","13,13","26","99","416,0,328"
"0/0","25,4","29","5","0,5,860"
"0/0","21,1","22","60","0,60,791"
"0/1","11,15","26","99","525,0,332"
"0/0","31,0","31","93","0,93,1223"
"0/1","13,14","27","99","421,0,435"
"0/1","10,9","19","99","263,0,263"
"0/1","5,9","14","99","327,0,158"
"0/1","16,22","38","99","710,0,495"
"0/1","12,13","25","99","380,0,377"
"0/1","12,14","26","99","460,0,401"
"0/1","4,13","17","99","447,0,112"
"0/1","13,10","23","99","325,0,421"
"0/1","14,11","25","99","347,0,416"
"0/1","7,11","18","99","385,0,230"
"0/1","9,7","16","99","241,0,322"
"0/1","10,10","20","99","339,0,347"
"0/1","16,11","27","99","372,0,531"
"0/1","9,11","20","99","309,0,303"
"0/1","6,10","16","99","367,0,160"
"0/1","10,9","19","99","310,0,352"
"0/1","4,16","20","99","480,0,103"
"0/1","9,3","12","52","52,0,331"
"0/1","13,13","26","99","461,0,328"
"0/1","10,16","26","99","569,0,325"
"0/1","17,15","34","99","505,0,536"
"0/1","10,16","26","99","507,0,287"
"0/1","16,10","26","99","328,0,563"
"0/1","73,13","86","99","223,0,2434"
"0/1","72,13","85","99","227,0,2405"
"0/1","72,12","84","99","162,0,2388"
"0/1","72,13","85","99","169,0,2299"
"0/1","71,14","85","99","177,0,2362"
"0/1","68,16","87","99","328,0,2175"
"0/1","66,17","83","99","355,0,2109"
"0/1","72,16","88","99","276,0,2202"
"0/1","69,15","84","99","292,0,2102"
"0/1","67,15","82","99","313,0,2049"
"0/1","63,16","79","99","317,0,1909"
"0/1","74,15","89","99","242,0,2099"
"0/1","11,9","20","99","264,0,383"
"0/1","16,16","32","99","510,0,543"
"0/1","14,11","25","99","346,0,491"
"0/1","16,15","31","99","466,0,482"
"0/1","16,16","32","99","537,0,488"
"0/1","24,12","36","99","338,0,813"
"0/1","10,9","19","99","105,0,137"
"0/1","15,16","32","99","526,0,495"
"0/1","12,15","27","99","522,0,348"
"0/1","15,12","27","99","375,0,398"
"0/1","10,8","18","99","266,0,348"
"0/1","14,6","20","99","188,0,466"
"1/1","0,24","24","66","885,66,0"
"0/1","1,1","2","21","21,0,26"
"0/1","1,1","2","21","21,0,34"
"0/0","1,1","2","3","0,3,42"
"1/1","1,1","2","3","42,3,0"
"0/1","3,3","6","67","71,0,67"
"0/1","7,21","28","99","657,0,156"
"0/1","20,16","36","99","392,0,686"
"0/0","26,0","26","75","0,75,978"
"0/1","7,13","20","99","442,0,182"
"0/1","11,10","21","99","273,0,356"
"0/1","12,14","26","99","420,0,413"
"0/1","13,18","31","99","607,0,428"
"0/0","32,0","32","87","0,87,1185"
"0/1","18,21","40","99","629,0,549"
"0/1","14,11","25","99","352,0,382"
"0/1","9,15","24","99","476,0,291"
"0/1","18,12","30","99","385,0,603"
"0/1","11,10","21","99","342,0,381"
"0/1","10,11","21","99","394,0,301"
"0/1","17,16","33","99","482,0,518"
"0/1","7,13","20","99","456,0,212"
"0/1","16,17","34","99","520,0,524"
"0/0","27,0","27","81","0,81,1062"
"0/1","9,21","30","99","730,0,272"
"0/1","13,14","27","99","443,0,445"
"0/1","15,22","37","99","601,0,485"
"0/1","13,17","30","99","531,0,428"
"0/1","16,10","26","99","296,0,470"
"0/1","11,14","25","99","390,0,365"
"0/1","9,8","17","99","265,0,307"
"0/1","24,18","42","99","589,0,718"
"0/1","17,14","31","99","430,0,539"
"0/1","18,14","32","99","426,0,589"
"0/1","9,17","26","99","545,0,239"
"0/1","28,4","32","54","54,0,797"
"0/1","34,5","39","60","60,0,962"
"0/1","14,15","29","99","454,0,335"
"0/1","14,16","30","99","547,0,473"
"0/1","21,8","29","99","236,0,735"
"0/1","14,15","29","99","485,0,459"
"0/1","14,20","34","99","691,0,441"
"0/1","6,17","23","99","575,0,177"
"0/1","19,17","36","99","552,0,660"
"0/1","17,12","31","99","395,0,558"
"1/2","0,16,12","28","99","965,443,400,522,0,486"
"0/1","8,11","19","99","317,0,271"
"0/1","9,7","16","99","201,0,273"
"0/1","9,9","18","99","276,0,300"
"0/1","13,13","26","99","395,0,351"
"0/1","16,20","36","99","700,0,475"
"0/1","18,16","34","99","539,0,577"
"0/1","14,18","32","99","630,0,424"
"0/1","13,22","35","99","661,0,375"
"0/1","9,19","28","99","649,0,225"
"0/1","13,15","28","99","456,0,442"
"0/1","17,10","27","99","323,0,585"
"0/1","11,8","19","99","272,0,390"
"0/1","13,14","27","99","461,0,446"
"0/1","15,12","27","99","405,0,462"
"0/1","10,12","22","99","384,0,341"
"0/1","11,19","30","99","674,0,320"
"0/1","8,15","23","99","461,0,253"
"0/1","12,16","28","99","550,0,366"
"0/1","15,12","27","99","378,0,450"
"0/1","12,13","25","99","459,0,408"
"0/1","9,11","20","99","384,0,302"
"0/1","9,15","24","99","490,0,293"
"0/1","10,13","23","99","458,0,341"
"0/1","18,11","29","99","321,0,599"
"0/1","18,9","27","99","228,0,590"
"0/1","12,14","26","99","474,0,395"
"0/1","14,14","28","99","415,0,458"
"0/1","13,9","22","99","261,0,391"
"0/1","12,11","23","99","349,0,349"
"0/1","12,11","23","99","370,0,395"
"0/1","16,6","22","99","182,0,517"
"0/1","6,17","23","99","517,0,185"
"0/1","7,10","17","99","355,0,236"
"0/1","10,11","21","99","347,0,342"
"0/1","4,11","15","99","409,0,118"
"0/1","10,13","23","99","465,0,304"
"0/1","10,12","22","99","420,0,301"
"0/1","13,12","25","99","415,0,458"
"0/1","13,14","27","99","426,0,438"
"0/1","10,21","31","99","708,0,244"
"0/1","15,16","31","99","548,0,465"
"0/1","12,12","24","99","413,0,383"
"0/1","15,9","24","99","230,0,517"
"0/1","7,14","21","99","504,0,212"
"0/1","9,12","21","99","421,0,293"
"0/1","20,11","31","99","280,0,690"
"0/1","23,26","49","99","796,0,694"
"0/1","22,22","44","99","737,0,676"
"0/1","20,12","32","99","389,0,673"
"0/1","20,10","30","99","323,0,665"
"0/1","21,13","34","99","383,0,697"
"0/1","14,17","31","99","495,0,390"
"0/1","14,21","35","99","520,0,356"
"0/1","15,14","29","99","428,0,431"
"0/1","13,15","28","99","482,0,202"
"0/1","12,13","25","99","429,0,355"
"0/1","11,13","24","99","391,0,362"
"0/1","13,13","26","99","348,0,378"
"0/1","14,14","28","99","434,0,456"
"0/1","18,22","40","99","730,0,603"
"0/1","21,22","43","99","718,0,617"
"0/1","13,17","30","99","565,0,412"
"0/1","5,18","23","99","597,0,134"
"0/1","14,15","29","99","426,0,443"
"0/1","19,12","31","99","370,0,633"
"0/1","18,12","30","99","368,0,581"
"0/1","15,14","29","99","443,0,430"
"0/1","11,14","25","99","455,0,211"
"0/1","14,9","23","99","279,0,426"
"0/1","14,12","26","99","376,0,436"
"0/1","19,8","29","99","244,0,367"
"0/1","36,22","58","99","530,0,755"
"0/1","48,10","60","99","150,0,1178"
"0/1","47,16","63","99","425,0,1001"
"0/1","69,16","85","99","281,0,1132"
"0/1","11,10","21","99","131,0,308"
"0/1","16,9","25","99","297,0,326"
"0/1","9,9","18","99","311,0,266"
"0/0","19,2","21","57","0,57,758"
"0/1","13,12","25","99","371,0,395"
"0/1","7,11","18","99","383,0,221"
"0/1","15,11","26","99","370,0,471"
"0/1","22,12","34","99","347,0,411"
"0/1","10,6","16","99","154,0,298"
"0/1","8,11","19","99","322,0,223"
"0/1","2,9","11","55","248,0,55"
"0/1","7,7","14","99","169,0,241"
"0/1","9,9","18","99","280,0,276"
"0/1","8,10","18","99","356,0,278"
"0/1","10,11","21","99","376,0,275"
"0/1","9,6","15","99","167,0,316"
"0/1","9,9","18","99","260,0,300"
"0/1","5,14","19","99","404,0,152"
"0/1","9,8","17","99","279,0,282"
"0/1","11,13","24","99","437,0,298"
"0/1","11,8","19","99","263,0,352"
"0/1","10,8","18","99","261,0,200"
"0/1","9,7","16","99","231,0,316"
"0/1","8,8","16","99","279,0,242"
"0/1","10,9","19","99","312,0,352"
"0/1","6,7","13","99","238,0,201"
"0/1","7,8","15","99","283,0,160"
"0/1","12,10","22","99","287,0,420"
"0/1","7,14","21","99","487,0,226"
"0/1","8,11","19","99","306,0,266"
"0/1","12,9","21","99","275,0,421"
"0/1","13,9","22","99","267,0,412"
"0/1","11,9","20","99","279,0,316"
"0/1","10,16","26","99","519,0,320"
"0/1","17,13","30","99","391,0,552"
"0/1","17,16","33","99","537,0,590"
"0/1","10,11","21","99","350,0,347"
"0/1","9,18","28","99","624,0,285"
"0/1","14,17","31","99","507,0,477"
"0/1","9,13","22","99","451,0,299"
"0/1","15,19","34","99","570,0,469"
"0/1","24,16","40","99","449,0,703"
"0/1","9,9","18","99","302,0,310"
"0/1","11,10","21","99","333,0,381"
"0/0","39,1","40","68","0,68,1274"
"0/1","13,20","33","99","672,0,435"
"0/1","29,14","43","99","339,0,823"
"0/1","56,15","71","99","381,0,1934"
"0/1","38,29","67","99","909,0,1244"
"0/1","34,27","61","99","896,0,1141"
"0/0","69,0","69","99","0,199,2601"
"0/1","15,15","30","99","457,0,430"
"0/1","12,13","25","99","381,0,425"
"0/1","20,19","39","99","614,0,606"
"0/1","13,23","36","99","789,0,419"
"0/0","25,0","25","72","0,72,959"
"0/1","21,13","34","99","404,0,684"
"0/1","19,3","23","44","44,0,300"
"0/1","11,3","14","31","34,0,31"
"1/1","0,21","21","63","846,63,0"
"0/1","15,2","17","52","52,0,289"
"0/0","7,0","8","15","0,15,165"
"0/1","10,11","21","99","345,0,307"
"0/1","11,10","21","99","335,0,366"
"0/1","7,15","22","99","522,0,218"
"0/1","9,9","18","99","310,0,312"
"0/1","9,9","18","99","313,0,312"
"0/1","14,10","24","99","340,0,411"
"0/1","21,17","38","99","570,0,694"
"0/1","13,9","22","99","263,0,391"
"0/1","10,10","20","99","316,0,282"
"0/1","13,9","22","99","297,0,455"
"0/1","11,9","20","99","306,0,355"
"0/1","14,8","22","99","218,0,481"
"0/1","11,14","25","99","380,0,386"
"0/1","13,10","23","99","303,0,468"
"0/1","18,12","30","99","391,0,609"
"0/1","13,9","22","99","252,0,425"
"0/1","14,10","24","99","314,0,474"
"0/1","11,13","24","99","460,0,304"
"0/1","9,18","27","99","648,0,248"
"0/1","12,12","24","99","408,0,409"
"0/1","17,7","24","99","213,0,591"
"0/1","11,3","17","62","62,0,120"
"0/1","9,7","16","99","198,0,318"
"0/1","11,8","19","99","265,0,376"
"0/1","13,8","21","99","230,0,430"
"0/1","11,10","21","99","331,0,365"
"0/1","21,18","39","99","452,0,624"
"0/1","16,22","38","99","762,0,454"
"0/1","18,14","32","99","444,0,633"
"0/1","22,9","31","99","165,0,493"
"0/1","12,13","25","99","440,0,405"
"0/1","13,13","26","99","365,0,336"
"0/1","20,5","26","93","93,0,155"
"0/1","7,10","17","99","339,0,214"
"0/1","8,14","22","99","449,0,201"
"0/1","13,21","34","99","702,0,425"
"0/1","15,20","35","99","709,0,507"
"0/1","13,9","22","99","293,0,460"
"0/1","6,11","17","99","336,0,182"
"0/0","24,0","24","69","0,69,934"
"0/1","13,18","31","99","542,0,354"
"0/1","18,7","25","99","201,0,578"
"0/1","7,16","23","99","575,0,171"
"0/1","17,16","33","99","493,0,593"
"0/1","12,20","32","99","659,0,339"
"0/1","14,16","30","99","540,0,402"
"0/1","12,12","24","99","420,0,378"
"0/1","8,10","18","99","327,0,269"
"0/0","20,0","20","57","0,57,764"
"0/1","8,12","20","99","434,0,233"
"0/1","13,10","23","99","349,0,375"
"0/1","14,9","23","99","227,0,504"
"0/1","8,15","23","99","510,0,249"
"0/1","13,9","22","99","282,0,440"
"0/1","10,8","18","99","229,0,353"
"0/1","11,7","18","99","232,0,359"
"0/1","10,9","19","99","250,0,316"
"0/1","12,8","20","99","264,0,387"
"0/1","10,6","16","99","196,0,349"
"0/1","11,7","18","99","223,0,384"
"0/1","15,16","31","99","509,0,492"
"0/1","15,16","31","99","491,0,459"
"0/1","6,20","26","99","702,0,153"
"0/1","21,16","37","99","487,0,725"
"0/0","16,0","16","42","0,42,564"
"0/1","12,6","18","99","191,0,443"
"0/1","7,6","13","99","208,0,240"
"0/1","20,17","37","99","507,0,691"
"1/1","2,38","40","99","1319,99,0"
"0/1","8,11","19","99","352,0,229"
"0/1","10,19","29","99","548,0,269"
"0/1","8,8","16","99","244,0,276"
"0/1","8,7","15","99","244,0,284"
"0/1","15,13","28","99","372,0,501"
"0/1","9,14","23","99","495,0,302"
"0/1","10,13","23","99","418,0,343"
"0/1","19,20","39","99","592,0,575"
"0/0","27,0","28","78","0,78,981"
"0/1","16,14","30","99","378,0,474"
"0/1","14,13","27","99","437,0,471"
"0/1","12,10","22","99","310,0,359"
"0/1","16,3","19","83","83,0,281"
"0/1","17,24","41","99","811,0,513"
"0/0","29,0","29","66","0,66,872"
"0/0","29,0","30","66","0,66,866"
"0/1","27,5","32","43","43,0,753"
"0/1","13,11","24","99","319,0,397"
"0/1","6,13","19","99","453,0,148"
"0/1","11,9","20","99","262,0,384"
"0/1","13,13","26","99","428,0,446"
"0/1","13,6","19","99","190,0,433"
"0/1","20,17","37","99","473,0,703"
"0/1","15,19","34","99","639,0,430"
"0/1","13,9","22","99","251,0,453"
"0/1","13,9","22","99","295,0,453"
"0/1","6,16","22","99","553,0,173"
"0/1","13,12","25","99","352,0,420"
"0/1","7,17","24","99","538,0,206"
"0/1","10,5","16","99","108,0,351"
"0/1","9,6","16","99","192,0,309"
"0/0","10,1","11","18","0,18,225"
"0/0","17,0","17","51","0,51,677"
"0/1","8,13","21","99","458,0,257"
"0/1","5,5","10","99","105,0,99"
"0/1","11,8","20","99","223,0,302"
"1/1","4,35","39","34","1207,34,0"
"0/1","6,6","12","55","135,0,55"
"0/1","7,5","12","87","101,0,87"
"0/1","8,9","18","99","267,0,262"
"0/1","18,11","29","99","361,0,554"
"0/1","10,21","31","99","588,0,285"
"0/1","8,13","21","99","433,0,233"
"0/1","14,17","31","99","548,0,480"
"0/1","5,3","8","99","99,0,178"
"0/1","7,9","16","99","280,0,225"
"0/1","15,7","22","99","213,0,530"
"0/1","15,11","26","99","368,0,497"
"0/1","7,10","17","99","359,0,182"
"0/0","30,0","30","63","0,63,842"
"0/0","30,0","30","69","0,69,920"
"0/0","31,0","31","66","0,66,883"
"0/1","12,9","21","99","288,0,429"
"0/1","3,33","36","21","975,0,21"
"0/1","12,18","30","99","611,0,399"
"0/1","9,13","22","99","422,0,294"
"0/1","17,14","31","99","422,0,509"
"0/1","14,11","25","99","372,0,453"
"0/1","18,10","29","79","79,0,388"
"0/1","19,9","29","99","136,0,345"
"0/1","19,11","30","64","64,0,417"
"0/1","8,18","27","99","501,0,162"
"0/1","13,11","24","99","323,0,354"
"0/1","11,16","27","99","491,0,375"
"0/1","8,6","14","99","203,0,118"
"0/1","29,16","45","99","423,0,957"
"0/1","18,16","34","99","495,0,580"
"0/1","13,10","23","99","334,0,455"
"0/1","24,10","36","99","120,0,744"
"0/1","4,22","26","53","683,0,53"
"0/1","22,12","34","99","334,0,666"
"0/1","17,11","28","99","319,0,483"
"0/0","35,0","35","93","0,93,1206"
"0/0","35,0","35","90","0,90,1144"
"0/0","34,0","34","84","0,84,1055"
"0/0","18,0","18","51","0,51,606"
"0/0","18,0","18","51","0,51,659"
"0/0","16,0","16","45","0,45,559"
"0/0","15,0","15","45","0,45,564"
"0/0","14,0","14","39","0,39,507"
"0/0","15,0","15","45","0,45,543"
"0/0","13,0","13","36","0,36,476"
"0/0","14,0","14","36","0,36,464"
"0/0","14,0","14","39","0,39,499"
"0/0","13,0","13","33","0,33,419"
"0/0","33,0","33","81","0,81,1021"
"0/1","18,17","35","99","516,0,556"
"0/1","19,17","36","99","553,0,640"
"0/0","29,0","29","81","0,81,1060"
"0/1","6,5","11","99","170,0,165"
"0/1","6,4","10","99","133,0,196"
"0/0","6,0","6","18","0,18,239"
"0/1","5,4","9","99","133,0,172"
"0/1","11,9","20","99","272,0,350"
"0/1","7,6","13","99","208,0,238"
"0/1","8,3","11","85","85,0,263"
"0/1","16,7","23","99","227,0,479"
"0/1","8,5","13","99","155,0,265"
"0/1","9,11","20","99","379,0,303"
"0/1","9,10","19","99","345,0,312"
"0/1","11,10","21","99","297,0,370"
"0/1","11,12","23","99","414,0,367"
"0/1","14,9","23","99","267,0,464"
"0/1","4,16","20","99","596,0,103"
"0/1","9,7","16","99","222,0,303"
"0/1","8,10","18","99","319,0,267"
"0/1","7,14","21","99","462,0,222"
"0/1","7,9","16","99","325,0,203"
"0/1","12,13","25","99","417,0,417"
"0/1","9,14","23","99","436,0,226"
"0/1","5,13","18","90","375,0,90"
"0/1","6,4","10","62","62,0,170"
"0/1","23,16","39","99","450,0,723"
"0/1","16,16","32","99","488,0,460"
"0/1","17,20","37","99","627,0,483"
"0/1","15,19","34","99","604,0,453"
"0/1","15,11","26","99","263,0,471"
"0/1","16,3","19","41","41,0,234"
"0/0","23,0","23","33","0,33,404"
"0/1","18,4","22","58","58,0,187"
"0/1","16,23","39","99","637,0,419"
"0/1","10,16","26","99","550,0,280"
"0/1","15,14","29","99","420,0,494"
"1/1","0,12","12","36","472,36,0"
"0/1","7,14","21","99","506,0,183"
"1/1","0,24","24","72","925,72,0"
"0/1","30,7","39","71","71,0,689"
"0/1","33,10","44","99","123,0,621"
"0/1","17,14","31","99","407,0,598"
"1/1","0,32","32","93","1211,93,0"
"0/1","12,7","19","99","222,0,385"
"0/1","34,8","42","66","66,0,853"
"0/1","14,13","27","99","354,0,453"
"0/1","28,6","34","75","75,0,930"
"0/1","21,16","37","99","519,0,471"
"0/1","9,15","24","99","519,0,290"
"0/1","9,4","13","99","124,0,323"
"0/1","18,26","44","99","894,0,527"
"0/1","18,80","98","99","2639,0,317"
"0/0","26,0","26","72","0,72,949"
"0/1","10,10","20","99","313,0,313"
"0/1","22,13","40","99","233,0,497"
"0/0","41,3","44","46","0,46,1496"
"0/1","34,11","45","99","271,0,900"
"0/0","30,0","30","84","0,84,1120"
"0/1","19,17","36","99","538,0,498"
"0/1","16,11","27","99","366,0,536"
"0/1","18,17","35","99","494,0,602"
"0/1","31,22","53","99","694,0,1007"
"0/1","26,19","45","99","563,0,755"
"0/1","17,13","31","99","404,0,516"
"0/1","13,16","29","99","542,0,436"
"0/1","19,18","37","99","572,0,580"
"0/1","18,17","35","99","501,0,507"
"0/1","8,9","17","99","289,0,197"
"0/1","22,23","45","99","728,0,623"
"1/1","0,19","19","54","731,54,0"
"1/1","0,19","19","54","724,54,0"
"0/1","10,4","14","99","126,0,322"
"0/1","3,6","9","28","68,0,28"
"0/1","15,15","30","99","459,0,476"
"0/1","14,27","41","99","957,0,401"
"0/1","30,5","35","98","98,0,1013"
"0/1","7,12","19","99","367,0,231"
"0/1","10,17","27","99","554,0,319"
"0/1","15,13","28","99","440,0,525"
"0/1","21,21","42","99","630,0,717"
"0/1","16,13","29","99","424,0,567"
"0/1","12,16","28","99","495,0,403"
"0/1","19,14","33","99","472,0,662"
"0/1","23,20","43","99","581,0,791"
"0/1","25,8","33","99","179,0,894"
"0/1","24,8","32","99","179,0,840"
"0/1","38,8","46","99","143,0,1294"
"0/1","9,14","23","99","500,0,263"
"0/1","20,18","38","99","582,0,567"
"0/1","14,15","29","99","430,0,433"
"0/1","14,16","30","99","561,0,471"
"0/1","12,15","27","99","482,0,391"
"0/1","21,13","34","99","423,0,602"
"0/1","17,10","27","99","307,0,557"
"0/1","15,7","22","99","226,0,509"
"0/1","9,8","18","99","191,0,269"
"0/1","11,6","18","99","187,0,321"
"0/1","16,17","33","99","603,0,455"
"0/1","19,18","37","99","502,0,579"
"0/1","13,17","30","99","594,0,398"
"0/1","16,11","27","99","319,0,528"
"0/1","32,4","36","21","21,0,1108"
"0/1","33,4","37","22","22,0,1096"
"0/1","21,8","29","99","170,0,738"
"0/1","7,12","19","99","414,0,220"
"0/1","7,14","21","99","468,0,183"
"0/1","18,11","29","99","362,0,524"
"0/1","22,12","34","99","373,0,646"
"0/1","37,5","42","31","31,0,1227"
"0/1","40,13","53","99","216,0,1253"
"0/1","47,10","57","99","100,0,1354"
"0/1","45,9","54","81","81,0,1302"
"0/1","46,9","55","76","76,0,1345"
"0/1","16,21","37","99","730,0,431"
"0/0","22,0","22","39","0,39,496"
"0/1","14,12","26","99","377,0,476"
"0/0","9,0","11","15","0,15,183"
"0/0","12,0","14","21","0,21,252"
"0/1","15,18","33","99","562,0,505"
"0/1","17,11","28","99","310,0,552"
"0/1","20,14","34","99","366,0,563"
"0/1","9,16","25","99","464,0,255"
"0/1","11,12","23","99","376,0,384"
"0/1","8,6","14","99","169,0,282"
"1/1","0,14","14","39","535,39,0"
"0/1","6,7","13","99","238,0,204"
"0/1","9,8","17","99","229,0,314"
"0/1","19,15","34","99","512,0,622"
"0/1","33,15","48","99","410,0,1106"
"0/1","16,29","45","99","920,0,511"
"0/1","23,15","38","99","372,0,810"
"0/1","25,11","36","99","295,0,844"
"0/1","15,14","29","99","471,0,516"
"0/1","17,14","31","99","454,0,559"
"0/1","21,12","33","99","375,0,715"
"0/1","14,14","28","99","114,0,365"
"0/1","21,9","30","99","253,0,728"
"0/1","16,22","38","99","692,0,472"
"0/1","14,24","38","99","611,0,435"
"0/1","19,14","34","99","385,0,637"
"0/1","13,7","20","99","218,0,380"
"0/1","22,21","43","99","704,0,683"
"0/1","14,12","26","99","352,0,435"
"0/1","14,10","25","99","275,0,475"
"0/1","15,10","25","99","321,0,518"
"0/1","15,16","31","99","519,0,466"
"0/1","8,22","30","99","601,0,229"
"0/1","5,13","18","99","428,0,151"
"0/1","13,13","26","99","294,0,379"
"0/1","1,6","8","22","97,0,22"
"0/1","2,7","9","52","88,0,52"
"0/0","25,0","25","72","0,72,967"
"0/1","15,10","25","99","293,0,455"
"0/1","3,25","28","51","690,0,51"
"0/1","8,19","27","99","645,0,215"
"0/1","7,5","12","99","169,0,210"
"0/1","11,12","23","99","418,0,346"
"0/1","16,15","31","99","482,0,468"
"0/1","9,11","20","99","392,0,312"
"0/1","12,13","25","99","411,0,412"
"0/1","9,8","17","99","253,0,263"
"0/1","9,15","24","99","545,0,260"
"0/1","13,15","28","99","520,0,445"
"0/1","9,11","20","99","390,0,268"
"0/1","18,19","37","99","637,0,525"
"0/1","12,15","27","99","450,0,327"
"0/1","6,9","15","99","307,0,191"
"0/1","10,8","18","99","268,0,352"
"0/1","18,20","38","99","599,0,569"
"0/1","10,11","21","99","343,0,328"
"0/1","14,11","25","99","304,0,372"
"0/0","11,0","11","30","0,30,408"
"0/1","8,5","13","68","113,0,68"
"0/1","15,10","25","99","243,0,440"
"0/1","14,15","29","99","465,0,415"
"0/1","11,15","26","99","430,0,315"
"0/1","10,19","29","99","646,0,281"
"0/1","21,22","43","99","681,0,651"
"0/1","20,18","38","99","592,0,584"
"0/1","12,17","29","99","556,0,330"
"0/1","10,12","22","99","342,0,293"
"0/1","17,19","36","99","532,0,518"
"0/1","29,7","36","81","81,0,976"
"0/1","31,10","41","99","114,0,1055"
"0/1","19,14","33","99","416,0,447"
"0/1","13,18","31","99","506,0,348"
"0/1","39,18","57","99","526,0,1218"
"0/1","22,12","34","99","309,0,633"
"0/1","20,11","31","99","134,0,660"
"0/1","22,10","32","99","307,0,503"
"0/1","21,11","32","99","342,0,534"
"0/1","7,19","26","99","604,0,192"
"0/1","17,9","26","99","194,0,573"
"0/1","13,18","31","99","356,0,314"
"0/1","29,28","57","99","910,0,880"
"0/1","37,11","48","99","304,0,1300"
"0/1","42,40","82","99","1264,0,1344"
"0/1","21,24","45","99","771,0,707"
"0/1","23,20","43","99","615,0,734"
"0/1","22,22","44","99","701,0,723"
"0/1","31,39","70","99","1096,0,978"
"0/1","40,21","61","99","420,0,746"
"0/1","35,13","48","99","341,0,1052"
"0/1","30,35","65","99","1070,0,661"
"0/1","29,18","47","99","591,0,934"
"0/1","12,13","26","99","406,0,370"
"0/1","7,9","16","99","303,0,223"
"0/1","14,13","27","99","436,0,473"
"0/1","17,12","29","99","365,0,603"
"0/1","11,8","19","99","236,0,393"
"0/1","11,12","23","99","303,0,382"
"0/0","15,0","15","42","0,42,566"
"0/0","14,0","14","42","0,42,548"
"0/0","16,0","16","45","0,45,565"
"0/0","15,0","15","42","0,42,536"
"0/0","15,0","15","42","0,42,561"
"0/0","16,0","16","48","0,48,640"
"0/0","21,0","21","63","0,63,863"
"0/0","21,0","21","63","0,63,857"
"0/1","12,11","23","99","383,0,411"
"0/1","8,8","16","99","237,0,281"
"0/1","17,12","29","99","387,0,583"
"0/0","44,0","46","99","0,114,1493"
"0/0","44,0","45","99","0,117,1535"
"0/0","43,0","44","99","0,117,1533"
"0/0","43,0","44","99","0,117,1529"
"0/0","42,0","43","99","0,111,1443"
"0/0","44,0","45","99","0,111,1387"
"0/0","45,0","45","99","0,120,1542"
"0/1","14,25","39","99","831,0,399"
"0/1","22,25","47","99","679,0,696"
"0/0","15,5","21","42","0,42,557"
"0/1","26,4","30","69","69,0,618"
"0/1","28,4","32","42","42,0,788"
"0/1","22,4","26","96","96,0,594"
"0/1","15,16","32","99","397,0,354"
"0/1","14,12","26","99","388,0,468"
"0/1","18,21","39","99","512,0,486"
"0/1","17,16","33","99","533,0,569"
"0/1","9,11","20","99","378,0,271"
"0/1","8,10","18","99","358,0,273"
"0/1","21,17","38","99","543,0,677"
"0/1","12,14","26","99","434,0,393"
"0/1","16,17","33","99","541,0,436"
"0/1","9,22","31","99","710,0,256"
"1/1","3,33","36","19","989,19,0"
"0/1","19,18","38","99","539,0,571"
"0/1","8,7","15","99","235,0,240"
"0/1","12,13","25","99","375,0,408"
"0/1","12,26","38","99","792,0,322"
"0/1","10,11","21","99","373,0,306"
"0/1","15,19","34","99","513,0,461"
"0/1","14,8","22","99","269,0,476"
"0/1","4,6","11","94","94,0,120"
"0/0","30,1","31","46","0,46,1091"
"0/1","14,18","32","99","567,0,458"
"0/1","19,22","41","99","648,0,556"
"0/1","13,9","22","99","292,0,436"
"0/1","15,16","32","99","543,0,475"
"0/1","13,8","21","99","265,0,386"
"0/1","11,9","20","99","307,0,332"
"0/1","6,14","20","99","506,0,100"
"0/1","10,12","22","99","389,0,334"
"0/1","6,5","11","99","126,0,175"
"0/1","15,12","27","99","411,0,530"
"0/1","16,13","29","99","430,0,508"
"0/1","11,14","25","99","484,0,328"
"0/1","14,15","31","99","441,0,356"
"0/1","29,10","39","99","120,0,477"
"0/1","15,14","30","99","403,0,419"
"0/1","17,14","31","99","387,0,582"
"0/1","14,13","27","99","379,0,433"
"0/1","19,15","34","99","499,0,658"
"0/1","21,8","29","99","194,0,717"
"0/1","13,14","28","99","433,0,328"
"0/1","11,17","28","99","532,0,315"
"0/1","11,17","28","99","596,0,319"
"0/1","14,12","26","99","195,0,317"
"1/1","0,34","35","90","1163,90,0"
"0/0","31,0","31","90","0,90,1144"
"0/1","10,11","21","99","383,0,301"
"0/1","9,7","16","99","239,0,306"
"0/1","13,9","22","99","282,0,458"
"0/1","15,10","25","99","335,0,383"
"0/1","11,8","19","99","264,0,355"
"0/1","7,8","15","99","279,0,227"
"0/1","10,15","25","99","399,0,291"
"0/1","14,12","26","99","389,0,451"
"0/1","8,10","18","99","238,0,240"
"0/1","15,10","25","99","291,0,369"
"0/1","18,9","27","99","280,0,554"
"0/1","13,19","32","99","571,0,434"
"0/1","7,17","24","99","477,0,230"
"0/1","12,6","18","99","158,0,354"
"0/1","17,16","33","99","451,0,535"
"0/1","21,21","42","99","619,0,655"
"0/1","20,21","41","99","671,0,588"
"0/1","19,17","36","99","573,0,639"
"0/1","12,10","22","99","343,0,430"
"0/1","14,14","28","99","431,0,459"
"0/1","8,10","18","99","306,0,266"
"0/1","8,8","16","99","200,0,129"
"0/1","3,12","15","80","446,0,80"
"0/1","9,13","22","99","428,0,291"
"0/1","21,8","30","99","239,0,721"
"0/1","29,13","42","99","399,0,1014"
"0/1","38,18","57","99","512,0,1167"
"0/1","25,17","42","99","489,0,854"
"0/1","29,8","37","99","183,0,1019"
"0/1","32,22","54","99","703,0,1024"
"0/1","11,13","24","99","356,0,289"
"0/1","20,16","36","99","544,0,579"
"0/1","14,13","27","99","407,0,462"
"0/1","23,15","38","99","440,0,661"
"0/1","20,18","38","99","547,0,626"
"0/0","18,1","19","51","0,51,634"
"0/1","29,15","44","99","482,0,964"
"0/1","23,16","39","99","423,0,742"
"0/1","17,17","34","99","501,0,513"
"0/1","19,15","34","99","499,0,594"
"0/1","22,22","44","99","729,0,680"
"0/0","33,0","33","78","0,78,949"
"0/1","22,20","42","99","658,0,594"
"0/1","11,15","26","99","491,0,366"
"0/1","18,18","38","99","500,0,580"
"0/1","22,14","36","99","388,0,710"
"0/1","13,17","30","99","593,0,422"
"0/1","20,12","32","99","372,0,570"
"0/1","14,22","36","99","668,0,445"
"0/1","22,18","40","99","579,0,658"
"0/1","20,19","39","99","595,0,563"
"0/1","13,12","25","99","350,0,337"
"0/1","11,11","22","99","369,0,336"
"0/1","10,12","22","99","404,0,283"
"0/1","16,9","25","99","264,0,515"
"0/1","14,15","29","99","468,0,459"
"1/1","0,32","32","90","1202,90,0"
"0/1","9,16","25","99","536,0,248"
"0/1","24,10","34","99","221,0,346"
"1/1","2,17","19","45","555,45,0"
"0/1","9,15","24","99","350,0,236"
"0/1","21,8","29","99","233,0,744"
"0/1","10,19","29","99","608,0,281"
"0/1","13,10","23","99","264,0,403"
"0/1","11,12","23","99","381,0,257"
"0/1","37,12","49","99","302,0,1255"
"0/1","47,27","74","99","700,0,1540"
"0/1","49,24","73","99","623,0,1582"
"0/1","40,16","56","99","430,0,1424"
"0/1","52,9","61","99","117,0,1804"
"0/1","22,36","58","99","720,0,349"
"1/1","2,26","28","75","975,75,0"
"1/1","0,32","32","93","1210,93,0"
"0/1","8,12","20","99","419,0,269"
"0/1","7,12","19","99","375,0,191"
"0/0","17,0","17","48","0,48,503"
"0/1","27,21","48","99","626,0,862"
"0/1","11,10","21","99","305,0,387"
"0/1","11,16","27","99","528,0,315"
"0/1","8,24","32","99","863,0,110"
"0/1","5,33","38","51","1131,0,51"
"0/1","30,14","44","99","412,0,977"
"0/0","38,0","38","99","0,108,1374"
"0/1","25,5","30","84","84,0,845"
"0/1","40,18","58","99","362,0,1201"
"0/1","42,17","59","99","317,0,1238"
"0/1","47,11","58","99","183,0,1426"
"0/1","11,37","48","99","1255,0,187"
"0/1","33,8","41","99","141,0,1002"
"0/1","41,12","54","99","243,0,1304"
"0/0","58,0","58","99","0,166,2159"
"0/1","18,16","34","99","503,0,543"
"0/1","29,18","47","99","535,0,872"
"0/1","10,12","22","99","397,0,328"
"0/1","7,14","21","99","412,0,217"
"0/1","12,21","33","99","717,0,388"
"1/1","0,32","32","90","1215,90,0"
"0/1","13,6","19","99","180,0,459"
"0/1","7,14","21","99","483,0,214"
"1/1","0,31","31","90","1186,90,0"
"0/1","14,18","32","99","541,0,439"
"0/1","24,21","45","99","629,0,542"
"0/1","34,17","51","99","179,0,853"
"0/1","17,32","49","99","786,0,182"
"0/1","12,15","28","99","438,0,322"
"0/1","12,13","25","99","403,0,307"
"0/1","7,21","28","99","748,0,191"
"0/1","15,18","33","99","602,0,415"
"0/1","10,6","16","99","158,0,234"
"0/1","12,19","31","99","487,0,341"
"0/1","13,8","21","99","267,0,433"
"0/1","33,14","47","99","232,0,1005"
"0/1","33,21","54","99","396,0,949"
"0/0","17,3","20","25","0,25,616"
"0/1","10,6","16","99","198,0,261"
"0/1","10,6","19","84","84,0,285"
"0/1","21,2","23","3","3,0,546"
"0/1","9,11","20","99","245,0,310"
"0/1","13,18","31","99","602,0,388"
"0/1","13,16","29","99","536,0,372"
"0/1","8,16","24","99","587,0,219"
"0/1","13,17","30","99","600,0,431"
"0/1","16,25","41","99","786,0,522"
"0/1","11,18","29","99","575,0,358"
"0/1","10,18","28","99","543,0,312"
"0/1","12,8","20","99","255,0,429"
"0/1","11,12","23","99","415,0,340"
"0/1","12,20","32","99","583,0,347"
"0/1","15,17","32","99","517,0,466"
"0/1","15,18","33","99","564,0,471"
"0/1","14,15","29","99","465,0,487"
"0/1","11,13","24","99","405,0,368"
"0/1","12,19","31","99","587,0,377"
"0/1","17,14","31","99","429,0,555"
"0/1","16,14","30","99","473,0,530"
"0/1","16,3","19","69","69,0,516"
"0/1","19,10","29","99","283,0,608"
"0/1","24,9","33","99","209,0,750"
"0/1","27,9","36","99","215,0,855"
"0/1","16,12","28","99","400,0,555"
"0/1","11,14","25","99","479,0,379"
"0/1","10,18","28","99","656,0,323"
"0/1","7,14","21","99","388,0,236"
"0/1","28,16","44","99","409,0,612"
"0/1","9,8","17","99","247,0,281"
"0/1","9,8","17","99","271,0,224"
"0/1","6,12","18","99","426,0,188"
"0/1","9,9","18","99","301,0,305"
"0/1","21,17","38","99","565,0,699"
"0/1","7,14","22","99","484,0,224"
"0/1","10,12","22","99","358,0,297"
"0/1","14,17","31","99","509,0,460"
"0/1","18,7","25","99","213,0,610"
"0/1","11,13","24","99","411,0,344"
"0/1","10,21","31","99","687,0,298"
"0/1","11,17","28","99","526,0,352"
"0/1","15,19","34","99","599,0,499"
"1/1","3,23","26","4","863,4,0"
"0/1","9,9","18","99","312,0,313"
"0/1","20,11","31","99","362,0,637"
"0/1","6,10","16","99","352,0,191"
"0/1","8,6","14","99","206,0,241"
"0/1","7,10","17","99","324,0,200"
"0/1","9,5","14","99","158,0,285"
"0/1","10,8","18","99","253,0,350"
"0/1","15,10","25","99","338,0,483"
"0/1","19,11","30","99","322,0,652"
"0/1","18,10","28","99","297,0,557"
"0/1","36,16","52","99","459,0,1288"
"0/1","23,20","43","99","585,0,744"
"0/1","14,12","26","99","383,0,442"
"0/1","28,18","46","99","523,0,846"
"0/1","15,12","27","99","366,0,517"
"0/1","11,13","24","99","384,0,378"
"0/1","13,15","28","99","445,0,407"
"0/1","10,14","24","99","452,0,332"
"0/1","8,11","19","99","290,0,237"
"0/1","16,20","36","99","626,0,519"
"0/1","19,22","41","99","692,0,653"
"0/1","16,19","36","99","533,0,413"
"0/1","17,25","42","99","798,0,541"
"0/1","7,13","20","99","472,0,226"
"0/1","17,12","29","99","360,0,580"
"0/1","14,11","25","99","370,0,461"
"0/1","10,11","21","99","374,0,304"
"0/1","7,9","16","99","308,0,234"
"0/1","11,13","24","99","443,0,262"
"0/1","31,18","49","99","461,0,519"
"0/1","34,10","45","99","233,0,1197"
"0/1","31,8","40","99","192,0,863"
"0/0","26,2","28","12","0,12,976"
"0/0","25,0","25","72","0,72,975"
"0/0","29,0","29","87","0,87,1183"
"0/0","29,0","29","87","0,87,1167"
"0/0","24,0","24","72","0,72,960"
"0/0","22,0","22","66","0,66,883"
"0/1","13,13","26","99","447,0,445"
"0/1","19,2","21","23","23,0,674"
"0/1","15,4","19","69","69,0,547"
"0/1","16,9","25","99","258,0,569"
"0/1","15,18","33","99","523,0,496"
"0/1","12,16","28","99","481,0,284"
"0/1","5,46","51","22","1213,0,22"
"0/1","15,6","21","99","177,0,536"
"0/1","15,7","22","99","212,0,505"
"0/1","21,18","39","99","508,0,620"
"0/1","26,8","35","65","65,0,900"
"0/1","9,19","28","99","632,0,244"
"0/1","11,8","19","99","231,0,398"
"0/1","15,17","32","99","532,0,434"
"0/1","11,7","18","99","233,0,387"
"0/1","9,7","16","99","235,0,284"
"0/1","25,9","34","99","212,0,773"
"0/1","23,9","32","99","212,0,691"
"0/1","23,18","41","99","548,0,721"
"0/1","25,14","39","99","370,0,777"
"0/1","21,20","41","99","637,0,609"
"0/1","15,18","33","99","581,0,406"
"0/1","10,22","32","99","701,0,324"
"0/1","21,9","30","99","282,0,745"
"0/1","13,14","27","99","494,0,375"
"0/1","9,7","16","99","232,0,315"
"0/1","3,8","11","81","294,0,81"
"0/1","18,25","43","99","818,0,593"
"0/1","11,16","27","99","536,0,340"
"0/1","17,18","35","99","631,0,539"
"0/1","20,20","40","99","616,0,603"
"0/1","24,13","37","99","383,0,684"
"0/1","17,11","28","99","309,0,500"
"0/1","11,12","23","99","319,0,353"
"0/1","13,12","25","99","383,0,424"
"0/1","12,11","23","99","303,0,412"
"0/1","5,9","14","99","315,0,158"
"0/1","7,18","25","99","624,0,213"
"0/1","11,9","20","99","302,0,375"
"0/1","11,10","21","99","343,0,349"
"0/1","16,9","25","99","291,0,526"
"0/1","30,3","33","6","6,0,729"
"1/1","0,20","20","45","576,45,0"
"0/1","5,10","15","99","337,0,165"
"0/1","7,8","15","99","277,0,204"
"0/1","19,15","34","99","431,0,577"
"0/1","10,19","29","99","555,0,314"
"0/1","13,23","36","99","770,0,382"
"0/1","10,6","16","99","151,0,323"
"0/1","11,12","23","99","417,0,306"
"0/1","8,12","20","99","434,0,266"
"0/1","17,13","30","99","326,0,551"
"0/1","11,14","25","99","439,0,345"
"0/1","14,20","34","99","696,0,373"
"0/1","9,11","20","99","337,0,301"
"0/1","9,11","20","99","382,0,275"
"0/1","21,5","26","99","136,0,627"
"0/1","13,11","24","99","375,0,462"
"0/1","12,8","20","99","245,0,422"
"0/1","12,11","23","99","345,0,297"
"0/1","11,6","17","99","193,0,282"
"1/1","2,35","37","73","1250,73,0"
"0/1","13,5","18","99","149,0,475"
"0/1","8,8","16","99","275,0,237"
"0/1","8,9","17","99","314,0,239"
"0/1","3,9","12","89","299,0,89"
"0/1","13,5","18","99","148,0,464"
"0/1","12,3","15","78","78,0,452"
"0/1","13,6","19","99","194,0,404"
"0/1","13,12","25","99","414,0,449"
"0/1","9,11","20","99","341,0,299"
"0/1","9,6","15","99","191,0,312"
"0/1","18,18","36","99","561,0,587"
"0/1","18,16","34","99","520,0,602"
"0/1","16,21","37","99","583,0,498"
"0/1","13,3","16","75","75,0,395"
"0/1","16,13","29","99","408,0,473"
"0/1","7,14","21","99","503,0,221"
"0/1","14,8","22","99","257,0,488"
"1/2","0,5,8","13","99","484,295,280,188,0,164"
"0/1","13,9","22","99","297,0,404"
"0/0","23,0","23","63","0,63,836"
"0/0","23,0","23","63","0,63,830"
"0/0","21,0","21","57","0,57,753"
"0/0","21,0","21","57","0,57,760"
"0/0","14,0","14","42","0,42,561"
"0/1","13,17","30","99","540,0,442"
"0/1","16,19","35","99","657,0,534"
"0/1","9,20","29","99","669,0,221"
"0/0","7,0","7","21","0,21,275"
"0/1","14,12","26","99","404,0,428"
"0/1","11,7","18","99","236,0,356"
"0/1","26,14","40","99","390,0,741"
"0/1","15,8","23","99","170,0,392"
"0/1","14,13","27","99","436,0,393"
"0/1","9,11","20","99","339,0,310"
"0/1","13,15","28","99","500,0,442"
"0/1","16,15","31","99","434,0,451"
"0/1","15,21","36","99","674,0,474"
"0/1","28,6","34","99","154,0,766"
"0/1","8,19","27","99","652,0,238"
"0/1","15,13","28","99","441,0,420"
"0/1","9,9","18","99","315,0,276"
"0/1","15,6","21","99","174,0,544"
"0/1","15,9","24","99","295,0,501"
"0/1","14,9","23","99","284,0,489"
"0/1","19,13","34","99","412,0,359"
"0/1","19,9","28","99","281,0,645"
"0/1","14,15","29","99","482,0,475"
"0/1","13,7","20","99","225,0,436"
"0/1","16,13","29","99","431,0,522"
"0/1","20,9","29","99","150,0,645"
"0/1","17,10","27","99","321,0,562"
"0/1","15,21","36","99","547,0,419"
"0/1","16,11","29","99","316,0,526"
"0/1","8,15","23","99","420,0,255"
"0/1","14,18","32","99","518,0,405"
"0/1","14,13","27","99","434,0,434"
"0/1","20,12","32","99","391,0,673"
"0/1","17,17","34","99","563,0,511"
"0/1","14,13","27","99","433,0,479"
"0/1","15,29","44","99","950,0,471"
"0/1","21,15","36","99","507,0,676"
"0/0","44,4","48","92","0,92,1538"
"0/1","12,16","28","99","516,0,397"
"0/1","16,14","30","99","435,0,501"
"0/1","18,15","33","99","516,0,505"
"0/1","20,17","37","99","571,0,651"
"0/1","16,14","30","99","471,0,543"
"0/1","19,14","33","99","438,0,656"
"0/1","15,16","31","99","524,0,443"
"0/1","19,17","36","99","417,0,590"
"0/1","19,18","37","99","558,0,651"
"0/1","25,22","49","99","663,0,763"
"0/1","7,17","24","99","556,0,166"
"0/1","12,13","25","99","424,0,353"
"0/1","17,10","27","99","294,0,491"
"0/1","16,10","26","99","324,0,575"
"0/1","11,19","30","99","235,0,280"
"0/1","13,17","30","99","566,0,434"
"0/1","13,11","24","99","363,0,414"
"0/1","13,21","34","99","663,0,364"
"0/1","13,22","35","99","699,0,278"
"0/1","17,16","33","99","493,0,547"
"0/1","17,12","29","99","329,0,570"
"0/1","11,9","20","99","304,0,376"
"0/1","14,8","22","99","245,0,460"
"0/1","13,14","27","99","439,0,445"
"0/1","17,18","35","99","589,0,585"
"0/1","19,10","29","99","290,0,580"
"0/1","13,9","22","99","297,0,406"
"0/1","18,16","34","99","511,0,590"
"0/1","20,14","34","99","460,0,622"
"0/1","20,16","36","99","507,0,576"
"0/1","15,21,12","48","99","499,0,489,471,460,999"
"0/1","23,23","46","99","746,0,559"
"0/1","25,18","43","99","556,0,775"
"0/1","31,22","53","99","652,0,672"
"0/0","32,3","41","57","0,57,725"
"0/1","10,30","40","99","289,0,225"
"0/1","17,20","37","99","439,0,335"
"0/1","11,12","23","99","251,0,191"
"0/1","12,16","28","99","416,0,333"
"0/1","21,24","45","99","682,0,671"
"0/0","41,1","42","83","0,83,1455"
"0/1","25,21","46","99","598,0,764"
"0/1","21,12","33","99","343,0,651"
"0/1","19,18","37","99","604,0,555"
"0/1","15,23","38","99","729,0,298"
"0/1","20,15","35","99","504,0,645"
"0/1","12,15","27","99","465,0,271"
"0/1","8,13","21","99","412,0,251"
"0/1","19,17","36","99","570,0,665"
"0/1","12,9","21","99","267,0,406"
"0/1","9,15","24","99","495,0,229"
"0/1","18,13","31","99","345,0,624"
"0/1","24,17","41","99","555,0,834"
"0/1","20,19","39","99","617,0,643"
"0/1","19,20","39","99","616,0,614"
"0/1","24,16","40","99","515,0,775"
"0/1","13,18","31","99","562,0,376"
"0/1","18,14","32","99","402,0,625"
"1/1","3,35","38","35","1244,35,0"
"0/1","19,18","37","99","525,0,585"
"0/1","40,4","44","19","19,0,1299"
"0/1","25,19","44","99","585,0,750"
"0/1","16,39","55","99","1142,0,431"
"0/1","18,24","42","99","776,0,565"
"0/1","13,22","35","99","657,0,357"
"1/1","3,39","42","93","1152,93,0"
"0/1","12,18","30","99","620,0,367"
"0/1","19,10","29","99","259,0,643"
"0/1","7,16","23","99","584,0,210"
"0/1","20,18","38","99","566,0,658"
"0/1","13,15","28","99","517,0,442"
"0/1","21,24","45","99","774,0,604"
"0/1","22,22","44","99","659,0,687"
"0/1","20,13","33","99","350,0,662"
"0/1","13,13","26","99","431,0,396"
"0/1","14,17","31","99","562,0,420"
"0/1","12,15","27","99","428,0,291"
"0/1","12,5","17","99","112,0,384"
"0/1","8,17","25","99","549,0,244"
"0/1","14,7","21","99","213,0,360"
"0/1","14,9","23","99","280,0,397"
"0/1","14,16","30","99","490,0,358"
"0/1","12,19","31","99","651,0,355"
"0/1","21,11","32","99","342,0,675"
"0/1","21,13","34","99","423,0,670"
"0/1","15,12","27","99","391,0,514"
"0/1","16,13","29","99","396,0,479"
"0/1","21,16","37","99","420,0,738"
"0/1","18,16","34","99","464,0,563"
"0/1","12,22","34","99","746,0,264"
"0/1","20,10","30","99","308,0,639"
"0/1","11,13","24","99","404,0,327"
"0/1","16,17","33","99","493,0,433"
"0/1","12,9","21","99","257,0,365"
"0/1","8,2","10","7","7,0,251"
"0/1","9,11","20","99","391,0,252"
"0/1","15,25","40","99","874,0,466"
"0/1","20,10","30","99","319,0,720"
"0/1","13,13","26","99","439,0,384"
"0/1","17,9","26","99","287,0,512"
"0/1","14,11","25","99","372,0,415"
"0/1","17,13","30","99","399,0,545"
"0/1","19,10","29","99","301,0,629"
"0/1","12,22","34","99","589,0,372"
"0/1","18,15","33","99","472,0,567"
"0/1","18,16","34","99","512,0,620"
"0/1","21,19","40","99","562,0,724"
"0/1","19,19","38","99","536,0,638"
"0/1","18,22","40","99","631,0,615"
"0/1","17,13","30","99","397,0,582"
"0/1","8,14","22","99","474,0,236"
"0/1","6,11","17","99","359,0,144"
"0/1","9,15","24","99","456,0,282"
"0/1","7,13","20","99","446,0,218"
"0/1","10,13","23","99","463,0,330"
"0/1","16,12","28","99","402,0,513"
"0/1","9,11","20","99","305,0,305"
"0/1","9,12","21","99","382,0,300"
"0/1","16,11","27","99","332,0,522"
"0/1","11,13","24","99","452,0,371"
"0/1","13,20","33","99","693,0,395"
"0/1","19,21","40","99","684,0,554"
"0/1","13,14","27","99","408,0,451"
"0/1","13,5","18","99","136,0,472"
"0/1","13,5","18","99","130,0,465"
"0/1","14,5","19","99","100,0,463"
"0/1","18,7","25","99","183,0,621"
"0/1","14,20","34","99","686,0,410"
"0/1","15,12","27","99","366,0,519"
"0/1","15,18","33","99","523,0,456"
"0/1","12,18","30","99","567,0,401"
"0/1","11,11","22","99","273,0,366"
"0/1","10,22","32","99","753,0,317"
"0/1","19,12","31","99","385,0,658"
"0/1","16,14","30","99","443,0,510"
"0/1","14,10","24","99","297,0,461"
"0/1","19,15","34","99","492,0,664"
"0/1","21,12","33","99","357,0,714"
"0/1","13,13","26","99","402,0,415"
"0/1","12,19","31","99","666,0,351"
"0/1","15,17","32","99","580,0,473"
"0/1","12,9","21","99","302,0,409"
"0/1","23,12","35","99","355,0,778"
"0/1","15,17","32","99","562,0,462"
"0/1","14,15","29","99","514,0,397"
"0/1","18,12","30","99","352,0,551"
"0/1","20,16","36","99","458,0,620"
"0/1","7,20","27","99","696,0,189"
"0/1","5,13","18","99","433,0,156"
"0/1","13,14","27","99","495,0,435"
"0/1","15,6","21","99","162,0,529"
"0/1","14,17","31","99","498,0,471"
"0/1","8,9","17","99","250,0,277"
"0/1","11,10","21","99","290,0,344"
"0/1","13,8","21","99","244,0,456"
"0/1","12,17","29","99","601,0,353"
"0/1","11,8","21","99","234,0,203"
"0/1","11,8","19","99","270,0,382"
"0/0","34,0","34","99","0,102,1338"
"0/1","20,13","33","99","288,0,438"
"0/0","28,0","28","81","0,81,1052"
"0/1","13,13","26","99","385,0,384"
"0/1","10,12","23","99","198,0,274"
"0/1","13,15","28","99","447,0,417"
"0/1","13,9","22","99","267,0,423"
"0/1","12,9","21","99","296,0,409"
"0/1","11,5","16","99","161,0,391"
"0/1","15,15","30","99","484,0,517"
"0/1","17,8","25","99","201,0,582"
"0/1","15,11","26","99","355,0,528"
"0/1","9,18","27","99","604,0,271"
"0/1","14,6","20","99","189,0,418"
"0/1","16,18","34","99","558,0,539"
"0/1","10,6","16","99","144,0,357"
"0/1","7,17","25","99","550,0,213"
"0/1","20,13","33","99","378,0,714"
"1/1","0,7","7","12","145,12,0"
"0/1","12,12","24","99","378,0,371"
"0/1","13,15","29","99","458,0,412"
"0/0","26,0","26","75","0,75,986"
"0/1","10,15","25","99","528,0,283"
"0/1","8,10","18","99","294,0,153"
"0/1","16,19","35","99","576,0,478"
"0/1","13,21","34","99","601,0,411"
"0/1","17,19","36","99","618,0,552"
"0/1","9,10","19","99","335,0,236"
"0/1","19,18","37","99","608,0,612"
"0/1","20,18","38","99","608,0,642"
"0/1","10,18","28","99","637,0,268"
"0/1","16,18","34","99","486,0,374"
"0/1","15,17","32","99","524,0,430"
"0/1","13,20","33","99","608,0,416"
"0/1","20,17","37","99","526,0,587"
"0/1","13,12","25","99","303,0,370"
"0/1","16,7","23","99","211,0,548"
"0/1","9,9","18","99","278,0,318"
"0/1","7,8","15","99","269,0,228"
"0/1","13,15","28","99","489,0,453"
"0/1","14,8","22","99","220,0,504"
"0/1","24,20","44","99","677,0,849"
"0/1","20,12","32","99","325,0,698"
"1/1","0,23","25","57","751,57,0"
"0/1","22,14","36","99","430,0,729"
"0/0","39,2","41","37","0,37,1385"
"0/0","39,2","41","43","0,43,1471"
"0/0","40,3","43","12","0,12,1469"
"0/0","41,3","44","21","0,21,1511"
"0/0","41,3","44","12","0,12,1527"
"0/1","37,3","41","12","12,0,1222"
"0/1","41,7","48","99","150,0,1353"
"0/1","41,7","48","99","120,0,1383"
"0/1","40,7","47","99","140,0,1334"
"0/1","33,17","50","99","424,0,1048"
"0/0","35,3","38","31","0,31,1283"
"0/1","16,4","20","99","108,0,530"
"0/1","6,12","18","99","430,0,176"
"0/1","22,7","29","99","197,0,723"
"0/1","12,19","31","99","644,0,369"
"0/1","27,3","30","34","34,0,936"
"0/1","26,4","30","78","78,0,881"
"0/1","26,6","32","99","139,0,936"
"0/1","9,28","37","99","950,0,185"
"0/1","28,4","32","36","36,0,940"
"0/1","30,4","34","27","27,0,991"
"0/1","30,4","35","30","30,0,1010"
"0/1","15,14","29","99","436,0,522"
"0/1","26,23","49","99","783,0,814"
"0/1","9,15","24","99","453,0,216"
"0/1","8,12","20","99","350,0,252"
"0/1","6,10","16","99","231,0,198"
"0/1","29,28","57","99","871,0,915"
"0/0","73,0","73","99","0,220,2838"
"0/1","35,31","66","99","984,0,1153"
"0/1","37,14","51","99","383,0,1291"
"0/1","44,16","60","99","431,0,1528"
"0/1","51,15","66","99","336,0,1720"
"0/1","47,23","70","99","681,0,1510"
"0/1","37,39","76","99","1296,0,1180"
"0/1","57,21","78","99","526,0,1878"
"0/1","57,13","70","99","260,0,1975"
"0/1","26,29","55","99","990,0,833"
"0/1","75,19","94","99","394,0,2621"
"0/1","28,19","47","99","631,0,885"
"0/1","37,24","61","99","751,0,1132"
"0/1","34,33","67","99","1046,0,1050"
"0/1","29,25","54","99","763,0,960"
"0/1","45,14","59","99","354,0,1565"
"0/1","28,34","62","99","1034,0,872"
"0/1","26,33","59","99","1124,0,705"
"0/1","39,16","55","99","451,0,1326"
"0/1","34,10","44","99","250,0,1150"
"0/1","22,5","27","76","76,0,792"
"0/1","19,5","24","76","76,0,685"
"0/1","25,31","57","99","901,0,788"
"0/1","35,36","71","99","1063,0,1120"
"0/1","13,20","33","99","608,0,378"
"0/1","11,20","31","99","623,0,335"
"0/1","11,11","22","99","346,0,378"
"0/1","13,15","28","99","530,0,408"
"0/1","16,21","37","99","738,0,521"
"0/1","19,16","35","99","508,0,630"
"0/0","15,1","16","42","0,42,560"
"0/1","16,10","26","99","293,0,489"
"0/1","13,16","29","99","483,0,390"
"0/1","15,15","30","99","438,0,468"
"0/1","13,13","26","99","431,0,403"
"0/1","14,11","25","99","326,0,424"
"0/1","13,11","24","99","295,0,420"
"0/1","14,15","29","99","470,0,412"
"0/1","11,11","22","99","348,0,263"
"0/0","21,0","21","57","0,57,729"
"0/1","11,13","24","99","423,0,363"
"0/1","8,8","16","99","244,0,275"
"0/1","8,15","23","99","545,0,174"
"1/1","0,18","18","48","609,48,0"
"0/1","12,8","20","99","187,0,211"
"0/1","14,8","22","99","253,0,450"
"0/1","9,7","16","99","225,0,303"
"0/1","8,15","23","99","520,0,238"
"0/1","11,12","23","99","357,0,379"
"0/1","8,4","12","72","72,0,223"
"0/1","5,4","13","95","129,0,95"
"0/0","9,0","9","18","0,18,215"
"0/1","22,6","29","99","159,0,606"
"0/0","27,1","28","69","0,69,913"
"0/1","23,12","36","99","201,0,478"
"0/1","15,12","27","99","280,0,468"
"0/1","5,15","20","99","560,0,111"
"0/1","11,18","29","99","625,0,326"
"0/1","23,9","32","99","285,0,587"
"0/0","18,0","18","51","0,51,658"
"0/1","40,17","57","99","528,0,955"
"0/2","42,7,17","66","99","340,356,1551,0,1121,1162"
"0/0","69,0","69","99","0,178,2339"
"0/1","59,20","80","99","434,0,1680"
"0/0","126,0","127","99","0,352,4373"
"0/0","122,0","122","99","0,313,3934"
"0/0","51,1","52","99","0,116,1890"
"0/0","72,1","73","99","0,179,2698"
"0/0","73,1","74","99","0,182,2734"
"0/0","55,1","56","99","0,139,2125"
"0/0","83,1","84","99","0,202,2972"
"0/0","83,2","85","99","0,177,3076"
"0/0","77,3","80","99","0,170,2909"
"0/0","64,4","71","99","0,131,2429"
"0/0","70,3","73","99","0,168,2653"
"0/0","71,1","73","99","0,165,2664"
"0/0","87,2","89","99","0,187,3288"
"0/0","79,1","80","99","0,214,2823"
"0/0","84,1","85","99","0,217,2855"
"0/0","84,2","86","99","0,189,2890"
"0/0","83,2","85","99","0,189,2829"
"0/0","80,1","81","99","0,185,2691"
"0/0","82,1","84","99","0,143,2128"
"0/1","57,33","93","99","860,0,1562"
"0/0","92,0","93","99","0,235,3007"
"0/0","93,0","93","99","0,244,3101"
"0/0","91,3","94","99","0,171,2939"
"0/0","96,0","97","99","0,253,3164"
"0/0","88,1","89","99","0,191,2837"
"0/0","89,0","90","99","0,238,3050"
"0/0","90,0","91","99","0,247,3152"
"0/0","92,0","92","99","0,238,3082"
"0/0","83,1","85","99","0,195,3098"
"0/0","98,3","101","99","0,209,3413"
"0/0","113,4","117","99","0,233,3798"
"0/0","112,6","118","99","0,200,3843"
"0/0","126,3","129","99","0,290,4482"
"0/0","121,3","124","99","0,275,4466"
"0/0","121,5","126","99","0,260,4442"
"0/0","121,4","125","99","0,284,4472"
"0/0","120,3","123","99","0,281,4412"
"0/0","120,0","120","99","0,337,4471"
"0/0","119,1","120","99","0,291,4216"
"0/0","120,1","121","99","0,289,4285"
"0/0","118,1","119","99","0,295,4386"
"0/0","117,1","118","99","0,298,4429"
"0/0","115,1","116","99","0,294,4353"
"0/0","116,1","117","99","0,280,4194"
"0/0","113,1","115","99","0,271,4004"
"0/0","110,1","111","99","0,246,3719"
"0/0","109,1","111","99","0,250,3763"
"0/0","110,1","111","99","0,246,3703"
"0/0","110,1","111","99","0,252,3777"
"0/1","85,18","103","99","332,0,2549"
"0/0","99,1","100","99","0,222,3342"
"0/0","97,2","99","99","0,222,3360"
"0/0","96,1","98","99","0,216,3289"
"0/0","98,1","99","99","0,225,3384"
"0/1","83,16","100","99","317,0,2587"
"0/0","97,4","101","99","0,225,3354"
"0/0","76,2","80","99","0,159,2529"
"0/0","76,3","79","99","0,168,2642"
"0/1","69,13","82","99","146,0,1876"
"0/1","81,37","118","99","1023,0,2783"
"0/1","81,36","117","99","1014,0,2811"
"0/1","71,39","110","99","1110,0,2430"
"0/1","85,32","117","99","924,0,2936"
"0/0","87,5","92","99","0,103,3032"
"0/0","72,4","76","70","0,70,2496"
"0/1","57,11","68","99","236,0,1974"
"0/0","65,0","65","99","0,187,2408"
"0/0","62,0","62","99","0,181,2374"
"0/0","60,0","60","99","0,172,2268"
"0/0","74,0","74","99","0,211,2692"
"0/0","73,0","73","99","0,211,2708"
"0/0","75,0","75","99","0,214,2758"
"0/0","78,0","78","99","0,220,2864"
"0/0","81,0","81","99","0,235,3063"
"0/0","82,0","82","99","0,235,3043"
"0/0","61,0","61","99","0,172,2339"
"0/0","61,0","61","99","0,163,2129"
"0/0","60,0","60","99","0,166,2140"
"0/0","73,0","73","99","0,211,2753"
"0/0","73,0","73","99","0,211,2763"
"0/0","72,0","72","99","0,208,2770"
"0/0","68,0","68","99","0,193,2549"
"0/0","65,0","65","99","0,184,2419"
"0/0","65,0","65","99","0,175,2287"
"0/0","59,0","59","99","0,160,2090"
"0/0","61,0","61","99","0,172,2224"
"0/0","61,1","62","99","0,175,2256"
"0/0","66,0","66","99","0,181,2426"
"0/0","71,0","71","99","0,196,2613"
"0/1","12,92","104","99","2865,0,191"
"0/0","31,0","31","87","0,87,1043"
"0/0","36,1","37","84","0,84,1325"
"0/0","39,0","39","99","0,108,1424"
"0/0","36,3","39","19","0,19,1214"
"0/0","36,0","36","99","0,102,1368"
"0/0","31,0","31","87","0,87,1151"
"0/0","35,2","38","38","0,38,789"
"0/1","28,13","42","99","295,0,547"
"0/0","33,0","33","87","0,87,1142"
"0/0","25,3","28","33","0,33,912"
"0/0","17,0","17","48","0,48,638"
"0/0","16,0","16","48","0,48,634"
"0/0","18,0","18","51","0,51,665"
"0/0","20,0","20","57","0,57,723"
"0/0","22,0","22","63","0,63,838"
"0/1","7,12","19","99","432,0,223"
"0/1","20,3","23","59","59,0,688"
"0/1","16,6","22","99","182,0,540"
"0/1","20,4","27","90","90,0,685"
"0/1","21,5","26","99","131,0,660"
"0/0","24,1","25","21","0,21,772"
"0/1","21,19","40","99","629,0,655"
"0/1","31,7","38","99","164,0,1065"
"0/0","30,1","31","52","0,52,1034"
"0/0","29,2","31","72","0,72,939"
"0/0","29,3","32","72","0,72,946"
"0/0","31,2","34","81","0,81,1042"
"0/0","40,2","42","93","0,93,1225"
"0/0","38,0","38","99","0,108,1366"
"0/0","39,0","39","99","0,111,1453"
"0/0","39,0","39","99","0,111,1458"
"0/0","38,1","39","78","0,78,1340"
"0/0","41,1","42","81","0,81,1388"
"0/0","43,1","44","90","0,90,1470"
"0/0","45,0","45","99","0,105,1376"
"0/0","44,0","44","99","0,108,1411"
"0/0","12,0","12","36","0,36,448"
"0/0","15,0","15","42","0,42,548"
"0/0","39,0","39","99","0,108,1436"
"0/0","12,0","12","36","0,36,487"
"0/0","19,0","20","42","0,42,543"
"0/1","33,41","74","99","1412,0,1066"
"0/1","53,13","66","99","285,0,1751"
"0/1","21,18","39","99","611,0,549"
"0/1","16,18","34","99","594,0,520"
"0/1","17,16","33","99","454,0,580"
"0/1","19,14","33","99","451,0,652"
"0/1","17,14","31","99","401,0,518"
"0/1","22,13","35","99","360,0,713"
"0/1","21,21","42","99","616,0,717"
"0/1","15,19","34","99","602,0,512"
"0/1","12,11","23","99","383,0,410"
"0/1","14,13","27","99","445,0,451"
"0/1","8,10","18","99","343,0,263"
"0/1","19,9","28","99","273,0,668"
"0/1","17,7","24","99","214,0,589"
"0/1","17,23","40","99","751,0,501"
"0/1","12,6","18","99","189,0,428"
"0/1","10,11","21","99","389,0,335"
"0/1","13,14","27","99","480,0,414"
"0/1","14,13","27","99","406,0,445"
"0/1","19,14","33","99","424,0,600"
"0/1","13,12","25","99","414,0,411"
"0/1","15,11","26","99","361,0,497"
"0/1","12,13","25","99","454,0,414"
"0/1","19,21","40","99","671,0,636"
"0/1","14,4","18","99","108,0,478"
"0/1","7,13","20","99","453,0,225"
"0/1","14,13","27","99","374,0,484"
"0/1","16,9","25","99","297,0,514"
"0/1","14,10","24","99","325,0,468"
"0/1","13,12","25","99","374,0,416"
"0/1","11,13","24","99","445,0,375"
"0/1","12,11","23","99","372,0,414"
"0/1","11,11","22","99","336,0,381"
"0/1","7,10","17","99","358,0,238"
"0/1","11,7","18","99","223,0,393"
"0/1","13,14","27","99","457,0,412"
"0/1","8,15","23","99","426,0,254"
"0/1","14,17","31","99","535,0,437"
"0/1","13,23","36","99","748,0,425"
"0/1","25,15","40","99","423,0,821"
"0/1","20,13","33","99","382,0,711"
"0/1","12,15","27","99","523,0,385"
"0/1","18,8","26","99","241,0,635"
"0/1","19,12","31","99","360,0,656"
"0/1","8,24","32","99","764,0,151"
"0/1","22,18","40","99","531,0,716"
"0/0","29,1","31","75","0,75,991"
"0/1","20,20","40","99","469,0,622"
"0/1","8,23","31","99","765,0,235"
"0/1","8,20","28","99","682,0,240"
"0/1","19,12","31","99","397,0,616"
"0/1","13,17","30","99","577,0,429"
"0/1","11,16","27","99","513,0,306"
"0/0","19,0","19","15","0,15,185"
"0/1","10,9","19","99","200,0,278"
"0/1","17,13","30","99","410,0,591"
"0/1","17,14","31","99","354,0,525"
"0/1","14,10","24","99","293,0,461"
"0/1","16,10","26","99","283,0,531"
"0/1","17,8","25","99","211,0,534"
"0/1","17,3","20","28","28,0,544"
"0/1","11,7","18","99","145,0,303"
"0/1","16,15","32","99","434,0,497"
"0/1","25,5","31","49","49,0,878"
"0/1","7,13","20","99","412,0,205"
"0/1","8,11","19","99","390,0,272"
"0/1","7,16","23","99","576,0,214"
"0/1","14,13","27","99","417,0,437"
"0/1","35,11","46","99","150,0,1082"
"0/1","38,7","45","99","129,0,1088"
"0/1","34,8","42","99","136,0,969"
"0/1","33,9","42","99","155,0,924"
"0/1","36,8","44","71","71,0,1022"
"0/1","25,8","37","92","92,0,377"
"0/1","7,12","19","99","136,0,162"
"0/1","22,14","36","99","457,0,756"
"0/1","9,8","17","99","235,0,309"
"0/1","12,4","16","99","115,0,371"
"0/1","14,13","27","99","406,0,491"
"0/1","10,11","21","99","371,0,324"
"0/1","14,10","24","99","188,0,182"
"0/1","46,19","65","99","577,0,1583"
"0/1","54,11","65","99","255,0,1876"
"0/1","17,38","55","99","1057,0,496"
"0/1","33,17","50","99","467,0,1123"
"0/1","17,15","32","99","445,0,508"
"0/1","16,16","32","99","488,0,518"
"0/1","11,12","24","99","360,0,297"
"0/1","14,14","28","99","402,0,498"
"0/1","12,14","26","99","477,0,365"
"0/0","31,0","31","90","0,90,1178"
"0/1","17,13","30","99","345,0,565"
"0/1","11,6","17","99","182,0,360"
"0/0","21,0","21","60","0,60,804"
"0/1","17,21","38","99","708,0,541"
"0/1","12,5","17","99","151,0,407"
"0/1","12,6","18","99","191,0,416"
"0/1","7,18","25","99","612,0,217"
"0/1","14,10","24","99","333,0,403"
"0/1","13,16","29","99","559,0,357"
"0/1","11,11","22","99","164,0,297"
"0/1","46,6","52","94","94,0,1108"
"0/1","46,6","52","89","89,0,1135"
"0/1","46,7","53","99","127,0,1067"
"0/1","68,11","79","99","241,0,2045"
"0/1","66,11","77","99","238,0,2030"
"0/1","53,13","72","99","298,0,1640"
"0/1","44,17","61","99","343,0,1194"
"0/1","22,15","37","99","427,0,692"
"0/1","74,17","94","99","388,0,1932"
"0/1","94,14","109","99","212,0,2631"
"0/1","125,37","164","99","738,0,3725"
"0/1","39,12","51","99","234,0,1350"
"0/1","38,12","50","99","248,0,1272"
"0/1","10,36","46","99","1184,0,177"
"0/1","15,13","28","99","409,0,413"
"0/1","10,14","24","99","461,0,335"
"0/1","9,14","23","99","213,0,294"
"0/1","32,3","38","47","47,0,308"
"0/1","16,19","35","99","621,0,440"
"0/1","17,21","38","99","625,0,588"
"0/1","18,12","30","99","384,0,593"
"0/1","17,22","39","99","775,0,527"
"0/1","12,13","25","99","306,0,421"
"0/1","22,20","42","99","652,0,631"
"0/1","10,15","25","99","506,0,306"
"0/1","47,16","64","99","482,0,1323"
"0/0","1,0","1","3","0,3,37"
"0/1","27,14","41","99","363,0,603"
"0/1","35,21","56","99","504,0,553"
"0/1","20,14","34","99","415,0,602"
"0/1","15,15","30","99","434,0,405"
"0/1","15,12","27","99","368,0,453"
"0/1","15,13","28","99","391,0,469"
"0/1","22,16","38","99","371,0,718"
"0/1","10,16","26","99","482,0,282"
"0/1","12,14","26","99","470,0,406"
"0/1","20,4","24","87","87,0,296"
"0/1","21,6","27","99","140,0,452"
"0/1","62,33","97","99","911,0,1856"
"0/1","10,68","78","99","2405,0,174"
"0/1","31,8","39","99","192,0,929"
"0/1","27,10","37","99","163,0,872"
"0/1","9,9","18","99","232,0,257"
"0/1","10,6","16","99","201,0,356"
"0/1","7,10","17","99","344,0,229"
"0/1","8,10","18","99","343,0,237"
"0/1","11,10","21","99","306,0,386"
"0/1","10,14","24","99","471,0,297"
"0/1","15,18","33","99","470,0,446"
"0/1","15,17","32","99","348,0,245"
"0/1","12,14","26","99","429,0,408"
"0/1","4,10","14","99","358,0,118"
"0/1","19,17","36","99","565,0,569"
"0/1","24,31","55","99","1047,0,679"
"0/1","39,36","75","99","1107,0,1255"
"0/1","30,31","61","99","874,0,895"
"0/1","10,9","19","99","300,0,315"
"1/1","1,13","14","5","489,5,0"
"1/2","0,9,11","20","99","695,359,332,336,0,306"
"0/1","13,16","29","99","561,0,425"
"1/1","0,29","29","78","1056,78,0"
"0/1","11,11","22","99","380,0,338"
"0/1","10,14","24","99","483,0,325"
"0/1","19,11","30","99","348,0,598"
"0/1","23,17","40","99","514,0,714"
"0/1","35,10","45","99","153,0,1061"
"0/1","8,12","20","99","373,0,252"
"0/1","3,4","7","93","124,0,93"
"0/1","15,15","30","99","509,0,471"
"1/1","0,20","20","60","807,60,0"
"0/1","14,13","27","99","396,0,473"
"0/1","14,12","26","99","362,0,451"
"0/1","11,5","16","99","123,0,402"
"0/1","21,17","38","99","568,0,663"
"0/1","29,14","44","99","253,0,463"
"0/1","20,2","22","23","23,0,567"
"0/1","19,20","39","99","626,0,613"
"0/1","26,14","40","99","376,0,856"
"0/1","16,15","31","99","498,0,512"
"0/1","18,12","30","99","305,0,622"
"0/1","7,10","17","99","321,0,232"
"0/1","20,16","36","99","433,0,649"
"0/0","28,0","28","81","0,81,1066"
"0/1","180,29","209","99","518,0,4486"
"0/1","101,24","125","99","137,0,2415"
"0/1","91,19","111","99","292,0,2187"
"0/1","16,13","29","99","396,0,520"
"0/1","11,14","25","99","446,0,333"
"0/1","8,10","18","99","294,0,258"
"0/1","14,11","25","99","324,0,482"
"0/1","14,13","27","99","446,0,403"
"0/1","18,11","29","99","284,0,605"
"0/1","18,11","29","99","332,0,566"
"0/1","8,11","19","99","365,0,186"
"0/1","6,6","12","99","211,0,170"
"0/1","17,7","24","99","208,0,570"
"0/1","20,15","35","99","466,0,591"
"0/1","18,22","40","99","646,0,580"
"0/1","23,18","41","99","507,0,746"
"0/1","22,17","39","99","445,0,717"
"0/1","20,16","36","99","531,0,616"
"0/1","13,10","23","99","283,0,441"
"0/1","18,9","27","99","191,0,467"
"0/1","8,15","23","99","527,0,237"
"0/1","15,6","21","99","138,0,426"
"0/1","12,16","28","99","515,0,348"
"0/1","19,14","33","99","368,0,554"
"0/1","18,14","32","99","435,0,559"
"0/1","8,13","21","99","415,0,220"
"0/1","16,19","35","99","489,0,468"
"0/1","14,6","25","66","66,0,220"
"0/1","16,10","28","99","129,0,164"
"0/1","16,16","32","99","484,0,521"
"0/1","17,16","33","99","485,0,522"
"0/1","15,12","27","99","338,0,446"
"0/1","7,22","29","99","670,0,196"
"0/1","14,22","36","99","600,0,458"
"0/1","8,15","23","99","386,0,226"
"0/1","10,16","26","99","399,0,291"
"0/1","10,9","19","99","282,0,343"
"0/1","21,17","38","99","571,0,476"
"0/1","22,14","36","99","436,0,636"
"0/1","12,13","25","99","326,0,302"
"0/0","16,4","21","9","0,9,426"
"0/1","7,11","18","99","104,0,202"
"0/1","12,9","21","99","307,0,305"
"0/1","15,13","28","99","422,0,483"
"0/1","23,14","38","99","367,0,722"
"0/1","15,12","27","99","397,0,519"
"0/1","9,19","28","99","655,0,238"
"0/1","13,16","29","99","504,0,418"
"0/1","10,13","23","99","418,0,333"
"0/0","21,1","22","23","0,23,774"
"0/1","21,19","40","99","650,0,638"
"0/1","11,13","24","99","350,0,366"
"0/1","10,14","24","99","418,0,297"
"0/1","18,15","33","99","474,0,549"
"0/1","15,11","26","99","383,0,306"
"0/1","19,10","29","99","315,0,644"
"0/1","17,10","27","99","328,0,556"
"0/1","13,10","23","99","315,0,411"
"0/1","17,13","30","99","445,0,559"
"0/1","14,11","25","99","374,0,485"
"0/1","10,9","19","99","311,0,278"
"0/1","9,10","19","99","332,0,285"
"0/1","8,12","20","99","425,0,194"
"0/1","9,12","21","99","424,0,300"
"0/1","11,7","18","99","179,0,366"
"0/1","8,13","21","99","414,0,260"
"0/1","13,22","35","99","787,0,343"
"0/1","18,14","32","99","432,0,548"
"0/1","3,5","9","22","149,0,22"
"0/0","9,0","9","18","0,18,190"
"0/1","9,2","11","10","10,0,193"
"0/1","15,22","37","99","695,0,421"
"0/1","20,8","28","99","122,0,676"
"0/1","13,21","34","99","640,0,346"
"1/1","0,21","21","63","827,63,0"
"0/1","12,10","22","99","340,0,389"
"0/1","10,13","23","99","418,0,321"
"0/1","9,13","22","99","430,0,301"
"0/1","8,12","20","99","392,0,265"
"0/1","8,10","18","99","338,0,273"
"0/1","12,16","28","99","486,0,343"
"0/1","15,16","31","99","524,0,378"
"0/1","10,8","18","99","272,0,329"
"0/1","11,7","18","99","231,0,359"
"0/1","9,8","17","99","275,0,282"
"0/1","15,13","28","99","450,0,488"
"0/1","9,11","20","99","387,0,306"
"0/1","11,14","25","99","505,0,338"
"0/1","17,13","30","99","447,0,533"
"0/1","11,17","28","99","528,0,368"
"0/1","8,13","21","99","448,0,259"
"0/1","14,10","24","99","335,0,424"
"0/1","19,9","28","99","255,0,641"
"0/1","15,6","21","99","171,0,531"
"0/1","7,14","21","99","490,0,197"
"0/1","11,19","30","99","665,0,345"
"0/1","16,16","32","99","457,0,505"
"0/1","14,10","24","99","307,0,476"
"0/1","9,15","24","99","410,0,179"
"0/1","15,15","30","99","468,0,470"
"0/0","26,0","26","78","0,78,1035"
"0/1","13,16","29","99","550,0,433"
"0/1","20,17","37","99","567,0,662"
"0/1","17,15","32","99","432,0,457"
"0/1","14,8","22","99","227,0,470"
"0/1","7,15","22","99","539,0,208"
"0/1","14,16","30","99","508,0,398"
"0/1","14,16","30","99","498,0,442"
"0/1","12,18","30","99","488,0,384"
"0/1","11,15","26","99","461,0,348"
"0/1","18,17","35","99","537,0,572"
"0/1","19,16","35","99","526,0,617"
"1/1","0,26","26","78","1034,78,0"
"0/1","17,11","28","99","293,0,571"
"0/1","13,13","27","99","412,0,449"
"0/1","13,12","25","99","365,0,350"
"0/1","14,10","24","99","253,0,454"
"0/1","15,15","30","99","484,0,479"
"0/1","16,12","28","99","327,0,451"
"0/1","29,8","37","99","147,0,784"
"0/1","32,12","44","99","184,0,727"
"0/1","11,20","31","99","281,0,359"
"0/1","10,13","23","99","388,0,312"
"0/1","17,8","25","99","256,0,420"
"0/1","14,12","26","99","406,0,480"
"0/1","19,13","32","99","388,0,615"
"0/1","19,13","32","99","385,0,602"
"0/0","12,0","12","18","0,18,247"
"0/0","17,0","17","30","0,30,388"
"0/1","9,5","14","99","161,0,236"
"0/1","12,3","15","83","83,0,360"
"0/1","10,5","15","99","123,0,282"
"0/1","11,5","16","87","87,0,331"
"0/1","14,12","26","99","429,0,264"
"0/1","9,11","20","99","379,0,304"
"0/1","18,10","28","99","318,0,573"
"0/1","19,10","29","99","310,0,609"
"0/1","19,7","26","99","179,0,620"
"0/1","19,11","30","99","319,0,624"
"0/1","20,23","43","99","755,0,434"
"0/1","13,25","38","99","648,0,332"
"0/1","26,12","38","99","289,0,723"
"0/1","11,14","25","99","409,0,287"
"0/1","11,15","26","99","481,0,265"
"0/1","3,9","12","84","323,0,84"
"0/1","11,6","17","99","152,0,369"
"0/1","13,13","26","99","383,0,399"
"0/1","14,13","27","99","433,0,432"
"0/1","16,20","36","99","565,0,513"
"0/1","13,30","43","99","1002,0,294"
"0/1","11,12","23","99","406,0,354"
"0/1","9,8","17","99","278,0,279"
"0/1","14,7","21","99","222,0,474"
"0/1","13,15","28","99","517,0,347"
"0/1","9,10","19","99","300,0,308"
"0/1","24,10","34","99","302,0,827"
"0/1","17,23","40","99","766,0,507"
"0/1","10,9","19","99","157,0,195"
"0/1","21,15","36","99","396,0,579"
"0/1","24,18","42","99","546,0,736"
"0/1","15,18","33","99","569,0,425"
"0/1","17,12","29","99","334,0,323"
"0/1","16,12","29","99","298,0,351"
"0/1","16,11","27","99","236,0,251"
"0/1","10,7","17","99","234,0,242"
"0/1","11,13","24","99","437,0,228"
"0/1","8,10","18","99","351,0,231"
"0/1","37,11","48","99","221,0,1097"
"1/1","0,30","30","78","1049,78,0"
"0/1","9,17","26","99","554,0,279"
"0/1","10,14","24","99","453,0,250"
"0/0","6,0","9","9","0,9,98"
"0/1","14,16","30","99","549,0,402"
"0/1","11,16","27","99","431,0,372"
"0/1","4,18","22","99","623,0,99"
"0/1","11,16","28","99","506,0,329"
"0/0","29,1","30","48","0,48,583"
"0/1","16,11","27","99","265,0,474"
"0/1","17,11","28","99","320,0,572"
"0/1","11,12","23","99","350,0,376"
"0/1","9,11","20","99","355,0,274"
"0/1","15,21","36","99","694,0,457"
"0/1","13,9","22","99","281,0,400"
"0/1","37,15","52","99","325,0,1129"
"0/1","10,5","15","99","158,0,365"
"0/1","17,10","27","99","333,0,599"
"0/1","17,9","27","99","294,0,566"
"0/1","14,15","29","99","516,0,478"
"0/1","12,11","23","99","302,0,433"
"0/1","12,9","21","99","275,0,426"
"0/1","24,20","44","99","629,0,598"
"0/1","104,26","130","99","379,0,3207"
"0/1","101,26","128","99","405,0,3121"
"0/1","52,38,21","111","99","1145,0,1745,601,1155,2396"
"0/1","8,7","15","99","191,0,166"
"0/1","44,26","70","99","762,0,997"
"0/1","53,21","75","99","347,0,1458"
"0/1","12,11","23","99","301,0,387"
"0/1","14,20","34","99","603,0,423"
"0/0","34,2","37","39","0,39,1054"
"0/0","35,2","37","42","0,42,1100"
"0/1","22,21","44","99","647,0,598"
"0/1","20,18","38","99","573,0,614"
"0/1","12,9","21","99","301,0,424"
"0/0","28,1","29","75","0,75,992"
"0/1","13,13","26","99","373,0,388"
"0/0","20,0","20","54","0,54,711"
"0/0","19,0","19","54","0,54,725"
"0/0","20,0","20","57","0,57,750"
"0/0","20,0","20","57","0,57,737"
"0/0","20,0","20","57","0,57,758"
"0/1","12,17","29","99","584,0,363"
"0/1","16,14","30","99","438,0,544"
"0/1","14,13","27","99","422,0,490"
"0/1","9,16","25","99","554,0,281"
"0/1","11,11","22","99","341,0,384"
"0/1","15,26","41","99","847,0,399"
"0/1","17,18","35","99","576,0,549"
"0/1","10,17","27","99","579,0,313"
"0/1","11,15","27","99","287,0,294"
"0/1","14,11","25","99","210,0,455"
"0/1","16,11","27","99","369,0,490"
"0/1","5,10","15","99","359,0,157"
"0/1","10,11","21","99","352,0,303"
"0/1","7,10","17","99","358,0,228"
"0/1","29,16","45","99","470,0,997"
"0/1","14,10","25","99","163,0,257"
"0/1","7,27","34","99","842,0,184"
"0/1","9,17","26","99","557,0,252"
"0/1","17,12","29","99","368,0,584"
"0/0","20,0","20","54","0,54,727"
"0/0","21,0","21","54","0,54,732"
"0/1","16,9","25","99","165,0,505"
"0/1","16,9","25","99","137,0,519"
"0/1","20,4","24","44","44,0,577"
"0/1","7,6","13","99","121,0,124"
"0/1","9,8","17","99","280,0,242"
"0/1","20,14","34","99","445,0,630"
"0/1","20,23","43","99","754,0,648"
"0/1","5,5","10","99","177,0,173"
"0/0","19,0","19","57","0,57,769"
"0/1","15,16","31","99","529,0,516"
"0/1","28,5","34","64","64,0,925"
"0/1","40,15","55","99","214,0,1361"
"0/1","40,12","52","99","150,0,1393"
"0/1","42,5","47","68","68,0,1299"
"0/1","37,10","47","99","118,0,1253"
"0/1","8,18","27","99","535,0,234"
"0/1","6,8","14","99","254,0,166"
"0/1","14,16","30","99","492,0,440"
"0/0","19,0","19","48","0,48,611"
"0/1","14,16","31","99","507,0,453"
"0/1","19,14","33","99","427,0,551"
"0/1","18,21","39","99","675,0,490"
"0/0","10,0","10","30","0,30,396"
"0/1","12,18","30","99","594,0,399"
"0/0","48,0","48","99","0,135,1800"
"0/1","9,9","18","99","306,0,293"
"0/1","10,11","21","99","382,0,302"
"0/1","10,9","19","99","310,0,318"
"0/1","20,17","37","99","508,0,580"
"0/1","15,18","33","99","575,0,451"
"0/1","12,14","26","99","458,0,317"
"0/1","12,19","31","99","622,0,395"
"0/0","28,0","28","81","0,81,1067"
"0/1","11,11","22","99","334,0,356"
"0/1","13,9","22","99","296,0,470"
"0/1","10,12","22","99","344,0,338"
"0/0","32,0","34","87","0,87,1108"
"0/0","34,2","36","53","0,53,1061"
"0/0","8,0","8","3","0,3,40"
"0/1","14,15","29","99","397,0,445"
"0/1","11,15","26","99","523,0,357"
"0/1","31,6","37","35","35,0,758"
"0/1","16,13","29","99","393,0,401"
"0/1","12,15","27","99","511,0,398"
"0/1","12,19","31","99","624,0,361"
"0/1","4,6","10","53","171,0,53"
"0/1","8,10","18","99","325,0,263"
"0/1","14,21","35","99","619,0,412"
"0/1","16,5","21","99","139,0,540"
"0/1","16,10","26","99","291,0,509"
"0/1","9,6","15","99","205,0,319"
"0/1","7,6","13","99","208,0,232"
"0/1","12,12","24","99","377,0,352"
"0/1","15,12","27","99","405,0,526"
"0/1","5,18","23","99","638,0,138"
"0/1","28,11","39","99","176,0,757"
"0/1","28,8","36","99","105,0,909"
"0/1","25,8","33","99","133,0,807"
"0/1","35,5","40","44","44,0,1196"
"0/1","33,14","47","99","375,0,999"
"0/1","19,22","41","99","549,0,363"
"0/1","14,29","43","99","799,0,442"
"0/1","15,24","39","99","764,0,479"
"0/1","16,24","40","99","780,0,517"
"0/1","22,20","42","99","656,0,676"
"0/1","31,16","47","99","423,0,1033"
"0/1","50,42","94","99","1076,0,1505"
"0/1","57,66","123","99","1996,0,1696"
"0/1","48,60","108","99","1692,0,1493"
"0/1","84,12","97","99","165,0,2666"
"0/1","36,42","91","99","1193,0,1091"
"0/1","70,20","90","99","468,0,2191"
"0/1","71,26","97","99","636,0,2111"
"0/1","87,12","99","90","90,0,2873"
"0/1","87,11","98","99","105,0,2906"
"0/1","82,20","102","99","360,0,2497"
"0/1","28,74","102","99","2210,0,796"
"0/1","46,54","100","99","1646,0,1304"
"0/1","53,48","101","99","1369,0,1654"
"0/1","29,73","102","99","2276,0,816"
"0/1","55,50","105","99","1361,0,1785"
"0/1","56,54","110","99","1529,0,1817"
"0/1","32,79","111","99","2501,0,851"
"0/1","54,57","111","99","1685,0,1701"
"0/1","93,29","122","99","651,0,3135"
"0/1","90,39","129","99","1055,0,2894"
"0/1","100,28","128","99","634,0,2957"
"0/1","82,40","122","99","1040,0,2584"
"0/1","89,29","118","99","721,0,2915"
"0/1","96,24","120","99","482,0,3108"
"0/1","33,101","134","99","3076,0,863"
"0/1","108,30","138","99","588,0,3431"
"0/1","110,28","138","99","512,0,3481"
"0/1","78,57","135","99","1705,0,2329"
"0/1","82,53","135","99","1544,0,2386"
"0/1","93,39","132","99","904,0,3023"
"0/1","102,15","117","99","126,0,3365"
"0/1","83,34","117","99","821,0,2666"
"0/1","56,19","75","99","487,0,1820"
"0/1","50,20","70","99","472,0,1692"
"0/1","49,20","70","99","511,0,1668"
"0/1","52,20","72","99","506,0,1724"
"0/1","56,17","74","99","388,0,1783"
"0/1","54,17","71","99","409,0,1682"
"0/1","51,14","65","99","267,0,1634"
"0/1","55,12","67","99","247,0,1740"
"0/1","51,16","67","99","403,0,1624"
"0/1","58,15","73","99","345,0,1876"
"0/1","39,28","67","99","812,0,1245"
"0/1","57,36","93","99","974,0,1647"
"0/1","23,69","92","99","2076,0,565"
"0/1","58,39","97","99","997,0,1642"
"0/1","62,35","98","99","898,0,1798"
"0/1","57,17","74","99","387,0,1557"
"0/0","99,1","100","99","0,228,3421"
"0/1","69,33","102","99","796,0,2199"
"0/1","67,27","94","99","709,0,1987"
"0/1","13,16","29","99","496,0,339"
"0/1","11,13","24","99","412,0,374"
"0/1","22,22","44","99","677,0,708"
"0/1","10,18","28","56","56,0,151"
"0/1","21,20","41","99","602,0,645"
"0/1","16,17","33","99","551,0,493"
"0/1","12,7","19","99","221,0,341"
"0/1","9,8","17","99","279,0,280"
"0/1","9,8","17","99","276,0,280"
"0/1","18,25","43","99","838,0,503"
"0/1","17,12","29","99","321,0,514"
"0/1","10,14","24","99","404,0,293"
"0/1","24,4","28","76","76,0,791"
"0/1","11,16","27","99","553,0,318"
"0/1","17,16","33","99","458,0,524"
"0/1","18,16","34","99","384,0,543"
"0/1","23,15","38","99","470,0,663"
"0/1","22,19,4","45","99","615,0,650,577,609,1275"
"0/1","41,18","59","99","459,0,1267"
"0/1","15,23","38","99","711,0,440"
"0/1","15,8","23","99","243,0,473"
"0/1","17,9","26","99","275,0,464"
"0/1","15,19","34","99","561,0,483"
"0/1","16,17","33","99","534,0,506"
"0/1","25,166","191","99","5411,0,399"
"0/1","170,65","236","99","1737,0,5343"
"0/1","10,16","26","99","520,0,331"
"0/1","11,12","23","99","383,0,375"
"0/1","19,16","35","99","514,0,671"
"0/1","13,10","23","99","335,0,450"
"0/1","20,11","31","99","312,0,616"
"0/1","16,13","29","99","434,0,481"
"0/1","16,13","29","99","397,0,480"
"0/1","19,29","48","99","893,0,535"
"0/1","18,26","47","99","747,0,583"
"0/1","7,10","17","99","354,0,228"
"0/1","9,10","19","99","347,0,268"
"0/1","16,12","28","99","400,0,570"
"0/1","12,8","20","99","238,0,425"
"0/1","16,12","28","99","398,0,497"
"0/1","11,11","22","99","383,0,343"
"0/1","9,16","25","99","569,0,281"
"0/1","6,12","18","99","365,0,196"
"0/1","15,7","22","99","222,0,472"
"0/1","16,7","23","99","219,0,504"
"0/1","12,12","24","99","414,0,363"
"0/1","12,22","34","99","783,0,338"
"0/1","13,10","23","99","334,0,404"
"0/1","14,6","20","99","185,0,425"
"0/1","8,8","16","99","245,0,245"
"0/1","13,16","29","99","455,0,417"
"0/1","14,16","30","99","538,0,451"
"0/1","13,20","33","99","582,0,413"
"0/1","6,9","15","99","325,0,197"
"0/1","16,9","25","99","290,0,538"
"0/1","7,12","19","99","386,0,192"
"0/1","7,5","12","99","166,0,240"
"0/1","6,17","23","99","484,0,134"
"0/1","16,14","30","99","451,0,519"
"0/1","12,12","24","99","380,0,412"
"0/1","11,19","30","99","684,0,342"
"0/1","13,14","27","99","482,0,445"
"0/1","14,8","22","99","219,0,504"
"0/1","13,7","20","99","233,0,388"
"0/1","8,12","20","99","390,0,223"
"0/1","6,14","20","99","446,0,193"
"0/1","7,12","20","99","398,0,223"
"0/1","17,10","27","99","332,0,518"
"0/1","14,15","29","99","473,0,490"
"0/1","7,26","33","99","828,0,138"
"0/1","18,18","36","99","628,0,530"
"0/1","9,10","19","99","345,0,271"
"1/1","0,23","23","45","515,45,0"
"0/1","22,24","46","99","719,0,713"
"0/1","21,14","35","99","395,0,734"
"0/0","27,0","27","78","0,78,1008"
"0/1","14,10","24","99","331,0,446"
"0/1","11,19","30","99","608,0,318"
"0/1","11,17","28","99","547,0,315"
"0/1","11,14","25","99","424,0,309"
"0/1","10,16","26","99","526,0,318"
"0/1","18,12","30","99","395,0,554"
"0/1","12,20","32","99","640,0,328"
"0/1","13,17","30","99","532,0,356"
"0/1","17,15","32","99","397,0,495"
"0/1","15,20","35","99","645,0,494"
"0/0","30,0","30","60","0,60,777"
"0/1","23,11","34","99","145,0,445"
"0/1","22,11","34","99","147,0,413"
"0/1","22,12","34","99","230,0,467"
"0/0","28,0","28","81","0,81,1074"
"0/1","12,12","24","99","344,0,413"
"0/1","12,12","24","99","334,0,410"
"0/1","11,10","21","99","282,0,386"
"0/1","10,15","25","99","492,0,328"
"0/1","13,11","24","99","366,0,465"
"0/1","9,16","25","99","566,0,289"
"0/1","12,8","20","99","266,0,387"
"0/1","49,19","68","99","538,0,1634"
"0/1","56,14","70","99","379,0,1750"
"0/1","25,27","52","99","918,0,796"
"0/1","54,20","74","99","529,0,1793"
"0/1","24,34","58","99","1107,0,709"
"0/1","20,38","58","99","1318,0,529"
"0/1","27,8","35","99","228,0,915"
"0/0","61,0","61","99","0,169,2237"
"0/0","65,2","68","99","0,130,2223"
"0/1","22,26","48","99","753,0,658"
"0/0","32,0","33","96","0,96,1240"
"0/1","11,6","17","99","176,0,373"
"0/1","12,14","26","99","446,0,419"
"0/1","7,7","14","99","243,0,208"
"0/1","13,9","22","99","307,0,424"
"0/1","14,12","26","99","402,0,414"
"0/1","9,9","18","99","305,0,313"
"0/1","9,16","25","99","477,0,269"
"0/1","9,17","26","99","480,0,270"
"0/1","13,13","26","99","391,0,372"
"0/1","6,4","10","99","122,0,207"
"0/1","11,10","21","99","350,0,350"
"0/1","5,11","16","99","390,0,157"
"0/1","12,5","17","99","155,0,391"
"0/1","10,10","20","99","346,0,316"
"0/1","11,11","22","99","355,0,355"
"0/1","7,9","16","99","322,0,200"
"0/1","8,16","24","99","546,0,255"
"0/1","13,7","20","99","222,0,472"
"0/1","10,11","21","99","386,0,331"
"0/1","5,10","15","99","333,0,163"
"0/1","11,10","21","99","303,0,379"
"0/1","11,10","21","99","339,0,386"
"0/1","15,9","24","99","285,0,492"
"0/1","19,10","29","99","310,0,607"
"0/1","18,11","29","99","331,0,581"
"0/1","13,12","25","99","405,0,420"
"0/1","3,11","14","81","412,0,81"
"0/1","13,9","22","99","300,0,461"
"0/1","12,6","18","99","177,0,376"
"0/0","18,0","18","51","0,51,678"
"0/1","5,16","21","99","543,0,132"
"0/1","9,10","19","99","311,0,310"
"0/1","13,9","22","99","300,0,423"
"0/1","6,12","18","99","426,0,183"
"0/1","11,9","20","99","285,0,379"
"0/1","12,14","26","99","476,0,389"
"0/1","9,7","16","99","235,0,319"
"0/1","12,15","27","99","482,0,362"
"0/1","12,11","23","99","366,0,374"
"0/1","12,14","26","99","449,0,387"
"0/1","18,16","34","99","500,0,621"
"0/1","8,15","23","99","535,0,211"
"0/1","15,20","35","99","628,0,484"
"0/1","16,14","30","99","482,0,485"
"0/1","13,13","26","99","387,0,420"
"0/1","12,16","28","99","570,0,407"
"0/1","7,10","17","99","349,0,202"
"0/1","10,18","28","99","494,0,263"
"0/1","10,5","15","99","132,0,294"
"0/1","5,10","15","99","356,0,150"
"0/0","27,2","29","60","0,60,760"
"0/1","11,3","15","47","47,0,286"
"0/0","32,4","37","10","0,10,965"
"0/1","12,16","33","99","397,0,270"
"0/1","9,14","23","81","81,0,208"
"0/1","10,25","35","99","726,0,256"
"0/1","4,11","15","84","394,0,84"
"0/1","17,13","30","99","432,0,558"
"0/1","18,15","33","99","489,0,590"
"0/1","17,15","32","99","462,0,455"
"0/1","18,17","35","99","514,0,595"
"0/1","7,16","23","99","594,0,212"
"0/1","21,9","30","99","123,0,604"
"0/1","20,9","29","99","137,0,666"
"0/1","19,8","27","99","142,0,660"
"0/0","31,0","32","81","0,81,1084"
"0/1","9,10","19","99","305,0,243"
"0/1","10,23","33","99","665,0,262"
"0/1","2,16","18","1","402,0,1"
"0/1","21,14","35","99","369,0,652"
"0/1","8,10","18","99","291,0,227"
"0/1","14,23","37","99","743,0,378"
"0/1","20,15","35","99","458,0,535"
"0/0","17,0","17","51","0,51,642"
"0/0","23,0","23","60","0,60,786"
"0/1","8,16","25","99","477,0,197"
"0/1","35,5","40","90","90,0,933"
"0/1","21,13","34","99","436,0,543"
"0/1","10,11","21","99","346,0,341"
"0/1","7,9","16","99","311,0,229"
"0/1","15,9","24","99","263,0,455"
"0/1","10,14","24","99","442,0,203"
"0/0","33,0","33","84","0,84,1102"
"1/1","0,21","21","57","749,57,0"
"0/1","7,11","18","99","358,0,182"
"0/1","16,14","30","99","406,0,503"
"0/1","16,18","34","99","603,0,515"
"0/1","15,17","32","99","585,0,429"
"0/1","14,9","23","99","254,0,475"
"0/1","7,13","20","98","471,0,98"
"0/1","12,11","23","99","312,0,413"
"0/1","9,9","18","99","125,0,323"
"1/1","4,30","34","53","1156,53,0"
"0/1","12,18","31","99","594,0,362"
"0/0","46,4","50","18","0,18,1306"
"0/1","32,6","38","14","14,0,829"
"0/0","25,0","25","72","0,72,960"
"0/1","15,7","22","99","216,0,541"
"0/1","17,18","35","99","629,0,572"
"0/1","11,14","25","99","461,0,321"
"0/1","16,20","36","99","510,0,516"
"0/0","22,0","22","66","0,66,881"
"0/0","12,0","12","33","0,33,452"
"0/1","22,14","36","99","393,0,737"
"0/1","12,20","32","99","617,0,379"
"0/1","8,10","18","99","337,0,260"
"0/1","13,19","32","99","592,0,423"
"0/1","9,7","16","99","228,0,313"
"0/1","13,16","29","99","515,0,425"
"0/1","12,22","34","99","679,0,385"
"0/1","19,13","32","99","416,0,569"
"0/1","9,14","23","99","426,0,279"
"0/1","11,13","24","99","448,0,366"
"0/1","10,21","31","99","616,0,295"
"0/1","19,17","36","99","505,0,557"
"0/1","15,7","22","99","182,0,488"
"0/1","15,15","30","99","470,0,481"
"0/0","5,4","9","12","0,12,144"
"0/1","20,15","35","99","488,0,698"
"0/1","13,13","26","99","402,0,429"
"0/1","7,18","25","99","659,0,152"
"0/1","20,23","43","99","786,0,592"
"0/1","17,16","33","99","505,0,549"
"0/1","17,16","36","99","360,0,306"
"0/1","15,19","34","99","408,0,343"
"0/1","23,22","45","99","651,0,630"
"0/1","36,20","57","99","396,0,491"
"0/0","19,0","19","51","0,51,659"
"0/0","21,0","21","57","0,57,740"
"0/0","21,0","21","57","0,57,730"
"0/0","29,0","29","84","0,84,1092"
"0/1","19,15","34","99","485,0,651"
"0/0","17,5","22","45","0,45,610"
"1/1","0,12","12","33","442,33,0"
"0/1","9,6","15","95","95,0,333"
"0/1","10,6","16","95","95,0,334"
"0/1","8,7","15","99","101,0,259"
"0/0","12,0","12","33","0,33,432"
"0/1","10,15","25","99","499,0,324"
"0/1","10,16","26","99","535,0,319"
"0/1","12,20","32","99","638,0,313"
"0/1","15,17","32","99","525,0,410"
"0/1","13,13","26","99","375,0,446"
"0/1","14,10","24","99","249,0,489"
"0/1","11,15","26","99","491,0,359"
"0/1","13,15","28","99","496,0,396"
"0/1","14,17","31","99","499,0,426"
"0/1","20,17","37","99","568,0,625"
"0/1","15,12","27","99","352,0,517"
"0/1","13,13","26","99","389,0,447"
"0/1","11,19","30","99","575,0,352"
"0/1","10,18","28","99","553,0,319"
"0/1","10,17","27","99","541,0,314"
"0/1","8,16","24","99","558,0,234"
"0/1","11,21","32","99","663,0,265"
"0/1","14,16","30","99","509,0,421"
"0/1","12,14","26","99","426,0,329"
"0/1","14,15","29","99","456,0,431"
"0/1","18,12","30","99","324,0,551"
"0/1","21,15","36","99","450,0,695"
"0/1","21,15","36","99","449,0,652"
"0/1","19,13","32","99","396,0,637"
"0/1","15,15","31","99","491,0,392"
"0/1","16,16","32","99","531,0,534"
"0/1","13,15","28","99","440,0,425"
"0/1","14,18","33","99","516,0,416"
"0/1","8,5","13","99","126,0,247"
"0/1","27,20","47","99","651,0,901"
"0/1","22,26","48","99","825,0,616"
"0/1","21,22","43","99","699,0,660"
"0/1","20,10","31","99","307,0,539"
"0/1","19,9","29","99","275,0,502"
"0/1","13,18","31","99","495,0,350"
"0/1","15,14","29","99","335,0,470"
"0/1","11,11","24","99","234,0,266"
"0/1","16,16","33","99","385,0,481"
"0/1","16,11","28","99","279,0,453"
"0/1","17,13","30","99","298,0,453"
"0/1","24,22","46","99","598,0,563"
"0/1","41,15","56","99","395,0,871"
"0/0","11,1","12","9","0,9,120"
"0/0","23,0","23","54","0,54,678"
"0/1","10,4","14","72","72,0,352"
"0/1","13,5","18","81","81,0,370"
"0/1","14,18","32","99","581,0,463"
"0/1","21,21","42","99","662,0,711"
"0/1","18,8","26","99","220,0,318"
"0/1","21,8","31","28","28,0,440"
"0/1","18,12","30","99","394,0,590"
"0/1","10,10","20","99","321,0,316"
"0/1","11,9","20","99","293,0,348"
"0/1","13,12","25","99","334,0,426"
"0/1","14,12","26","99","366,0,376"
"0/1","14,11","26","99","358,0,418"
"0/1","11,10","21","99","341,0,354"
"0/1","6,14","20","99","512,0,143"
"0/1","7,2","9","56","56,0,255"
"0/1","7,4","11","99","129,0,247"
"0/1","9,9","18","99","305,0,311"
"0/1","8,14","22","99","502,0,258"
"0/1","10,10","20","99","266,0,328"
"0/1","9,15","24","99","492,0,288"
"0/1","6,6","12","99","209,0,207"
"0/1","6,6","12","99","199,0,203"
"0/1","13,11","24","99","331,0,437"
"0/1","15,10","25","99","329,0,535"
"0/1","15,10","25","99","335,0,470"
"0/1","12,10","22","99","312,0,351"
"0/1","5,9","14","99","312,0,157"
"0/1","11,6","17","99","187,0,390"
"0/1","9,7","16","99","177,0,312"
"0/1","11,7","18","99","232,0,366"
"0/1","8,13","21","99","437,0,269"
"0/1","10,16","26","99","559,0,295"
"0/1","13,10","23","99","346,0,391"
"0/1","11,10","21","99","342,0,297"
"0/1","16,14","30","99","492,0,490"
"0/1","10,5","16","99","157,0,327"
"0/1","62,10","72","99","100,0,1137"
"0/1","13,11","24","99","337,0,322"
"0/1","16,12","28","99","369,0,423"
"0/1","6,24","30","80","776,0,80"
"0/1","14,20","34","99","609,0,443"
"0/1","14,23","37","99","751,0,419"
"0/0","17,0","17","39","0,39,473"
"0/1","8,7","15","99","239,0,280"
"0/1","15,14","29","99","467,0,509"
"0/1","18,11","29","99","368,0,462"
"0/1","15,14","29","99","485,0,367"
"0/1","13,15","28","99","400,0,422"
"0/1","15,11","26","99","334,0,523"
"0/1","14,8","22","99","258,0,500"
"0/1","9,10","19","99","322,0,273"
"0/1","10,9","19","99","302,0,348"
"0/1","15,12","27","99","374,0,431"
"0/1","9,13","22","99","450,0,306"
"0/1","10,7","17","99","204,0,362"
"0/1","16,15","31","99","515,0,542"
"0/1","17,21","38","99","619,0,528"
"0/1","13,11","24","99","373,0,457"
"0/1","12,10","22","99","336,0,381"
"0/1","9,9","18","99","266,0,313"
"0/0","14,0","14","42","0,42,551"
"0/1","17,22","39","99","732,0,489"
"0/1","10,15","25","99","499,0,338"
"0/1","18,21","39","99","728,0,532"
"0/1","16,20","36","99","615,0,492"
"0/1","21,7","28","99","207,0,682"
"0/1","21,20","41","99","107,0,460"
"0/1","24,11","35","99","321,0,752"
"0/1","40,4","44","24","24,0,1313"
"0/1","54,10","64","99","140,0,1897"
"0/1","42,40","82","99","1157,0,1249"
"0/1","35,9","44","99","189,0,1207"
"0/1","33,8","41","99","191,0,1159"
"0/1","35,7","42","99","162,0,1247"
"0/1","36,16","52","99","454,0,1311"
"0/1","33,18","51","99","514,0,1192"
"0/1","38,16","54","99","449,0,1286"
"0/1","30,13","43","99","368,0,1001"
"0/1","35,10","45","99","271,0,1256"
"0/1","35,13","48","99","363,0,1170"
"0/1","38,14","52","99","387,0,1261"
"0/1","31,11","42","99","318,0,1074"
"0/1","25,10","35","99","297,0,886"
"0/1","27,7","34","99","157,0,952"
"0/1","29,10","40","99","236,0,1029"
"0/1","59,11","70","99","245,0,1985"
"0/1","54,11","66","99","270,0,1783"
"0/1","48,7","55","99","128,0,1658"
"0/1","47,6","53","94","94,0,1680"
"0/1","32,20,7","59","99","653,0,1067,494,877,1600"
"0/1","57,6","63","50","50,0,1999"
"0/1","52,7","59","63","63,0,1818"
"0/1","52,7","59","54","54,0,1837"
"0/1","40,7","47","55","55,0,1449"
"0/1","48,14","62","99","282,0,1565"
"0/1","29,7","36","99","182,0,1038"
"0/1","28,6","34","99","136,0,974"
"0/1","29,6","35","99","130,0,1027"
"0/1","29,6","35","99","132,0,1059"
"0/1","27,4","31","62","62,0,985"
"0/1","26,3","29","34","34,0,900"
"0/1","31,5","36","96","96,0,1113"
"0/1","29,6","35","99","105,0,1047"
"0/1","25,6","31","99","118,0,928"
"0/1","21,6","27","99","164,0,751"
"0/1","23,6","29","99","152,0,831"
"0/1","28,11","39","99","297,0,1026"
"0/1","26,9","35","99","226,0,923"
"0/1","30,10","40","99","263,0,1038"
"0/0","28,0","28","81","0,81,1099"
"0/1","32,7","39","80","80,0,1132"
"0/1","29,4","33","68","68,0,1061"
"0/1","28,10","38","99","251,0,1025"
"0/1","35,12","47","99","236,0,1259"
"0/1","39,5","44","39","39,0,1386"
"0/1","39,5","44","67","67,0,1387"
"0/1","52,10","62","99","154,0,1582"
"0/1","39,19","59","99","496,0,1248"
"0/1","37,20","57","99","496,0,1279"
"0/1","57,13","70","99","314,0,1896"
"0/1","14,58","72","99","1876,0,275"
"0/1","59,13","72","99","284,0,1967"
"0/1","60,13","73","99","281,0,2026"
"0/1","58,16","74","99","355,0,1998"
"0/1","44,17","61","99","392,0,1340"
"0/1","43,17","60","99","408,0,1271"
"0/1","55,17","72","99","412,0,1733"
"0/1","53,20","73","99","539,0,1787"
"0/1","52,20","72","99","581,0,1695"
"0/1","46,21","67","99","505,0,1589"
"0/1","57,21","79","99","391,0,1884"
"0/1","50,13","66","99","274,0,1522"
"0/1","50,13","63","99","237,0,1359"
"0/1","40,10","57","99","215,0,1059"
"0/0","66,1","71","99","0,190,2489"
"0/1","74,24","98","99","588,0,2160"
"0/1","47,18","65","99","469,0,1566"
"0/1","52,17","69","99","455,0,1652"
"0/1","51,15,4","70","99","350,0,1692,409,1645,2133"
"0/1","49,15","65","99","382,0,1523"
"0/1","37,17","56","99","467,0,1281"
"0/1","39,15","54","99","400,0,1360"
"0/1","44,17","64","99","457,0,1514"
"0/1","54,19","73","99","543,0,1781"
"0/1","57,19","76","99","535,0,1872"
"0/1","58,18","76","99","492,0,1881"
"0/1","59,18","77","99","493,0,1902"
"0/1","58,21","79","99","591,0,1963"
"0/1","56,16","72","99","381,0,1855"
"0/1","32,16","48","99","394,0,900"
"0/1","43,16","60","99","367,0,1505"
"0/1","46,15","61","99","427,0,1593"
"0/1","46,14","60","99","385,0,1557"
"0/1","39,14","53","99","334,0,1400"
"0/1","39,13","52","99","373,0,1379"
"0/1","42,14","56","99","320,0,1506"
"0/1","45,16","61","99","363,0,1589"
"0/1","41,12","53","99","263,0,1316"
"0/1","36,17","53","99","495,0,1236"
"0/1","42,14","56","99","351,0,1362"
"0/1","47,11","58","99","166,0,1542"
"0/1","50,17","68","99","471,0,1816"
"0/1","39,20","59","99","617,0,1378"
"0/1","42,20","62","99","596,0,1370"
"0/1","46,19","65","99","417,0,1566"
"0/1","50,20","70","99","524,0,1707"
"0/1","54,17","71","99","478,0,1782"
"0/1","54,16","70","99","459,0,1738"
"0/1","56,15","71","99","396,0,1800"
"0/1","49,12","61","99","314,0,1671"
"0/1","44,13","58","99","357,0,1488"
"0/1","52,16","68","99","454,0,1769"
"0/1","58,16","74","99","437,0,1918"
"0/1","58,22","80","99","610,0,1911"
"0/1","58,24","82","99","687,0,1957"
"0/1","56,25","81","99","727,0,1839"
"0/1","60,25","85","99","728,0,1958"
"0/1","56,24","80","99","718,0,1798"
"0/1","52,23","75","99","696,0,1679"
"0/1","48,23","71","99","718,0,1587"
"0/1","42,15","57","99","443,0,1442"
"0/1","54,20","74","99","545,0,1751"
"0/1","47,23","70","99","674,0,1521"
"0/1","37,14","57","99","355,0,1046"
"0/1","29,13","42","99","378,0,981"
"0/1","30,17","47","99","541,0,1016"
"0/1","27,14","41","99","449,0,897"
"0/1","32,18","50","99","563,0,1055"
"0/1","44,19","64","99","540,0,1415"
"0/1","44,16","60","99","458,0,1304"
"0/1","48,17","65","99","469,0,1533"
"0/1","42,17","59","99","475,0,1418"
"0/1","42,17","59","99","478,0,1347"
"0/1","36,11","47","99","269,0,1190"
"0/1","42,10","52","99","257,0,1316"
"0/1","41,10","54","99","258,0,1180"
"0/1","31,10","43","99","291,0,985"
"0/1","36,10","46","99","164,0,1129"
"0/1","30,5","35","86","86,0,925"
"0/1","14,4","18","75","75,0,427"
"1/1","0,15","15","45","599,45,0"
"0/1","16,7","23","99","163,0,501"
"0/1","18,7","25","99","162,0,577"
"0/0","13,0","13","33","0,33,446"
"0/0","13,0","13","27","0,27,382"
"0/0","14,0","14","33","0,33,455"
"0/0","20,4","24","11","0,11,518"
"0/0","21,0","21","48","0,48,637"
"0/1","13,8","21","99","167,0,284"
"0/0","23,4","27","21","0,21,626"
"0/1","67,10","77","99","149,0,2109"
"0/1","71,34","105","99","867,0,2162"
"0/1","75,28","103","99","647,0,2460"
"0/1","73,29","102","99","686,0,2387"
"0/1","76,26","102","99","617,0,2399"
"0/1","48,12","61","91","91,0,1474"
"0/1","9,16","25","99","320,0,243"
"0/1","9,15","25","99","402,0,245"
"0/1","22,6","28","88","88,0,617"
"0/1","23,6","29","56","56,0,625"
"0/1","16,14","30","99","479,0,486"
"0/0","19,2","22","21","0,21,279"
"0/0","8,0","8","24","0,24,311"
"0/0","8,0","8","24","0,24,311"
"0/0","8,0","8","24","0,24,314"
"0/0","8,0","8","24","0,24,306"
"0/0","9,0","9","27","0,27,340"
"0/0","9,0","9","27","0,27,340"
"0/0","9,0","9","27","0,27,347"
"0/0","9,0","9","27","0,27,344"
"0/0","10,0","10","30","0,30,381"
"0/0","11,0","11","33","0,33,403"
"0/0","11,0","11","33","0,33,397"
"0/0","12,0","12","36","0,36,458"
"0/0","12,0","12","36","0,36,466"
"0/0","13,0","13","39","0,39,512"
"0/0","19,0","19","45","0,45,575"
"0/0","20,0","20","54","0,54,707"
"0/0","21,0","21","57","0,57,737"
"0/1","25,19","44","99","581,0,774"
"0/1","16,8","24","99","254,0,511"
"0/1","11,8","19","99","272,0,373"
"0/1","15,16","31","99","548,0,496"
"0/1","15,13","28","99","411,0,465"
"0/1","14,14","28","99","462,0,483"
"0/1","17,15","32","99","394,0,555"
"0/1","23,22","45","99","644,0,732"
"0/1","14,9","23","99","289,0,406"
"0/1","11,8","19","99","268,0,389"
"0/1","14,10","24","99","297,0,367"
"0/1","9,16","25","99","502,0,277"
"0/1","16,14","30","99","420,0,544"
"0/1","11,16","27","99","420,0,369"
"0/1","19,15","34","99","413,0,650"
"0/1","14,15","29","99","491,0,461"
"0/1","10,5","15","99","145,0,349"
"0/1","13,9","22","99","230,0,442"
"0/1","12,8","20","99","227,0,402"
"0/1","27,14","41","99","445,0,907"
"0/1","17,21","38","99","713,0,528"
"0/1","17,21","38","99","692,0,567"
"0/1","15,21","36","99","612,0,490"
"0/1","11,13","24","99","291,0,271"
"0/1","2,19","21","17","673,0,17"
"0/1","31,11","42","99","291,0,913"
"0/1","12,13","25","99","455,0,314"
"0/1","17,11","28","99","339,0,597"
"0/1","8,17","25","99","527,0,257"
"0/1","10,10","20","99","319,0,284"
"0/1","11,8","19","99","265,0,381"
"0/1","12,17","29","99","549,0,397"
"0/0","5,0","5","12","0,12,150"
"1/1","0,13","14","36","473,36,0"
"0/1","23,8","31","72","72,0,576"
"0/1","15,14","30","99","395,0,523"
"0/1","22,17","39","99","533,0,677"
"0/1","19,22","41","99","652,0,619"
"0/1","48,10","58","99","142,0,1311"
"0/1","23,13","36","99","388,0,589"
"0/1","19,8","27","99","227,0,565"
"0/1","52,19","71","99","347,0,1467"
"0/1","42,10","53","49","49,0,1270"
"0/1","27,20","47","99","667,0,841"
"0/0","14,3","17","36","0,36,487"
"0/1","27,3","31","21","21,0,870"
"0/1","18,11","29","99","347,0,570"
"0/1","25,4","29","42","42,0,769"
"0/1","19,4","24","47","47,0,675"
"0/1","19,14","33","99","377,0,489"
"0/1","17,22","39","99","652,0,490"
"0/1","19,7","26","99","119,0,594"
"0/1","20,14","35","99","379,0,568"
"0/1","35,11","48","99","253,0,1002"
"0/1","43,10","54","99","195,0,1192"
"0/1","34,12","46","99","309,0,1043"
"0/0","40,0","40","99","0,114,1401"
"0/1","55,45","100","99","1325,0,1739"
"0/1","15,7","22","99","200,0,376"
"0/0","20,0","20","60","0,60,771"
"0/1","7,8","15","99","190,0,115"
"0/1","8,11","19","99","367,0,207"
"0/0","11,0","11","27","0,27,343"
"0/1","16,9","25","99","177,0,548"
"0/1","21,6","27","45","45,0,543"
"0/1","10,17","27","99","587,0,268"
"0/1","12,16","28","99","499,0,374"
"0/1","16,9","25","99","282,0,563"
"0/1","16,11","27","99","331,0,569"
"0/1","5,9","14","99","259,0,132"
"1/1","2,30","33","13","1058,13,0"
"0/0","8,0","8","21","0,21,289"
"0/1","19,7","26","99","109,0,682"
"0/0","9,0","9","27","0,27,361"
"0/0","9,0","9","27","0,27,362"
"0/0","10,0","10","30","0,30,385"
"0/0","9,0","9","27","0,27,364"
"0/0","10,0","10","24","0,24,328"
"0/0","10,0","10","24","0,24,328"
"0/1","29,4","33","36","36,0,966"
"0/1","35,4","40","16","16,0,1197"
"0/1","37,4","41","15","15,0,1198"
"0/0","39,0","40","99","0,114,1485"
"0/0","34,1","35","61","0,61,1081"
"0/0","36,1","37","70","0,70,1235"
"0/0","52,0","52","99","0,147,1850"
"0/0","50,0","50","99","0,132,1717"
"0/1","21,9","30","99","243,0,730"
"0/1","32,8","41","99","163,0,144"
"0/1","33,5","38","91","91,0,136"
"0/1","33,4","37","93","93,0,95"
"0/1","30,3","35","77","96,0,77"
"0/1","28,2","32","59","59,0,102"
"0/1","26,2","29","60","60,0,102"
"0/1","19,15","34","99","500,0,628"
"0/1","12,7","19","99","222,0,415"
"0/1","16,16","32","99","538,0,545"
"0/1","17,7","24","99","212,0,610"
"0/1","12,20","32","99","654,0,367"
"0/1","19,13","32","99","390,0,635"
"0/1","26,6","32","99","123,0,247"
"0/1","15,12","27","99","363,0,517"
"0/1","10,8","18","99","203,0,359"
"0/1","16,12","29","99","395,0,486"
"0/1","15,14","29","99","406,0,463"
"0/1","19,17","36","99","472,0,604"
"0/1","17,16","33","99","525,0,533"
"0/0","22,0","22","57","0,57,762"
"0/1","19,17","36","99","547,0,577"
"0/1","18,16","34","99","460,0,584"
"0/1","14,14","28","99","426,0,461"
"0/1","12,13","25","99","373,0,365"
"0/1","22,18","40","99","486,0,715"
"0/1","13,11","26","99","133,0,249"
"0/1","9,8","17","99","266,0,275"
"0/1","8,8","16","99","263,0,253"
"0/0","13,0","13","39","0,39,498"
"0/1","10,14","24","99","435,0,327"
"0/0","27,0","27","81","0,81,1081"
"0/1","14,20","34","99","641,0,410"
"0/1","15,5","20","99","120,0,432"
"0/0","1,0","1","3","0,3,40"
"0/0","2,0","2","6","0,6,80"
"0/0","3,0","3","9","0,9,119"
"0/0","3,0","3","9","0,9,122"
"0/0","5,0","5","12","0,12,159"
"0/1","11,10","21","99","347,0,339"
"0/1","10,10","20","99","318,0,271"
"0/1","5,5","10","99","172,0,170"
"0/1","8,9","17","99","304,0,276"
"0/0","8,1","9","18","0,18,221"
"0/1","14,14","28","99","434,0,432"
"0/1","8,5","14","37","37,0,164"
"0/1","9,7","16","99","136,0,233"
"0/1","7,7","15","99","164,0,209"
"0/1","8,7","15","99","138,0,198"
"0/0","31,0","31","84","0,84,1106"
"0/1","11,23","34","99","771,0,340"
"0/1","22,2","24","53","53,0,252"
"0/1","10,2","12","67","67,0,69"
"0/1","21,12","33","99","314,0,575"
"0/1","9,17","26","99","578,0,258"
"0/1","27,3","30","19","19,0,884"
"0/1","4,14","21","99","355,0,115"
"0/1","8,7","15","99","230,0,277"
"0/1","6,14","20","99","477,0,188"
"0/1","11,8","20","99","270,0,387"
"0/1","20,13","33","99","375,0,568"
"0/0","21,0","21","63","0,63,855"
"0/1","11,4","15","99","118,0,340"
"0/1","13,10","23","99","325,0,457"
"0/1","16,9","25","99","298,0,525"
"0/1","17,7","24","99","219,0,536"
"0/1","12,17","29","99","570,0,369"
"0/0","11,0","12","27","0,27,346"
"1/1","0,21","21","42","548,42,0"
"0/1","10,13","23","99","429,0,306"
"0/1","14,6","20","99","185,0,423"
"0/1","10,13","23","99","450,0,336"
"0/1","16,10","26","99","322,0,566"
"0/1","8,10","18","99","337,0,258"
"0/1","13,15","28","99","488,0,368"
"0/1","11,15","26","99","440,0,287"
"0/1","17,5","22","98","98,0,525"
"0/1","8,21","29","99","674,0,164"
"0/0","25,0","25","63","0,63,813"
"0/1","16,8","25","99","142,0,492"
"0/1","11,12","23","99","386,0,337"
"0/1","17,9","26","99","204,0,461"
"0/0","4,1","13","9","0,9,116"
"0/1","15,15","30","99","477,0,362"
"0/1","14,24","38","99","809,0,456"
"0/1","16,15","31","99","440,0,508"
"0/1","10,8","18","99","230,0,288"
"1/1","0,25","25","75","1010,75,0"
"1/1","1,17","18","27","660,27,0"
"0/1","11,15","26","99","513,0,360"
"0/1","16,9","25","99","156,0,453"
"0/1","22,21","43","99","698,0,686"
"0/1","21,14","35","99","382,0,681"
"0/1","9,14","24","99","445,0,303"
"0/1","13,14","27","99","456,0,315"
"0/1","13,14","27","99","428,0,350"
"0/1","14,16","30","99","381,0,420"
"0/1","14,18","32","99","484,0,368"
"0/0","20,0","20","51","0,51,679"
"0/0","13,0","13","30","0,30,380"
"0/1","6,5","11","81","81,0,218"
"0/1","9,3","12","84","84,0,246"
"0/1","17,15","32","99","465,0,494"
"0/1","51,32","83","99","840,0,1687"
"0/1","64,13","77","99","274,0,2129"
"0/1","60,13","73","99","290,0,2020"
"0/1","56,13","69","99","319,0,1675"
"0/1","54,19","73","99","454,0,1707"
"0/1","41,10","52","73","73,0,978"
"0/1","12,8","20","99","269,0,390"
"0/1","17,19","36","99","676,0,588"
"0/1","24,18","42","99","499,0,561"
"0/1","18,26","44","99","798,0,484"
"0/1","14,28","42","99","927,0,290"
"0/1","27,27","54","99","493,0,811"
"0/1","28,23","51","99","441,0,843"
"0/1","29,23","52","99","436,0,951"
"0/1","28,13","41","99","265,0,943"
"0/1","28,13","41","99","246,0,950"
"0/1","29,18","47","99","411,0,985"
"0/1","21,5","26","40","40,0,621"
"0/1","22,5","27","37","37,0,667"
"0/1","20,5","25","43","43,0,590"
"0/1","21,15","36","99","355,0,569"
"0/1","33,8","41","99","217,0,499"
"0/1","50,17","67","99","490,0,1432"
"0/0","26,0","26","78","0,78,990"
"0/1","6,9","15","99","316,0,200"
"0/1","11,20","31","99","483,0,326"
"0/1","9,1","10","13","13,0,225"
"0/1","10,2","12","53","53,0,149"
"0/0","13,0","14","27","0,27,307"
"0/1","20,11","31","99","269,0,523"
"0/1","36,10","46","99","182,0,1096"
"0/1","41,10","51","99","123,0,1283"
"0/1","9,35","44","99","1031,0,129"
"0/1","23,6","29","50","50,0,793"
"0/1","23,6","29","48","48,0,786"
"0/1","17,10","27","99","169,0,524"
"0/1","19,7","26","50","50,0,555"
"0/1","25,3","28","34","34,0,741"
"0/0","43,0","43","96","0,96,1190"
"0/1","35,17","52","99","307,0,971"
"0/1","14,9","23","99","156,0,373"
"0/1","15,2","17","3","3,0,431"
"0/1","11,16","29","99","323,0,287"
"0/1","8,5","14","99","132,0,226"
"0/1","33,9","42","99","210,0,1117"
"0/1","28,9","37","99","229,0,945"
"0/1","28,10","38","99","226,0,957"
"0/1","29,10","39","99","235,0,1026"
"0/1","19,24","43","99","715,0,632"
"0/1","13,18","31","99","491,0,413"
"0/1","15,20","35","99","588,0,463"
"0/1","18,12","30","99","396,0,480"
"0/1","12,5","18","99","120,0,339"
"0/1","12,5","17","99","157,0,333"
"0/1","11,8","19","99","269,0,321"
"0/1","7,3","10","93","93,0,257"
"0/1","14,14","28","99","448,0,482"
"0/1","19,13","32","99","431,0,668"
"0/1","12,19","31","99","617,0,399"
"0/1","4,11","15","99","398,0,115"
"0/1","8,10","18","99","309,0,272"
"0/1","17,10","27","99","295,0,548"
"0/1","17,8","25","99","253,0,528"
"0/1","12,8","20","99","254,0,416"
"0/1","5,11","16","99","359,0,158"
"0/1","17,12","29","99","392,0,529"
"0/1","14,10","24","99","340,0,287"
"0/1","7,18","25","99","617,0,206"
"0/1","13,14","27","99","387,0,455"
"0/1","12,11","23","99","375,0,420"
"0/1","9,9","18","99","310,0,272"
"0/1","13,6","19","99","186,0,479"
"1/1","0,19","19","54","719,54,0"
"0/1","7,11","18","99","346,0,108"
"0/1","24,18","42","99","527,0,748"
"0/1","18,14","32","99","456,0,547"
"0/0","27,3","30","81","0,81,1077"
"0/1","13,13","26","99","410,0,414"
"0/0","26,4","30","23","0,23,699"
"0/1","15,12","27","99","301,0,510"
"0/1","15,11","26","99","367,0,451"
"0/1","16,18","34","99","527,0,471"
"0/1","19,14","33","99","468,0,631"
"0/1","13,14","27","99","467,0,346"
"0/1","21,12","33","99","384,0,709"
"0/0","9,0","9","15","0,15,191"
"0/0","10,0","10","15","0,15,194"
"0/1","10,8","19","99","271,0,342"
"0/1","14,13","27","99","448,0,446"
"0/1","14,17","31","99","514,0,392"
"0/1","10,16","26","99","544,0,229"
"0/1","23,17","40","99","494,0,638"
"0/1","12,13","25","99","411,0,345"
"0/1","13,25","38","99","783,0,338"
"0/1","11,15","26","99","525,0,296"
"0/1","16,13","29","99","404,0,335"
"0/0","37,0","37","99","0,105,1394"
"0/0","37,0","37","99","0,105,1389"
"0/0","34,0","34","96","0,96,1293"
"0/0","35,0","35","99","0,99,1305"
"0/1","3,18","22","48","623,0,48"
"0/0","25,0","25","69","0,69,925"
"0/0","14,1","15","33","0,33,439"
"0/1","3,8","12","93","188,0,93"
"0/1","8,12","21","99","305,0,188"
"0/1","11,12","23","99","371,0,262"
"0/1","17,22","39","99","687,0,534"
"0/1","17,6","23","99","167,0,586"
"0/1","7,11","18","99","395,0,193"
"0/1","15,21","36","99","630,0,459"
"0/1","9,17","26","99","565,0,208"
"0/1","15,25","40","99","758,0,404"
"0/0","17,1","18","45","0,45,580"
"0/0","35,3","38","25","0,25,1128"
"0/1","20,14","34","99","399,0,562"
"0/1","17,4","21","99","103,0,574"
"0/1","74,15","89","99","345,0,2392"
"0/0","82,8","90","12","0,12,2666"
"0/1","22,22","44","99","660,0,742"
"0/1","14,14","28","99","362,0,401"
"0/1","15,21","36","99","733,0,410"
"0/1","5,7","12","99","161,0,123"
"0/1","13,13","26","99","348,0,436"
"0/1","12,14","26","99","468,0,371"
"0/1","12,21","33","99","712,0,346"
"0/1","20,16","37","99","512,0,586"
"0/0","35,0","35","96","0,96,1187"
"0/1","16,17","33","99","252,0,317"
"0/1","14,14","28","99","477,0,443"
"0/1","20,15","35","99","397,0,665"
"0/1","13,10","23","99","317,0,405"
"0/1","13,10","23","99","314,0,341"
"0/1","13,3","17","32","32,0,385"
"0/1","4,13","18","99","376,0,120"
"0/1","16,13","29","99","428,0,490"
"0/1","10,18","28","99","577,0,243"
"0/1","18,21","39","99","631,0,587"
"0/1","21,17","38","99","511,0,652"
"0/1","13,4","17","99","102,0,479"
"0/1","15,10","25","99","260,0,530"
"0/1","12,7","19","99","210,0,396"
"0/1","12,5","17","99","154,0,402"
"0/1","12,10","22","99","340,0,430"
"0/1","11,21","33","99","605,0,307"
"0/1","13,10","23","99","246,0,268"
"0/1","13,13","26","99","393,0,443"
"0/1","20,15","35","99","472,0,602"
"0/1","12,19","31","99","560,0,353"
"0/1","8,18","26","99","482,0,247"
"0/1","14,17","31","99","515,0,404"
"0/1","13,19","32","99","673,0,376"
"0/1","18,16","34","99","471,0,625"
"0/1","10,14","25","99","407,0,228"
"0/1","21,13","35","99","309,0,674"
"0/1","16,19","35","99","646,0,535"
"0/1","9,11","20","99","265,0,211"
"0/1","13,8","21","99","236,0,443"
"0/1","14,8","22","99","231,0,475"
"0/1","15,6","21","99","169,0,416"
"0/1","9,4","13","99","111,0,284"
"0/1","8,8","16","99","269,0,260"
"0/1","6,7","13","99","238,0,204"
"0/0","18,0","18","45","0,45,572"
"0/1","12,14","26","99","441,0,409"
"0/1","17,9","26","99","245,0,588"
"0/1","17,20","37","99","473,0,488"
"0/1","15,6","21","99","171,0,503"
"0/1","18,11","29","99","286,0,603"
"0/1","14,13","27","99","450,0,480"
"0/1","13,12","25","99","386,0,454"
"0/1","4,3","7","99","99,0,133"
"0/1","14,17","31","99","546,0,395"
"0/1","12,20","32","99","654,0,370"
"0/1","14,19","33","99","671,0,470"
"0/1","23,27","50","99","901,0,695"
"0/1","17,13","30","99","391,0,558"
"0/1","24,14","38","99","385,0,646"
"0/1","15,8","23","99","189,0,411"
"0/1","13,13","26","99","128,0,359"
"0/1","11,14","25","99","401,0,126"
"0/1","7,16","23","99","473,0,119"
"0/1","20,12","32","99","219,0,640"
"0/1","18,22","40","99","725,0,381"
"0/1","22,16","38","99","438,0,671"
"0/1","20,12","32","99","304,0,554"
"0/1","10,11","21","99","317,0,230"
"0/1","13,8","21","99","200,0,193"
"0/1","2,1","3","20","20,0,66"
"0/1","2,1","3","20","20,0,66"
"0/1","9,2","11","49","49,0,309"
"0/0","26,3","29","13","0,13,919"
"0/1","1,7","8","5","160,0,5"
"0/1","1,2","3","14","69,0,14"
"0/1","1,1","2","17","34,0,17"
"0/1","20,18","38","99","490,0,695"
"0/1","10,16","26","99","537,0,326"
"0/1","14,14","28","99","478,0,427"
"0/1","15,8","23","99","237,0,448"
"0/1","14,7","21","99","107,0,340"
"0/1","14,15","29","99","511,0,445"
"0/1","8,20","28","99","672,0,199"
"0/1","40,16","56","99","205,0,1171"
"0/1","49,17","66","99","110,0,1405"
"0/1","50,18","68","99","132,0,1388"
"0/1","41,10","51","99","252,0,1187"
"0/1","44,10","54","94","94,0,1335"
"0/1","6,5","11","99","124,0,215"
"0/1","35,12","47","99","270,0,1160"
"0/1","79,22","102","99","239,0,2394"
"0/1","22,10","33","35","35,0,569"
"0/0","27,0","27","81","0,81,1088"
"0/1","18,26","44","99","875,0,586"
"0/1","17,20","37","99","638,0,465"
"0/1","6,13","19","99","397,0,118"
"0/1","21,16","37","99","510,0,615"
"0/1","22,14","37","99","312,0,688"
"0/1","13,21","34","99","661,0,386"
"0/0","21,2","24","39","0,39,483"
"1/1","0,19","19","42","528,42,0"
"0/1","22,18","40","99","491,0,651"
"0/0","11,1","12","24","0,24,302"
"0/1","7,16","23","99","576,0,171"
"0/1","12,8","20","99","255,0,424"
"0/1","8,13","21","99","470,0,256"
"0/1","19,17","36","99","526,0,547"
"0/1","25,13","38","99","356,0,827"
"0/1","14,13","27","99","336,0,390"
"0/1","18,14","32","99","420,0,583"
"0/1","11,5","18","8","8,0,220"
"0/0","34,0","34","96","0,96,1257"
"0/0","33,0","33","90","0,90,1161"
"0/0","32,1","33","90","0,90,1141"
"0/0","23,0","23","66","0,66,851"
"0/1","11,9","20","99","307,0,372"
"1/1","1,26","27","41","1012,41,0"
"0/0","10,3","13","24","0,24,307"
"1/1","0,28","28","81","1054,81,0"
"0/1","14,10","24","99","229,0,191"
"0/1","15,11","26","99","229,0,230"
"0/1","20,5","25","99","143,0,454"
"0/1","23,7","30","99","139,0,469"
"0/1","17,14","31","99","380,0,271"
"0/1","24,8","32","99","176,0,505"
"0/1","25,8","33","99","171,0,585"
"0/1","25,8","34","99","150,0,643"
"0/1","13,12","25","99","223,0,368"
"0/1","15,10","25","99","179,0,486"
"0/1","10,11","21","99","335,0,341"
"0/1","10,11","21","99","378,0,324"
"1/2","0,14,9","23","99","715,332,302,383,0,356"
"0/1","14,15","29","99","372,0,418"
"0/1","14,16","30","99","498,0,295"
"0/1","15,14","29","99","337,0,464"
"0/1","9,14","23","99","492,0,240"
"0/1","14,7","21","99","203,0,472"
"0/1","13,8","21","99","238,0,407"
"0/1","8,4","12","99","130,0,245"
"1/1","0,4","4","12","163,12,0"
"1/1","0,5","5","9","123,9,0"
"1/1","0,5","5","9","118,9,0"
"1/1","0,5","5","9","115,9,0"
"0/1","4,5","9","30","30,0,96"
"0/1","5,4","9","30","30,0,97"
"0/1","5,4","9","30","96,0,30"
"1/2","1,3,6","10","2","57,2,33,22,0,56"
"0/1","2,7","9","22","36,0,22"
"0/1","5,2","7","22","22,0,36"
"1/1","1,2","3","6","80,6,0"
"1/1","0,2","2","6","79,6,0"
"1/1","1,3","4","8","91,8,0"
"1/1","0,4","4","12","157,12,0"
"0/1","4,2","6","64","64,0,133"
"0/1","4,2","6","61","61,0,135"
"0/1","1,6","7","21","212,0,21"
"0/1","2,5","7","58","145,0,58"
"0/1","4,4","8","99","128,0,127"
"0/1","8,1","9","15","15,0,264"
"1/2","0,5,4","9","99","271,141,129,130,0,118"
"0/1","10,3","13","69","69,0,245"
"0/1","5,10","15","99","264,0,122"
"0/1","21,12","33","99","190,0,592"
"0/1","8,11","21","99","240,0,177"
"0/1","8,9","17","99","190,0,169"
"0/1","9,5","14","99","114,0,198"
"0/1","5,5","10","99","103,0,156"
"0/1","7,6","13","99","157,0,190"
"0/1","11,8","20","99","211,0,244"
"0/1","7,3","10","73","73,0,150"
"0/1","7,4","11","61","61,0,139"
"0/1","7,4","11","61","61,0,139"
"1/1","0,9","9","12","152,12,0"
"0/1","5,4","9","30","111,0,30"
"0/1","9,4","13","98","98,0,215"
"0/1","7,5","16","99","99,0,186"
"0/1","22,6","28","99","126,0,597"
"0/1","2,1","4","31","31,0,57"
"0/1","19,18","37","99","614,0,670"
"0/1","11,9","20","99","309,0,360"
"0/1","20,15","35","99","499,0,632"
"0/1","12,17","29","99","545,0,383"
"0/0","2,0","2","3","0,3,40"
"0/0","2,0","2","3","0,3,40"
"0/0","3,0","3","6","0,6,77"
"0/0","9,0","9","24","0,24,311"
"0/0","8,0","8","21","0,21,285"
"0/0","10,0","10","27","0,27,364"
"0/0","12,0","12","30","0,30,411"
"0/0","12,0","12","30","0,30,415"
"0/1","17,13","31","99","405,0,569"
"0/1","13,18","31","99","604,0,431"
"0/1","9,7","16","99","238,0,282"
"0/1","7,14","21","99","439,0,174"
"0/1","15,11","26","99","314,0,250"
"0/1","6,7","13","99","180,0,143"
"0/1","14,10","24","99","333,0,497"
"0/1","8,9","17","99","306,0,263"
"0/1","14,15","29","99","484,0,448"
"0/1","12,22","34","99","598,0,402"
"0/1","14,12","26","99","368,0,369"
"0/1","9,13","22","99","390,0,309"
"0/1","9,10","19","99","306,0,198"
"0/1","14,14","28","99","426,0,405"
"0/1","10,12","22","99","397,0,299"
"0/1","9,9","18","99","309,0,279"
"1/2","0,10,7","17","99","626,261,231,365,0,344"
"0/1","13,14","27","99","396,0,394"
"0/1","6,8","14","99","144,0,193"
"0/1","11,12","23","99","384,0,339"
"0/1","5,10","15","99","343,0,121"
"0/1","13,3","16","42","42,0,203"
"0/1","31,7","38","99","165,0,847"
"0/1","30,16","46","99","366,0,902"
"0/1","17,17","34","99","435,0,459"
"0/1","12,14","26","99","444,0,376"
"0/1","19,14","33","99","419,0,659"
"0/1","22,17","39","99","515,0,787"
"0/1","11,18","29","99","634,0,363"
"0/1","12,17","29","99","550,0,303"
"0/1","12,16","28","99","431,0,362"
"0/1","9,13","22","99","412,0,257"
"0/1","17,27","44","99","935,0,509"
"0/1","19,26","45","99","926,0,600"
"0/0","53,1","56","99","0,115,1959"
"0/1","14,46","62","99","1492,0,379"
"0/1","16,25","41","99","861,0,498"
"0/1","17,19","36","99","549,0,555"
"0/1","14,14","28","99","365,0,493"
"0/1","21,20","41","99","632,0,732"
"0/1","23,17","40","99","435,0,693"
"0/1","53,10","63","99","154,0,1500"
"0/0","16,1","17","48","0,48,635"
"0/1","18,3","21","25","25,0,624"
"0/1","61,11","72","99","146,0,1907"
"0/1","17,15","33","99","457,0,494"
"0/0","30,2","32","87","0,87,1165"
"0/0","30,2","32","90","0,90,1183"
"0/1","31,9","40","99","152,0,1084"
"0/1","11,18","29","99","420,0,257"
"0/1","15,14","29","99","384,0,376"
"0/1","15,14","29","99","454,0,393"
"0/1","21,16","37","99","518,0,737"
"0/1","13,13","26","99","368,0,448"
"0/1","10,11","21","99","371,0,300"
"0/1","12,19","31","99","598,0,315"
"0/1","12,19","31","99","614,0,357"
"0/1","12,15","27","99","518,0,374"
"0/1","29,2","31","10","10,0,764"
"0/1","24,3","27","46","46,0,686"
"0/1","22,3","25","51","51,0,639"
"0/1","17,3","20","39","39,0,346"
"0/1","16,8","24","99","173,0,282"
"0/1","15,8","23","99","178,0,250"
"0/1","20,2","22","25","25,0,477"
"0/0","4,0","4","12","0,12,162"
"0/0","8,0","8","21","0,21,285"
"0/1","7,2","9","21","21,0,256"
"0/0","9,0","9","24","0,24,330"
"0/1","7,2","9","21","21,0,261"
"0/1","8,3","11","55","55,0,302"
"0/1","18,11","29","99","304,0,591"
"0/1","13,6","19","99","125,0,469"
"0/1","19,6","25","99","161,0,681"
"0/1","13,6","19","99","141,0,461"
"0/1","21,3","24","20","20,0,716"
"0/1","15,10","25","99","298,0,494"
"0/0","23,2","25","10","0,10,876"
"0/1","16,13","29","99","415,0,330"
"0/1","21,18","39","99","534,0,705"
"0/1","13,12","25","99","414,0,402"
"0/1","40,15","55","99","369,0,1325"
"0/1","32,17","49","99","297,0,813"
"0/1","35,19","54","99","401,0,982"
"0/1","34,17","51","99","383,0,880"
"0/1","33,12","45","99","305,0,923"
"0/1","32,12","44","99","308,0,838"
"0/1","27,14","41","99","394,0,717"
"0/1","27,16","43","99","464,0,742"
"0/1","19,18","37","99","599,0,631"
"0/1","18,19","38","99","556,0,592"
"0/1","21,24","45","99","653,0,690"
"0/1","25,20","45","99","611,0,631"
"0/1","26,11","37","83","83,0,859"
"1/1","2,11","13","30","399,30,0"
"1/1","0,10","10","27","350,27,0"
"1/1","0,10","10","27","351,27,0"
"1/1","0,23","23","69","900,69,0"
"1/1","0,18","18","54","736,54,0"
"1/1","6,27","33","23","917,23,0"
"0/1","7,20","27","4","596,0,4"
"0/1","14,14","28","99","482,0,343"
"1/1","2,28","30","57","723,57,0"
"0/1","18,15","33","99","502,0,549"
"0/0","35,3","38","65","0,65,1300"
"0/1","17,34","55","99","1086,0,442"
"0/1","21,21","42","99","293,0,573"
"0/1","27,14","41","99","293,0,538"
"0/1","8,12","20","99","413,0,244"
"0/1","7,12","19","99","410,0,183"
"0/1","8,14","22","99","485,0,243"
"0/1","14,9","23","99","143,0,423"
"0/1","20,17","37","99","480,0,644"
"0/1","19,15","34","99","437,0,418"
"0/1","27,9","36","99","225,0,837"
"0/1","31,13","44","99","348,0,1005"
"0/0","30,4","34","10","0,10,1008"
"0/1","15,20","35","99","600,0,457"
"0/1","16,17","33","99","542,0,448"
"0/1","17,14","31","99","427,0,532"
"0/1","13,16","29","99","550,0,400"
"0/1","22,18","40","99","551,0,667"
"0/1","27,25","53","99","802,0,724"
"0/1","13,16","29","99","520,0,435"
"0/1","15,18","33","99","527,0,436"
"0/1","17,23","40","99","608,0,420"
"0/1","23,17","41","99","424,0,613"
"0/1","18,19","37","99","438,0,488"
"0/1","17,13","30","99","406,0,409"
"0/1","18,19","37","99","489,0,529"
"0/1","18,22","40","99","630,0,479"
"0/1","11,19","30","99","516,0,274"
"0/1","16,21","37","99","695,0,477"
"0/1","72,23","97","99","407,0,2241"
"0/1","27,20","47","99","426,0,818"
"0/1","31,17","48","99","314,0,994"
"0/1","31,17","48","99","311,0,987"
"0/1","31,15","46","99","277,0,956"
"0/1","31,15","46","99","274,0,979"
"0/1","14,18","32","99","622,0,463"
"0/1","44,10","56","87","87,0,1454"
"0/1","11,6","17","99","194,0,361"
"0/1","11,10","21","99","332,0,386"
"0/1","11,12","23","99","372,0,339"
"0/0","89,0","89","99","0,241,3026"
"0/1","11,15","26","99","431,0,348"
"0/1","16,11","27","99","353,0,518"
"0/1","26,13","39","99","335,0,714"
"0/1","11,10","21","99","328,0,361"
"0/1","16,17","33","99","342,0,460"
"0/1","10,12","22","99","408,0,285"
"0/1","20,4","24","82","82,0,639"
"0/1","20,4","24","80","80,0,649"
"0/1","17,3","20","63","63,0,569"
"0/1","22,5","27","91","91,0,732"
"0/1","19,5","24","99","100,0,622"
"0/0","15,0","15","12","0,12,142"
"0/1","20,15","35","99","374,0,580"
"0/1","7,3","10","47","47,0,160"
"0/1","21,17","38","99","455,0,656"
"0/1","15,10","25","99","295,0,516"
"0/1","8,9","17","99","313,0,264"
"0/1","19,15","35","99","380,0,557"
"0/1","12,18","30","99","615,0,397"
"0/1","24,18","44","99","509,0,602"
"0/1","80,17","102","99","315,0,1373"
"0/1","12,6","18","55","55,0,405"
"0/1","16,2","18","24","24,0,497"
"0/1","25,10","35","95","95,0,818"
"0/1","8,7","15","34","34,0,260"
"0/1","10,7","18","37","37,0,333"
"0/1","9,7","16","37","37,0,322"
"0/1","24,10","34","99","209,0,614"
"0/1","18,6","24","39","39,0,456"
"0/1","26,6","32","85","85,0,487"
"0/1","27,4","31","46","46,0,639"
"0/1","8,8","16","99","118,0,268"
"0/1","8,7","15","99","99,0,260"
"0/1","26,6","32","33","33,0,858"
"0/1","14,57","72","99","1383,0,302"
"0/1","15,47","62","99","1069,0,313"
"0/1","7,13","20","99","308,0,161"
"0/0","9,0","11","24","0,24,281"
"0/1","24,11","35","99","236,0,358"
"0/1","4,9","13","86","316,0,86"
"0/1","7,2","10","50","50,0,250"
"0/1","3,5","8","56","181,0,56"
"0/1","11,9","20","99","310,0,349"
"0/1","18,15","33","99","458,0,610"
"0/1","60,12","72","99","212,0,1298"
"0/1","11,8","19","99","260,0,395"
"0/1","11,13","24","99","430,0,385"
"0/1","11,13","24","99","390,0,317"
"0/1","8,13","21","99","402,0,163"
"0/1","18,14","32","99","445,0,560"
"0/1","13,16","29","99","365,0,424"
"0/1","16,13","29","99","371,0,545"
"0/1","13,7","20","99","222,0,413"
"0/1","29,11","40","99","272,0,918"
"0/1","15,13","29","99","404,0,431"
"0/1","14,12","26","99","412,0,417"
"0/0","15,1","16","39","0,39,520"
"0/0","24,0","24","72","0,72,964"
"0/0","25,0","25","75","0,75,1006"
"0/0","30,0","30","90","0,90,1203"
"0/0","31,0","31","93","0,93,1219"
"0/0","30,0","30","84","0,84,1122"
"0/0","31,0","31","93","0,93,1228"
"0/0","22,0","22","60","0,60,814"
"0/0","23,0","23","63","0,63,859"
"0/0","21,0","21","54","0,54,739"
"0/0","23,0","23","63","0,63,851"
"0/1","8,10","18","99","353,0,273"
"0/1","12,17","29","99","545,0,329"
"0/0","5,0","5","12","0,12,152"
"0/1","19,10","29","99","296,0,577"
"0/1","15,9","24","99","276,0,434"
"0/1","9,11","20","31","31,0,225"
"0/1","7,13","27","99","155,0,144"
"0/1","30,4","34","30","30,0,791"
"0/1","9,16","25","99","549,0,248"
"0/1","15,18","33","99","604,0,333"
"0/1","21,18","39","99","613,0,672"
"0/1","20,15","35","99","432,0,605"
"0/1","14,19","33","99","554,0,365"
"0/1","19,21","40","99","602,0,547"
"0/1","14,18","32","99","538,0,333"
"0/1","18,16","34","99","421,0,551"
"0/1","21,18","39","99","575,0,687"
"0/1","10,9","19","99","267,0,264"
"0/1","11,10","21","99","309,0,280"
"0/1","8,5","18","84","84,0,265"
"0/1","14,18","32","99","585,0,462"
"0/1","16,14","30","99","467,0,509"
"0/1","13,14","27","99","435,0,412"
"0/1","8,30","38","99","803,0,179"
"0/1","40,19","59","95","95,0,840"
"0/1","28,16","47","99","133,0,700"
"0/1","23,21","44","99","323,0,507"
"0/1","26,9","35","99","116,0,710"
"0/1","22,13","35","99","122,0,681"
"0/1","20,4","25","97","97,0,609"
"0/1","5,22","28","93","673,0,93"
"0/1","24,5","31","84","84,0,732"
"0/1","25,5","32","90","90,0,675"
"0/1","26,6","34","92","92,0,753"
"0/1","29,7","37","99","125,0,694"
"0/1","18,15","33","99","425,0,585"
"0/1","14,12","26","99","424,0,340"
"0/1","17,13","30","99","372,0,594"
"0/1","10,14","25","99","471,0,270"
"0/1","50,13","63","99","270,0,1554"
"0/0","49,5","54","6","0,6,1594"
"0/1","34,8","42","39","39,0,1104"
"0/1","1,5","6","19","171,0,19"
"0/1","20,7","28","99","154,0,490"
"0/1","27,10","37","99","144,0,824"
"0/1","13,17","30","99","445,0,391"
"0/1","13,8","21","99","231,0,356"
"0/1","7,6","13","99","144,0,115"
"0/1","22,16","38","99","494,0,739"
"0/1","9,48","57","99","1467,0,165"
"0/1","7,14","21","99","431,0,198"
"0/1","6,8","14","99","279,0,123"
"0/1","13,12","25","99","393,0,455"
"0/1","8,9","17","99","316,0,281"
"0/1","32,28","61","99","884,0,1076"
"0/0","43,5","48","23","0,23,1478"
"0/1","12,14","26","99","464,0,412"
"0/1","4,2","6","33","74,0,33"
"0/1","4,2","6","31","74,0,31"
"0/1","4,2","6","31","73,0,31"
"0/1","4,2","6","33","73,0,33"
"0/1","4,2","6","33","73,0,33"
"0/1","5,2","7","66","70,0,66"
"0/1","5,2","7","66","71,0,66"
"0/1","5,2","7","66","71,0,66"
"0/1","6,2","8","68","68,0,90"
"0/1","6,2","8","68","68,0,100"
"0/1","6,2","8","67","67,0,100"
"0/1","6,2","8","68","68,0,94"
"0/1","6,2","8","68","68,0,100"
"0/1","5,2","8","68","68,0,98"
"0/1","6,2","8","68","68,0,101"
"0/1","6,2","8","68","68,0,103"
"0/1","6,2","8","68","68,0,101"
"0/1","5,3","8","68","68,0,93"
"0/1","16,13","30","98","98,0,242"
"0/1","16,9","25","99","109,0,288"
"1/1","0,28","29","72","915,72,0"
"0/0","11,1","12","33","0,33,429"
"0/0","13,0","13","30","0,30,376"
"0/1","16,17","33","99","592,0,524"
"0/1","19,16","35","99","430,0,552"
"0/1","13,19","32","99","634,0,339"
"0/1","15,15","30","99","354,0,368"
"0/0","21,1","25","36","0,36,461"
"0/0","23,0","24","51","0,51,658"
"0/1","18,13","31","99","353,0,526"
"0/1","18,15","33","99","477,0,555"
"0/1","15,16","31","99","488,0,417"
"0/1","13,15","28","99","474,0,347"
"0/1","21,18","39","99","535,0,603"
"0/1","5,3","8","62","62,0,166"
"0/1","11,4","15","70","70,0,371"
"0/1","16,5","21","53","53,0,512"
"0/1","10,12","22","99","317,0,318"
"0/0","54,2","56","66","0,66,1757"
"1/1","0,21","21","51","676,51,0"
"0/1","10,3","13","72","72,0,360"
"0/1","8,6","14","99","153,0,288"
"0/1","10,4","14","84","84,0,358"
"0/1","8,3","11","75","75,0,291"
"0/1","12,5","17","69","69,0,401"
"0/1","13,14","27","99","378,0,334"
"0/1","10,19","29","99","674,0,238"
"0/1","12,3","15","46","46,0,373"
"0/1","31,14","45","99","373,0,1053"
"0/1","35,10","45","99","248,0,1184"
"0/1","29,12","41","99","240,0,730"
"0/1","31,20","51","99","568,0,730"
"0/1","34,11","45","99","251,0,656"
"0/1","20,6","26","99","123,0,520"
"0/1","15,7","22","99","131,0,464"
"0/0","22,0","22","54","0,54,703"
"0/0","7,0","7","18","0,18,220"
"0/0","10,0","10","27","0,27,335"
"0/1","17,9","26","99","236,0,391"
"0/1","41,9","50","99","163,0,948"
"0/1","39,6","46","81","81,0,712"
"0/1","5,24","30","99","485,0,137"
"0/1","11,13","24","99","421,0,341"
"0/1","11,17","28","99","514,0,284"
"0/1","9,12","21","99","338,0,302"
"0/1","14,18","32","99","540,0,441"
"0/1","19,19","39","99","349,0,452"
"0/1","19,18","39","99","373,0,426"
"0/1","20,20","42","99","337,0,469"
"0/1","21,18","40","99","409,0,306"
"0/1","21,18","41","99","380,0,373"
"0/1","23,17","41","99","348,0,546"
"0/1","17,8","25","99","213,0,551"
"0/0","10,1","11","18","0,18,231"
"0/1","11,4","15","41","41,0,290"
"0/1","29,10","40","99","267,0,503"
"0/1","12,9","21","99","291,0,384"
"0/1","16,22","38","99","679,0,481"
"0/1","12,21","33","99","689,0,381"
"0/1","16,7","23","99","168,0,533"
"0/1","18,9","27","99","240,0,566"
"0/1","15,9","24","99","284,0,537"
"0/1","10,16","26","99","566,0,328"
"0/1","9,13","22","99","451,0,267"
"0/1","10,10","20","99","334,0,316"
"0/1","8,12","20","99","394,0,229"
"0/1","13,12","25","99","422,0,410"
"0/0","28,0","28","84","0,84,1140"
"0/1","7,8","15","99","235,0,242"
"0/1","11,16","27","99","531,0,359"
"0/1","15,8","23","99","245,0,493"
"0/1","15,15","30","99","509,0,514"
"0/1","13,15","28","99","414,0,418"
"0/1","18,13","31","99","382,0,536"
"0/1","14,17","31","99","586,0,419"
"0/1","17,12","29","99","325,0,490"
"0/1","5,5","10","88","157,0,88"
"0/1","19,20","39","99","620,0,570"
"0/1","20,21","41","99","607,0,600"
"0/1","14,20","34","99","616,0,357"
"0/1","16,14","30","99","451,0,438"
"0/1","14,12","26","99","407,0,444"
"0/1","11,16","27","99","525,0,314"
"0/1","13,15","28","99","469,0,391"
"0/1","16,11","27","99","319,0,481"
"0/1","18,15","33","99","461,0,577"
"0/1","17,6","23","99","177,0,533"
"0/1","8,8","16","99","258,0,235"
"0/1","5,9","14","99","191,0,124"
"0/1","10,18","28","99","544,0,334"
"0/1","8,13","21","99","436,0,235"
"0/1","11,9","20","99","304,0,358"
"0/1","4,8","12","99","283,0,126"
"0/1","4,4","8","83","131,0,83"
"0/1","11,8","19","99","142,0,364"
"0/1","14,10","24","99","231,0,474"
"0/1","7,4","11","99","113,0,210"
"0/1","5,5","10","99","176,0,135"
"0/1","9,9","18","99","277,0,270"
"0/1","8,7","15","99","234,0,263"
"0/1","9,6","15","99","189,0,313"
"0/1","13,13","26","99","448,0,394"
"0/1","9,11","20","99","381,0,304"
"0/1","8,7","15","99","241,0,281"
"0/1","13,17","30","99","553,0,413"
"0/1","8,6","14","99","206,0,210"
"0/1","8,11","19","99","351,0,237"
"0/1","6,6","12","99","207,0,204"
"0/1","5,4","9","99","135,0,180"
"0/1","5,3","8","99","99,0,178"
"0/1","10,8","18","99","205,0,316"
"0/1","7,14","21","99","430,0,226"
"0/1","14,12","26","99","416,0,334"
"0/1","9,16","25","99","567,0,245"
"0/1","12,4","16","61","61,0,366"
"0/1","9,10","19","99","312,0,186"
"0/1","12,13","25","99","381,0,372"
"0/1","12,6","18","99","183,0,399"
"0/1","13,8","21","99","216,0,369"
"0/1","11,7","18","99","152,0,326"
"0/1","13,8","21","99","183,0,407"
"0/1","11,11","22","99","362,0,296"
"0/1","11,14","25","99","381,0,362"
"0/1","10,17","27","99","511,0,290"
"0/1","11,17","28","99","512,0,304"
"1/2","0,9,15","24","99","851,552,528,299,0,254"
"0/1","7,12","19","99","356,0,195"
"0/1","6,13","19","99","395,0,169"
"0/1","11,15","26","99","477,0,309"
"0/1","21,16","37","99","530,0,719"
"0/1","21,22","43","99","642,0,583"
"0/1","15,23","38","99","805,0,380"
"0/1","22,22","44","99","740,0,687"
"0/1","21,9","30","99","243,0,755"
"0/0","22,0","23","54","0,54,668"
"0/1","7,17","24","99","587,0,173"
"0/1","12,11","23","99","368,0,392"
"0/1","8,9","17","85","246,0,85"
"0/1","16,16","32","99","554,0,413"
"0/1","12,11","23","99","340,0,412"
"0/0","16,7","23","5","0,5,490"
"0/1","18,5","23","44","44,0,531"
"0/1","6,14","20","99","411,0,153"
"0/1","16,23","39","99","699,0,539"
"0/1","17,8","25","99","246,0,580"
"0/1","16,11","27","99","351,0,551"
"0/1","18,11","29","99","367,0,610"
"0/1","12,16","28","99","566,0,381"
"0/1","11,19","30","99","626,0,347"
"0/1","51,11","62","99","238,0,1714"
"0/1","55,18","73","99","471,0,1789"
"0/1","36,27","63","99","854,0,1174"
"0/1","47,19","66","99","498,0,1619"
"0/1","61,7","68","51","51,0,2248"
"0/1","58,16","74","99","342,0,2013"
"0/1","12,40","52","99","1387,0,329"
"1/1","3,83","86","99","2974,124,0"
"0/1","75,9","84","99","131,0,2417"
"0/1","96,17","113","99","329,0,3156"
"0/1","96,18","114","99","396,0,3185"
"0/1","91,21","112","99","404,0,2958"
"0/1","95,20","115","99","376,0,3277"
"0/1","81,20","102","99","386,0,2790"
"0/1","99,22","121","99","476,0,3348"
"0/1","100,22","122","99","464,0,3507"
"0/1","94,21","115","99","503,0,3204"
"0/1","97,19","116","99","436,0,3242"
"0/1","97,12","109","99","156,0,3307"
"0/1","39,4","43","59","59,0,991"
"0/1","33,19","52","99","535,0,1054"
"0/1","33,22","55","99","544,0,1021"
"0/1","10,26","36","99","563,0,304"
"0/1","5,16","21","99","326,0,117"
"0/0","14,0","14","33","0,33,436"
"0/0","14,0","14","36","0,36,481"
"0/0","14,0","14","36","0,36,483"
"0/0","16,0","16","39","0,39,529"
"0/1","19,13","32","99","329,0,644"
"0/1","26,8","35","99","191,0,878"
"0/1","49,11","60","99","200,0,1690"
"0/1","46,12","58","99","239,0,1628"
"0/1","49,13","62","99","302,0,1636"
"0/1","44,8","52","99","169,0,1548"
"0/1","44,8","52","99","166,0,1563"
"0/1","44,7","51","99","135,0,1583"
"0/1","45,8","53","99","167,0,1562"
"0/0","36,0","36","93","0,93,1273"
"0/0","35,0","36","93","0,93,1259"
"0/1","22,11","33","99","351,0,766"
"0/1","33,11","44","99","256,0,1057"
"0/1","31,12","43","99","296,0,947"
"0/1","37,9","46","99","202,0,1246"
"0/1","36,11","47","99","233,0,1285"
"0/1","28,15","43","99","416,0,918"
"0/1","61,8","69","99","112,0,1915"
"0/1","48,18","66","99","463,0,1510"
"0/1","21,40","61","99","1341,0,491"
"0/1","13,10","23","99","336,0,452"
"0/1","13,12","25","99","331,0,400"
"0/1","7,13","20","99","425,0,230"
"0/1","19,11","30","99","316,0,668"
"0/1","15,12","27","99","380,0,506"
"0/1","17,12","29","99","392,0,558"
"0/1","14,17","31","99","566,0,442"
"0/1","14,16","31","99","533,0,443"
"0/1","12,14","26","99","481,0,357"
"0/1","14,16","30","99","556,0,466"
"0/1","8,11","19","99","397,0,226"
"0/1","15,6","22","46","46,0,143"
"0/1","11,10","21","99","328,0,365"
"0/0","8,0","8","24","0,24,321"
"0/1","27,6","33","71","71,0,794"
"0/1","27,11","38","99","196,0,856"
"0/1","40,6","46","62","62,0,1317"
"0/1","26,11","37","99","287,0,891"
"0/1","26,5","31","27","27,0,927"
"0/1","19,4","23","94","94,0,695"
"0/1","19,8","27","99","202,0,619"
"0/1","7,32","39","99","1112,0,140"
"0/1","11,36","47","99","1217,0,294"
"0/1","15,39","54","99","1308,0,400"
"0/1","41,13","54","99","273,0,1383"
"0/1","9,27","36","99","889,0,235"
"0/1","12,29","41","99","939,0,359"
"0/1","11,41","52","99","1377,0,228"
"0/1","33,15","48","99","366,0,1111"
"0/1","20,41","61","99","1317,0,480"
"0/1","25,13","38","99","399,0,770"
"0/1","20,33","54","99","910,0,581"
"0/1","20,34","54","99","1025,0,575"
"0/1","11,27","38","99","843,0,295"
"0/1","3,32","35","22","1089,0,22"
"0/1","18,5","23","99","122,0,600"
"0/1","25,10","35","99","293,0,770"
"0/1","11,31","42","99","1083,0,318"
"0/1","37,18","55","99","537,0,1207"
"0/1","37,18","55","99","515,0,1274"
"0/1","16,21","37","99","652,0,507"
"0/1","28,11","39","99","308,0,942"
"0/1","15,23","38","99","640,0,425"
"0/1","27,15","42","99","429,0,862"
"1/1","3,32","35","24","1075,24,0"
"0/1","41,15","56","99","272,0,1176"
"0/1","26,18","44","99","478,0,845"
"0/1","6,33","39","99","1058,0,132"
"0/1","11,16","27","99","420,0,325"
"0/1","23,11","34","99","265,0,758"
"0/1","29,11","40","99","295,0,907"
"0/1","17,31","48","99","1030,0,504"
"0/1","17,36","53","99","1119,0,345"
"0/0","38,0","38","99","0,105,1384"
"0/1","30,19","49","99","618,0,917"
"0/1","40,8","48","13","13,0,1097"
"0/1","41,9","50","3","3,0,1271"
"0/1","50,16","66","99","206,0,1685"
"0/1","52,12","64","99","110,0,1819"
"0/1","50,12","62","99","111,0,1793"
"0/1","53,12","65","99","106,0,1899"
"0/1","52,9","61","64","64,0,1818"
"0/0","20,1","21","15","0,15,186"
"0/1","11,12","23","99","247,0,259"
"0/1","12,14","26","99","467,0,386"
"0/1","10,12","22","99","377,0,321"
"0/1","9,13","22","99","436,0,257"
"0/1","4,14","18","88","504,0,88"
"0/1","8,17","25","99","590,0,213"
"0/1","8,9","17","99","195,0,145"
"0/1","11,3","14","68","68,0,363"
"0/1","13,12","25","99","345,0,381"
"0/0","3,0","3","6","0,6,64"
"0/1","11,21","34","99","474,0,221"
"0/1","10,15","25","99","502,0,316"
"0/1","16,20","36","99","638,0,493"
"0/1","18,14","32","99","310,0,543"
"0/1","20,16","36","99","521,0,540"
"0/0","4,0","4","9","0,9,119"
"0/1","11,12","24","99","373,0,351"
"0/1","7,11","18","99","392,0,229"
"0/1","13,7","20","99","210,0,458"
"0/1","17,17","34","99","525,0,505"
"0/0","6,0","6","18","0,18,243"
"0/0","6,0","6","18","0,18,208"
"0/1","6,8","14","99","283,0,203"
"0/1","10,6","16","99","194,0,316"
"0/1","10,11","21","99","363,0,328"
"0/1","8,11","19","99","380,0,264"
"0/1","15,13","28","99","439,0,451"
"0/1","18,18","36","99","588,0,315"
"0/1","10,16","26","99","505,0,312"
"0/1","6,7","13","99","149,0,160"
"0/1","13,10","23","99","301,0,329"
"0/1","9,10","19","99","316,0,279"
"0/1","12,13","25","99","439,0,368"
"0/1","18,20","38","99","528,0,422"
"0/1","7,11","19","99","272,0,211"
"0/0","26,0","26","75","0,75,981"
"0/0","25,0","25","75","0,75,976"
"0/0","31,0","31","84","0,84,1119"
"0/0","30,0","30","84","0,84,1127"
"0/0","25,0","25","72","0,72,970"
"0/1","21,5","26","52","52,0,587"
"0/0","28,0","28","81","0,81,1004"
"0/1","7,3","10","86","86,0,245"
"0/1","8,9","17","99","288,0,272"
"0/1","4,6","10","98","184,0,98"
"0/1","10,9","19","99","311,0,318"
"1/1","0,25","25","72","970,72,0"
"1/1","0,21","21","63","824,63,0"
"1/1","0,19","19","54","717,54,0"
"1/1","0,19","19","54","709,54,0"
"1/1","0,23","23","63","845,63,0"
"0/1","11,15","26","99","462,0,375"
"0/1","37,5","42","87","87,0,1220"
"0/1","11,9","20","99","302,0,390"
"0/1","12,8","20","99","266,0,427"
"0/0","20,0","20","60","0,60,800"
"0/1","4,11","15","99","394,0,117"
"0/1","16,15","31","99","472,0,549"
"0/1","6,9","15","99","319,0,195"
"0/1","10,7","17","99","189,0,338"
"0/1","4,13","17","99","476,0,114"
"0/1","6,17","23","99","562,0,176"
"0/1","10,12","22","99","409,0,336"
"0/1","11,11","22","99","328,0,331"
"0/1","49,7","57","93","93,0,1472"
"0/1","15,15","30","99","459,0,473"
"0/1","17,11","28","99","336,0,497"
"0/1","20,28","48","99","832,0,576"
"0/1","10,13","24","99","389,0,339"
"0/1","7,8","15","99","248,0,213"
"0/1","10,9","20","99","300,0,349"
"0/1","26,12","38","99","365,0,814"
"0/1","16,24","40","99","808,0,490"
"0/1","15,15","30","99","514,0,514"
"0/1","17,12","29","99","303,0,535"
"0/1","15,16","31","99","526,0,388"
"0/1","44,6","50","62","62,0,1502"
"0/1","42,6","49","57","57,0,1502"
"0/1","32,13","45","99","370,0,1147"
"0/1","29,10","39","99","260,0,1024"
"0/1","41,9","50","99","220,0,1392"
"0/1","33,10","43","99","271,0,1203"
"0/1","37,10","47","99","254,0,1260"
"0/1","33,9","42","99","207,0,1186"
"0/1","45,7","52","99","130,0,1626"
"0/1","36,9","45","99","162,0,1295"
"0/1","16,9","25","99","280,0,429"
"0/1","13,11","24","99","383,0,376"
"0/1","12,11","23","99","341,0,378"
"0/1","11,12","23","99","401,0,310"
"0/1","12,15","27","99","488,0,365"
"0/1","17,18","35","99","579,0,554"
"0/1","26,10","36","99","215,0,757"
"0/1","24,23","48","99","632,0,764"
"0/1","32,10","42","99","167,0,1064"
"0/0","16,0","16","48","0,48,646"
"0/0","17,0","17","51","0,51,679"
"0/0","22,0","22","60","0,60,808"
"0/0","25,0","25","66","0,66,874"
"0/1","11,13","24","99","390,0,337"
"0/1","11,12","23","99","380,0,375"
"0/1","18,9","27","99","287,0,543"
"0/1","13,8","21","99","223,0,462"
"0/1","8,22","30","99","734,0,219"
"0/1","12,17","29","99","520,0,372"
"0/1","17,8","25","99","247,0,365"
"0/1","27,6","33","71","71,0,914"
"0/0","41,0","41","99","0,114,1474"
"0/1","26,7","33","99","164,0,603"
"0/1","36,5","41","67","67,0,1229"
"0/1","33,4","37","46","46,0,1068"
"0/1","41,8","49","99","133,0,1290"
"0/1","34,11","45","99","197,0,1096"
"0/1","33,12","45","99","262,0,1054"
"0/1","30,14,3","47","99","309,0,1048,364,1046,1442"
"0/1","55,12","67","99","247,0,1723"
"0/1","26,12","38","99","292,0,846"
"0/1","26,12","38","99","290,0,842"
"0/1","26,12","38","99","260,0,850"
"0/1","27,13","40","99","254,0,905"
"0/1","27,12","39","99","255,0,878"
"0/1","28,11","39","99","213,0,988"
"0/0","44,0","44","99","0,117,1553"
"0/1","25,6","31","49","49,0,918"
"0/1","13,6","19","99","115,0,465"
"0/1","11,11","22","99","339,0,361"
"0/1","19,9","28","99","216,0,588"
"0/1","15,18","34","99","436,0,314"
"0/1","17,19","36","99","622,0,570"
"0/1","16,9","25","99","288,0,530"
"0/1","13,11","24","99","368,0,422"
"0/1","16,20","36","99","622,0,538"
"0/1","10,16","26","99","557,0,324"
"0/1","14,17","31","99","523,0,432"
"0/1","17,12","29","99","343,0,521"
"0/1","16,14","30","99","322,0,492"
"0/1","16,19","35","99","632,0,552"
"0/1","10,12","22","99","378,0,334"
"0/1","5,8","13","99","237,0,163"
"0/1","18,6","24","99","148,0,477"
"0/1","5,8","13","99","289,0,126"
"0/1","12,15","27","99","419,0,328"
"0/1","10,2","12","16","16,0,254"
"0/1","6,6","12","99","204,0,129"
"0/1","14,20","34","99","654,0,448"
"0/1","22,14","36","99","424,0,671"
"0/1","24,12","36","99","309,0,807"
"0/0","21,0","21","48","0,48,559"
"0/1","24,14","38","99","385,0,806"
"0/1","16,16","32","99","513,0,329"
"0/1","26,7","33","31","31,0,912"
"0/1","7,27","34","59","915,0,59"
"0/1","38,11","49","99","299,0,996"
"0/1","44,36","80","99","892,0,1185"
"0/0","84,1","85","99","0,199,2485"
"0/1","53,18","71","99","432,0,1615"
"0/0","60,2","62","99","0,145,2146"
"0/1","45,16","61","99","319,0,1464"
"0/1","48,12","60","99","186,0,1521"
"0/1","20,18","38","99","540,0,648"
"0/1","17,20","37","99","656,0,480"
"0/1","19,19","38","99","550,0,628"
"0/1","21,18","39","99","522,0,691"
"1/1","0,16","16","48","630,48,0"
"0/1","27,5","32","57","57,0,934"
"0/1","12,27","39","99","876,0,311"
"0/1","17,9","26","99","279,0,600"
"0/1","61,10","72","72","72,0,1861"
"0/1","92,30","125","99","652,0,2391"
"0/1","61,11","72","99","118,0,1886"
"0/1","59,18","77","99","465,0,2113"
"0/1","53,18","71","99","482,0,1811"
"0/1","75,24","99","99","627,0,2455"
"0/1","62,25","87","99","673,0,2126"
"0/1","66,16","82","99","275,0,2282"
"0/1","58,25","83","99","695,0,1826"
"0/1","61,24","85","99","698,0,1862"
"0/1","61,25","86","99","742,0,2013"
"0/1","51,18","69","99","520,0,1656"
"0/1","37,15","52","99","441,0,1272"
"0/1","33,9","42","99","206,0,1111"
"0/1","34,9","43","99","203,0,1114"
"0/1","25,15","40","99","437,0,810"
"0/1","20,10","30","99","318,0,644"
"0/1","16,9","25","99","236,0,474"
"0/0","31,0","31","51","0,51,610"
"0/0","22,0","22","51","0,51,639"
"0/0","19,0","21","48","0,48,598"
"0/0","18,0","20","51","0,51,660"
"0/0","21,1","22","20","0,20,502"
"0/0","17,0","17","39","0,39,491"
"0/0","12,0","12","33","0,33,434"
"0/0","12,0","12","33","0,33,425"
"0/0","12,0","13","36","0,36,450"
"0/0","15,0","15","42","0,42,529"
"0/0","14,0","14","42","0,42,550"
"0/0","13,0","13","33","0,33,439"
"0/0","14,0","14","36","0,36,471"
"0/0","12,0","14","33","0,33,416"
"0/0","15,0","16","33","0,33,413"
"0/0","15,0","15","36","0,36,448"
"0/0","43,0","43","99","0,120,1553"
"1/1","0,2","5","3","42,3,0"
"0/1","18,12","30","99","299,0,603"
"1/1","1,30","31","50","1031,50,0"
"0/1","16,7","24","60","60,0,431"
"0/1","22,27","49","99","846,0,666"
"0/1","17,14","31","99","443,0,564"
"0/1","12,12","24","99","349,0,357"
"0/1","9,9","18","99","300,0,281"
"0/1","8,6","14","99","187,0,239"
"0/0","23,0","23","60","0,60,791"
"0/1","29,6","35","99","101,0,952"
"0/1","30,7","37","99","104,0,951"
"0/1","22,7","29","99","188,0,755"
"0/1","83,10","93","96","96,0,2440"
"0/1","37,9","46","59","59,0,809"
"0/1","5,27","33","94","830,0,94"
"0/1","11,16","27","99","573,0,339"
"0/1","18,13","31","99","389,0,569"
"0/1","15,23","38","99","787,0,423"
"0/1","14,19","33","99","606,0,463"
"0/1","7,15","22","99","464,0,205"
"0/0","15,0","15","30","0,30,399"
"1/1","1,19","20","39","505,39,0"
"0/1","10,13","23","99","364,0,279"
"0/1","6,2","8","56","56,0,179"
"0/1","9,3","12","89","89,0,331"
"0/0","38,4","42","76","0,76,1216"
"0/1","1,2","3","28","73,0,28"
"0/1","13,14","27","99","470,0,430"
"0/0","26,3","29","1","0,1,920"
"0/1","5,15","20","99","490,0,125"
"0/1","4,15","19","99","502,0,102"
"0/1","15,13","28","99","409,0,411"
"0/1","6,9","16","99","285,0,205"
"0/1","8,7","15","99","210,0,282"
"0/0","16,0","16","45","0,45,605"
"0/1","17,10","27","99","299,0,507"
"0/1","16,14","30","99","379,0,464"
"0/0","17,0","17","39","0,39,519"
"0/1","13,11","24","99","368,0,387"
"0/1","12,20","32","99","636,0,305"
"0/1","9,6","15","99","194,0,244"
"0/1","18,21","39","99","667,0,613"
"0/1","9,11","20","99","320,0,183"
"0/1","8,11","19","99","353,0,240"
"0/1","17,15","32","99","440,0,564"
"0/1","17,14","31","99","420,0,600"
"0/1","20,14","34","99","414,0,699"
"0/0","26,0","26","72","0,72,918"
"0/0","27,0","27","72","0,72,879"
"0/0","27,0","27","72","0,72,891"
"0/0","27,0","27","69","0,69,858"
"0/1","16,17","33","99","503,0,530"
"0/1","12,7","19","99","220,0,391"
"0/1","13,21","34","99","643,0,388"
"0/1","18,14","32","99","471,0,579"
"0/1","62,18","81","99","350,0,1965"
"0/1","11,18","29","99","589,0,354"
"0/0","16,0","16","48","0,48,615"
"0/0","15,0","15","42","0,42,524"
"0/1","8,4","12","95","95,0,175"
"0/1","17,11","28","99","353,0,571"
"0/1","22,10","32","99","128,0,751"
"0/1","22,8","30","55","55,0,721"
"0/1","22,7","30","44","44,0,724"
"0/1","24,8","32","50","50,0,653"
"0/1","70,14","84","99","259,0,2287"
"0/1","13,18","31","99","575,0,440"
"0/1","11,12","23","99","378,0,366"
"0/1","12,10","22","99","346,0,374"
"0/1","14,13","27","99","446,0,428"
"0/1","26,13","39","99","360,0,859"
"0/1","16,16","32","99","457,0,512"
"0/1","13,12","25","99","368,0,362"
"0/1","12,20","32","99","620,0,384"
"0/1","10,13","23","99","429,0,299"
"0/1","16,14","30","99","445,0,554"
"0/1","19,18","37","99","537,0,654"
"0/1","18,18","36","99","524,0,613"
"0/1","18,18","36","99","530,0,546"
"0/1","20,20","40","99","648,0,586"
"0/1","21,16","37","99","462,0,731"
"0/1","14,11","25","99","372,0,487"
"0/1","20,14","34","99","449,0,620"
"0/1","21,11","32","99","318,0,631"
"0/1","13,20","33","99","603,0,436"
"0/1","21,18","39","99","607,0,658"
"0/1","20,16","36","99","513,0,623"
"0/1","18,16","34","99","482,0,544"
"0/1","19,16","35","99","516,0,583"
"0/1","22,13","35","99","292,0,702"
"0/1","23,12","35","99","372,0,692"
"0/1","24,13","37","99","423,0,755"
"0/1","19,16","35","99","456,0,602"
"0/1","18,20","38","99","650,0,565"
"0/1","22,20","42","99","624,0,709"
"0/1","11,14","25","99","485,0,353"
"0/1","9,20","29","99","680,0,239"
"0/1","9,20","29","99","694,0,241"
"0/0","34,2","39","78","0,78,1008"
"0/1","18,19","37","99","596,0,563"
"0/0","30,0","30","84","0,84,1096"
"0/0","33,0","33","90","0,90,1175"
"0/0","31,0","31","81","0,81,1024"
"0/1","19,16","35","99","483,0,619"
"0/0","32,1","38","90","0,90,1159"
"0/0","26,0","26","69","0,69,911"
"0/0","27,0","27","69","0,69,887"
"0/1","21,15","36","99","462,0,650"
"0/1","14,17","31","99","541,0,424"
"0/1","16,14","30","99","394,0,549"
"0/1","20,23","43","99","545,0,547"
"0/1","8,7","15","99","226,0,270"
"0/0","20,0","20","42","0,42,551"
"0/1","12,8","20","99","255,0,392"
"0/1","14,9","23","99","293,0,454"
"0/1","11,9","20","99","296,0,390"
"0/1","7,12","19","99","375,0,209"
"0/1","78,25","103","99","597,0,1456"
"0/0","110,0","110","99","0,211,2521"
"0/1","85,16","101","99","203,0,1781"
"0/1","22,31","53","99","1049,0,164"
"0/1","32,14","46","99","471,0,567"
"0/1","17,20","37","99","711,0,469"
"0/1","13,16","29","99","468,0,358"
"0/0","27,0","27","72","0,72,988"
"0/1","16,22","38","99","664,0,531"
"0/1","17,18","35","99","623,0,567"
"0/0","57,0","57","99","0,153,1975"
"0/1","10,21","31","99","662,0,218"
"0/1","16,25","41","99","785,0,495"
"0/1","7,2","9","50","50,0,241"
"0/1","20,17","37","99","517,0,641"
"0/1","15,10","25","99","244,0,401"
"0/0","18,0","21","27","0,27,326"
"0/1","16,21","37","99","756,0,437"
"0/1","15,19","34","99","588,0,495"
"0/1","12,12","24","99","277,0,262"
"0/1","11,13","25","99","328,0,256"
"0/1","13,11","24","99","296,0,420"
"0/1","9,16","25","99","514,0,281"
"0/1","19,13","32","99","373,0,595"
"0/1","19,12","31","99","300,0,595"
"0/1","18,12","30","99","361,0,495"
"0/1","14,11","25","99","365,0,410"
"0/1","10,12","24","99","337,0,273"
"0/1","16,9","25","99","277,0,500"
"0/1","15,14","29","99","472,0,460"
"0/1","16,17","33","99","552,0,493"
"0/1","16,18","34","99","587,0,424"
"0/1","14,22","36","99","727,0,414"
"0/1","14,21","35","99","744,0,374"
"0/1","20,20","40","99","620,0,564"
"0/1","18,20","38","99","625,0,501"
"0/1","19,18","37","99","550,0,559"
"0/1","24,15","39","99","431,0,697"
"0/1","26,10","36","99","261,0,846"
"0/1","22,13","35","99","319,0,628"
"0/1","25,12","37","99","258,0,691"
"0/1","18,16","34","99","412,0,493"
"0/1","18,12","30","99","331,0,512"
"0/1","12,19","31","99","530,0,328"
"0/1","14,13","29","99","419,0,438"
"0/1","22,12","34","99","353,0,669"
"0/1","24,8","32","99","180,0,768"
"0/1","20,10","30","99","245,0,649"
"0/1","10,18","28","99","589,0,292"
"0/1","14,12","26","99","366,0,347"
"0/1","13,14","27","99","473,0,439"
"0/0","22,0","22","54","0,54,700"
"0/0","20,0","20","51","0,51,640"
"0/0","19,0","19","48","0,48,610"
"0/0","18,1","19","42","0,42,531"
"0/0","17,2","19","17","0,17,513"
"0/0","19,1","20","17","0,17,526"
"0/0","19,1","20","20","0,20,527"
"0/0","21,1","22","26","0,26,594"
"0/0","23,1","24","29","0,29,629"
"0/0","21,1","23","14","0,14,455"
"0/0","22,1","23","24","0,24,590"
"0/0","21,1","23","30","0,30,656"
"0/0","33,0","33","90","0,90,1182"
"0/0","36,0","36","99","0,105,1320"
"0/1","24,24","48","99","782,0,739"
"0/1","27,28","55","99","913,0,832"
"0/1","30,33","63","99","1142,0,1011"
"0/1","36,72","108","99","2465,0,912"
"0/1","50,61","111","99","1757,0,1542"
"0/1","45,57","102","99","1677,0,1338"
"0/1","44,58","102","99","1723,0,1300"
"0/0","94,0","94","99","0,247,3227"
"0/0","95,1","97","99","0,225,3357"
"0/1","32,51","83","99","1567,0,952"
"0/0","91,0","91","99","0,259,3383"
"0/0","27,0","27","69","0,69,830"
"1/1","0,30","32","75","943,75,0"
"0/1","10,15","25","99","470,0,259"
"0/1","11,10","21","99","300,0,361"
"0/1","24,9","34","99","186,0,315"
"0/1","17,16","33","99","418,0,582"
"0/1","27,27","55","99","867,0,732"
"0/1","16,19","35","99","664,0,405"
"0/1","20,17","37","99","548,0,685"
"0/1","27,22","49","99","676,0,893"
"0/0","14,0","14","36","0,36,480"
"0/1","7,11","18","99","384,0,191"
"0/1","5,11","16","99","403,0,117"
"0/1","5,6","11","99","200,0,170"
"0/1","9,7","16","99","206,0,244"
"0/1","8,8","16","96","161,0,96"
"0/1","8,24","32","99","796,0,232"
"0/0","11,0","12","27","0,27,288"
"0/1","11,18","29","99","626,0,286"
"0/1","27,8","35","70","70,0,916"
"0/1","18,6","25","99","117,0,596"
"0/1","18,7","25","99","117,0,585"
"0/1","36,12","49","99","136,0,1205"
"0/1","39,23","62","99","510,0,1243"
"0/1","40,21","61","99","399,0,1243"
"0/1","39,21","62","99","408,0,1177"
"0/1","61,10","72","99","181,0,1565"
"0/1","13,27","40","99","824,0,370"
"0/1","22,15","37","99","480,0,645"
"0/1","13,18","31","99","553,0,404"
"0/1","11,14","25","99","442,0,333"
"0/1","38,6","44","32","32,0,1184"
"0/1","30,19","49","99","548,0,879"
"0/1","34,9","43","99","234,0,1090"
"0/1","23,15","38","99","312,0,510"
"0/1","30,10","40","99","135,0,746"
"0/1","18,17","35","99","461,0,290"
"0/1","24,24","48","99","555,0,608"
"0/1","33,15","48","99","425,0,717"
"0/1","24,13","37","99","385,0,668"
"0/1","29,8","37","85","85,0,902"
"0/1","13,12","25","99","405,0,375"
"0/1","13,12","25","99","363,0,405"
"0/1","12,12","24","99","366,0,377"
"0/1","24,10","34","99","281,0,598"
"0/1","14,18","32","99","584,0,360"
"0/1","16,13","30","99","315,0,405"
"0/1","11,19","31","99","516,0,246"
"0/0","42,2","44","68","0,68,1210"
"0/0","41,1","44","68","0,68,1180"
"0/1","28,10","38","99","311,0,491"
"0/1","27,10","38","99","195,0,634"
"0/1","34,10","44","99","212,0,775"
"0/1","30,14","44","99","216,0,919"
"0/1","35,11","46","99","162,0,1075"
"0/1","33,11","44","99","235,0,930"
"0/1","32,11","43","99","272,0,762"
"0/1","22,10","32","99","311,0,623"
"0/1","21,11","32","99","349,0,649"
"0/1","29,9","38","99","235,0,639"
"0/1","16,10","28","99","230,0,293"
"0/1","30,10","40","99","107,0,781"
"0/1","30,20","50","99","620,0,795"
"0/1","12,15","27","99","423,0,389"
"0/1","13,16","29","99","441,0,415"
"0/1","22,9","31","99","254,0,646"
"0/1","5,34","39","6","1034,0,6"
"0/1","23,19","43","99","516,0,516"
"0/1","19,19","40","99","570,0,428"
"0/1","7,29","38","28","993,0,28"
"0/1","46,8","54","61","61,0,1058"
"0/1","54,7","61","99","151,0,1202"
"0/1","9,18","27","99","415,0,241"
"0/1","31,10","41","99","247,0,749"
"0/1","17,9","26","99","219,0,399"
"0/1","17,9","26","99","250,0,449"
"0/1","22,10","32","99","273,0,515"
"0/1","8,6","15","99","192,0,160"
"0/1","7,14","21","99","419,0,209"
"0/1","8,14","22","99","406,0,259"
"0/1","9,14","23","99","406,0,278"
"0/1","17,15","32","99","463,0,392"
"0/1","19,14","33","99","445,0,444"
"0/1","15,17","32","99","384,0,439"
"0/1","10,12","22","99","396,0,232"
"0/1","8,10","18","99","263,0,173"
"0/1","9,13","22","99","404,0,162"
"0/1","12,12","24","99","318,0,275"
"0/1","10,10","20","99","218,0,297"
"0/1","12,21","33","99","603,0,303"
"0/1","10,22","32","99","615,0,286"
"0/1","12,15","27","99","444,0,328"
"0/1","10,23","33","99","758,0,225"
"0/1","18,10","28","99","271,0,590"
"0/1","16,16","32","99","485,0,484"
"0/1","17,16","33","99","493,0,491"
"0/1","19,14","33","99","423,0,594"
"0/1","28,19","47","99","506,0,850"
"0/1","18,12","30","99","260,0,503"
"0/1","18,11","30","99","242,0,476"
"0/1","12,9","21","99","276,0,378"
"0/0","20,0","20","39","0,39,535"
"1/1","0,17","17","48","655,48,0"
"0/0","23,2","25","30","0,30,816"
"0/1","12,16","28","99","542,0,327"
"0/1","12,13","25","99","365,0,392"
"0/1","20,14","34","99","389,0,646"
"0/1","19,13","32","99","355,0,602"
"0/1","18,11","29","99","306,0,569"
"0/1","21,17","38","99","470,0,624"
"0/1","20,18","38","99","574,0,647"
"0/1","13,18","31","99","596,0,434"
"0/1","10,6","16","99","151,0,346"
"0/1","10,5","15","83","83,0,352"
"0/1","10,7","17","99","192,0,319"
"0/1","6,3","9","59","59,0,184"
"0/1","21,17","38","99","549,0,652"
"0/1","16,14","30","99","416,0,496"
"0/1","18,13","31","99","397,0,612"
"0/0","49,3","52","14","0,14,1511"
"0/0","49,3","52","16","0,16,1573"
"0/1","42,4","46","38","38,0,1328"
"0/1","38,10","48","99","111,0,1317"
"0/1","23,21","44","99","713,0,602"
"0/1","34,10","45","99","185,0,1142"
"0/1","16,6","22","96","96,0,555"
"0/1","15,7","22","99","191,0,489"
"0/1","9,10","19","99","212,0,299"
"0/1","15,10","25","99","270,0,394"
"0/1","18,11","29","99","308,0,463"
"0/1","17,12","29","99","306,0,449"
"0/1","20,7","28","99","185,0,620"
"0/1","18,12","30","99","341,0,539"
"0/1","13,12","25","99","376,0,407"
"0/1","13,12","25","99","379,0,409"
"0/1","11,14","25","99","464,0,328"
"0/1","10,13","23","99","436,0,303"
"0/1","18,6","24","99","174,0,624"
"0/1","31,10","41","99","210,0,1021"
"0/1","6,14","20","99","379,0,154"
"0/0","26,0","26","66","0,66,868"
"0/1","20,6","26","99","160,0,568"
"0/1","10,4","14","82","82,0,222"
"0/1","8,3","11","54","54,0,181"
"0/1","20,2","22","16","16,0,728"
"0/1","22,5","28","90","90,0,769"
"0/1","25,5","31","81","81,0,847"
"0/1","29,5","35","71","71,0,1037"
"0/1","28,5","35","74","74,0,995"
"0/1","28,6","35","99","111,0,1000"
"0/1","34,10","44","99","167,0,1153"
"0/1","34,11","46","99","217,0,1169"
"0/1","35,12","47","99","213,0,1205"
"0/1","35,10","46","99","171,0,1147"
"0/1","35,11","46","99","176,0,1188"
"0/1","31,10","42","99","209,0,1036"
"0/1","32,10","42","99","169,0,1060"
"0/1","31,11","42","99","229,0,1079"
"0/1","32,11","43","99","219,0,1105"
"0/1","29,12","41","99","265,0,917"
"0/1","27,12","39","99","278,0,915"
"0/1","28,11","39","99","196,0,909"
"0/1","28,13","41","99","289,0,942"
"0/1","28,13","41","99","310,0,941"
"0/1","30,12","42","99","295,0,988"
"0/1","28,6","34","99","125,0,940"
"0/1","26,6","32","99","116,0,928"
"0/1","33,5","38","78","78,0,1099"
"0/1","35,6","41","99","115,0,1139"
"0/1","35,3","38","18","18,0,1154"
"0/1","34,4","38","9","9,0,1184"
"0/1","38,6","44","68","68,0,1374"
"0/1","38,6","44","37","37,0,1366"
"0/1","36,6","42","49","49,0,1264"
"0/1","34,6","40","52","52,0,1163"
"0/1","36,9","45","99","147,0,1298"
"0/1","38,8","46","99","159,0,1298"
"0/1","36,9","45","99","188,0,1259"
"0/1","37,9","46","99","187,0,1278"
"0/1","36,10","46","99","223,0,1257"
"0/1","35,10","45","99","228,0,1234"
"0/1","23,18","41","99","601,0,724"
"0/1","29,6","35","99","130,0,1027"
"0/1","30,6","36","99","131,0,1062"
"0/1","17,13","30","99","429,0,595"
"0/1","16,19","35","99","656,0,260"
"0/1","30,3","33","30","30,0,980"
"0/1","13,18","31","99","628,0,346"
"0/1","32,7","39","85","85,0,955"
"0/1","8,29","37","99","856,0,133"
"0/1","32,8","40","99","130,0,927"
"0/1","32,8","40","99","132,0,1003"
"0/1","31,8","39","99","127,0,1006"
"0/1","26,9","35","99","167,0,841"
"0/1","29,13","42","99","316,0,829"
"0/1","26,13","39","99","325,0,758"
"0/1","26,13","39","99","320,0,784"
"0/1","27,13","40","99","320,0,826"
"0/1","29,13","42","99","302,0,903"
"0/1","29,13","42","99","309,0,934"
"0/1","28,14","42","99","338,0,898"
"0/1","28,11","39","99","212,0,907"
"0/1","28,6","34","99","116,0,881"
"0/1","27,6","33","99","132,0,816"
"0/1","28,6","34","99","101,0,871"
"0/1","29,6","35","90","90,0,899"
"0/1","32,3","35","26","26,0,964"
"0/1","37,3","40","11","11,0,1157"
"0/1","35,4","39","49","49,0,1060"
"0/1","42,4","46","42","42,0,1228"
"0/1","38,6","44","99","115,0,1166"
"0/1","38,6","44","99","110,0,1121"
"0/1","33,6","39","99","124,0,1012"
"0/1","33,5","38","90","90,0,1032"
"0/1","32,9","41","99","182,0,1027"
"0/1","31,9","40","99","192,0,971"
"0/1","28,11","39","99","278,0,821"
"0/1","24,10","34","99","236,0,795"
"0/1","24,10","34","99","241,0,797"
"0/1","22,10","32","99","252,0,737"
"0/1","28,11","39","99","244,0,987"
"0/1","32,11","43","99","217,0,1133"
"0/1","28,10","38","99","224,0,1012"
"0/1","29,10","39","99","223,0,1001"
"0/1","23,16","39","99","477,0,714"
"0/1","25,8","33","99","169,0,878"
"0/1","32,6","38","94","94,0,1035"
"0/1","32,6","38","91","91,0,1017"
"0/1","32,6","38","58","58,0,999"
"0/1","32,7","39","99","126,0,1027"
"0/1","30,8","38","99","163,0,931"
"0/1","20,5","25","74","74,0,560"
"0/1","11,11","22","99","253,0,344"
"0/1","10,8","18","99","193,0,317"
"0/1","16,23","39","99","750,0,472"
"0/1","16,10","26","99","335,0,401"
"0/1","11,16","27","99","562,0,352"
"0/1","15,6","21","99","171,0,485"
"0/1","8,7","15","99","147,0,237"
"0/1","15,23","38","99","758,0,389"
"0/1","11,27","38","99","924,0,333"
"0/1","9,10","19","99","350,0,312"
"0/1","8,18","26","99","609,0,208"
"0/1","15,7","22","99","208,0,512"
"0/1","3,15","18","65","540,0,65"
"0/1","6,12","19","99","432,0,182"
"0/1","12,15","28","99","527,0,416"
"0/1","18,11","29","99","363,0,601"
"0/1","12,7","19","99","234,0,349"
"0/1","13,15","28","99","389,0,293"
"0/1","33,6","39","99","115,0,1012"
"0/1","35,7","42","99","150,0,1094"
"0/0","161,0","161","99","0,439,5739"
"0/1","35,9","44","45","45,0,1164"
"0/1","23,15","38","99","189,0,746"
"0/1","25,17","42","99","245,0,849"
"0/1","25,17","42","99","256,0,793"
"0/1","24,14","38","99","223,0,752"
"0/1","20,17","37","99","560,0,556"
"0/1","4,4","8","87","87,0,134"
"0/1","19,18","37","99","574,0,495"
"0/1","15,16","31","99","505,0,412"
"0/1","28,7","36","99","187,0,664"
"0/1","43,18","61","99","482,0,1262"
"0/1","36,33","69","99","919,0,1134"
"0/1","36,9","45","99","139,0,1212"
"0/1","15,12","27","99","360,0,415"
"0/0","24,1","27","35","0,35,865"
"0/1","8,7","15","99","198,0,217"
"0/1","19,22","41","99","747,0,607"
"0/1","16,15","31","99","475,0,491"
"0/1","13,14","27","99","468,0,430"
"0/1","12,19","31","99","586,0,387"
"0/1","13,13","26","99","439,0,411"
"0/1","20,15","35","99","468,0,649"
"0/1","13,11","24","99","261,0,377"
"0/1","12,11","24","99","242,0,420"
"0/1","15,14","29","99","467,0,471"
"0/1","20,24","44","99","745,0,622"
"0/1","12,20","32","99","689,0,341"
"0/1","13,14","27","99","485,0,369"
"0/1","11,6","17","99","181,0,386"
"0/1","14,7","21","99","213,0,492"
"0/1","16,18","34","99","603,0,498"
"0/1","15,21","36","99","696,0,496"
"0/1","15,14","29","99","400,0,479"
"0/1","10,15","25","99","482,0,322"
"0/1","22,21","43","99","680,0,720"
"0/1","8,8","16","99","279,0,270"
"0/1","6,7","13","99","243,0,167"
"0/0","11,0","11","24","0,24,321"
"0/1","7,7","14","99","207,0,193"
"0/1","11,24","35","99","660,0,346"
"0/1","11,12","23","99","302,0,308"
"0/1","6,10","16","42","42,0,160"
"0/1","20,19","39","99","620,0,590"
"0/1","12,8","21","99","224,0,393"
"0/1","14,19","33","99","604,0,432"
"0/1","8,8","16","99","274,0,266"
"0/1","15,18","36","99","462,0,396"
"0/1","16,6","22","99","164,0,513"
"0/1","14,20","34","99","667,0,460"
"0/1","8,9","17","99","294,0,242"
"0/0","20,0","20","60","0,60,818"
"0/1","11,20","31","99","692,0,305"
"0/1","15,11","26","99","322,0,257"
"0/1","15,18","33","99","633,0,505"
"0/1","21,7","28","59","59,0,671"
"0/0","7,0","7","18","0,18,236"
"0/1","10,18","28","99","564,0,268"
"0/1","12,20","32","99","550,0,386"
"0/1","12,19","31","99","545,0,386"
"0/1","18,16","34","99","531,0,618"
"0/1","15,13","28","99","388,0,468"
"0/1","12,12","24","99","276,0,370"
"0/1","19,15","34","99","426,0,625"
"0/1","22,10","32","99","308,0,716"
"1/1","0,20","20","51","623,51,0"
"1/1","0,5","5","15","203,15,0"
"0/1","27,39","66","99","1114,0,645"
"0/1","30,24","54","99","590,0,881"
"1/1","1,28","29","72","916,72,0"
"0/1","22,9","32","99","215,0,706"
"0/1","22,16","38","99","433,0,635"
"0/1","17,15","32","99","433,0,527"
"0/1","15,15","30","99","438,0,414"
"0/0","32,0","32","90","0,90,1186"
"0/1","4,13","17","44","323,0,44"
"0/1","1,11","12","4","411,0,4"
"0/0","40,5","45","89","0,89,1442"
"0/1","15,10","25","99","307,0,458"
"1/1","1,23","24","20","706,20,0"
"1/1","0,23","23","66","850,66,0"
"1/1","1,25","26","20","658,20,0"
"1/1","0,23","23","51","646,51,0"
"1/1","0,13","13","36","469,36,0"
"1/1","0,20","20","57","774,57,0"
"1/1","0,12","12","36","448,36,0"
"0/1","11,6","17","99","115,0,100"
"0/1","14,16","30","99","511,0,483"
"0/1","15,16","31","99","511,0,407"
"0/1","18,19","37","99","637,0,553"
"0/0","13,0","15","33","0,33,437"
"0/1","15,16","31","99","505,0,509"
"0/1","6,13","19","99","479,0,180"
"0/1","14,19","33","99","662,0,470"
"0/1","15,17","32","99","554,0,486"
"0/1","12,9","21","99","299,0,387"
"0/1","11,9","20","99","303,0,352"
"0/1","7,20","27","99","638,0,207"
"0/1","8,16","24","99","558,0,224"
"0/1","11,7","18","99","228,0,354"
"0/1","10,12","22","99","352,0,324"
"0/1","10,10","20","99","321,0,282"
"0/1","5,8","13","99","290,0,154"
"0/1","2,8","10","47","297,0,47"
"0/1","16,6","22","99","180,0,553"
"0/1","11,14","25","99","465,0,369"
"0/1","33,16","49","99","377,0,1059"
"0/1","18,10","29","99","314,0,501"
"0/1","12,10","22","99","344,0,384"
"0/1","7,12","19","99","295,0,157"
"0/1","18,12","30","99","342,0,631"
"0/1","10,12","22","99","377,0,305"
"0/1","18,6","24","83","83,0,554"
"0/1","18,6","24","83","83,0,532"
"0/1","15,15","30","99","499,0,401"
"0/1","13,17","30","99","526,0,435"
"0/1","16,19","35","99","614,0,524"
"0/1","17,13","30","99","418,0,500"
"0/0","22,0","22","33","0,33,393"
"0/1","9,13","22","99","436,0,293"
"0/1","15,10","25","99","332,0,487"
"0/1","28,12","40","99","319,0,894"
"0/1","25,9","34","99","169,0,698"
"0/1","9,7","16","99","190,0,265"
"0/1","26,16","42","99","512,0,872"
"0/1","11,3","14","95","95,0,134"
"0/1","12,10","22","99","343,0,390"
"0/1","9,12","21","99","374,0,296"
"0/1","13,11","24","99","272,0,380"
"0/1","8,13","21","99","430,0,223"
"0/1","14,12","26","99","389,0,405"
"0/1","5,9","14","99","314,0,165"
"0/1","5,10","15","99","323,0,162"
"0/1","14,9","23","99","263,0,497"
"0/1","10,8","18","99","273,0,349"
"0/1","7,4","11","95","95,0,254"
"0/1","13,15","28","99","491,0,435"
"0/1","10,10","20","99","347,0,292"
"0/1","6,11","18","99","344,0,199"
"0/1","14,13","27","99","365,0,454"
"0/1","35,16","51","99","450,0,1069"
"0/1","10,12","22","99","371,0,337"
"0/0","12,0","12","24","0,24,293"
"0/0","12,0","12","24","0,24,293"
"0/0","14,1","15","30","0,30,359"
"0/0","15,0","15","30","0,30,365"
"0/0","15,0","15","36","0,36,455"
"0/0","15,0","15","33","0,33,407"
"0/1","9,8","17","99","107,0,276"
"0/1","15,11","26","99","257,0,409"
"0/0","33,3","36","19","0,19,999"
"0/1","22,20","42","99","677,0,764"
"0/1","11,17","28","99","514,0,342"
"0/1","23,13","36","99","322,0,829"
"0/1","16,12","28","99","402,0,389"
"0/1","57,6","63","54","54,0,1962"
"0/1","11,11","22","99","378,0,342"
"0/1","10,8","18","99","231,0,348"
"0/1","15,19","34","99","621,0,497"
"0/1","8,11","19","99","385,0,270"
"0/1","83,15","98","99","99,0,2117"
"0/1","87,18","105","99","260,0,2056"
"0/1","86,19","105","99","323,0,2141"
"0/1","45,11","56","99","206,0,890"
"0/0","20,0","20","51","0,51,654"
"0/0","34,0","34","90","0,90,1187"
"0/0","12,0","12","33","0,33,393"
"0/0","11,0","12","33","0,33,399"
"0/0","13,0","13","33","0,33,394"
"0/0","12,0","13","33","0,33,371"
"0/1","4,6","10","90","90,0,107"
"0/0","12,0","12","30","0,30,386"
"0/0","13,0","13","33","0,33,410"
"0/0","14,0","14","36","0,36,458"
"0/0","14,0","14","33","0,33,428"
"0/0","14,0","15","39","0,39,493"
"0/0","17,0","17","51","0,51,644"
"0/1","4,14","18","35","411,0,35"
"0/1","59,15","74","99","250,0,2006"
"0/0","33,0","33","93","0,93,1190"
"0/0","32,1","33","64","0,64,1139"
"1/1","0,31","32","84","1050,84,0"
"0/0","33,0","33","81","0,81,987"
"0/1","38,13","52","99","290,0,1102"
"0/1","45,11","56","99","177,0,1124"
"0/1","24,18","42","99","480,0,608"
"0/1","26,17","43","99","373,0,728"
"0/1","23,26","49","99","849,0,613"
"0/1","10,8","18","99","271,0,310"
"0/1","6,8","14","99","273,0,207"
"0/1","7,8","15","99","276,0,237"
"0/0","24,0","24","66","0,66,863"
"0/0","22,0","22","60","0,60,797"
"0/0","31,0","31","90","0,90,1142"
"0/0","43,0","43","99","0,123,1627"
"0/1","21,26","47","99","666,0,672"
"0/1","49,13","62","99","307,0,1569"
"0/1","54,8","62","99","141,0,1624"
"0/1","39,20","60","99","392,0,1249"
"0/1","43,21","64","99","278,0,1361"
"0/1","11,9","24","99","223,0,313"
"0/1","15,6","21","86","86,0,363"
"0/1","11,10","21","99","202,0,275"
"0/1","12,11","23","99","226,0,295"
"0/1","15,7","26","99","126,0,383"
"0/1","31,13","44","99","103,0,802"
"0/1","32,6","38","5","5,0,989"
"0/1","28,15","43","99","438,0,765"
"0/1","19,14","33","99","463,0,571"
"0/1","16,20","36","99","677,0,525"
"0/1","9,6","15","99","189,0,241"
"0/1","9,6","15","99","197,0,245"
"1/1","2,19","21","15","468,15,0"
"1/1","0,10","10","30","374,30,0"
"0/1","8,7","15","99","198,0,265"
"0/1","12,15","27","99","513,0,361"
"0/1","16,10","26","99","298,0,569"
"0/1","13,12","25","86","280,0,86"
"0/1","18,11","29","99","325,0,597"
"0/1","22,13","35","99","350,0,655"
"0/1","26,13","44","99","104,0,690"
"0/1","25,12","37","99","310,0,624"
"0/1","17,18","35","99","607,0,495"
"0/1","23,7","30","99","202,0,679"
"0/0","13,4","17","18","0,18,210"
"0/1","17,6","23","99","103,0,616"
"0/1","12,6","18","99","154,0,414"
"0/1","51,11","62","99","240,0,1649"
"0/1","54,11","65","99","253,0,1841"
"0/1","36,15","51","99","272,0,1224"
"0/1","51,15","66","99","330,0,1609"
"0/1","60,12","72","99","125,0,2012"
"0/1","58,16","74","99","433,0,1797"
"0/1","54,12","66","99","264,0,1779"
"0/1","46,9","55","99","207,0,1491"
"0/1","21,13","35","99","348,0,678"
"0/1","25,16","41","99","462,0,830"
"0/1","26,4","30","12","12,0,885"
"0/1","30,12","42","99","323,0,1020"
"0/1","27,11","38","99","270,0,894"
"0/1","27,10","37","99","223,0,861"
"0/1","27,8","36","99","201,0,869"
"0/1","30,9","39","99","198,0,955"
"0/1","28,8","36","99","210,0,827"
"0/1","28,8","36","99","203,0,878"
"0/1","40,6","46","94","94,0,1382"
"0/1","34,9","44","99","226,0,1241"
"0/1","35,9","44","99","169,0,1216"
"0/1","35,9","44","99","159,0,1189"
"0/1","33,11","44","99","217,0,1131"
"0/0","28,0","28","81","0,81,1052"
"0/1","39,7","46","99","142,0,1303"
"0/1","33,8","41","99","162,0,1046"
"0/1","35,8","43","99","154,0,1088"
"0/1","34,22","56","99","630,0,1172"
"0/1","39,4","43","20","20,0,1335"
"0/2","12,4,12","28","99","372,375,736,0,336,331"
"0/1","18,11","29","99","320,0,636"
"0/1","12,17","29","99","552,0,393"
"0/1","8,9","17","99","303,0,235"
"0/1","25,10","35","99","205,0,878"
"0/1","6,23","29","99","553,0,113"
"0/1","26,7","33","99","203,0,778"
"0/1","29,13","42","99","315,0,885"
"1/1","0,20","20","54","701,54,0"
"0/1","23,22","45","99","687,0,746"
"0/1","16,19","35","99","614,0,458"
"0/1","11,12","23","99","398,0,367"
"0/1","14,13","27","99","442,0,471"
"0/1","22,12","34","99","371,0,744"
"0/1","18,2","20","32","32,0,538"
"0/1","9,8","17","99","241,0,127"
"0/1","16,11","27","99","347,0,303"
"0/1","25,12","37","99","263,0,299"
"0/1","13,10","23","99","226,0,353"
"0/1","12,12","24","99","365,0,412"
"0/1","18,13","31","99","383,0,427"
"0/1","20,11","31","99","350,0,596"
"0/1","26,13","39","99","407,0,838"
"0/1","17,20","37","99","624,0,485"
"0/1","19,17","36","99","545,0,571"
"0/1","19,17","36","99","556,0,636"
"0/1","9,11","20","99","336,0,240"
"0/1","15,21","36","99","656,0,452"
"0/0","20,6","26","17","0,17,532"
"0/0","38,1","39","99","0,105,1384"
"0/1","17,13","30","99","361,0,601"
"0/1","20,18","38","99","607,0,656"
"0/1","20,17","37","99","536,0,679"
"0/1","19,18","37","99","540,0,568"
"0/1","17,18","35","99","567,0,522"
"0/1","16,7","23","99","216,0,531"
"0/1","18,18","36","99","593,0,567"
"0/1","16,16","32","99","537,0,503"
"0/1","18,12","30","99","367,0,464"
"0/1","14,9","23","99","267,0,345"
"0/1","47,19","66","99","424,0,1416"
"0/1","18,15","34","99","475,0,607"
"0/0","9,0","11","22","0,22,275"
"0/1","11,16","28","99","518,0,240"
"0/1","19,14","33","99","434,0,618"
"0/1","9,9","18","99","307,0,297"
"0/0","14,0","14","39","0,39,499"
"0/1","10,7","17","99","164,0,285"
"0/1","6,1","7","19","19,0,179"
"0/1","13,8","21","99","170,0,361"
"0/1","12,7","19","99","149,0,385"
"0/1","17,6","23","66","66,0,412"
"0/1","11,13","25","99","407,0,295"
"0/1","8,12","20","99","376,0,267"
"1/1","0,9","9","21","253,21,0"
"0/1","31,4","35","55","55,0,775"
"0/0","32,0","32","84","0,84,1002"
"0/1","23,4","27","27","27,0,687"
"0/1","15,11","26","99","201,0,470"
"0/0","29,4","33","26","0,26,770"
"0/1","21,9","30","99","157,0,391"
"0/0","10,0","10","24","0,24,310"
"0/0","13,0","13","39","0,39,522"
"0/1","16,8","24","99","250,0,561"
"0/1","7,12","19","99","399,0,201"
"0/1","6,9","15","99","325,0,123"
"0/1","6,14","20","99","479,0,181"
"0/1","17,23","40","99","641,0,460"
"0/1","17,19","36","99","583,0,488"
"0/1","11,20","31","99","525,0,328"
"0/1","14,19","33","99","635,0,443"
"0/1","18,8","26","99","212,0,593"
"0/0","32,0","32","93","0,93,1210"
"0/1","18,13","31","99","341,0,529"
"0/0","19,1","20","17","0,17,652"
"0/1","17,13","31","99","448,0,426"
"0/1","18,12","30","99","391,0,560"
"0/1","26,7","33","99","174,0,829"
"0/1","26,7","33","99","131,0,918"
"0/1","37,19","56","99","545,0,1240"
"0/1","34,15","49","99","447,0,1198"
"0/1","32,14","46","99","420,0,1111"
"0/1","35,15","50","99","412,0,1206"
"0/1","33,14","47","99","423,0,1179"
"0/1","36,12","48","99","338,0,1242"
"0/1","36,10","46","99","238,0,1228"
"0/1","31,6","37","99","135,0,1011"
"0/1","18,18","37","99","519,0,610"
"0/1","31,4","35","62","62,0,1027"
"0/1","26,7","33","99","181,0,895"
"0/1","27,6","33","99","145,0,910"
"0/1","18,17","35","99","538,0,493"
"0/1","21,16","37","99","535,0,562"
"0/1","17,19","36","99","645,0,495"
"0/1","15,13","28","99","441,0,425"
"0/1","15,14","29","99","476,0,407"
"0/0","49,0","49","99","0,123,1628"
"0/1","19,26","45","99","763,0,554"
"0/1","24,16","40","99","492,0,736"
"0/1","16,27","43","99","822,0,435"
"0/1","27,14","41","99","401,0,839"
"0/1","34,12","46","99","238,0,1187"
"0/1","30,9","39","99","185,0,987"
"0/1","30,9","40","99","186,0,990"
"0/1","31,8","39","99","145,0,1043"
"0/1","31,8","39","99","143,0,1016"
"0/1","22,14","36","99","396,0,725"
"0/0","34,0","34","99","0,102,1302"
"0/1","19,16","35","99","503,0,640"
"0/1","17,16","33","99","533,0,527"
"0/1","15,15","30","99","460,0,502"
"0/1","10,17","27","99","543,0,292"
"0/1","13,10","23","99","260,0,322"
"0/1","7,15","22","99","465,0,177"
"0/1","12,9","21","99","249,0,365"
"0/1","14,13","27","99","328,0,363"
"0/1","12,11","23","99","336,0,413"
"0/1","17,13","30","99","386,0,582"
"0/1","12,11","23","99","340,0,343"
"0/1","11,13","24","99","442,0,343"
"0/0","7,0","8","21","0,21,277"
"0/1","16,24","40","99","741,0,523"
"0/1","14,14","28","99","468,0,411"
"0/1","17,14","31","99","434,0,561"
"0/1","16,20","37","99","529,0,488"
"0/1","45,41","86","99","1242,0,1499"
"0/1","69,12","81","99","249,0,2312"
"0/1","14,39","53","99","1356,0,335"
"0/1","32,12","44","99","321,0,1108"
"0/1","25,14","39","99","322,0,840"
"0/1","29,13","42","99","341,0,941"
"0/1","36,15","51","99","416,0,1282"
"0/1","33,20","53","99","655,0,1126"
"0/0","5,0","5","9","0,9,122"
"0/1","18,16","34","99","539,0,637"
"0/0","11,0","11","27","0,27,348"
"0/0","11,0","12","21","0,21,244"
"0/0","37,5","51","3","0,3,751"
"0/1","29,2","33","2","2,0,749"
"0/1","26,4","30","40","40,0,652"
"0/1","41,15","62","18","18,0,797"
"0/1","21,20","41","99","627,0,673"
"0/1","4,5","9","28","108,0,28"
"0/0","29,0","29","81","0,81,1075"
"0/1","19,159","178","99","4267,0,105"
"0/1","11,14","25","99","431,0,340"
"0/1","20,12","32","99","349,0,651"
"0/1","13,15","28","99","479,0,438"
"0/1","17,9","26","99","278,0,584"
"0/1","16,16","32","99","529,0,542"
"0/1","11,13","24","99","403,0,323"
"0/1","23,25","48","99","804,0,687"
"0/1","23,27","52","99","863,0,697"
"0/1","20,16","36","99","476,0,623"
"0/1","64,21","87","99","480,0,1222"
"0/1","5,12","18","99","364,0,127"
"0/1","20,10","30","99","297,0,574"
"0/1","12,4","16","78","78,0,381"
"0/1","9,6","15","99","194,0,306"
"0/1","10,6","16","99","170,0,353"
"0/1","4,1","5","33","33,0,56"
"0/1","11,9","20","99","305,0,389"
"0/0","20,0","20","60","0,60,808"
"0/0","19,1","20","20","0,20,730"
"0/0","21,0","21","54","0,54,685"
"0/0","21,0","21","48","0,48,603"
"0/1","13,16","29","99","542,0,389"
"0/1","13,13","26","99","439,0,453"
"0/1","17,14","31","99","468,0,587"
"0/1","17,19","36","99","647,0,559"
"0/1","35,9","44","57","57,0,1147"
"0/1","37,8","45","99","104,0,1189"
"0/1","13,15","28","99","350,0,413"
"0/1","8,15","23","99","443,0,230"
"0/1","28,12","40","99","373,0,942"
"0/1","16,30","46","99","1025,0,374"
"0/1","39,15","54","99","434,0,1301"
"0/1","39,14","53","99","421,0,1131"
"0/1","34,18","52","99","538,0,1139"
"0/1","42,21","63","99","647,0,1395"
"0/1","32,16","48","99","447,0,1082"
"0/1","27,20","47","99","584,0,870"
"0/1","44,16","60","99","438,0,1367"
"0/1","37,21","58","99","620,0,1217"
"0/1","34,16","50","99","452,0,1180"
"0/1","38,11","49","99","264,0,1290"
"0/1","32,15","47","99","457,0,1057"
"0/1","30,18","48","99","565,0,984"
"0/1","27,16","43","99","476,0,888"
"0/1","35,33","68","99","995,0,1039"
"0/1","16,15","31","99","369,0,513"
"0/1","20,16","36","99","463,0,704"
"0/1","18,21","39","99","614,0,570"
"0/1","1,11","12","10","254,0,10"
"1/1","0,10","11","21","243,21,0"
"0/1","24,11","35","99","201,0,798"
"0/1","17,7","24","99","142,0,387"
"0/1","15,11","26","99","363,0,501"
"0/1","10,10","20","99","318,0,353"
"0/1","17,26","43","99","874,0,527"
"0/1","22,15","37","99","431,0,707"
"0/1","42,9","51","99","213,0,1350"
"0/1","21,15","36","99","496,0,698"
"0/1","13,21","34","99","641,0,371"
"0/1","19,10","29","99","305,0,649"
"0/1","16,11","27","99","342,0,528"
"0/1","13,13","26","99","383,0,392"
"0/1","13,18","31","99","563,0,428"
"0/1","22,17","39","99","541,0,700"
"0/1","25,10","35","99","253,0,902"
"0/1","19,13","32","99","391,0,581"
"0/1","13,20","33","99","602,0,405"
"0/1","14,19","33","99","614,0,454"
"0/1","13,18","31","99","615,0,420"
"0/1","10,11","21","99","386,0,336"
"0/1","9,13","22","99","453,0,281"
"0/1","16,8","24","99","257,0,467"
"0/1","12,13","25","99","396,0,381"
"0/1","16,7","23","99","163,0,574"
"0/1","15,15","30","99","520,0,452"
"0/1","14,11","25","99","295,0,390"
"0/1","15,20","35","99","525,0,414"
"0/1","9,15","24","99","499,0,291"
"0/1","15,10","25","99","317,0,448"
"0/1","12,10","22","99","273,0,343"
"1/1","0,34","34","90","1200,90,0"
"0/1","140,19","159","99","259,0,4706"
"0/1","17,135","152","99","4397,0,222"
"0/1","145,37","182","99","833,0,4750"
"0/1","138,34","172","99","623,0,4677"
"0/1","155,34","189","99","694,0,4914"
"0/1","33,3","36","15","15,0,1212"
"0/1","33,3","36","19","19,0,1153"
"0/1","18,3","21","57","57,0,668"
"0/1","40,42","82","99","1148,0,1207"
"0/1","35,5","40","89","89,0,1115"
"0/1","34,5","39","70","70,0,1051"
"0/1","33,4","38","51","51,0,928"
"0/1","11,19","31","99","677,0,279"
"0/0","13,0","17","30","0,30,334"
"1/1","5,4","10","6","82,6,0"
"0/1","12,16","28","99","462,0,412"
"0/1","12,1","15","25","25,0,86"
"0/1","21,14","35","99","437,0,668"
"0/1","6,3","9","99","99,0,129"
"0/1","5,3","9","66","66,0,98"
"0/1","17,15","32","99","485,0,513"
"0/0","15,1","22","30","0,30,345"
"0/1","14,21","35","99","692,0,428"
"0/0","18,1","20","36","0,36,445"
"0/1","18,6","24","99","179,0,583"
"0/1","19,13","32","99","413,0,584"
"0/1","15,19","34","99","501,0,360"
"0/0","20,0","20","39","0,39,483"
"0/1","16,12","28","99","395,0,532"
"0/1","13,17","30","99","495,0,432"
"0/1","29,23","52","99","684,0,801"
"0/1","19,10","29","99","326,0,367"
"0/1","14,7","21","99","181,0,447"
"0/1","54,23","77","99","109,0,1657"
"0/1","14,4","18","64","64,0,450"
"0/1","6,3","9","19","19,0,225"
"0/0","18,0","18","48","0,48,634"
"0/0","22,0","22","60","0,60,793"
"0/0","23,0","23","63","0,63,832"
"0/0","25,0","25","72","0,72,928"
"0/0","23,0","25","63","0,63,827"
"0/0","26,0","26","78","0,78,1020"
"0/1","16,16","33","99","441,0,457"
"0/1","23,19","42","99","567,0,575"
"0/1","12,15","27","99","449,0,363"
"0/1","17,13","30","99","391,0,535"
"0/1","10,18","28","99","633,0,277"
"0/1","17,13","30","99","383,0,464"
"0/1","15,10","25","99","302,0,283"
"0/1","10,6","25","99","195,0,317"
"0/1","12,16","28","99","473,0,210"
"0/1","14,12","26","99","383,0,370"
"0/1","15,12","27","99","332,0,518"
"0/1","14,14","28","99","481,0,407"
"0/1","15,11","26","99","290,0,526"
"0/1","15,9","24","99","253,0,535"
"0/1","19,17","36","99","468,0,534"
"0/1","11,16","27","99","494,0,337"
"0/1","13,18","31","99","538,0,403"
"0/1","26,9","35","99","213,0,912"
"0/1","13,14","27","99","413,0,371"
"0/1","12,10","22","99","295,0,338"
"0/1","8,9","17","99","270,0,279"
"0/1","15,8","23","99","258,0,505"
"0/1","17,6","23","99","182,0,513"
"0/1","10,10","20","99","289,0,334"
"0/1","15,23","38","99","788,0,438"
"0/1","25,19","44","99","289,0,805"
"0/1","15,18","33","99","613,0,445"
"0/1","19,9","28","99","271,0,617"
"0/1","12,12","24","99","253,0,340"
"0/1","15,14","29","99","429,0,448"
"0/1","12,17","29","99","498,0,341"
"0/1","17,12","29","99","355,0,498"
"0/1","25,13","38","99","316,0,763"
"0/1","16,22","38","99","658,0,247"
"0/1","21,8","29","99","163,0,754"
"0/1","23,7","30","99","122,0,795"
"0/1","15,13","28","99","322,0,348"
"0/1","15,18","33","99","413,0,360"
"0/1","9,8","17","99","270,0,267"
"0/1","9,14","23","99","338,0,226"
"0/1","12,7","19","99","200,0,299"
"0/1","25,9","35","99","195,0,829"
"0/1","15,13","28","99","431,0,521"
"0/1","16,16","32","99","488,0,486"
"0/1","13,16","29","99","512,0,324"
"1/1","1,16","17","7","488,7,0"
"0/1","9,7","16","99","161,0,246"
"0/1","5,13","18","99","374,0,140"
"0/1","12,7","19","99","134,0,248"
"0/1","41,18","59","99","463,0,1157"
"0/1","44,22","66","99","457,0,1264"
"0/1","8,12","20","99","429,0,267"
"0/0","50,0","50","99","0,138,1766"
"0/1","55,16","71","99","325,0,1940"
"0/1","60,14","74","99","287,0,1807"
"0/1","40,12","52","99","272,0,1173"
"0/0","24,0","24","69","0,69,922"
"0/1","21,18","39","99","502,0,700"
"0/1","22,12","34","99","378,0,745"
"0/1","16,13","29","99","392,0,520"
"0/1","20,13","33","99","424,0,631"
"0/1","15,8","23","99","256,0,523"
"0/1","11,14","25","99","450,0,372"
"0/1","11,11","22","99","357,0,375"
"0/1","11,11","22","99","330,0,339"
"0/1","7,13","20","99","464,0,208"
"0/1","15,7","22","99","209,0,482"
"0/1","7,12","19","99","375,0,226"
"0/1","11,10","21","99","334,0,387"
"0/1","9,16","25","99","497,0,295"
"0/1","13,19","32","99","661,0,399"
"0/1","11,14","25","99","482,0,351"
"0/1","15,11","26","99","365,0,416"
"0/1","15,17","32","99","577,0,468"
"0/1","26,27","53","99","850,0,781"
"0/1","44,9","53","99","203,0,1425"
"0/0","31,6","37","57","0,57,712"
"0/1","14,13","27","99","388,0,266"
"0/1","15,11","26","99","353,0,403"
"0/1","18,11","29","99","273,0,396"
"0/0","32,2","34","44","0,44,932"
"0/0","31,3","34","49","0,49,1065"
"0/0","35,0","35","90","0,90,1184"
"1/1","2,33","35","52","1023,52,0"
"0/1","9,11","20","99","334,0,279"
"0/1","7,2","9","59","59,0,164"
"0/1","5,18","23","99","653,0,131"
"0/1","6,13","19","99","464,0,190"
"0/0","11,2","13","18","0,18,236"
"0/0","15,1","17","27","0,27,309"
"0/0","28,0","28","78","0,78,1019"
"0/1","22,22","44","99","582,0,731"
"0/1","16,17","33","99","542,0,516"
"0/1","17,18","35","99","619,0,526"
"0/1","14,13","27","99","331,0,468"
"0/1","16,12","28","99","286,0,396"
"0/1","31,16","47","99","389,0,1026"
"0/1","27,13","40","99","366,0,886"
"0/1","3,3","6","99","102,0,104"
"0/1","93,18","111","99","302,0,3271"
"0/1","108,26","134","99","602,0,3659"
"0/1","136,16","152","99","118,0,4706"
"0/1","73,11","84","99","193,0,2256"
"0/1","62,21","83","99","546,0,1875"
"0/1","20,13","33","99","369,0,557"
"0/0","38,1","39","93","0,93,1164"
"0/1","2,12","14","44","350,0,44"
"0/1","47,13","60","99","299,0,1576"
"0/1","48,12","60","99","258,0,1582"
"0/1","21,9","30","99","198,0,664"
"0/1","21,9","30","99","198,0,671"
"0/1","30,9","39","73","73,0,811"
"0/1","55,9","64","99","145,0,1388"
"0/0","36,2","38","33","0,33,964"
"0/0","10,2","12","9","0,9,98"
"0/1","41,8","49","38","38,0,1081"
"0/1","76,13","89","99","127,0,2084"
"0/0","16,0","16","48","0,48,630"
"0/0","17,0","17","48","0,48,641"
"0/0","17,0","17","48","0,48,636"
"0/1","6,12","18","99","389,0,189"
"0/1","10,6","16","99","194,0,349"
"0/1","8,9","17","99","284,0,270"
"0/1","18,8","26","99","117,0,335"
"0/1","5,12","17","99","387,0,157"
"0/1","18,18","36","99","320,0,466"
"0/1","9,10","19","99","281,0,200"
"0/1","12,34","46","99","1125,0,279"
"0/1","15,15","30","99","388,0,422"
"0/1","20,15","35","99","436,0,557"
"0/1","23,20","43","99","625,0,715"
"0/1","9,10","19","99","189,0,301"
"0/1","7,6","13","99","178,0,243"
"0/1","10,11","21","99","374,0,306"
"0/1","5,12","17","99","346,0,157"
"0/1","7,13","20","99","420,0,229"
"0/1","10,13","23","99","432,0,297"
"0/1","14,15","31","99","474,0,459"
"0/1","17,12","29","99","349,0,563"
"0/1","16,13","29","99","419,0,477"
"0/1","7,14","21","99","475,0,148"
"0/1","10,17","27","99","498,0,211"
"0/1","5,11","16","99","402,0,120"
"0/1","9,9","18","99","308,0,215"
"0/1","4,21","25","99","489,0,108"
"0/1","24,10","34","99","187,0,657"
"0/0","29,0","29","72","0,72,940"
"0/1","13,14","27","99","329,0,388"
"0/0","29,0","29","78","0,78,1014"
"0/1","15,9","24","99","216,0,365"
"0/1","8,14","22","99","331,0,250"
"0/1","8,6","14","99","196,0,290"
"0/1","8,4","12","99","124,0,296"
"0/1","12,10","22","99","245,0,381"
"0/1","11,12","23","99","405,0,343"
"0/1","11,9","20","99","243,0,365"
"0/1","11,11","22","99","236,0,392"
"0/1","34,5","39","58","58,0,1175"
"0/1","22,8","30","99","186,0,700"
"0/1","8,7","15","99","241,0,271"
"0/1","8,9","17","99","306,0,272"
"0/1","11,10","21","99","286,0,372"
"0/1","13,17","30","99","521,0,424"
"0/1","16,17","33","99","520,0,514"
"0/1","14,15","29","99","447,0,444"
"0/1","8,12","20","99","411,0,213"
"0/1","12,16","28","99","515,0,403"
"0/1","14,13","27","99","403,0,476"
"0/1","16,13","29","99","365,0,527"
"0/1","10,14","24","99","431,0,325"
"0/1","12,11","23","99","331,0,391"
"0/1","13,13","26","99","400,0,431"
"0/1","8,19","27","99","652,0,233"
"0/1","11,21","32","99","760,0,336"
"0/1","13,18","31","99","626,0,418"
"0/1","11,16","27","99","550,0,360"
"0/1","13,10","23","99","339,0,398"
"0/1","11,13","24","99","452,0,336"
"0/1","15,12","27","99","406,0,533"
"0/1","18,7","25","99","205,0,641"
"0/1","12,12","24","99","381,0,421"
"0/1","6,12","18","99","416,0,183"
"0/1","9,11","20","99","390,0,260"
"0/1","19,6","25","99","139,0,606"
"0/1","13,10","23","99","271,0,393"
"0/1","13,8","21","99","171,0,430"
"0/1","10,10","20","99","248,0,248"
"0/1","13,17","30","99","359,0,407"
"0/1","20,9","29","99","212,0,537"
"0/1","6,9","15","99","157,0,207"
"0/1","8,9","17","99","280,0,157"
"0/1","10,18","28","99","291,0,296"
"0/1","9,14","23","99","465,0,219"
"0/1","12,16","28","99","501,0,400"
"0/1","12,14","26","99","465,0,403"
"0/1","9,16","25","99","547,0,254"
"0/1","6,11","17","99","403,0,189"
"0/1","7,17","24","99","613,0,202"
"0/1","17,12","29","99","409,0,597"
"0/1","10,8","18","99","273,0,315"
"0/1","11,8","19","99","271,0,345"
"0/1","14,10","24","99","332,0,397"
"0/1","12,10","22","99","312,0,379"
"0/1","14,11","25","99","337,0,440"
"0/1","12,10","22","99","314,0,369"
"0/1","12,11","23","99","369,0,425"
"0/1","25,18","43","99","231,0,683"
"0/1","18,10","29","72","72,0,467"
"0/1","20,9","29","99","108,0,434"
"0/1","10,11","21","99","260,0,288"
"0/1","6,5","11","99","169,0,175"
"0/1","10,84","94","99","2175,0,135"
"0/1","16,13","29","99","395,0,295"
"0/1","12,12","24","99","397,0,366"
"0/1","4,5","9","99","155,0,109"
"0/1","59,21","80","99","558,0,1910"
"0/1","33,17","50","99","507,0,1061"
"0/1","30,12","42","99","359,0,1091"
"0/1","27,37","64","99","1230,0,856"
"0/1","36,18","54","99","415,0,1026"
"0/1","40,22","62","99","520,0,1125"
"0/1","49,21","70","99","464,0,1019"
"0/1","8,8","16","99","278,0,235"
"0/1","6,6","12","99","211,0,207"
"0/1","12,11","23","99","329,0,364"
"0/1","9,14","23","99","450,0,254"
"0/1","17,11","28","99","334,0,533"
"0/1","15,12","27","99","363,0,431"
"0/1","23,12","35","99","344,0,692"
"0/1","22,12","34","99","344,0,654"
"0/1","13,14","27","99","448,0,419"
"0/1","16,19","35","99","654,0,529"
"0/1","16,15","31","99","467,0,492"
"0/1","16,13","29","99","400,0,486"
"0/1","15,9","24","99","296,0,429"
"0/1","9,10","19","99","353,0,266"
"0/1","7,10","17","99","355,0,233"
"0/1","12,14","26","99","377,0,256"
"0/1","12,14","26","99","417,0,304"
"0/1","18,9","27","99","281,0,530"
"0/1","7,15","22","99","496,0,173"
"0/1","7,15","22","99","473,0,207"
"0/1","7,7","14","99","198,0,191"
"0/0","20,0","20","48","0,48,638"
"0/0","28,0","28","72","0,72,945"
"0/1","14,16","31","99","470,0,428"
"0/1","7,12","19","99","437,0,225"
"0/1","4,24","29","48","659,0,48"
"0/1","24,12","36","99","370,0,788"
"0/1","10,14","24","99","458,0,297"
"0/1","11,16","27","99","389,0,381"
"0/1","8,7","15","99","166,0,234"
"0/0","20,0","20","60","0,60,815"
"0/1","10,9","19","99","282,0,276"
"0/0","21,1","22","28","0,28,625"
"0/0","31,3","34","43","0,43,1074"
"0/0","39,0","39","84","0,84,1035"
"0/0","35,4","39","26","0,26,1103"
"0/1","13,18","31","99","601,0,428"
"0/1","18,7","25","99","182,0,539"
"0/1","13,14","27","99","448,0,436"
"0/1","9,9","18","99","286,0,261"
"0/1","15,16","31","99","504,0,406"
"0/1","17,19","36","99","638,0,524"
"0/1","4,1","5","25","25,0,148"
"0/1","5,1","6","22","22,0,179"
"0/1","5,2","7","58","58,0,182"
"0/1","5,2","7","56","56,0,182"
"1/1","0,27","27","78","1056,78,0"
"0/1","11,12","23","99","426,0,328"
"0/1","19,25","44","99","855,0,518"
"0/1","12,16","28","99","567,0,371"
"0/1","17,14","31","99","450,0,535"
"0/1","9,15","26","99","353,0,194"
"0/1","19,13","32","99","401,0,655"
"0/1","18,4","24","99","104,0,407"
"0/1","19,4","23","99","104,0,427"
"0/1","19,4","23","99","105,0,418"
"0/1","16,4","20","99","111,0,336"
"0/1","14,3","17","52","52,0,281"
"0/0","48,3","51","33","0,33,1664"
"0/1","40,8","48","99","182,0,1303"
"0/0","42,3","45","24","0,24,1518"
"0/1","26,34","60","99","1207,0,793"
"0/1","17,16","33","99","446,0,470"
"0/1","20,16","36","99","494,0,621"
"0/1","16,11","27","99","330,0,533"
"0/1","36,158","194","99","5171,0,799"
"0/0","173,2","176","99","0,441,6637"
"0/0","131,0","131","99","0,370,4894"
"0/0","114,0","114","99","0,334,4393"
"0/1","75,12","87","99","211,0,2289"
"0/1","79,26","105","99","743,0,2481"
"0/1","112,21","133","99","364,0,3727"
"0/1","34,64","98","99","1946,0,1063"
"0/1","130,27","157","99","544,0,4294"
"0/1","29,111","140","99","3748,0,721"
"0/1","21,91","112","99","3254,0,483"
"0/1","70,11","83","99","166,0,2508"
"0/0","66,1","67","99","0,184,2412"
"0/1","47,106","153","99","3688,0,1424"
"0/1","30,141","171","99","4856,0,643"
"0/1","28,27","55","99","766,0,621"
"0/1","53,92,8","153","99","2811,0,1299,2676,1279,4198"
"0/0","41,5","46","61","0,61,1301"
"0/1","14,7","21","99","219,0,436"
"0/1","21,11","32","99","266,0,436"
"0/1","5,10","15","99","241,0,161"
"0/1","7,12","19","99","418,0,186"
"0/1","13,7","20","99","228,0,307"
"0/1","18,9","27","99","287,0,477"
"0/1","18,18","36","99","542,0,561"
"1/1","0,20","24","33","427,33,0"
"0/1","12,5","17","99","111,0,433"
"0/1","9,6","15","99","104,0,272"
"0/1","15,8","24","99","268,0,335"
"0/1","27,12","39","99","357,0,903"
"0/0","55,3","58","62","0,62,1983"
"0/1","15,20","35","99","630,0,479"
"0/1","13,17","30","99","536,0,375"
"0/0","28,0","28","75","0,75,995"
"0/0","28,0","28","78","0,78,1030"
"0/1","13,43","56","99","1147,0,322"
"0/0","21,0","21","60","0,60,775"
"0/0","30,0","30","87","0,87,1151"
"0/1","19,15","34","99","471,0,664"
"0/1","5,6","11","99","212,0,172"
"0/0","31,2","33","53","0,53,1074"
"0/1","20,15","35","99","470,0,667"
"0/0","6,0","6","18","0,18,234"
"0/1","31,18","49","99","560,0,1042"
"0/1","34,18","52","99","495,0,1104"
"0/1","53,16","69","99","426,0,1820"
"0/1","57,15","72","99","365,0,1855"
"1/2","0,15,63","78","99","2665,2152,2110,513,0,335"
"0/1","19,16","35","99","408,0,224"
"0/1","18,17","35","99","367,0,316"
"0/1","14,22","36","99","597,0,219"
"0/1","2,22","24","8","752,0,8"
"1/1","0,31","31","81","1057,81,0"
"1/1","1,25","26","66","847,66,0"
"0/0","19,0","19","42","0,42,549"
"0/1","15,9","24","99","153,0,363"
"0/1","17,9","26","99","145,0,424"
"0/1","20,9","30","99","155,0,381"
"0/1","20,9","30","99","168,0,408"
"0/1","21,8","29","99","177,0,461"
"0/1","20,9","29","99","126,0,516"
"0/1","20,7","28","99","141,0,510"
"0/1","18,6","25","68","68,0,476"
"0/1","9,14","23","99","441,0,290"
"0/1","12,15","27","99","460,0,348"
"0/1","6,9","15","99","320,0,192"
"0/1","8,10","19","99","315,0,190"
"0/1","13,17","30","99","511,0,360"
"1/1","0,7","7","21","279,21,0"
"1/1","0,3","3","9","118,9,0"
"0/1","1,2","3","26","26,0,34"
"1/1","0,6","6","12","161,12,0"
"0/0","9,0","9","24","0,24,299"
"0/1","4,4","8","97","97,0,120"
"0/0","7,1","8","21","0,21,273"
"0/0","7,1","8","21","0,21,285"
"1/1","0,9","10","24","307,24,0"
"0/1","13,1","14","7","7,0,363"
"0/1","13,1","14","12","12,0,330"
"0/1","6,2","8","22","22,0,172"
"0/0","5,0","5","9","0,9,113"
"0/0","1,0","1","3","0,3,40"
"0/0","3,0","3","6","0,6,68"
"0/1","6,1","7","19","19,0,211"
"0/0","3,0","3","6","0,6,75"
"0/1","7,7","14","99","145,0,234"
"0/1","5,1","7","19","19,0,184"
"0/1","5,3","8","98","98,0,175"
"0/1","5,6","11","99","203,0,157"
"0/1","9,2","11","50","50,0,305"
"0/1","8,3","11","71","71,0,286"
"0/0","11,0","11","33","0,33,413"
"0/1","6,4","10","99","136,0,160"
"0/0","8,0","10","24","0,24,304"
"0/0","5,0","5","9","0,9,122"
"0/1","4,2","6","49","49,0,98"
"0/0","3,1","4","9","0,9,114"
"0/0","3,0","3","9","0,9,124"
"0/0","4,1","5","6","0,6,82"
"0/1","2,1","3","31","36,0,31"
"0/1","2,1","3","31","36,0,31"
"1/2","0,1,2","3","31","73,39,36,34,0,31"
"0/0","4,0","5","9","0,9,122"
"0/0","5,0","5","12","0,12,162"
"0/0","5,0","5","12","0,12,160"
"0/0","3,0","3","6","0,6,79"
"0/0","2,0","2","3","0,3,37"
"0/0","1,0","1","3","0,3,32"
"1/1","2,2","4","3","40,3,0"
"0/0","4,0","4","6","0,6,79"
"0/1","20,21","41","99","690,0,563"
"0/1","17,17","34","99","564,0,436"
"0/0","46,4","50","23","0,23,1566"
"0/1","10,10","21","99","164,0,250"
"0/1","13,6","19","99","99,0,335"
"0/1","10,16","26","99","487,0,318"
"0/1","17,19","36","99","520,0,574"
"1/1","0,26","26","69","891,69,0"
"0/1","12,20","32","99","670,0,389"
"0/0","30,0","30","81","0,81,1084"
"1/1","0,28","28","75","1018,75,0"
"0/1","13,13","26","99","454,0,440"
"0/1","18,21","40","99","719,0,472"
"0/1","4,13","17","26","408,0,26"
"0/1","9,7","16","99","150,0,309"
"0/1","10,10","22","99","333,0,329"
"0/1","15,21","36","99","678,0,448"
"0/1","17,12","29","99","365,0,609"
"0/1","16,17","33","99","520,0,553"
"0/1","21,22","43","99","745,0,661"
"0/1","36,22","58","99","698,0,1245"
"0/1","33,35","68","99","1079,0,1115"
"0/1","8,12","20","99","422,0,254"
"0/1","5,6","11","99","175,0,177"
"0/1","31,9","40","99","242,0,1076"
"0/1","37,10","47","99","273,0,1228"
"0/0","44,0","44","99","0,129,1722"
"0/1","42,27","69","99","738,0,1174"
"0/1","9,6","15","99","197,0,324"
"0/1","15,16","31","99","516,0,509"
"0/1","10,18","28","99","491,0,305"
"0/1","18,21","39","99","632,0,562"
"0/0","21,2","23","18","0,18,775"
"0/0","21,2","23","18","0,18,771"
"0/0","23,2","25","24","0,24,839"
"0/0","26,1","27","40","0,40,1007"
"0/1","24,16","40","99","543,0,822"
"0/1","9,10","19","99","337,0,285"
"0/1","14,21","35","99","641,0,418"
"0/1","15,15","30","99","416,0,395"
"0/1","13,13","26","99","431,0,359"
"0/1","6,7","13","92","238,0,92"
"0/1","13,6","19","99","180,0,466"
"0/1","19,13","32","99","359,0,670"
"0/1","10,13","23","99","416,0,303"
"0/1","12,7","19","99","226,0,414"
"0/1","15,6","21","99","138,0,500"
"0/1","23,7","30","99","200,0,565"
"0/1","18,18","36","99","520,0,512"
"0/1","21,15","36","99","440,0,607"
"0/1","4,2","6","62","62,0,135"
"0/1","33,39","73","99","1092,0,846"
"0/1","50,14","64","99","269,0,1676"
"0/1","50,14","64","99","302,0,1649"
"0/0","41,0","41","99","0,114,1425"
"0/1","6,14","20","99","480,0,180"
"0/1","25,10","35","99","295,0,891"
"0/1","30,12","42","99","285,0,835"
"0/1","19,15","34","99","502,0,638"
"0/1","14,26","40","99","907,0,430"
"0/1","12,12","24","99","295,0,297"
"1/1","0,10","11","21","272,21,0"
"0/1","45,20","65","99","446,0,1332"
"0/0","73,0","73","99","0,165,2100"
"0/1","19,12","31","99","231,0,558"
"0/1","10,10","20","99","307,0,224"
"0/1","27,9","36","39","39,0,723"
"0/1","39,11","50","87","87,0,1318"
"0/1","16,10","26","99","288,0,551"
"0/1","11,9","21","99","126,0,228"
"0/0","31,0","31","93","0,93,1211"
"0/1","8,7","15","99","204,0,235"
"0/1","25,7","32","65","65,0,846"
"0/1","34,8","42","99","129,0,908"
"0/1","21,16","37","99","186,0,668"
"0/1","34,9","43","99","104,0,973"
"0/1","9,10","19","99","248,0,312"
"0/1","11,6","17","78","78,0,290"
"0/0","9,0","9","24","0,24,294"
"0/1","17,15","32","99","506,0,564"
"0/1","17,22","39","99","553,0,445"
"0/1","16,24","40","99","723,0,496"
"0/1","20,10","30","99","312,0,592"
"0/1","15,19","34","99","492,0,447"
"0/1","9,15","24","99","518,0,284"
"0/1","16,12","28","99","311,0,558"
"0/1","11,10","21","99","306,0,358"
"0/1","6,8","14","99","244,0,203"
"0/1","15,10","25","99","308,0,522"
"0/1","21,11","32","99","287,0,710"
"0/1","5,6","12","99","139,0,132"
"0/1","6,5","12","99","139,0,138"
"0/1","6,6","12","99","141,0,130"
"0/1","8,4","12","99","105,0,125"
"0/1","8,3","11","64","64,0,125"
"0/1","11,9","21","99","295,0,328"
"0/0","36,0","36","99","0,102,1293"
"0/0","37,0","37","99","0,105,1337"
"0/0","37,0","37","99","0,102,1266"
"0/1","32,5","37","99","107,0,913"
"1/1","1,34","35","53","1072,53,0"
"0/1","20,3","23","57","57,0,705"
"0/1","14,8","22","99","232,0,495"
"0/1","19,2","21","20","20,0,692"
"0/1","19,2","21","20","20,0,692"
"0/1","16,6","22","99","178,0,571"
"0/1","11,9","20","99","315,0,355"
"0/1","13,14","27","99","490,0,414"
"0/1","9,13","22","99","454,0,301"
"0/1","19,19","38","99","638,0,599"
"0/1","43,36","79","99","1207,0,1397"
"0/1","36,38","74","99","1121,0,1194"
"0/0","68,0","68","99","0,199,2641"
"0/1","35,42","77","99","1396,0,1111"
"0/0","45,0","53","99","0,117,1463"
"0/0","54,0","54","99","0,132,1743"
"0/1","16,14","30","99","431,0,523"
"0/1","10,15","26","99","435,0,334"
"0/1","15,16","31","99","415,0,453"
"0/1","24,11","36","99","229,0,786"
"0/1","12,13","25","99","392,0,398"
"0/1","10,7","17","99","199,0,356"
"0/1","15,14","29","99","402,0,440"
"0/1","8,7","15","99","207,0,275"
"0/1","20,15","35","99","421,0,596"
"0/1","9,16","25","99","471,0,253"
"0/1","12,19","31","99","587,0,277"
"0/1","9,32","41","99","864,0,181"
"0/1","22,4","26","40","40,0,632"
"0/1","15,12","27","99","308,0,428"
"0/1","13,19","32","99","560,0,324"
"0/1","11,11","22","99","325,0,346"
"0/1","37,11","50","99","111,0,651"
"0/1","24,22","46","99","372,0,498"
"0/1","24,14","45","99","203,0,669"
"0/1","12,9","21","99","268,0,429"
"0/1","15,6","21","99","171,0,456"
"0/1","16,14","30","99","426,0,449"
"0/1","7,8","15","99","229,0,250"
"0/1","7,9","16","99","274,0,244"
"0/1","7,9","16","99","274,0,241"
"0/1","9,14","23","99","425,0,283"
"0/1","16,23","39","99","723,0,397"
"0/1","16,19","35","99","595,0,510"
"0/1","20,11","31","99","315,0,649"
"0/1","13,21","34","99","710,0,405"
"0/1","16,19","35","99","443,0,517"
"0/1","9,5","17","28","28,0,102"
"0/1","6,8","14","99","235,0,200"
"0/1","15,23","38","99","694,0,362"
"0/1","3,2","5","60","60,0,68"
"0/1","14,14","28","99","452,0,428"
"0/1","14,14","28","99","475,0,486"
"0/1","11,12","23","99","291,0,193"
"0/1","35,9","44","99","192,0,1058"
"0/1","37,14","52","99","343,0,1150"
"0/1","35,15","50","99","353,0,1100"
"0/1","40,13","53","99","228,0,1286"
"0/1","60,10","72","99","191,0,1593"
"0/1","63,10","73","99","148,0,1992"
"0/0","27,1","28","36","0,36,896"
"0/0","25,1","27","33","0,33,849"
"0/0","26,1","27","36","0,36,879"
"0/0","25,1","27","30","0,30,839"
"0/0","25,1","27","35","0,35,879"
"0/0","27,1","28","36","0,36,905"
"0/1","17,6","23","71","71,0,494"
"0/1","19,6","25","72","72,0,494"
"0/1","10,10","20","99","192,0,320"
"0/1","3,7","10","96","219,0,96"
"0/1","12,10","22","99","306,0,369"
"0/1","17,4","21","77","77,0,499"
"0/1","16,5","21","99","115,0,458"
"0/1","13,2","15","43","43,0,316"
"0/1","12,10","22","99","347,0,347"
"0/1","8,11","19","99","340,0,200"
"0/0","3,0","3","9","0,9,117"
"0/1","10,12","22","99","230,0,288"
"0/1","18,19","37","99","575,0,459"
"0/1","21,16","37","99","404,0,676"
"0/1","21,15","36","99","407,0,657"
"0/1","14,14","28","99","457,0,458"
"0/1","12,16","29","99","522,0,390"
"0/1","13,12","25","99","406,0,445"
"0/1","14,14","28","99","480,0,461"
"0/1","22,9","31","99","284,0,517"
"0/1","19,12","31","99","346,0,568"
"0/1","19,13","32","99","364,0,528"
"0/1","20,16","37","99","388,0,618"
"0/1","18,13","31","99","435,0,364"
"0/1","22,3","25","72","72,0,510"
"0/1","8,4","12","99","113,0,212"
"0/1","15,6","21","99","185,0,503"
"0/1","17,23","40","99","798,0,530"
"0/1","8,13","21","99","397,0,152"
"0/1","8,15","23","99","470,0,142"
"0/0","24,1","25","29","0,29,780"
"0/1","13,12","25","99","412,0,415"
"0/1","12,9","21","99","299,0,423"
"0/1","15,8","23","99","257,0,530"
"0/1","176,74","250","99","1949,0,5665"
"0/1","118,64","182","99","1794,0,3376"
"0/1","107,82","190","99","2600,0,3388"
"0/1","107,81","188","99","2546,0,3383"
"0/1","107,82","189","99","2570,0,3499"
"0/1","124,31","155","99","708,0,4112"
"0/1","42,14","56","99","282,0,1406"
"0/0","10,1","11","27","0,27,347"
"0/1","23,2","25","32","32,0,497"
"0/0","27,0","28","69","0,69,905"
"0/1","8,3","11","86","86,0,161"
"0/1","4,7","11","97","210,0,97"
"0/1","14,12","26","99","364,0,308"
"0/1","14,9","23","99","287,0,466"
"0/1","7,10","17","99","356,0,238"
"0/1","11,7","18","99","227,0,384"
"0/1","10,7","17","99","235,0,358"
"0/1","14,13","27","99","436,0,425"
"0/1","13,8","21","99","255,0,424"
"0/1","12,10","22","99","305,0,388"
"0/1","13,19","32","99","494,0,343"
"0/1","4,1","8","20","20,0,116"
"0/1","6,1","7","13","13,0,184"
"0/1","12,11","23","99","365,0,374"
"0/1","15,12","27","99","392,0,524"
"0/1","8,8","16","99","208,0,250"
"0/1","11,10","21","99","308,0,339"
"0/1","11,12","23","99","334,0,333"
"0/1","4,13","17","99","397,0,105"
"0/1","6,13","19","99","434,0,189"
"0/1","8,13","21","99","458,0,248"
"0/0","18,0","18","48","0,48,619"
"0/1","15,11","26","99","371,0,499"
"0/1","14,16","30","99","553,0,471"
"0/1","13,3","16","75","75,0,455"
"0/1","19,16","35","99","499,0,644"
"0/1","4,19","24","96","121,0,96"
"0/1","17,7","25","99","195,0,427"
"0/1","13,11","24","99","340,0,370"
"0/1","6,10","16","99","331,0,116"
"0/1","11,9","20","99","256,0,392"
"0/1","14,20","34","99","625,0,447"
"0/1","17,13","30","99","429,0,540"
"0/1","18,9","27","99","267,0,637"
"0/1","11,5","16","99","159,0,408"
"0/1","12,9","21","99","305,0,324"
"0/1","17,13","31","99","272,0,480"
"0/1","15,10","25","99","248,0,400"
"1/1","2,21","23","17","635,17,0"
"0/1","5,11","16","99","211,0,127"
"0/1","16,13","29","99","387,0,506"
"0/1","18,15","33","99","472,0,554"
"0/1","20,19","39","99","535,0,625"
"0/1","15,16","32","99","564,0,397"
"0/1","24,14","38","99","388,0,719"
"0/1","20,20","40","99","618,0,657"
"0/1","20,19","39","99","641,0,604"
"0/1","16,16","32","99","550,0,511"
"0/1","16,12","28","99","385,0,556"
"0/1","21,15","36","99","491,0,640"
"0/1","10,10","20","99","265,0,274"
"0/1","29,9","38","99","162,0,789"
"0/1","16,8","24","99","215,0,478"
"0/1","16,26","42","99","782,0,506"
"0/0","45,4","49","21","0,21,1660"
"0/1","45,7","52","95","95,0,1563"
"0/1","61,8","69","65","65,0,1973"
"0/1","60,11","71","99","138,0,2059"
"0/1","50,12","62","99","316,0,1671"
"0/0","58,4","62","22","0,22,1991"
"0/1","13,48","61","99","1503,0,282"
"0/1","50,9","59","99","169,0,1554"
"0/1","45,9","54","99","183,0,1105"
"0/1","45,7","52","57","57,0,1425"
"0/1","42,12","54","99","249,0,1512"
"0/1","50,25","75","99","671,0,1719"
"0/1","47,17","64","99","479,0,1606"
"0/1","51,15","66","99","400,0,1525"
"0/1","49,14","63","99","302,0,1515"
"0/1","43,17","60","99","460,0,1414"
"0/1","42,24","67","99","764,0,1295"
"0/1","9,58","67","99","2041,0,176"
"0/1","44,32","76","99","961,0,1475"
"0/1","40,20","60","99","477,0,1241"
"0/1","25,6","31","99","157,0,826"
"0/1","27,6","33","99","144,0,899"
"0/1","45,7","52","99","113,0,1454"
"0/1","44,7","52","56","56,0,1429"
"0/1","27,6","34","99","112,0,774"
"0/0","11,0","11","33","0,33,418"
"0/0","13,0","13","39","0,39,523"
"0/1","16,14","31","99","438,0,443"
"0/0","17,1","18","48","0,48,616"
"0/1","11,7","18","99","195,0,322"
"0/1","14,7","21","99","191,0,482"
"0/1","13,15","28","99","490,0,432"
"0/0","27,0","27","81","0,81,1082"
"0/0","28,0","28","84","0,84,1110"
"0/0","28,2","31","63","0,63,832"
"0/1","12,5","17","99","117,0,253"
"1/1","9,11","22","1","236,1,0"
"0/1","15,11","26","99","374,0,476"
"0/1","16,2","18","7","7,0,349"
"0/0","26,6","32","0","0,0,579"
"0/1","27,12","39","74","74,0,531"
"0/1","9,13","22","99","439,0,293"
"0/1","12,12","24","99","421,0,378"
"0/1","70,25","95","99","399,0,2169"
"0/1","75,26","102","99","413,0,2486"
"0/1","84,30","114","99","506,0,2858"
"0/1","112,21","133","99","367,0,3693"
"0/0","116,0","117","99","0,310,3940"
"0/1","58,29","88","99","849,0,1636"
"0/1","121,19","140","99","222,0,3357"
"0/1","23,199","222","99","6664,0,229"
"0/1","22,171","193","99","5905,0,280"
"0/1","17,164","181","99","5105,0,167"
"0/1","46,13","59","99","323,0,1605"
"0/1","11,15","26","99","176,0,145"
"1/1","0,22","22","60","786,60,0"
"0/1","6,6","12","99","145,0,212"
"0/1","11,8","19","22","22,0,225"
"0/0","27,0","27","69","0,69,895"
"0/0","29,0","29","72","0,72,949"
"0/0","30,0","30","75","0,75,991"
"0/0","35,0","35","90","0,90,1174"
"0/1","25,7","32","99","135,0,786"
"0/1","20,16","36","99","499,0,402"
"0/1","32,19","51","99","304,0,610"
"0/1","35,32","67","99","770,0,836"
"0/1","36,25","61","99","666,0,886"
"0/1","36,24","60","99","659,0,916"
"0/1","36,24","60","99","647,0,917"
"0/1","35,24","59","99","651,0,892"
"0/1","33,24","57","99","658,0,823"
"0/1","34,19","53","99","473,0,842"
"0/1","35,12","47","99","194,0,989"
"0/1","34,10","44","99","193,0,1026"
"0/1","45,6","51","58","58,0,1254"
"0/0","11,0","11","24","0,24,289"
"0/1","5,9","14","99","238,0,129"
"0/1","13,6","19","99","186,0,393"
"0/1","3,7","10","87","246,0,87"
"0/1","7,12","19","99","337,0,223"
"0/1","9,10","19","99","265,0,308"
"0/1","8,12","20","99","395,0,267"
"0/1","7,16","23","99","568,0,173"
"0/1","6,7","13","99","207,0,162"
"0/1","17,24","41","99","678,0,430"
"0/1","21,22","44","99","620,0,547"
"0/1","17,4","21","38","38,0,398"
"0/0","4,0","4","12","0,12,150"
"0/0","4,0","4","12","0,12,164"
"0/0","54,0","54","99","0,159,2050"
"0/0","56,0","56","99","0,153,1985"
"0/1","38,15","53","99","406,0,1314"
"0/1","18,21","39","99","597,0,546"
"0/1","7,16","23","99","555,0,193"
"0/1","11,18","29","99","634,0,262"
"0/1","1,4","5","17","147,0,17"
"0/1","21,7","28","99","198,0,720"
"0/1","19,4","24","87","87,0,274"
"0/1","16,8","24","99","175,0,535"
"0/0","22,0","22","45","0,45,543"
"0/1","15,12","27","99","291,0,497"
"0/1","16,11","27","99","296,0,538"
"0/1","51,22","73","99","565,0,1682"
"0/1","48,21","69","99","592,0,1566"
"0/1","42,20","62","99","592,0,1367"
"0/1","36,15","51","99","460,0,1160"
"0/1","31,9","40","99","245,0,1047"
"0/1","61,18","79","99","494,0,1979"
"0/1","60,20","80","99","548,0,2011"
"0/1","56,18","74","99","387,0,1915"
"0/1","13,56","69","99","1988,0,287"
"0/1","13,57","70","99","2037,0,298"
"0/1","13,55","68","99","1890,0,320"
"0/1","55,12","67","99","265,0,1913"
"0/1","55,11","66","99","244,0,1921"
"0/1","20,66","86","99","2184,0,474"
"0/1","10,9","19","99","256,0,234"
"0/1","13,8","21","99","182,0,466"
"0/1","7,4","11","99","129,0,222"
"0/1","9,6","15","99","187,0,320"
"0/1","16,12","28","99","366,0,568"
"0/1","17,13","30","99","370,0,610"
"0/1","6,6","12","99","208,0,207"
"0/1","20,11","31","99","349,0,700"
"0/1","21,11","32","99","353,0,747"
"0/1","13,18","31","99","561,0,404"
"0/1","13,12","25","99","408,0,417"
"0/1","10,12","22","99","411,0,281"
"0/1","11,12","23","99","386,0,339"
"0/1","14,12","26","99","394,0,414"
"0/1","18,9","27","99","277,0,585"
"0/0","58,0","58","99","0,156,2003"
"0/1","50,19","69","99","487,0,1640"
"0/1","41,15","57","99","375,0,1356"
"0/1","12,12","24","99","415,0,412"
"0/1","13,19","33","99","433,0,293"
"0/0","26,0","26","78","0,78,1063"
"0/1","28,3","31","21","21,0,958"
"0/1","23,7","30","99","157,0,655"
"0/1","21,10","31","99","212,0,554"
"0/1","17,37","54","99","1124,0,251"
"0/1","17,7","24","99","126,0,450"
"0/1","9,9","18","99","313,0,204"
"0/1","31,14","46","99","172,0,875"
"0/1","8,7","16","99","135,0,182"
"0/0","2,0","3","3","0,3,40"
"0/1","9,15","24","99","506,0,258"
"0/1","7,4","11","99","132,0,172"
"0/1","15,14","29","99","414,0,482"
"0/1","13,33","46","99","1012,0,223"
"0/0","41,7","48","11","0,11,1055"
"0/0","40,7","47","0","0,0,1009"
"0/1","13,9","22","99","188,0,260"
"0/1","17,8","25","99","173,0,597"
"0/1","11,13","24","99","426,0,289"
"0/1","14,4","18","99","106,0,507"
"0/1","13,6","19","99","179,0,467"
"0/1","14,7","21","99","212,0,472"
"0/1","13,11","24","99","318,0,442"
"0/1","18,13","31","99","362,0,418"
"0/1","11,17","28","99","393,0,235"
"0/1","18,14","32","99","356,0,544"
"0/1","37,4","41","61","61,0,1054"
"0/1","56,36","94","99","823,0,1566"
"0/1","45,42","87","99","1335,0,1487"
"0/1","34,30","64","99","932,0,1119"
"0/1","32,37","69","99","1073,0,966"
"0/1","27,12","39","99","244,0,828"
"0/1","27,12","39","99","187,0,839"
"0/1","11,16","27","99","552,0,343"
"0/1","58,14","72","99","141,0,1778"
"0/1","58,10","68","72","72,0,1639"
"0/1","36,14","50","99","407,0,1233"
"0/1","59,17","79","99","251,0,1933"
"0/1","9,12","21","99","364,0,273"
"0/1","10,9","19","99","301,0,306"
"0/1","9,7","20","99","230,0,265"
"0/0","6,0","6","15","0,15,189"
"0/0","7,0","7","18","0,18,216"
"0/1","4,4","12","99","99,0,127"
"0/1","8,7","15","99","200,0,280"
"0/0","7,0","7","21","0,21,277"
"0/0","7,0","7","21","0,21,276"
"0/0","8,0","8","24","0,24,306"
"0/0","9,0","9","27","0,27,351"
"0/0","10,0","10","27","0,27,349"
"0/0","12,0","12","33","0,33,421"
"0/0","12,0","12","36","0,36,454"
"0/0","13,0","13","39","0,39,498"
"0/0","13,0","13","39","0,39,509"
"0/0","12,1","15","33","0,33,431"
"0/0","10,0","14","27","0,27,345"
"0/1","41,9","50","99","142,0,1128"
"0/1","8,7","15","99","253,0,130"
"1/1","2,12","15","33","446,33,0"
"0/1","20,15","35","99","466,0,646"
"0/1","5,8","13","99","237,0,157"
"0/1","17,16","34","99","466,0,554"
"0/1","12,16","28","99","474,0,354"
"0/1","25,14","39","99","345,0,729"
"0/1","12,14","27","99","267,0,350"
"0/1","13,14","27","99","279,0,376"
"0/1","40,7","47","71","71,0,1281"
"0/1","55,10","65","99","185,0,1607"
"0/1","73,20","94","99","503,0,2342"
"0/1","80,13","93","99","260,0,2591"
"0/1","81,13","94","99","234,0,2648"
"1/1","0,82","82","99","2865,220,0"
"0/1","61,21","82","99","467,0,1818"
"0/1","76,11","88","99","105,0,2326"
"0/0","23,2","25","57","0,57,717"
"0/1","54,12","66","99","211,0,1734"
"0/1","55,12","67","99","165,0,1672"
"0/1","51,15","66","99","374,0,1622"
"0/1","54,16","70","99","444,0,1721"
"0/1","51,15","66","99","410,0,1435"
"0/1","60,14","74","99","340,0,1867"
"0/1","74,13","87","99","180,0,2498"
"0/1","74,14","88","99","220,0,2439"
"0/1","71,15","86","99","310,0,2444"
"0/0","74,5","79","51","0,51,2374"
"0/1","67,8","75","99","111,0,2061"
"0/1","65,11","76","99","128,0,1816"
"0/1","89,12","101","99","190,0,2770"
"0/0","66,7","73","99","0,109,2449"
"0/0","61,8","69","99","0,114,2230"
"0/0","58,4","62","99","0,104,1961"
"0/0","58,4","62","99","0,104,1968"
"0/1","36,11","49","99","261,0,1120"
"0/1","41,12","53","99","241,0,1144"
"0/1","47,15","62","99","361,0,1538"
"0/0","22,0","22","63","0,63,781"
"0/1","25,12","38","99","339,0,653"
"0/1","20,14","34","99","364,0,503"
"0/1","10,5","15","99","150,0,345"
"0/1","11,18","29","99","492,0,261"
"0/1","15,19","34","99","628,0,441"
"0/1","19,13","32","99","356,0,563"
"0/1","8,13","21","99","307,0,256"
"0/1","13,17","31","99","549,0,422"
"0/1","21,16","37","99","490,0,632"
"0/0","12,0","12","36","0,36,450"
"0/1","10,12","22","99","317,0,305"
"0/1","7,4","11","75","75,0,247"
"0/1","12,3","15","60","60,0,436"
"0/1","13,6","19","99","192,0,428"
"0/1","13,8","21","99","255,0,463"
"0/1","15,8","23","99","251,0,540"
"0/1","12,9","21","99","263,0,349"
"0/1","16,11","27","99","338,0,460"
"0/1","17,14","31","99","447,0,564"
"0/1","14,12","26","99","389,0,446"
"0/1","19,12","31","99","360,0,601"
"0/1","9,8","17","99","264,0,274"
"0/1","6,10","16","99","336,0,184"
"0/1","7,12","19","99","399,0,226"
"0/1","7,13","20","99","435,0,210"
"0/1","7,14","21","99","462,0,222"
"0/1","8,14","22","99","435,0,215"
"0/1","14,9","23","99","266,0,499"
"0/1","12,9","21","99","258,0,431"
"0/1","7,8","15","99","270,0,161"
"0/1","3,8","11","90","284,0,90"
"0/1","6,8","14","99","273,0,124"
"0/1","4,12","16","99","294,0,119"
"0/1","15,18","33","99","595,0,518"
"0/1","15,19","34","99","640,0,509"
"0/1","11,14","25","99","480,0,304"
"0/1","7,13","20","99","354,0,235"
"0/1","10,8","18","99","236,0,350"
"0/1","12,14","26","99","481,0,388"
"0/1","22,8","30","99","236,0,762"
"0/1","43,22","65","99","480,0,1215"
"0/1","29,10","40","99","286,0,741"
"0/1","24,5","29","99","116,0,813"
"0/1","23,8","31","99","99,0,705"
"0/1","18,6","24","82","82,0,661"
"0/1","34,12","46","99","244,0,1190"
"0/1","9,10","19","99","330,0,310"
"0/1","9,10","19","99","262,0,315"
"0/1","13,10","23","99","332,0,441"
"0/0","113,0","113","99","0,325,4328"
"0/1","75,62","137","99","1877,0,2433"
"0/1","118,28","146","99","584,0,4034"
"0/1","78,15","93","90","90,0,2335"
"0/1","16,8","24","99","233,0,271"
"0/1","13,7","20","99","224,0,234"
"0/1","9,10","19","99","238,0,291"
"0/1","9,7","16","99","233,0,272"
"0/1","12,12","24","99","363,0,360"
"0/1","12,9","21","99","248,0,255"
"0/1","14,5","19","99","112,0,458"
"0/1","14,3","17","72","72,0,499"
"0/1","10,9","19","99","268,0,340"
"0/1","8,13","21","99","373,0,256"
"0/1","7,9","16","99","245,0,243"
"0/1","14,67","82","99","1947,0,285"
"0/1","53,13","66","99","271,0,1176"
"0/1","11,12","23","99","406,0,326"
"0/1","21,11","32","99","369,0,532"
"0/0","19,0","19","33","0,33,403"
"0/1","18,6","24","99","149,0,423"
"0/1","6,9","15","99","206,0,154"
"0/1","12,19","31","99","582,0,329"
"0/1","11,13","24","99","387,0,336"
"0/1","17,17","34","99","462,0,540"
"0/1","8,19","30","51","619,0,51"
"0/1","19,8","27","96","96,0,703"
"0/1","20,7","27","86","86,0,702"
"0/1","18,7","25","59","59,0,669"
"0/1","17,19","36","99","554,0,542"
"0/1","19,11","30","99","276,0,529"
"0/1","23,14","37","99","400,0,702"
"0/0","19,0","19","45","0,45,586"
"0/1","14,14","28","99","487,0,485"
"0/1","29,14","43","99","111,0,901"
"0/1","28,11","39","99","171,0,823"
"0/1","31,4","36","27","27,0,745"
"0/1","19,8","27","99","245,0,645"
"0/1","29,7","36","99","179,0,1032"
"0/1","29,37","66","99","966,0,885"
"0/1","21,7","28","99","132,0,574"
"0/0","14,0","15","39","0,39,515"
"0/1","8,11","19","99","351,0,192"
"0/1","12,13","25","99","412,0,343"
"0/1","10,9","19","99","228,0,353"
"0/1","20,22","42","99","737,0,640"
"0/1","15,16","31","99","433,0,464"
"0/1","9,5","16","99","152,0,204"
"0/1","17,8","27","99","145,0,280"
"0/1","8,12","21","99","305,0,208"
"0/1","13,10","23","99","280,0,366"
"0/1","24,9","33","99","277,0,765"
"0/1","11,16","27","99","490,0,288"
"0/1","33,20","53","99","456,0,843"
"0/1","45,19","64","99","396,0,1043"
"0/1","40,29","69","99","527,0,941"
"0/1","19,11","30","99","282,0,378"
"0/1","18,9","27","99","242,0,382"
"0/1","25,6","32","94","94,0,664"
"0/0","22,0","22","57","0,57,752"
"0/1","14,7","21","99","124,0,432"
"0/1","10,4","14","99","121,0,278"
"0/1","15,8","23","99","259,0,470"
"0/1","9,19","28","99","586,0,265"
"0/1","20,15","35","99","376,0,528"
"0/1","32,24","56","99","377,0,690"
"0/1","32,11","43","99","109,0,625"
"0/1","8,12","23","99","237,0,137"
"0/1","3,5","8","25","125,0,25"
"0/1","21,13","34","99","425,0,668"
"0/1","59,11","70","99","169,0,1956"
"0/1","93,12","105","99","130,0,2736"
"0/1","36,19","55","99","623,0,655"
"0/1","28,14","42","99","442,0,687"
"0/1","31,21","52","99","639,0,607"
"0/1","15,11","26","99","253,0,490"
"0/1","10,6","16","99","163,0,262"
"0/1","2,4","6","25","125,0,25"
"0/1","20,5","25","99","133,0,638"
"0/1","7,14","21","99","463,0,205"
"0/1","11,13","24","99","378,0,291"
"1/1","0,6","6","15","172,15,0"
"1/1","0,6","6","18","207,18,0"
"0/1","1,5","6","9","129,0,9"
"0/1","13,9","22","99","295,0,318"
"0/1","11,12","23","99","425,0,298"
"0/1","4,9","13","99","268,0,126"
"0/0","27,1","28","40","0,40,683"
"0/1","26,17","43","99","419,0,494"
"0/1","20,9","29","99","235,0,597"
"0/1","29,8","37","99","192,0,787"
"0/1","23,8","31","99","239,0,573"
"0/1","15,9","24","99","189,0,510"
"0/1","12,13","25","99","366,0,415"
"0/1","11,11","22","99","299,0,384"
"0/1","8,12","20","99","426,0,202"
"0/1","13,10","23","99","339,0,421"
"0/1","13,6","19","99","186,0,421"
"0/1","16,12","28","99","368,0,418"
"0/1","12,8","20","99","257,0,358"
"0/0","18,0","18","54","0,54,721"
"0/1","9,11","20","99","369,0,295"
"0/1","12,13","25","99","348,0,294"
"0/0","29,5","35","39","0,39,1005"
"0/0","29,6","35","39","0,39,999"
"0/1","14,10","24","99","211,0,415"
"0/1","11,14","25","99","471,0,364"
"0/1","11,9","20","99","303,0,278"
"0/1","10,14","24","99","328,0,165"
"0/1","17,13","30","99","204,0,153"
"0/1","13,17","30","99","552,0,427"
"0/1","16,11","27","99","281,0,166"
"0/1","18,14","32","99","337,0,401"
"0/0","41,1","42","93","0,93,1175"
"0/1","29,9","38","99","124,0,912"
"0/1","14,26","40","99","642,0,356"
"0/1","20,17","38","99","500,0,554"
"0/0","29,2","32","49","0,49,836"
"0/1","23,17","40","99","499,0,763"
"0/1","21,16","37","99","510,0,663"
"0/1","8,10","18","99","270,0,258"
"0/1","39,14","53","99","343,0,1296"
"0/1","51,9","60","99","177,0,1763"
"0/1","8,31","39","99","996,0,176"
"0/1","21,12","33","99","373,0,733"
"0/1","22,10","32","99","306,0,784"
"0/1","32,8","40","99","205,0,1164"
"0/1","51,16","67","99","407,0,1845"
"0/1","2,7","9","44","192,0,44"
"0/1","23,17","40","99","553,0,729"
"0/1","10,6","16","99","199,0,359"
"0/1","10,20","30","99","668,0,249"
"0/1","31,16","51","99","334,0,754"
"0/0","53,0","53","99","0,141,1670"
"0/0","20,0","20","57","0,57,706"
"0/1","11,11","22","99","336,0,297"
"0/1","11,11","22","99","320,0,367"
"0/1","4,10","15","13","266,0,13"
"0/1","9,16","25","99","522,0,260"
"0/1","20,10","30","99","321,0,680"
"0/1","10,9","19","99","289,0,336"
"0/1","36,10","46","99","213,0,921"
"0/0","48,5","54","34","0,34,1546"
"0/1","15,23","38","99","671,0,455"
"0/1","5,28","33","99","570,0,132"
"0/1","164,46","210","99","899,0,4049"
"0/1","10,4","14","99","102,0,104"
"0/1","7,7","14","80","80,0,107"
"0/1","6,6","12","99","177,0,172"
"0/1","16,8","24","99","240,0,562"
"0/1","8,1","9","21","21,0,221"
"0/1","39,43","82","99","1232,0,1270"
"0/1","19,18","37","99","528,0,625"
"0/1","57,8","71","99","103,0,1852"
"0/1","72,14","87","54","54,0,2017"
"0/1","41,14","56","99","179,0,1169"
"0/1","15,18","34","99","627,0,501"
"0/1","19,10","29","99","271,0,397"
"0/1","16,10","27","99","142,0,349"
"0/0","20,1","21","45","0,45,543"
"0/1","25,9","34","99","288,0,521"
"0/1","13,13","26","99","451,0,357"
"0/1","13,12","25","99","348,0,395"
"0/1","28,10","39","99","132,0,667"
"0/0","18,1","21","42","0,42,491"
"0/0","20,2","22","51","0,51,637"
"0/0","20,4","24","17","0,17,609"
"0/1","32,5","37","14","14,0,855"
"0/1","13,10","23","99","292,0,429"
"0/1","20,17","37","99","538,0,680"
"0/1","22,14","36","99","457,0,712"
"0/1","22,12","34","99","390,0,752"
"0/1","21,15","36","99","491,0,733"
"0/1","15,15","30","99","522,0,468"
"0/1","16,14","30","99","473,0,539"
"0/1","12,11","23","99","337,0,400"
"0/1","14,15","29","99","483,0,444"
"0/1","19,13","32","99","429,0,623"
"0/1","21,18","39","99","502,0,736"
"0/1","22,16","38","99","472,0,666"
"0/1","20,17","37","99","571,0,551"
"0/1","17,7","24","99","184,0,493"
"0/1","46,7","53","99","111,0,1161"
"0/1","11,14","25","99","321,0,268"
"0/1","17,14","31","99","442,0,502"
"0/1","15,18","33","99","625,0,451"
"0/1","14,12","26","99","308,0,316"
"0/1","7,6","20","99","166,0,203"
"0/1","10,9","19","99","217,0,265"
"0/1","6,6","13","99","129,0,204"
"0/1","19,15","34","99","485,0,598"
"0/1","22,17","39","99","525,0,745"
"0/1","10,10","20","99","307,0,348"
"0/1","16,18","34","99","595,0,509"
"0/1","13,18","31","99","550,0,344"
"0/1","16,12","28","99","300,0,524"
"0/1","17,15","32","99","377,0,574"
"0/1","14,11","25","99","293,0,311"
"0/1","12,8","21","99","200,0,306"
"0/1","12,9","22","99","233,0,348"
"0/0","35,0","35","87","0,87,1130"
"0/1","12,14","26","99","397,0,340"
"0/1","44,9","54","86","86,0,231"
"0/1","19,15","34","99","463,0,657"
"0/1","49,6","55","19","19,0,1550"
"0/1","46,6","52","30","30,0,1475"
"0/1","85,19","104","99","481,0,2872"
"0/1","8,52","60","99","1371,0,129"
"0/1","22,14","36","99","255,0,481"
"0/1","8,13","21","99","289,0,228"
"0/1","17,12","29","99","293,0,353"
"0/1","18,20","38","99","643,0,594"
"0/1","16,14","30","99","448,0,487"
"0/1","12,16","28","99","542,0,391"
"0/1","17,12","29","99","326,0,559"
"0/1","11,12","23","99","318,0,380"
"0/1","13,11","24","99","336,0,399"
"0/1","16,12","28","99","159,0,537"
"0/1","18,18","36","99","466,0,313"
"0/1","39,16","55","99","310,0,1150"
"0/1","22,24","48","99","301,0,346"
"0/1","10,9","19","99","263,0,339"
"0/1","8,8","16","99","214,0,228"
"0/1","11,3","14","4","4,0,286"
"0/1","7,5","12","55","55,0,168"
"0/1","8,2","10","13","13,0,174"
"0/1","20,8","29","99","237,0,631"
"0/1","11,27","38","99","892,0,321"
"0/1","3,13","16","83","410,0,83"
"0/1","5,3","8","46","46,0,127"
"0/1","8,8","16","28","28,0,60"
"0/1","43,29","72","99","807,0,1123"
"0/1","9,33","43","99","981,0,138"
"0/1","25,5","30","99","118,0,739"
"0/0","19,0","19","51","0,51,632"
"0/1","12,9","21","99","272,0,337"
"0/1","13,12","25","99","311,0,460"
"0/1","40,9","49","99","121,0,1144"
"0/1","35,6","41","98","98,0,992"
"0/1","26,6","32","84","84,0,815"
"0/0","32,0","32","78","0,78,976"
"0/1","12,14","26","99","485,0,332"
"0/1","7,5","12","96","96,0,185"
"0/1","6,5","11","98","98,0,178"
"0/1","3,8","11","94","94,0,105"
"0/1","8,4","12","99","124,0,277"
"0/1","5,7","12","99","253,0,161"
"0/1","5,8","13","99","249,0,162"
"0/1","14,4","18","89","89,0,478"
"0/1","12,4","16","95","95,0,405"
"0/1","34,9","43","99","180,0,1097"
"0/1","35,4","39","12","12,0,1005"
"0/1","36,6","42","40","40,0,1110"
"0/1","19,19","46","99","624,0,549"
"0/1","55,20","75","99","518,0,1702"
"0/1","39,13","52","99","208,0,1194"
"0/2","13,8,15","36","99","407,185,552,0,133,349"
"0/1","10,18","28","99","514,0,292"
"0/1","12,4","16","99","104,0,433"
"0/1","48,15","63","99","255,0,1556"
"0/1","34,34","68","99","921,0,1033"
"0/0","26,0","26","63","0,63,787"
"0/1","48,202","250","99","6200,0,1137"
"0/0","235,15","250","99","0,139,8203"
"0/1","16,13","29","99","393,0,528"
"0/1","8,19","27","99","664,0,205"
"0/1","20,22","42","99","747,0,630"
"0/1","15,16","31","99","494,0,506"
"0/1","22,23","45","99","712,0,734"
"0/1","13,20","33","99","650,0,417"
"0/1","11,11","22","99","331,0,367"
"0/1","8,11","19","99","349,0,243"
"0/1","13,12","25","99","346,0,419"
"0/1","44,9","53","76","76,0,1258"
"0/1","40,10","53","28","28,0,1191"
"0/1","41,10","51","91","91,0,1226"
"0/1","37,12","49","99","113,0,1092"
"0/1","39,13","52","99","100,0,1398"
"0/1","16,16","32","99","542,0,540"
"0/1","10,4","14","99","106,0,351"
"0/1","14,2","16","10","10,0,306"
"0/1","41,19","60","99","405,0,1141"
"0/1","17,27","44","99","820,0,448"
"0/1","4,13","17","99","436,0,117"
"0/1","5,6","11","99","203,0,170"
"0/1","11,17","28","99","441,0,346"
"0/1","16,10","26","99","319,0,397"
"0/1","41,9","50","99","137,0,1209"
"0/1","41,9","50","99","115,0,1223"
"0/1","5,5","10","46","46,0,162"
"0/1","4,5","9","49","49,0,121"
"0/1","15,14","30","99","405,0,486"
"0/1","8,11","19","99","347,0,268"
"0/0","12,5","20","27","0,27,314"
"0/1","22,10","32","99","181,0,634"
"0/1","13,3","17","81","81,0,293"
"0/0","10,0","10","30","0,30,382"
"0/0","20,0","22","48","0,48,615"
"0/1","33,13","46","99","271,0,964"
"0/1","41,12","53","99","340,0,1329"
"0/1","4,9","13","89","299,0,89"
"0/1","7,9","16","99","317,0,236"
"0/1","16,18","34","99","411,0,433"
"0/1","14,9","23","99","210,0,405"
"0/1","23,10","33","99","298,0,716"
"0/1","18,14","32","99","376,0,549"
"0/1","27,3","30","12","12,0,989"
"0/1","33,4","37","33","33,0,999"
"0/1","19,21","40","99","611,0,454"
"0/1","29,9","38","99","165,0,803"
"0/1","32,6","38","99","129,0,891"
"0/1","29,4","33","64","64,0,861"
"0/1","14,17","31","99","557,0,314"
"0/1","18,17","35","99","543,0,373"
"0/1","25,6","31","45","45,0,858"
"0/1","27,11","38","99","184,0,885"
"0/0","23,1","24","34","0,34,815"
"0/0","23,1","24","34","0,34,812"
"0/0","22,1","23","31","0,31,777"
"0/1","16,11","27","99","295,0,518"
"0/1","13,20","33","99","666,0,320"
"0/1","24,17","41","99","466,0,759"
"0/0","4,0","4","12","0,12,159"
"0/0","5,0","5","15","0,15,190"
"0/1","15,9","24","99","284,0,481"
"0/0","26,1","27","41","0,41,988"
"0/1","8,19","27","99","575,0,210"
"0/1","8,16","24","99","508,0,210"
"0/1","9,19","28","99","629,0,273"
"0/1","12,17","29","99","562,0,370"
"0/1","11,15","26","99","534,0,354"
"0/1","13,11","24","99","376,0,416"
"0/1","9,10","19","99","349,0,299"
"0/1","18,14","32","99","406,0,437"
"0/0","20,0","20","27","0,27,347"
"0/1","18,23","41","99","641,0,439"
"0/1","11,15","26","99","445,0,346"
"0/1","19,18","37","99","611,0,604"
"0/1","21,16","37","99","469,0,670"
"0/1","14,11","25","99","310,0,486"
"0/1","5,14","19","99","458,0,141"
"0/1","15,4","19","99","120,0,196"
"0/1","12,12","25","99","148,0,162"
"0/1","12,4","17","70","70,0,318"
"0/1","23,13","36","99","299,0,689"
"0/1","20,13","34","99","389,0,608"
"0/1","16,9","25","99","269,0,563"
"0/1","14,18","32","99","616,0,432"
"0/1","12,27","39","99","972,0,367"
"0/0","13,0","13","39","0,39,506"
"0/0","13,0","13","39","0,39,528"
"0/0","17,0","17","45","0,45,588"
"0/1","11,12","24","99","245,0,234"
"0/1","8,8","16","99","271,0,276"
"0/1","22,27","49","99","819,0,683"
"0/1","12,21","33","99","630,0,331"
"0/0","31,0","31","51","0,51,634"
"0/1","17,27","44","99","858,0,440"
"0/1","17,24","41","99","785,0,500"
"0/1","14,14","28","99","436,0,407"
"0/1","14,14","28","99","432,0,473"
"0/1","21,6","27","99","141,0,626"
"0/1","14,2","16","21","21,0,469"
"0/1","12,4","17","82","82,0,385"
"0/1","12,10","22","99","246,0,358"
"0/1","20,13","33","99","334,0,663"
"0/1","10,18","28","99","612,0,213"
"0/1","18,7","25","99","225,0,359"
"0/1","7,3","10","90","90,0,253"
"0/1","5,2","7","58","58,0,181"
"0/1","5,1","6","24","24,0,182"
"0/0","40,0","41","99","0,102,1281"
"0/1","5,26","31","99","740,0,125"
"0/0","33,0","33","93","0,93,1198"
"0/0","38,0","38","99","0,108,1417"
"0/0","41,0","41","99","0,120,1572"
"0/0","28,0","28","75","0,75,996"
"0/0","32,0","32","78","0,78,1055"
"0/0","31,0","31","78","0,78,1033"
"0/0","31,0","31","81","0,81,1065"
"0/1","20,22","42","99","707,0,651"
"0/1","4,2","6","45","45,0,147"
"0/1","7,9","16","99","318,0,195"
"0/1","21,7","28","99","182,0,679"
"0/1","15,17","32","99","459,0,472"
"0/1","18,26","44","99","846,0,452"
"0/1","18,26","44","99","803,0,495"
"0/1","17,28","45","99","945,0,386"
"0/1","21,24","45","99","788,0,648"
"0/1","22,9","31","99","168,0,589"
"0/1","33,9","42","51","51,0,803"
"0/1","32,9","41","46","46,0,800"
"0/0","14,0","14","33","0,33,415"
"0/1","19,13","32","99","298,0,465"
"0/1","21,15","36","99","309,0,477"
"0/1","29,12","41","99","289,0,885"
"0/1","21,10","31","99","289,0,702"
"0/1","5,2","7","42","42,0,141"
"0/1","9,2","11","36","36,0,251"
"0/1","31,6","37","99","119,0,462"
"0/1","32,4","41","39","39,0,627"
"0/1","36,5","41","68","68,0,600"
"0/1","177,51","228","99","958,0,4033"
"0/1","8,6","14","99","137,0,287"
"0/1","17,11","28","99","281,0,383"
"0/1","15,8","23","99","178,0,314"
"0/1","11,12","24","99","363,0,205"
"0/1","12,5","17","99","148,0,428"
"0/1","19,20","39","99","635,0,526"
"0/1","17,17","34","99","512,0,553"
"0/1","20,25","45","99","792,0,574"
"0/0","53,0","53","99","0,126,1671"
"0/1","51,19","70","99","562,0,1606"
"0/1","36,9","45","99","189,0,1246"
"0/1","13,7","20","99","225,0,427"
"0/1","7,8","15","99","280,0,183"
"0/1","14,15","29","99","444,0,443"
"0/1","10,8","18","99","205,0,320"
"0/1","12,22","34","99","606,0,360"
"0/1","13,7","24","99","140,0,463"
"0/1","11,16","27","99","470,0,274"
"0/1","13,38","51","99","1185,0,359"
"0/1","19,12","31","99","379,0,653"
"0/1","18,18","36","99","580,0,626"
"0/1","17,17","34","99","552,0,457"
"0/1","10,7","17","99","194,0,355"
"0/1","34,3","38","12","12,0,1181"
"0/1","34,4","38","3","3,0,1194"
"0/1","10,13","23","99","383,0,262"
"0/0","19,4","23","14","0,14,626"
"0/0","41,0","41","93","0,93,1164"
"0/0","45,0","45","99","0,105,1329"
"0/0","48,0","48","99","0,102,1237"
"0/0","48,0","48","99","0,111,1409"
"0/0","45,0","45","99","0,105,1346"
"0/1","8,13","21","99","469,0,259"
"0/1","8,13","21","99","416,0,242"
"1/1","0,13","13","33","443,33,0"
"0/0","3,0","4","6","0,6,80"
"0/1","17,16","33","99","453,0,520"
"0/1","6,8","14","99","196,0,187"
"0/1","11,12","23","99","315,0,340"
"0/1","9,12","21","99","383,0,304"
"0/1","10,8","18","99","269,0,308"
"0/1","11,10","21","99","326,0,367"
"0/1","10,10","20","99","344,0,278"
"0/1","17,13","30","99","419,0,513"
"0/1","7,13","20","99","430,0,222"
"0/1","6,9","15","99","311,0,202"
"0/1","6,7","13","99","236,0,194"
"0/1","12,13","25","99","388,0,364"
"0/1","17,15","32","99","474,0,515"
"0/1","22,15","37","99","398,0,576"
"0/1","13,12","25","99","338,0,351"
"0/1","15,10","25","99","281,0,405"
"0/0","29,0","29","84","0,84,1089"
"0/0","74,0","74","99","0,223,2850"
"0/1","71,25","96","99","553,0,2237"
"0/1","64,32","96","99","742,0,2021"
"0/1","53,35","88","99","770,0,1637"
"0/1","2,9","11","6","256,0,6"
"0/1","11,11","22","99","367,0,381"
"0/1","15,8","23","99","214,0,494"
"0/1","6,8","14","99","267,0,203"
"0/1","54,12","66","70","70,0,1376"
"0/1","47,25","81","99","250,0,887"
"1/1","3,35","38","25","1232,25,0"
"0/1","14,20","34","99","666,0,425"
"0/1","16,14","30","99","447,0,499"
"0/1","10,12","22","99","419,0,301"
"0/1","12,10","22","6","6,0,370"
"0/0","30,0","30","81","0,81,1072"
"0/1","5,21","26","99","650,0,128"
"0/0","29,0","29","84","0,84,1124"
"0/0","19,1","20","21","0,21,517"
"0/0","30,1","34","50","0,50,1064"
"0/1","28,5","33","5","5,0,693"
"0/1","27,4","32","11","11,0,696"
"0/1","25,3","28","28","28,0,778"
"0/1","25,5","30","61","61,0,731"
"0/1","23,5","29","30","30,0,733"
"0/1","32,6","38","43","43,0,978"
"0/1","13,11","24","99","300,0,341"
"0/1","12,8","20","99","208,0,376"
"0/1","33,13","46","99","283,0,957"
"0/1","35,7","42","99","161,0,1143"
"0/1","11,26","37","99","897,0,333"
"0/1","40,24","64","99","785,0,1379"
"0/1","43,8","51","99","174,0,1547"
"0/1","52,19","71","99","503,0,1745"
"0/1","21,7","28","99","193,0,653"
"0/1","14,13","27","99","384,0,422"
"0/1","14,6","20","30","30,0,308"
"0/1","27,24","51","99","780,0,689"
"0/1","54,11","65","99","200,0,1177"
"0/1","10,20","30","99","668,0,179"
"0/1","12,4","16","99","120,0,356"
"0/1","14,16","30","99","445,0,490"
"0/1","12,10","22","99","330,0,426"
"0/1","13,10","23","99","341,0,427"
"0/1","15,7","22","99","110,0,410"
"0/1","22,15","37","99","370,0,403"
"1/2","0,9,8","17","99","437,256,241,181,0,160"
"0/1","16,6","22","99","105,0,448"
"0/1","17,19","36","99","651,0,530"
"0/1","27,14","41","99","413,0,931"
"0/1","20,10","30","99","309,0,514"
"0/1","5,11","16","99","294,0,154"
"0/1","8,15","23","99","177,0,167"
"0/1","4,3","7","27","27,0,147"
"0/1","8,16","24","99","398,0,223"
"0/1","21,13","34","99","337,0,707"
"0/0","6,0","6","18","0,18,239"
"0/1","1,5","6","25","115,0,25"
"0/0","13,0","13","39","0,39,529"
"0/0","13,0","13","39","0,39,526"
"0/1","46,34","80","99","1003,0,1162"
"0/1","30,10","40","99","135,0,1068"
"0/1","26,12","38","99","195,0,870"
"0/1","13,7","23","99","197,0,145"
"0/1","13,6","21","99","166,0,178"
"0/1","21,6","27","99","150,0,322"
"0/1","11,6","17","99","186,0,101"
"0/1","25,14","39","99","319,0,420"
"0/1","12,18","30","99","271,0,335"
"0/1","52,13","65","99","312,0,1122"
"0/1","11,16","27","99","404,0,325"
"0/1","50,14","64","99","284,0,666"
"0/1","20,9","30","99","285,0,506"
"0/1","13,10","23","99","171,0,404"
"0/1","9,13","22","99","244,0,274"
"0/1","13,8","21","99","277,0,247"
"0/1","15,8","23","99","251,0,448"
"0/1","24,14","38","99","436,0,766"
"0/1","12,19","31","99","599,0,380"
"0/1","12,11","23","99","360,0,395"
"0/1","16,12","28","99","388,0,521"
"0/1","14,19","33","99","572,0,392"
"0/1","17,18","35","99","527,0,522"
"0/1","21,15","36","99","494,0,713"
"0/1","18,21","39","99","651,0,556"
"0/1","2,4","6","31","31,0,59"
"0/1","12,14","26","99","330,0,367"
"0/1","13,19","32","99","527,0,387"
"0/1","8,14","26","99","452,0,174"
"0/1","22,12","34","99","346,0,741"
"0/1","10,18","28","99","554,0,325"
"0/1","38,11","49","66","66,0,717"
"0/1","72,10","82","99","171,0,2523"
"0/1","16,12","28","99","316,0,537"
"0/1","8,7","15","99","236,0,198"
"0/1","36,15","51","99","413,0,1302"
"0/1","29,25","54","99","784,0,915"
"0/1","15,7","22","49","49,0,491"
"0/1","18,30","48","99","998,0,464"
"0/1","24,11","35","99","176,0,661"
"0/1","22,5","27","71","71,0,724"
"0/1","19,6","25","99","143,0,373"
"0/1","16,5","21","99","109,0,353"
"0/1","10,7","17","98","98,0,319"
"0/1","79,16","95","56","56,0,1754"
"0/1","9,56","65","60","1237,0,60"
"0/1","27,8","35","77","77,0,730"
"0/1","8,13","21","99","464,0,266"
"0/1","7,38","45","99","1225,0,103"
"1/1","3,37","40","37","1287,37,0"
"0/1","25,8","33","99","160,0,918"
"0/1","22,9","31","99","204,0,784"
"0/1","19,9","28","99","235,0,662"
"0/1","17,9","26","99","249,0,592"
"0/1","16,10","26","99","281,0,561"
"0/1","19,8","27","99","242,0,657"
"0/1","20,10","30","99","309,0,669"
"0/1","30,15","45","99","431,0,1053"
"0/1","28,18","46","99","534,0,967"
"0/1","35,22","57","99","718,0,1150"
"0/1","37,19","56","99","608,0,1243"
"0/1","39,22","61","99","679,0,1279"
"0/1","36,27","63","99","912,0,1036"
"0/1","33,32","65","99","1070,0,982"
"0/1","30,32","62","99","1025,0,915"
"0/1","29,25","54","99","730,0,890"
"0/1","26,24","50","99","782,0,784"
"0/1","23,21","44","99","679,0,789"
"0/1","35,15","50","99","421,0,1229"
"0/1","29,21","50","99","666,0,955"
"0/1","26,24","50","99","758,0,787"
"0/1","21,28","49","99","970,0,602"
"0/1","26,30","56","99","1022,0,772"
"0/1","25,31","56","99","1011,0,744"
"0/1","24,27","51","99","870,0,803"
"0/1","21,24","45","99","731,0,693"
"0/1","23,21","44","99","627,0,776"
"0/1","23,21","44","99","612,0,774"
"0/1","15,16","31","99","561,0,404"
"0/1","16,17","33","99","547,0,473"
"0/1","17,14","31","99","470,0,506"
"0/1","15,17","32","99","577,0,434"
"0/1","16,14","30","99","473,0,436"
"0/1","16,13","29","99","443,0,425"
"0/1","13,13","26","99","455,0,383"
"0/1","42,11","53","99","132,0,1225"
"0/1","41,10","51","99","143,0,1183"
"0/1","31,16","47","99","418,0,1010"
"0/1","36,6","42","65","65,0,1218"
"0/1","19,2","21","15","15,0,268"
"0/1","17,3","20","81","81,0,186"
"0/1","17,1","19","16","16,0,228"
"0/1","16,16","33","99","312,0,238"
"1/1","0,25","25","72","957,72,0"
"0/0","22,9","32","36","0,36,387"
"0/1","17,19","36","99","590,0,502"
"0/1","28,4","32","2","2,0,872"
"0/1","13,14","27","99","376,0,381"
"0/1","18,16","34","99","467,0,577"
"0/1","10,10","25","99","191,0,146"
"0/1","15,13","28","99","389,0,486"
"0/1","13,11","24","99","367,0,411"
"0/1","10,13","23","99","378,0,319"
"0/1","27,6","33","99","158,0,827"
"0/1","21,15","36","99","346,0,702"
"0/1","29,16","45","99","472,0,1038"
"0/1","28,12","40","99","289,0,963"
"0/1","31,9","40","99","217,0,1007"
"0/1","35,4","39","41","41,0,1204"
"0/1","28,7","35","99","181,0,857"
"0/1","18,14","32","99","433,0,619"
"0/1","26,4","30","77","77,0,918"
"0/1","9,22","31","99","731,0,275"
"0/1","15,14","29","99","297,0,331"
"0/1","52,14","66","99","293,0,1536"
"0/1","64,34","98","99","1038,0,1865"
"0/1","24,10","34","99","240,0,815"
"0/1","29,4","33","71","71,0,973"
"0/1","32,6","38","99","101,0,1071"
"0/1","31,7","38","99","168,0,1109"
"0/1","46,8","54","99","163,0,1631"
"0/1","38,7","45","99","146,0,1394"
"0/1","29,10","39","99","268,0,1050"
"0/1","21,7","28","99","202,0,653"
"0/1","9,22","31","99","739,0,270"
"0/1","13,18","32","99","495,0,430"
"0/1","11,5","16","98","98,0,209"
"0/1","16,5","21","54","54,0,460"
"0/1","8,2","10","33","33,0,265"
"0/1","12,17","29","99","536,0,358"
"0/0","32,0","32","90","0,90,1174"
"0/0","35,0","35","99","0,102,1356"
"0/0","39,0","39","99","0,111,1463"
"0/0","42,0","42","99","0,123,1632"
"0/0","41,0","41","99","0,117,1530"
"0/0","41,0","41","99","0,114,1516"
"0/0","11,0","13","27","0,27,321"
"0/1","16,5","22","73","73,0,436"
"0/1","26,3","30","31","31,0,694"
"0/1","5,9","14","99","164,0,111"
"0/1","22,21","43","99","503,0,674"
"0/1","21,14","35","99","436,0,582"
"0/1","16,19","35","99","614,0,537"
"0/1","24,14","38","99","460,0,802"
"0/1","9,7","18","43","43,0,167"
"0/1","15,13","28","99","435,0,415"
"0/1","15,17","32","99","520,0,499"
"0/1","9,11","20","99","368,0,276"
"0/1","9,9","18","99","310,0,308"
"0/1","6,10","19","99","277,0,157"
"0/1","4,9","13","99","279,0,121"
"0/1","27,7","34","99","123,0,282"
"0/0","17,0","17","45","0,45,567"
"0/1","19,17","36","99","529,0,607"
"0/0","3,0","3","9","0,9,98"
"0/1","11,9","20","99","308,0,279"
"0/1","14,11","25","99","368,0,368"
"0/1","11,13","24","99","328,0,334"
"0/1","15,17","32","99","450,0,353"
"0/1","15,14","29","99","408,0,444"
"0/1","17,15","32","99","463,0,537"
"0/1","18,15","33","99","444,0,576"
"0/1","21,8","29","99","216,0,564"
"0/1","19,17","36","99","475,0,486"
"0/1","20,17","37","99","448,0,699"
"0/1","10,24","34","99","834,0,290"
"0/1","26,6","32","99","127,0,936"
"0/1","20,11","31","99","317,0,607"
"0/1","18,12","31","99","361,0,568"
"0/1","15,11","26","99","259,0,393"
"0/1","16,15","31","99","471,0,386"
"0/1","18,14","32","99","417,0,521"
"0/1","19,11","30","99","299,0,571"
"0/1","22,17","39","99","536,0,655"
"0/1","17,16","33","99","510,0,521"
"0/1","14,18","32","99","589,0,370"
"0/1","20,19","40","99","610,0,466"
"0/0","27,0","27","72","0,72,979"
"0/0","26,0","26","69","0,69,926"
"0/0","32,1","33","75","0,75,972"
"1/1","1,34","35","84","1101,84,0"
"0/1","18,13","31","99","114,0,508"
"0/1","12,18","30","99","562,0,383"
"0/1","49,14","63","99","141,0,1536"
"0/1","44,12","56","99","154,0,1381"
"0/1","35,19","54","99","383,0,1012"
"0/1","35,20","55","99","504,0,1029"
"0/1","34,22","58","99","606,0,1036"
"0/1","32,26","58","99","714,0,907"
"0/1","31,24","55","99","653,0,1007"
"0/1","25,31","56","99","901,0,666"
"0/1","12,10","22","99","333,0,402"
"0/1","32,12","44","99","267,0,1068"
"0/1","25,20","45","99","648,0,656"
"0/1","39,22","61","99","599,0,1095"
"0/1","25,26","51","99","860,0,766"
"0/1","16,13","29","99","418,0,459"
"0/0","6,0","6","15","0,15,180"
"0/1","15,7","22","99","213,0,542"
"0/1","11,14","25","99","445,0,370"
"0/1","18,24","42","99","820,0,576"
"0/1","17,26","43","99","600,0,167"
"0/1","17,7","25","68","68,0,168"
"0/1","11,21","33","48","501,0,48"
"0/1","17,2","20","64","64,0,92"
"0/1","34,10","44","99","214,0,1100"
"0/1","30,22","52","99","546,0,978"
"0/1","12,12","24","99","367,0,401"
"0/1","14,16","30","99","541,0,318"
"0/1","19,12","31","99","340,0,598"
"0/1","18,21","39","99","702,0,573"
"0/1","10,19","29","99","655,0,274"
"0/1","12,18","30","99","538,0,311"
"0/1","8,7","15","99","198,0,247"
"0/0","28,0","28","81","0,81,1097"
"0/0","29,2","31","34","0,34,1100"
"0/0","29,2","31","24","0,24,1112"
"0/0","31,2","33","32","0,32,1183"
"0/1","10,22","34","99","582,0,250"
"0/1","136,21,20","180","99","309,0,4001,317,3718,4342"
"0/2","45,22,35","102","99","688,289,1415,0,670,1096"
"1/2","9,38,186","250","99","6264,5252,5366,829,0,566"
"0/1","165,39","208","99","644,0,4643"
"0/2","110,3,26","139","99","407,672,3931,0,3212,3172"
"0/1","194,27","224","99","335,0,5025"
"0/1","91,48","139","99","1024,0,2629"
"0/1","191,57","249","99","1297,0,5472"
"0/1","65,13","80","99","179,0,1757"
"0/1","34,17","53","99","410,0,893"
"0/2","47,7,11","68","14","80,14,1569,0,1374,1555"
"0/1","83,24","113","99","550,0,2399"
"0/1","119,22","148","99","317,0,3178"
"0/0","11,1","15","30","0,30,397"
"0/1","32,14","47","99","213,0,897"
"1/2","11,36,45","92","99","2045,897,1090,880,0,1065"
"0/1","71,75,43","191","99","1872,0,1996,864,982,2935"
"0/1","91,25","134","99","441,0,2748"
"0/1","155,49","204","99","975,0,4035"
"0/1","174,49","223","99","1168,0,4906"
"0/2","58,11,29","98","99","686,612,1719,0,914,1023"
"1/2","29,46,152","227","99","4796,3358,4116,632,0,1146"
"0/2","109,53,67","247","99","1620,475,3515,0,1748,3004"
"0/1","50,17,23","92","99","352,0,1553,113,1221,1663"
"0/1","122,54","177","99","1114,0,3214"
"1/2","12,36,23","74","99","1118,267,445,619,0,826"
"0/1","23,15","46","79","79,0,585"
"0/1","38,26","64","99","384,0,874"
"0/1","22,18","40","99","583,0,731"
"0/1","16,4","20","2","2,0,371"
"0/0","62,0","63","99","0,129,1507"
"0/1","20,12","32","75","75,0,517"
"0/0","9,0","9","27","0,27,346"
"0/0","11,0","11","33","0,33,431"
"0/0","14,0","14","42","0,42,532"
"0/0","14,0","14","42","0,42,552"
"0/1","35,16","51","99","362,0,1086"
"0/1","26,10","36","99","166,0,716"
"0/1","25,6","31","66","66,0,697"
"0/1","51,7","58","99","119,0,1727"
"0/1","52,6","58","82","82,0,1834"
"0/1","34,11","46","99","295,0,1113"
"0/1","54,8","62","99","150,0,1747"
"0/0","82,5","87","9","0,9,2264"
"0/1","13,12","25","99","358,0,388"
"0/1","12,15","27","99","491,0,395"
"0/1","12,16","28","99","555,0,389"
"0/1","13,9","22","99","267,0,427"
"0/1","8,11","19","99","346,0,275"
"0/1","12,12","25","99","345,0,345"
"0/1","11,10","22","99","311,0,231"
"0/1","15,20","35","99","687,0,460"
"0/1","8,19","27","99","623,0,220"
"0/1","10,13","23","99","324,0,299"
"0/1","11,13","24","99","377,0,331"
"0/1","8,14","22","99","383,0,226"
"0/1","21,17","38","99","509,0,595"
"0/0","14,0","14","33","0,33,449"
"0/0","15,0","15","39","0,39,532"
"0/1","12,16","28","99","476,0,361"
"0/1","11,8","19","99","270,0,381"
"0/1","9,4","13","99","121,0,301"
"0/1","28,15","44","99","492,0,834"
"0/0","16,0","16","33","0,33,433"
"0/1","24,12","36","99","245,0,837"
"0/1","37,14","51","99","374,0,1291"
"0/1","19,18","37","99","509,0,618"
"0/1","15,13","28","99","416,0,473"
"0/1","12,19","31","99","611,0,279"
"0/1","19,17","36","99","499,0,650"
"0/1","23,9","32","99","222,0,788"
"0/1","30,5","35","99","110,0,877"
"0/0","32,2","34","16","0,16,1110"
"0/1","22,13","35","99","314,0,515"
"0/1","30,10","40","99","120,0,672"
"0/1","55,10","65","93","93,0,1031"
"0/1","47,12","61","99","210,0,1091"
"0/1","90,17","107","99","301,0,2694"
"0/1","209,41","250","99","562,0,6011"
"0/1","18,10","28","99","119,0,440"
"0/1","13,13","26","99","211,0,391"
"0/1","9,22","31","99","701,0,190"
"0/1","23,10","33","99","178,0,640"
"0/1","17,16","33","99","482,0,544"
"0/1","13,19","32","99","653,0,384"
"0/1","59,16","75","99","393,0,1979"
"0/1","43,13","56","99","269,0,1438"
"0/0","36,2","38","70","0,70,1384"
"0/0","36,2","38","70","0,70,1390"
"0/0","10,0","10","24","0,24,294"
"0/1","22,12","34","99","357,0,686"
"0/1","26,6","32","99","140,0,562"
"0/1","28,15","43","99","409,0,714"
"0/1","43,11","55","99","129,0,1431"
"0/1","50,8","58","47","47,0,1691"
"0/1","48,14","62","99","378,0,1595"
"0/1","56,16","73","99","409,0,1844"
"0/1","57,16","73","99","338,0,1937"
"0/1","47,15","62","99","398,0,1636"
"0/1","45,15","60","99","337,0,1525"
"0/1","13,11","24","99","329,0,392"
"0/1","19,10","32","99","315,0,530"
"0/1","16,13","29","99","363,0,469"
"0/1","15,17","32","99","444,0,373"
"0/1","10,10","20","99","215,0,249"
"0/1","6,6","12","99","194,0,153"
"0/1","14,5","19","99","117,0,404"
"0/0","18,0","18","48","0,48,607"
"0/1","24,12","36","99","297,0,710"
"0/0","35,1","36","65","0,65,1257"
"0/0","35,0","35","93","0,93,1254"
"0/0","30,0","30","81","0,81,1070"
"0/1","15,12","27","99","406,0,430"
"0/1","9,8","18","99","212,0,184"
"0/1","23,6","29","62","62,0,632"
"0/1","22,6","28","67","67,0,591"
"0/0","24,3","27","23","0,23,763"
"0/0","25,3","28","29","0,29,813"
"0/0","24,3","27","7","0,7,775"
"0/1","12,17","29","99","569,0,370"
"0/1","13,4","17","99","101,0,420"
"0/1","16,6","22","99","131,0,519"
"0/1","17,11","28","99","229,0,465"
"0/1","26,8","34","99","132,0,857"
"0/1","43,9","52","68","68,0,1279"
"0/1","39,11","50","99","115,0,1202"
"0/0","38,4","43","14","0,14,1214"
"0/0","38,1","40","85","0,85,1315"
"0/0","33,0","33","96","0,96,1256"
"0/1","34,39","73","99","1147,0,974"
"0/1","31,38","70","99","1125,0,899"
"0/1","32,40","72","99","1170,0,962"
"0/1","25,49","74","99","1487,0,719"
"0/1","24,51","75","99","1500,0,728"
"0/1","59,17","76","99","356,0,1983"
"0/0","98,0","98","99","0,283,3555"
"0/1","67,51","119","99","1548,0,2014"
"0/1","85,31","116","99","734,0,2817"
"0/1","87,31","118","99","737,0,2828"
"0/1","84,34","118","99","851,0,2721"
"0/1","92,12","104","99","148,0,2886"
"0/0","58,0","60","99","0,159,1998"
"0/1","48,17","65","99","308,0,1551"
"0/1","40,18","59","99","472,0,1254"
"0/1","36,26","62","99","676,0,1021"
"0/1","32,21","53","99","543,0,1091"
"0/1","31,21","52","99","539,0,1059"
"0/1","32,21","53","99","556,0,1037"
"0/1","32,19","51","99","480,0,991"
"0/1","26,16","42","99","410,0,794"
"0/1","30,12","42","99","176,0,853"
"0/1","26,10","36","99","117,0,915"
"0/2","28,21,102","151","58","2323,1826,2384,0,58,393"
"0/1","147,21","173","99","155,0,3164"
"0/1","18,104","127","99","2039,0,261"
"0/2","30,25,73","128","99","1362,870,1526,0,152,575"
"0/1","105,30","136","99","245,0,2065"
"0/1","26,204","230","99","5048,0,201"
"0/1","7,10","17","87","273,0,87"
"0/1","9,10","19","71","71,0,168"
"0/1","6,32","43","99","368,0,145"
"0/1","26,15","45","99","145,0,389"
"0/1","40,4","45","19","19,0,1150"
"0/1","39,5","44","23","23,0,1144"
"0/1","39,5","44","60","60,0,1085"
"0/1","15,7","22","99","207,0,494"
"0/0","32,0","32","96","0,96,1256"
"0/1","19,15","34","99","446,0,462"
"0/0","35,0","35","90","0,90,1200"
"0/0","35,0","35","93","0,93,1212"
"0/1","29,8","38","99","158,0,568"
"0/1","29,10","40","99","176,0,686"
"0/1","29,12","41","99","202,0,949"
"0/1","7,8","15","99","238,0,213"
"0/1","11,8","19","99","225,0,346"
"0/1","8,10","18","99","294,0,141"
"0/1","8,5","13","99","152,0,169"
"0/1","9,11","20","99","313,0,257"
"0/1","12,8","20","99","218,0,366"
"0/1","10,7","17","99","184,0,294"
"0/1","24,11","35","99","133,0,505"
"0/1","24,11","36","99","143,0,567"
"0/1","23,13","36","99","180,0,505"
"0/1","25,15","40","99","230,0,530"
"0/1","21,16","37","99","192,0,501"
"0/1","28,7","35","99","118,0,551"
"0/1","18,11","31","99","271,0,341"
"0/1","20,10","30","99","273,0,353"
"0/1","17,2","21","44","44,0,322"
"0/1","20,12","32","99","171,0,558"
"0/1","28,13","41","99","321,0,540"
"0/1","31,9","40","99","127,0,774"
"0/1","9,1","10","16","16,0,216"
"0/1","17,13","30","99","446,0,591"
"0/1","23,16","39","99","512,0,772"
"0/0","16,0","16","42","0,42,556"
"0/0","16,0","16","42","0,42,562"
"0/1","13,4","17","99","112,0,398"
"0/1","15,19","34","99","526,0,434"
"0/1","18,17","35","99","519,0,591"
"0/1","11,11","22","99","333,0,354"
"0/0","29,0","29","87","0,87,1150"
"0/1","9,6","15","99","197,0,324"
"0/1","12,10","22","99","315,0,416"
"0/1","9,10","19","99","313,0,313"
"0/1","2,2","4","55","55,0,62"
"0/1","4,4","8","97","103,0,97"
"0/1","6,2","8","52","52,0,92"
"0/1","8,6","14","99","129,0,276"
"0/1","10,3","13","90","90,0,299"
"0/1","10,3","13","90","90,0,294"
"0/1","11,7","18","99","236,0,318"
"0/1","16,4","20","99","113,0,393"
"0/1","17,8","25","99","155,0,350"
"0/1","17,10","27","99","255,0,458"
"0/1","9,13","22","99","370,0,274"
"0/1","7,14","21","99","382,0,204"
"0/1","10,6","16","99","198,0,212"
"0/1","10,6","16","99","198,0,219"
"0/1","11,48","59","99","1557,0,224"
"0/1","14,21","35","99","687,0,402"
"0/1","22,26","48","99","790,0,711"
"0/1","14,16","30","99","466,0,476"
"0/1","31,13","44","99","324,0,882"
"0/1","23,15","38","99","446,0,707"
"0/1","20,14","34","99","423,0,684"
"0/1","25,13","38","99","384,0,790"
"0/1","9,3","12","64","64,0,135"
"0/1","16,19","35","99","625,0,533"
"0/1","17,23","40","99","738,0,504"
"0/1","14,11","27","19","19,0,154"
"0/1","4,10","15","12","12,0,145"
"0/1","11,16","27","99","532,0,306"
"0/1","2,7","11","10","216,0,10"
"0/1","14,15","31","99","477,0,423"
"0/1","21,13","34","99","305,0,654"
"0/1","24,13","37","99","413,0,840"
"0/0","14,0","14","39","0,39,508"
"0/1","3,25","28","33","908,0,33"
"1/1","0,21","21","60","808,60,0"
"0/1","11,10","22","99","276,0,293"
"0/1","15,9","24","99","298,0,523"
"0/1","18,15","33","99","360,0,351"
"0/1","18,7","25","99","164,0,585"
"0/1","19,4","23","72","72,0,638"
"0/1","18,4","22","76","76,0,588"
"0/1","15,9","24","99","219,0,535"
"0/1","17,8","25","99","176,0,614"
"0/1","27,3","30","33","33,0,894"
"0/1","22,10","32","99","246,0,682"
"0/1","20,10","30","99","303,0,608"
"0/0","9,2","11","18","0,18,224"
"0/0","5,2","7","15","0,15,204"
"0/0","7,2","9","21","0,21,274"
"0/1","21,6","27","99","167,0,725"
"0/1","21,20","41","99","654,0,680"
"0/1","10,22","32","99","734,0,274"
"0/1","19,14","33","99","441,0,661"
"0/1","16,15","31","99","476,0,517"
"0/0","15,0","17","21","0,21,246"
"0/1","16,19","35","99","553,0,500"
"0/1","27,7","34","99","123,0,957"
"0/0","23,0","23","54","0,54,695"
"0/0","31,0","31","87","0,87,1149"
"0/0","31,0","31","87","0,87,1142"
"0/1","20,13","33","99","397,0,666"
"0/1","43,9","52","99","247,0,839"
"0/1","30,12","42","99","206,0,755"
"0/0","39,6","45","99","0,102,1295"
"0/1","12,21","34","99","732,0,390"
"0/1","87,22","120","99","496,0,2707"
"0/1","117,45","162","99","1188,0,3940"
"0/1","4,14","19","59","395,0,59"
"0/1","19,6","25","99","115,0,542"
"0/1","7,12","19","99","384,0,226"
"0/1","14,13","27","99","306,0,417"
"0/1","20,15","35","99","477,0,569"
"0/1","20,16","36","99","466,0,565"
"0/1","20,16","36","99","488,0,636"
"0/1","16,17","33","99","404,0,482"
"0/1","21,18","39","99","547,0,678"
"0/1","28,15","43","99","501,0,626"
"0/1","17,9","26","99","197,0,287"
"0/1","20,9","29","99","198,0,381"
"0/1","21,6","30","99","128,0,451"
"0/1","10,15","25","99","534,0,300"
"0/1","12,20","32","99","668,0,373"
"0/1","12,18","30","99","602,0,388"
"0/1","31,10","41","99","225,0,928"
"0/1","71,26","97","99","310,0,1707"
"0/0","241,0","241","99","0,617,7888"
"0/1","9,14","23","99","487,0,292"
"0/1","11,26","37","99","870,0,334"
"0/1","8,5","13","99","160,0,265"
"0/1","24,17","41","99","449,0,520"
"0/1","11,15","26","99","388,0,326"
"0/1","8,11","19","99","361,0,275"
"0/1","16,11","27","99","356,0,525"
"0/1","9,10","19","99","339,0,302"
"0/1","24,22","47","99","588,0,780"
"0/1","21,16","37","99","336,0,706"
"0/0","20,0","20","57","0,57,721"
"0/0","23,0","23","66","0,66,851"
"0/1","57,13","70","99","297,0,1858"
"0/1","51,8","59","99","141,0,1806"
"0/1","56,7","63","23","23,0,1772"
"0/1","93,12","105","99","126,0,3011"
"0/1","21,37","58","99","1227,0,620"
"0/1","22,29","51","99","915,0,693"
"0/1","29,20","49","99","628,0,955"
"0/1","36,37","73","99","1232,0,1153"
"0/1","21,11","32","99","218,0,653"
"0/1","7,5","12","99","167,0,248"
"0/1","17,12","29","99","371,0,569"
"0/1","15,25","41","99","700,0,390"
"0/1","16,12","28","99","319,0,500"
"0/1","18,19","37","99","604,0,521"
"0/1","14,20","34","99","700,0,415"
"0/1","14,24","38","99","636,0,421"
"0/1","15,12","27","99","340,0,368"
"0/1","14,3","17","95","95,0,119"
"0/0","13,2","15","33","0,33,433"
"0/0","13,0","13","33","0,33,441"
"0/1","5,8","13","81","95,0,81"
"0/1","8,5","13","61","91,0,61"
"0/1","10,5","15","70","70,0,157"
"0/1","4,13","17","18","100,0,18"
"0/1","22,2","24","33","33,0,228"
"0/1","23,2","25","33","33,0,226"
"0/1","25,3","28","61","61,0,224"
"0/1","26,3","29","56","56,0,255"
"0/1","19,12","31","99","124,0,156"
"0/1","29,3","32","55","55,0,291"
"0/1","30,2","32","16","16,0,338"
"0/1","27,3","30","59","59,0,260"
"0/1","27,3","30","59","59,0,249"
"0/1","27,3","30","53","53,0,278"
"0/1","18,12","30","99","120,0,201"
"0/1","14,10","24","99","112,0,201"
"0/1","10,5","15","86","149,0,86"
"0/0","9,0","9","15","0,15,191"
"0/1","5,2","7","53","53,0,184"
"0/1","3,24","27","35","797,0,35"
"1/2","0,18,14","32","99","978,422,371,556,0,523"
"0/1","9,4","13","80","80,0,275"
"1/1","0,24","25","69","892,69,0"
"0/1","11,14","25","99","370,0,357"
"0/1","13,10","23","99","327,0,378"
"0/1","6,12","18","99","354,0,160"
"0/1","109,16","125","99","177,0,3600"
"0/1","116,17","133","99","208,0,3868"
"0/1","114,20","134","99","264,0,3504"
"0/1","111,18","131","99","321,0,3492"
"0/1","63,12","75","99","211,0,1787"
"0/1","63,11","75","99","178,0,1695"
"0/1","14,7","21","90","90,0,502"
"0/0","56,1","57","99","0,107,1894"
"0/1","19,26","45","99","807,0,541"
"0/1","64,17","81","99","408,0,2208"
"0/1","28,26","54","99","698,0,860"
"0/1","28,20","48","99","522,0,683"
"0/1","58,39","97","99","1258,0,1786"
"0/1","40,27","67","99","819,0,1255"
"0/1","23,30","53","99","967,0,672"
"0/1","22,29","51","99","933,0,638"
"0/1","22,14","36","99","388,0,682"
"0/1","23,27","52","99","702,0,182"
"0/1","11,18","30","99","407,0,219"
"0/1","16,19","35","99","583,0,537"
"0/1","20,21","41","99","705,0,614"
"0/1","8,22","31","99","540,0,180"
"0/1","16,15","31","99","477,0,515"
"0/1","5,4","9","19","19,0,153"
"0/1","8,7","15","81","81,0,226"
"0/1","10,27","37","99","827,0,276"
"0/1","11,27","38","99","831,0,310"
"0/1","34,13","47","99","278,0,1090"
"0/1","36,14","50","99","276,0,1145"
"0/1","34,10","44","99","135,0,977"
"0/1","30,9","39","95","95,0,947"
"0/1","5,8","13","99","251,0,158"
"0/1","6,9","15","99","233,0,163"
"0/1","124,19,9","156","99","231,0,3009,338,2893,3374"
"0/1","155,40","199","99","413,0,4274"
"0/2","124,11,48","183","99","673,582,3849,0,2914,3216"
"0/1","172,43","217","99","918,0,4980"
"0/1","161,53","214","99","1076,0,4748"
"0/1","176,35","213","99","451,0,5145"
"0/1","176,32","209","99","334,0,5150"
"0/2","49,26,28","111","83","660,83,1535,0,812,1449"
"0/1","158,91","250","99","2126,0,3943"
"0/1","183,33","234","99","386,0,5502"
"0/1","201,40","242","99","610,0,5882"
"0/1","159,42","227","99","916,0,4238"
"0/1","117,23","143","99","342,0,3142"
"0/1","104,45","149","99","648,0,3008"
"1/1","0,1","1","3","40,3,0"
"0/0","54,5","59","82","0,82,1533"
"1/1","5,52","57","5","1340,5,0"
"0/1","89,18","108","99","224,0,1535"
"0/1","85,19","104","99","217,0,1620"
"0/1","6,8","14","99","253,0,200"
"0/1","18,19","37","99","610,0,591"
"0/1","14,19","33","99","650,0,420"
"0/1","10,13","23","99","445,0,335"
"0/1","21,12","33","99","276,0,651"
"0/1","22,17","39","99","564,0,716"
"0/1","19,18","37","99","577,0,637"
"0/1","18,12","31","99","216,0,606"
"0/1","18,12","30","99","261,0,602"
"0/0","22,5","27","42","0,42,499"
"0/1","34,10","44","99","188,0,959"
"0/1","28,18","46","99","581,0,854"
"0/1","27,11","38","99","238,0,895"
"0/1","10,32","42","99","794,0,250"
"0/1","30,13","43","99","330,0,1014"
"0/1","54,17","71","99","473,0,1804"
"0/1","26,13","39","99","278,0,874"
"0/1","32,7","39","99","131,0,1140"
"0/1","33,5","38","67","67,0,1078"
"0/1","15,15","30","99","461,0,468"
"0/1","17,16","33","99","509,0,469"
"0/1","25,22","47","99","113,0,195"
"0/1","32,19","51","99","214,0,542"
"0/1","19,9","28","99","289,0,606"
"0/1","16,17","33","99","465,0,469"
"0/0","12,0","12","30","0,30,394"
"0/1","24,18","42","99","584,0,714"
"0/0","21,1","22","37","0,37,793"
"0/1","11,11","22","99","342,0,304"
"0/1","18,15","33","99","435,0,598"
"0/1","18,18","36","99","566,0,555"
"0/1","21,7","28","99","124,0,673"
"0/1","27,14","42","99","413,0,584"
"0/1","61,8","69","75","75,0,2023"
"0/1","26,15","41","99","490,0,715"
"0/1","42,5","47","76","76,0,1216"
"0/1","15,5","20","99","145,0,541"
"0/1","9,14","23","99","377,0,185"
"0/1","1,8","20","10","95,0,10"
"0/1","20,20","40","99","624,0,678"
"0/1","9,15","24","99","495,0,301"
"0/1","4,3","7","84","84,0,131"
"0/1","9,9","18","99","269,0,276"
"0/0","30,0","30","84","0,84,1079"
"0/1","17,5","22","99","134,0,584"
"0/1","17,18","35","99","556,0,520"
"0/0","5,1","8","9","0,9,114"
"0/1","16,17","33","99","546,0,493"
"0/1","15,19","34","99","573,0,485"
"0/1","11,13","24","99","368,0,361"
"0/1","6,22","28","99","705,0,165"
"0/1","11,6","17","99","194,0,401"
"0/1","5,11","16","99","364,0,160"
"0/1","15,13","29","99","380,0,365"
"0/1","18,14","32","99","408,0,533"
"0/0","10,0","12","24","0,24,301"
"0/0","12,0","12","27","0,27,336"
"0/0","10,2","12","27","0,27,353"
"0/0","10,0","12","27","0,27,340"
"0/1","15,15","30","99","450,0,499"
"0/1","11,13","27","91","456,0,91"
"0/1","17,11","29","99","278,0,522"
"0/1","12,21","33","99","690,0,345"
"0/1","14,12","26","99","356,0,446"
"0/1","14,12","26","99","333,0,436"
"0/1","13,14","27","99","450,0,398"
"0/1","11,13","24","99","424,0,256"
"0/1","11,12","23","99","411,0,369"
"0/1","13,9","22","99","300,0,458"
"0/1","18,14","32","99","471,0,593"
"0/0","40,2","42","36","0,36,1422"
"0/1","8,11","19","99","284,0,237"
"0/1","16,8","24","99","248,0,557"
"0/1","18,16","34","99","543,0,545"
"0/1","18,16","34","99","544,0,539"
"0/0","29,0","29","75","0,75,1024"
"0/1","15,15","31","99","348,0,477"
"0/1","9,12","21","99","408,0,295"
"0/1","6,18","24","99","657,0,170"
"0/1","20,6","26","67","67,0,483"
"0/1","10,9","19","99","291,0,280"
"0/1","5,13","18","99","357,0,133"
"0/1","20,5","25","99","111,0,599"
"0/0","8,0","8","15","0,15,199"
"0/1","14,12","26","99","393,0,441"
"0/1","17,20","37","99","629,0,537"
"0/1","16,20","36","99","592,0,517"
"0/1","16,18","34","99","542,0,436"
"0/1","13,17","30","99","582,0,366"
"0/1","11,21","33","99","671,0,278"
"0/1","20,21","41","99","664,0,615"
"0/1","11,16","27","99","408,0,372"
"0/1","24,22","46","99","744,0,569"
"0/1","5,4","10","22","125,0,22"
"0/1","26,4","30","17","17,0,654"
"0/0","30,2","32","29","0,29,764"
"0/1","12,13","28","99","313,0,374"
"0/1","9,7","16","99","186,0,312"
"0/1","5,11","16","99","392,0,143"
"0/1","15,14","29","99","473,0,423"
"0/1","12,10","22","99","164,0,272"
"0/1","14,17","31","99","477,0,450"
"1/1","0,24","24","66","891,66,0"
"0/1","11,18","29","99","476,0,280"
"0/1","13,4","17","81","81,0,383"
"0/1","15,8","23","99","182,0,355"
"0/1","14,8","23","99","191,0,232"
"0/1","20,8","28","99","168,0,352"
"0/1","18,13","31","99","427,0,602"
"0/1","10,16","26","99","517,0,291"
"1/1","0,26","26","72","949,72,0"
"0/1","13,18","31","99","544,0,414"
"0/1","15,20","35","99","649,0,468"
"0/1","12,6","18","99","160,0,352"
"0/1","28,12","40","99","320,0,924"
"0/1","6,17","23","99","578,0,122"
"0/1","55,15","71","99","172,0,1471"
"0/1","12,12","24","99","383,0,412"
"0/1","12,18","30","99","511,0,316"
"0/0","11,4","15","2","0,2,341"
"0/1","15,11","26","99","366,0,533"
"0/1","14,10","24","99","312,0,466"
"0/1","12,14","26","99","458,0,341"
"0/1","5,13","18","99","363,0,152"
"0/0","31,0","31","87","0,87,1160"
"0/1","17,14","31","99","447,0,553"
"0/1","19,19","38","99","642,0,581"
"0/1","29,15","44","99","420,0,735"
"0/0","19,1","20","22","0,22,716"
"0/1","17,18","35","99","599,0,557"
"0/1","14,14","28","99","486,0,362"
"0/1","9,11","21","99","343,0,237"
"0/1","15,15","30","99","404,0,436"
"0/1","14,13","27","99","400,0,440"
"0/1","6,14","20","99","407,0,178"
"0/1","8,12","20","99","343,0,248"
"0/1","8,9","17","99","272,0,272"
"0/0","27,0","27","78","0,78,1061"
"0/0","22,0","22","63","0,63,836"
"0/1","31,4","35","23","23,0,1006"
"0/1","30,4","35","27","27,0,945"
"0/0","14,1","15","39","0,39,451"
"0/1","16,17","33","99","557,0,466"
"0/1","6,14","20","99","454,0,115"
"0/1","17,12","29","99","355,0,570"
"0/1","20,17","37","99","538,0,654"
"0/1","20,18","38","99","497,0,664"
"0/1","17,20","37","99","595,0,584"
"0/1","14,11","25","99","367,0,446"
"0/1","14,20","34","99","702,0,396"
"0/1","21,7","28","99","195,0,655"
"0/1","18,16","34","99","409,0,576"
"0/1","17,9","26","99","292,0,531"
"0/1","17,15","32","99","405,0,493"
"0/1","18,18","36","99","558,0,532"
"0/1","26,8","34","99","106,0,331"
"0/1","21,7","28","20","20,0,397"
"0/1","19,8","27","51","51,0,351"
"0/1","14,17","31","99","217,0,245"
"0/1","28,14","43","99","189,0,560"
"0/1","12,8","20","99","257,0,390"
"0/1","12,8","20","99","238,0,372"
"0/1","9,9","18","99","287,0,271"
"0/1","13,7","20","99","215,0,432"
"0/1","9,16","25","99","532,0,292"
"0/1","15,15","30","99","508,0,459"
"0/1","18,12","30","99","310,0,552"
"0/1","18,15","33","99","494,0,575"
"0/1","15,17","32","99","528,0,469"
"0/1","14,12","26","99","413,0,435"
"0/1","10,15","25","99","491,0,329"
"0/1","12,14","26","99","474,0,409"
"0/1","18,15","33","99","507,0,604"
"0/1","18,14","32","99","443,0,616"
"0/1","19,13","32","99","402,0,685"
"0/1","5,10","15","99","361,0,155"
"0/1","7,13","20","99","452,0,216"
"0/1","8,8","16","99","277,0,281"
"0/1","13,6","19","99","187,0,477"
"0/1","17,13","30","99","382,0,577"
"1/1","0,27","27","72","974,72,0"
"0/1","16,10","26","99","298,0,513"
"0/1","13,19","32","99","602,0,396"
"0/1","12,9","21","99","294,0,383"
"0/1","13,14","28","99","277,0,276"
"0/1","15,8","23","99","185,0,476"
"0/1","13,16","29","99","489,0,376"
"0/1","17,12","30","99","306,0,494"
"0/1","5,4","11","62","62,0,110"
"0/1","15,14","30","99","403,0,507"
"0/1","5,11","16","99","374,0,156"
"0/1","13,19","32","99","650,0,390"
"0/1","8,9","18","99","280,0,146"
"0/1","14,21","35","99","656,0,375"
"0/0","13,0","13","30","0,30,383"
"0/1","10,4","14","99","121,0,326"
"0/1","13,8","21","99","261,0,460"
"0/1","12,16","29","99","475,0,409"
"0/1","19,12","31","99","375,0,563"
"0/1","14,21","35","99","657,0,371"
"1/1","0,16","16","39","521,39,0"
"0/1","8,7","15","99","237,0,278"
"0/1","14,16","30","99","514,0,464"
"0/0","25,1","27","69","0,69,906"
"0/1","13,18","31","99","597,0,419"
"0/1","21,13","35","99","350,0,583"
"0/1","17,12","29","99","321,0,569"
"0/1","12,12","24","99","377,0,365"
"0/1","14,16","30","99","416,0,429"
"0/1","12,9","21","99","299,0,348"
"0/1","17,10","27","99","323,0,550"
"0/1","17,11","28","99","362,0,555"
"0/1","24,19","43","99","544,0,666"
"0/1","11,13","24","99","430,0,366"
"0/1","20,15","35","99","397,0,607"
"0/1","6,21","27","99","706,0,146"
"0/1","25,21","46","99","636,0,794"
"0/1","23,18","41","99","579,0,733"
"0/1","13,17","30","99","513,0,309"
"0/1","10,6","16","99","155,0,361"
"0/1","6,5","11","99","172,0,204"
"0/1","15,13","28","99","402,0,523"
"0/1","15,13","28","99","394,0,523"
"0/1","15,24","39","99","799,0,487"
"0/1","9,13","22","99","370,0,226"
"0/1","10,8","18","99","213,0,306"
"0/1","17,13","30","99","393,0,560"
"0/1","17,12","29","99","384,0,567"
"0/1","8,9","17","99","313,0,266"
"0/1","20,13","33","99","402,0,656"
"0/1","25,15","40","99","412,0,786"
"0/1","9,10","19","99","342,0,307"
"0/1","10,9","19","99","312,0,283"
"0/1","24,14","38","99","454,0,809"
"1/1","0,35","35","99","1346,99,0"
"0/1","17,12","29","99","354,0,495"
"0/1","16,21","37","99","697,0,502"
"0/1","15,18","33","99","583,0,475"
"0/1","15,22","37","99","684,0,466"
"0/1","20,19","39","99","553,0,642"
"0/1","22,18","40","99","572,0,766"
"0/1","16,19","35","99","653,0,528"
"0/1","6,12","18","99","378,0,171"
"0/1","17,14","31","99","422,0,535"
"0/1","19,17","36","99","443,0,534"
"0/1","16,11","27","99","308,0,537"
"0/1","12,12","24","99","393,0,400"
"0/1","18,11","29","99","357,0,587"
"0/1","15,18","33","99","526,0,483"
"0/1","17,16","33","99","521,0,538"
"0/1","19,19","39","99","576,0,593"
"0/1","16,12","28","99","333,0,547"
"0/1","18,9","27","99","202,0,603"
"0/1","11,18","29","99","645,0,317"
"0/1","10,13","23","99","452,0,292"
"0/1","16,12","28","99","285,0,516"
"0/1","21,19","40","99","555,0,640"
"1/1","3,34","37","4","917,4,0"
"0/1","14,19","33","99","535,0,420"
"0/1","17,13","30","99","405,0,518"
"0/1","17,21","38","99","623,0,476"
"0/1","19,9","28","99","238,0,670"
"0/1","18,18","36","99","557,0,572"
"0/1","12,6","18","99","154,0,436"
"0/1","10,4","14","99","105,0,353"
"0/1","14,17","31","99","544,0,427"
"0/1","43,7","50","34","34,0,1078"
"0/1","14,13","27","99","375,0,400"
"0/1","15,9","24","99","290,0,407"
"0/1","13,15","28","99","439,0,429"
"0/1","20,15","35","99","497,0,692"
"0/1","14,9","23","99","276,0,482"
"0/1","11,3","14","83","83,0,362"
"0/1","15,7","22","99","216,0,543"
"0/1","14,16","30","99","532,0,314"
"0/1","12,11","23","99","311,0,323"
"0/1","13,8","21","99","251,0,424"
"0/1","10,11","21","99","356,0,315"
"0/1","12,14","26","99","481,0,388"
"0/1","13,11","24","99","350,0,444"
"0/1","16,12","28","99","362,0,471"
"0/1","17,21","38","99","599,0,453"
"0/0","35,0","35","99","0,99,1302"
"0/1","17,17","34","99","481,0,523"
"0/1","6,10","17","99","221,0,149"
"0/1","12,14","27","99","339,0,334"
"0/1","10,15","25","99","420,0,338"
"0/1","15,15","30","99","448,0,390"
"0/1","17,22","39","99","722,0,497"
"0/1","14,11,0","25","99","372,0,491,414,524,938"
"0/1","12,13","25","99","457,0,365"
"0/1","11,14","25","99","457,0,372"
"0/1","4,12","16","99","405,0,117"
"0/1","10,6","16","99","157,0,356"
"0/1","9,8","17","99","241,0,313"
"0/1","16,11","27","99","364,0,477"
"0/1","18,11","30","99","280,0,644"
"0/1","16,26","42","99","789,0,501"
"0/1","9,19","28","99","668,0,267"
"0/1","15,14","29","99","451,0,449"
"0/1","19,17","36","99","513,0,608"
"0/1","20,21","41","99","629,0,658"
"0/1","13,22","35","99","780,0,380"
"0/1","18,11","29","99","340,0,568"
"0/1","13,21","34","99","724,0,423"
"0/1","18,8","26","99","177,0,606"
"0/0","25,0","25","72","0,72,965"
"0/1","13,10","23","99","308,0,461"
"0/1","10,13","23","99","399,0,344"
"0/1","15,15","30","99","466,0,411"
"0/1","12,18","30","99","583,0,315"
"0/1","22,18","40","99","504,0,679"
"0/0","42,0","42","99","0,111,1466"
"0/1","9,12","21","99","377,0,299"
"0/1","13,11","24","99","369,0,442"
"0/1","11,12","23","99","390,0,381"
"0/1","18,16","34","99","506,0,513"
"0/1","15,10","25","99","247,0,506"
"0/1","11,14","25","99","495,0,349"
"0/1","13,12","25","99","407,0,408"
"0/1","17,9","26","99","269,0,593"
"0/1","17,18","35","99","558,0,571"
"0/1","6,5","11","99","169,0,207"
"0/2","20,0,18","38","99","536,596,1322,0,726,678"
"0/1","10,12","23","99","354,0,297"
"0/1","11,13","24","99","455,0,325"
"0/1","15,18","33","99","576,0,451"
"0/1","13,17","31","99","528,0,359"
"0/1","10,16","26","99","549,0,311"
"0/1","13,17","30","99","570,0,421"
"0/1","14,5","19","99","156,0,419"
"0/1","15,5","20","99","137,0,546"
"0/1","9,11","20","99","372,0,276"
"0/1","15,8","23","99","250,0,470"
"0/1","12,13","25","99","366,0,338"
"0/1","18,9","27","99","153,0,564"
"0/1","19,16","35","99","493,0,629"
"0/1","9,6","15","99","200,0,324"
"0/1","10,8","18","99","268,0,333"
"0/1","17,10","27","99","251,0,463"
"0/1","19,16","35","99","490,0,579"
"0/1","10,9","19","99","298,0,303"
"0/1","3,13","16","50","133,0,50"
"0/1","14,13","27","99","350,0,443"
"0/1","10,15","25","99","485,0,290"
"0/1","6,6","12","99","214,0,209"
"0/1","7,6","13","99","189,0,241"
"0/1","11,13","24","99","319,0,329"
"0/1","14,15","30","99","334,0,398"
"0/1","18,12","30","99","340,0,444"
"0/1","9,18","27","99","614,0,279"
"0/1","12,24","36","99","810,0,370"
"0/1","22,21","43","99","660,0,747"
"0/1","10,5","15","99","162,0,325"
"0/1","15,19","34","99","583,0,493"
"0/1","19,4","23","51","51,0,518"
"0/1","20,17","37","99","573,0,651"
"0/1","10,2","12","46","46,0,360"
"0/1","15,11","26","99","366,0,494"
"0/1","4,3","9","56","56,0,113"
"0/1","11,17","28","99","561,0,320"
"0/1","16,13","29","99","432,0,523"
"0/1","17,13","30","99","356,0,433"
"0/1","9,19","28","99","367,0,216"
"0/1","10,14","24","99","494,0,296"
"0/1","12,11","23","99","375,0,399"
"0/1","26,17","43","99","488,0,759"
"0/1","16,11","29","99","220,0,362"
"0/0","12,2","14","30","0,30,387"
"0/1","7,5","13","92","92,0,173"
"0/0","34,0","35","99","0,102,1359"
"0/1","12,18","30","99","583,0,340"
"0/0","31,0","31","84","0,84,1082"
"0/1","5,4","9","65","65,0,89"
"0/1","15,15","30","99","475,0,478"
"0/1","18,12","30","99","227,0,481"
"0/1","11,13","24","99","300,0,334"
"0/1","17,9","26","99","290,0,558"
"0/1","13,16","29","99","533,0,397"
"0/1","22,12","34","99","357,0,654"
"0/1","6,26","32","99","811,0,140"
"0/1","15,12","27","99","368,0,522"
"0/1","8,14","22","99","464,0,264"
"0/1","13,8","21","99","226,0,467"
"0/1","10,7","17","99","226,0,339"
"0/1","14,20","34","99","666,0,450"
"0/1","18,18","36","99","614,0,583"
"1/1","1,26","27","32","822,32,0"
"0/1","18,8","26","99","250,0,625"
"0/1","22,10","32","99","296,0,742"
"0/1","17,10","27","99","326,0,581"
"0/1","11,11","22","99","379,0,338"
"0/0","13,1","14","33","0,33,441"
"0/1","16,12","28","99","402,0,517"
"1/1","0,20","20","57","786,57,0"
"0/1","22,8","30","99","104,0,736"
"0/1","25,8","33","99","119,0,757"
"0/1","41,13","54","99","312,0,1286"
"0/0","149,11","160","26","0,26,4867"
"0/1","53,16","69","99","212,0,1434"
"0/1","53,9","62","69","69,0,1451"
"0/1","44,8","52","97","97,0,1329"
"0/1","8,8","16","99","274,0,274"
"0/0","5,2","7","15","0,15,170"
"0/0","14,0","14","39","0,39,494"
"0/1","60,14","74","99","152,0,1775"
"0/1","40,13","53","99","231,0,1037"
"0/1","68,14","82","99","262,0,1680"
"0/1","76,13","90","5","5,0,2307"
"0/1","76,19","95","99","405,0,2036"
"0/1","31,13","44","99","161,0,914"
"0/1","30,13","45","99","191,0,870"
"0/1","33,11","44","99","283,0,760"
"0/1","16,8","36","99","211,0,320"
"0/1","27,12","40","99","164,0,684"
"0/1","6,3","10","27","27,0,97"
"0/1","7,3","10","24","24,0,141"
"0/1","27,10","37","9","9,0,665"
"0/1","24,6","30","12","12,0,620"
"0/1","8,5","14","99","107,0,128"
"0/1","20,6","26","99","129,0,640"
"0/1","19,6","25","90","90,0,681"
"0/1","18,6","24","99","126,0,574"
"0/1","17,16","33","99","467,0,546"
"0/1","14,26","40","99","818,0,411"
"0/1","19,10","29","99","311,0,605"
"0/1","22,17","39","99","478,0,767"
"0/1","12,9","21","99","268,0,372"
"0/1","16,9","25","99","216,0,511"
"0/1","15,16","31","99","543,0,501"
"0/1","16,19","35","99","605,0,500"
"0/1","9,10","19","99","126,0,230"
"0/1","10,17","27","99","551,0,292"
"0/1","13,9","24","99","250,0,420"
"0/1","16,15","31","99","461,0,421"
"0/1","11,18","29","99","633,0,330"
"0/1","21,6","27","99","156,0,761"
"0/1","12,20","32","99","212,0,168"
"0/1","18,19","39","99","500,0,544"
"0/1","11,15","26","99","457,0,315"
"1/1","0,3","3","6","63,6,0"
"0/1","18,19","37","99","617,0,506"
"0/1","22,11","33","99","348,0,778"
"0/1","18,11","29","99","144,0,321"
"0/0","7,0","7","21","0,21,274"
"1/1","0,11","12","27","330,27,0"
"0/0","17,0","17","48","0,48,620"
"0/1","2,15","17","32","472,0,32"
"0/1","19,14","33","99","431,0,546"
"0/1","14,20","34","99","629,0,444"
"0/1","15,10","25","99","255,0,492"
"0/1","9,12","23","99","369,0,257"
"0/1","13,11","24","99","344,0,426"
"0/1","12,18","30","99","600,0,340"
"1/1","0,20","20","33","404,33,0"
"0/1","12,11","25","99","303,0,341"
"0/1","18,14","32","99","427,0,514"
"0/1","22,16","38","99","475,0,705"
"0/1","20,19","39","99","613,0,663"
"0/1","16,17","33","99","592,0,447"
"0/1","17,12","29","99","393,0,528"
"0/1","14,12","26","99","336,0,507"
"0/1","20,17","37","99","552,0,549"
"0/1","19,13","33","99","439,0,499"
"0/1","17,14","31","99","446,0,480"
"0/1","13,19","32","99","667,0,416"
"0/1","8,25","33","99","855,0,212"
"0/0","15,0","15","21","0,21,256"
"0/1","12,12","24","99","394,0,336"
"0/1","19,10","29","99","308,0,430"
"0/1","21,9","30","99","244,0,502"
"0/1","9,13","22","99","432,0,189"
"0/1","12,18","30","99","591,0,373"
"0/1","27,13","40","99","339,0,919"
"0/1","13,16","29","99","514,0,319"
"0/1","20,15","35","99","400,0,561"
"0/1","26,13","39","99","365,0,792"
"0/1","18,16","34","99","555,0,595"
"0/1","17,14","31","99","480,0,598"
"0/1","2,13","15","37","469,0,37"
"0/1","12,11","23","99","386,0,336"
"0/1","10,15","25","99","438,0,303"
"0/0","22,0","22","54","0,54,710"
"0/1","13,6","19","99","180,0,445"
"0/1","11,10","21","99","342,0,386"
"0/1","17,13","30","99","439,0,554"
"0/1","13,15","28","99","507,0,410"
"0/1","20,7","27","99","130,0,686"
"0/1","19,12","31","99","390,0,633"
"0/1","19,23","42","99","746,0,623"
"0/1","17,19","36","99","585,0,519"
"0/1","12,17","29","99","554,0,356"
"0/1","20,13","33","99","403,0,660"
"0/1","11,10","21","99","261,0,345"
"0/1","8,14","22","99","472,0,219"
"0/1","7,9","16","99","324,0,201"
"0/1","6,8","14","99","243,0,206"
"0/0","26,4","30","69","0,69,900"
"0/1","19,18","37","99","563,0,601"
"0/1","14,21","35","99","713,0,453"
"0/1","14,12","26","99","394,0,495"
"0/1","22,11","33","99","268,0,726"
"0/1","37,8","46","99","117,0,1093"
"0/1","30,15","45","99","181,0,735"
"0/1","28,15","43","99","177,0,711"
"0/1","25,14","39","99","167,0,573"
"0/1","23,12","35","99","121,0,596"
"0/1","23,12","35","99","117,0,602"
"0/1","34,8","42","69","69,0,776"
"0/1","31,8","39","44","44,0,724"
"0/1","33,6","39","44","44,0,752"
"0/1","32,7","39","52","52,0,701"
"0/1","29,15","44","99","161,0,748"
"0/1","28,15","43","99","164,0,716"
"0/1","8,11","19","99","390,0,264"
"0/1","10,10","20","99","313,0,353"
"0/1","12,8","20","99","236,0,429"
"0/0","18,2","20","51","0,51,687"
"0/1","9,7","16","99","241,0,227"
"0/1","8,7","15","99","238,0,282"
"0/1","10,9","19","99","266,0,314"
"1/1","0,20","20","60","804,60,0"
"0/1","10,15","25","99","533,0,326"
"0/1","14,6","20","99","185,0,443"
"0/1","16,14","30","99","410,0,508"
"0/1","13,10","23","99","254,0,233"
"0/1","17,13","30","99","400,0,569"
"0/1","15,14","29","99","471,0,506"
"0/1","10,14","24","99","481,0,335"
"0/1","20,16","36","99","512,0,656"
"0/1","11,9","20","99","278,0,324"
"0/1","10,11","21","99","313,0,334"
"0/1","17,13","30","99","386,0,585"
"0/1","15,17","32","99","422,0,455"
"0/1","19,16","35","99","493,0,549"
"0/1","18,13","31","99","409,0,586"
"0/1","17,14","31","99","424,0,558"
"0/1","8,14","22","99","430,0,263"
"0/1","13,11","24","99","323,0,408"
"0/1","12,18","30","99","625,0,386"
"0/1","13,7","20","99","220,0,463"
"0/1","20,15","35","99","462,0,626"
"0/1","10,15","25","99","501,0,334"
"0/1","28,13","41","99","173,0,894"
"0/1","14,8","23","99","146,0,328"
"0/1","11,11","22","99","344,0,381"
"0/1","17,12","29","99","356,0,579"
"0/1","13,15","28","99","409,0,359"
"0/1","18,10","28","99","319,0,584"
"0/1","7,10","17","99","325,0,234"
"0/1","14,9","23","99","303,0,414"
"0/1","11,15","26","99","517,0,332"
"0/1","11,17","29","99","575,0,340"
"0/1","5,13","18","99","473,0,149"
"0/1","8,14","22","99","494,0,250"
"0/1","9,14","23","99","482,0,196"
"0/1","9,9","18","99","302,0,304"
"0/1","7,8","15","99","272,0,242"
"0/1","16,18","34","99","627,0,512"
"0/1","22,10","32","99","309,0,724"
"0/1","12,15","27","99","488,0,391"
"0/1","7,12","19","99","370,0,174"
"0/1","18,22","40","99","667,0,519"
"0/1","35,10","45","99","158,0,1116"
"0/1","14,14","28","99","485,0,459"
"0/1","16,11","27","99","331,0,544"
"0/1","18,18","36","99","546,0,524"
"0/1","13,10","23","99","325,0,442"
"0/1","10,14","24","99","452,0,315"
"0/1","10,16","26","99","548,0,285"
"0/1","14,13","27","99","440,0,442"
"0/1","13,13","26","99","407,0,454"
"0/1","15,17","32","99","551,0,450"
"0/1","11,16","27","99","564,0,353"
"0/1","16,19","35","99","664,0,536"
"0/1","23,15","38","99","439,0,716"
"0/1","14,14","28","99","365,0,400"
"0/1","15,10","25","99","279,0,491"
"0/1","14,9","23","99","297,0,404"
"0/1","11,11","22","99","378,0,380"
"0/1","31,14","45","99","439,0,1053"
"0/1","12,9","21","99","294,0,402"
"0/1","6,14","20","99","494,0,180"
"0/1","7,8","15","99","279,0,181"
"0/1","14,7","21","99","188,0,436"
"0/1","9,3","12","87","87,0,323"
"0/1","11,13","24","99","414,0,302"
"0/0","14,0","15","30","0,30,369"
"0/0","15,0","16","36","0,36,461"
"0/0","17,0","17","42","0,42,537"
"0/0","18,0","19","45","0,45,566"
"0/0","18,0","19","45","0,45,551"
"0/1","9,16","25","99","492,0,199"
"0/1","8,15","23","99","498,0,224"
"0/1","13,6","19","99","190,0,451"
"0/1","13,19","32","99","559,0,397"
"0/0","34,0","34","93","0,93,1151"
"0/1","12,13","25","99","317,0,334"
"0/1","15,16","31","99","467,0,455"
"0/1","10,12","22","99","375,0,337"
"0/0","33,0","33","96","0,96,1273"
"0/1","22,12","34","99","365,0,701"
"0/0","13,0","13","30","0,30,384"
"0/1","18,18","36","99","551,0,488"
"0/1","9,9","18","99","197,0,223"
"0/1","18,13","31","99","425,0,603"
"0/1","13,12","26","99","399,0,425"
"0/1","10,15","25","99","494,0,330"
"0/1","15,19","34","99","572,0,513"
"0/1","11,9","20","99","266,0,342"
"0/1","7,7","14","99","238,0,245"
"0/1","16,15","31","99","501,0,487"
"0/1","12,7","19","99","198,0,378"
"0/1","42,5","47","50","50,0,622"
"0/0","7,0","10","15","0,15,186"
"0/1","21,19","40","99","563,0,640"
"0/1","43,22","72","99","180,0,1125"
"0/1","51,11","65","53","53,0,1074"
"0/0","35,2","40","79","0,79,1268"
"0/0","36,2","39","99","0,99,1327"
"0/0","35,0","35","81","0,81,1083"
"0/1","8,18","26","99","588,0,244"
"0/1","12,13","25","99","379,0,351"
"0/1","15,15","30","99","491,0,479"
"0/1","11,21","32","99","746,0,341"
"0/1","16,12","28","99","392,0,525"
"0/1","12,10","22","99","242,0,383"
"0/1","15,21","36","99","651,0,447"
"0/1","17,9","26","99","217,0,508"
"0/1","21,20","41","99","662,0,641"
"0/1","17,12","29","99","351,0,587"
"0/1","20,18","38","99","578,0,625"
"0/1","13,18","31","99","503,0,336"
"0/1","13,11","24","99","380,0,414"
"0/1","14,8","22","99","254,0,474"
"0/1","24,15","39","99","492,0,832"
"0/1","11,8","19","99","192,0,362"
"0/0","18,1","19","20","0,20,648"
"0/1","12,9","21","99","292,0,384"
"0/1","25,25","50","99","768,0,832"
"0/1","14,9","23","99","288,0,415"
"0/1","5,5","10","99","103,0,126"
"0/1","11,6","17","99","136,0,239"
"0/0","14,0","14","39","0,39,537"
"0/1","14,18","32","99","564,0,458"
"0/1","16,9","25","99","248,0,491"
"0/1","20,4","24","99","99,0,674"
"0/1","15,15","30","99","444,0,528"
"0/1","11,12","23","99","322,0,355"
"0/1","17,17","34","99","573,0,516"
"0/1","10,7","17","99","234,0,306"
"0/1","22,22","44","99","768,0,673"
"0/1","14,4","18","99","112,0,479"
"0/1","9,5","14","99","153,0,323"
"0/0","13,0","13","39","0,39,531"
"0/1","8,8","16","99","277,0,282"
"0/1","13,7","20","99","181,0,441"
"0/1","8,24","32","99","775,0,236"
"0/1","8,10","18","99","325,0,237"
"0/1","10,12","22","99","391,0,294"
"0/1","6,13","19","99","368,0,162"
"0/1","14,27","41","99","760,0,419"
"1/1","1,21","22","57","781,57,0"
"0/1","13,19","32","99","596,0,406"
"0/1","20,11","31","99","306,0,658"
"0/1","10,13","23","99","436,0,280"
"0/1","8,8","16","99","274,0,276"
"0/1","16,15","31","99","475,0,543"
"0/1","18,10","28","99","221,0,509"
"0/1","22,12","35","99","355,0,741"
"0/0","12,0","12","36","0,36,444"
"0/0","10,0","10","30","0,30,394"
"0/1","15,7","22","99","221,0,486"
"0/1","18,9","27","99","273,0,637"
"0/1","20,10","30","99","296,0,611"
"0/0","25,0","25","66","0,66,871"
"0/1","14,16","30","99","556,0,447"
"0/1","16,14","30","99","467,0,557"
"0/1","19,17","36","99","523,0,546"
"0/1","7,11","18","99","384,0,192"
"0/1","15,12","27","99","391,0,528"
"0/1","21,17","38","99","549,0,721"
"0/1","15,15","30","99","494,0,421"
"0/1","13,13","26","99","415,0,440"
"0/1","11,9","20","99","302,0,374"
"0/1","15,10","25","99","319,0,527"
"0/1","7,13","20","99","301,0,223"
"0/1","30,7","38","33","33,0,886"
"0/1","15,11","26","99","359,0,399"
"0/1","19,11","30","99","348,0,669"
"0/1","25,21","46","99","634,0,786"
"0/1","23,13","36","99","407,0,759"
"0/1","24,23","47","99","692,0,739"
"0/1","9,4","13","81","81,0,285"
"0/1","10,16","26","99","487,0,298"
"0/1","14,13","28","99","449,0,443"
"0/1","20,3","23","53","53,0,727"
"0/0","24,0","24","66","0,66,879"
"0/0","23,1","25","29","0,29,717"
"0/0","23,0","24","63","0,63,825"
"0/0","23,1","25","27","0,27,818"
"0/0","24,1","27","30","0,30,825"
"0/0","27,1","30","39","0,39,933"
"0/0","28,0","31","76","0,76,977"
"0/0","33,1","36","47","0,47,1017"
"0/0","33,2","36","41","0,41,1029"
"0/0","33,1","36","70","0,70,1178"
"0/0","32,0","34","87","0,87,1131"
"0/1","8,12","20","99","390,0,266"
"0/1","16,17","33","99","550,0,406"
"0/0","20,0","20","60","0,60,808"
"0/1","8,7","15","99","183,0,241"
"0/1","15,17","32","99","593,0,505"
"0/1","11,17","29","99","482,0,318"
"0/1","19,12","31","99","394,0,579"
"0/1","11,14","25","99","465,0,352"
"0/1","9,18","27","99","568,0,291"
"0/1","12,12","24","99","414,0,421"
"0/1","16,11","27","99","358,0,561"
"0/1","6,11","17","99","345,0,160"
"0/1","12,15","27","99","510,0,320"
"0/1","11,16","27","99","500,0,355"
"0/1","14,8","22","99","263,0,415"
"0/1","10,10","20","99","345,0,335"
"0/1","15,9","24","99","282,0,512"
"0/1","13,9","22","99","285,0,380"
"0/0","37,2","40","68","0,68,1173"
"0/1","12,14","26","99","471,0,403"
"0/1","10,17","27","99","525,0,321"
"0/1","11,11","22","99","378,0,370"
"0/1","13,17","30","99","582,0,420"
"0/1","14,15","29","99","520,0,442"
"0/1","18,18","36","99","532,0,511"
"0/1","11,14","25","99","421,0,341"
"0/1","3,7","10","87","257,0,87"
"0/1","14,17","31","99","503,0,422"
"0/1","16,18","34","99","615,0,547"
"0/1","13,18","31","99","565,0,414"
"0/1","16,13","29","99","432,0,549"
"0/1","16,13","29","99","434,0,486"
"0/1","20,13","33","99","411,0,645"
"0/1","9,16","25","99","565,0,240"
"0/1","16,10","26","99","271,0,560"
"0/1","12,11","23","99","380,0,400"
"0/1","24,8","32","54","54,0,617"
"0/0","26,4","30","72","0,72,960"
"0/1","12,14","26","99","397,0,286"
"0/1","15,12","27","99","351,0,426"
"0/1","13,16","29","99","513,0,439"
"0/1","8,4","12","99","121,0,148"
"0/0","27,2","29","25","0,25,739"
"0/0","27,2","29","28","0,28,792"
"0/0","28,2","30","37","0,37,901"
"0/1","21,16","37","99","497,0,570"
"0/1","6,11","17","99","353,0,197"
"0/1","7,15","22","99","509,0,214"
"0/1","13,10","23","99","338,0,426"
"0/1","13,19","32","99","614,0,432"
"0/1","14,11","25","99","385,0,406"
"0/1","23,17","40","99","533,0,691"
"0/1","16,16","32","99","552,0,543"
"0/1","6,20","27","99","575,0,154"
"0/1","14,16","30","99","520,0,429"
"0/1","16,19","35","99","551,0,550"
"0/1","15,11","26","99","370,0,489"
"0/1","14,24","38","99","783,0,450"
"0/0","26,0","26","78","0,78,1021"
"0/0","6,1","7","12","0,12,144"
"0/1","17,12","29","99","391,0,582"
"0/1","16,20","36","99","675,0,538"
"0/1","16,11","27","99","357,0,456"
"0/1","13,8","21","99","252,0,436"
"0/1","18,13","31","99","362,0,567"
"0/1","7,21","28","99","651,0,147"
"0/1","9,10","19","99","322,0,264"
"0/1","21,21","42","99","710,0,534"
"0/1","7,23","30","99","666,0,132"
"0/1","19,22","41","99","602,0,509"
"0/1","10,12","22","99","411,0,294"
"0/1","22,17","39","99","486,0,587"
"0/1","16,18","34","99","616,0,551"
"0/1","8,17","25","99","565,0,250"
"0/1","10,10","20","99","307,0,323"
"0/1","5,4","9","99","136,0,175"
"0/1","9,9","18","99","306,0,271"
"0/1","15,16","31","99","555,0,505"
"0/1","11,17","28","99","578,0,369"
"0/1","13,25","38","99","841,0,337"
"0/1","9,14","23","99","482,0,282"
"0/1","15,20","36","99","704,0,500"
"0/1","16,12","28","99","292,0,560"
"0/1","8,11","19","99","387,0,265"
"0/1","52,15","67","99","480,0,855"
"0/1","10,16","26","99","550,0,323"
"0/1","20,16","36","99","465,0,681"
"0/1","13,20","33","99","686,0,332"
"0/1","7,6","13","99","196,0,183"
"0/0","41,0","41","99","0,111,1503"
"0/1","11,7","18","99","196,0,387"
"0/1","25,18","43","99","461,0,756"
"0/1","17,18","35","99","555,0,522"
"0/0","35,0","35","96","0,96,1271"
"0/1","23,19","42","99","590,0,727"
"0/0","38,0","38","99","0,114,1477"
"0/1","20,20","40","99","592,0,569"
"0/0","30,0","30","90","0,90,1201"
"0/1","10,13","23","99","412,0,344"
"0/0","25,3","29","57","0,57,733"
"0/1","40,5","45","3","3,0,1262"
"0/0","36,3","39","28","0,28,1314"
"0/0","36,4","40","25","0,25,1274"
"0/0","34,4","38","19","0,19,1205"
"0/0","34,4","38","13","0,13,1116"
"0/0","36,4","41","21","0,21,1225"
"0/0","36,3","39","65","0,65,1253"
"0/0","36,2","39","62","0,62,1224"
"0/1","14,6","20","99","183,0,466"
"0/1","16,18","34","99","438,0,476"
"0/1","18,9","27","99","283,0,603"
"0/1","22,16","38","99","501,0,698"
"0/1","9,12","21","99","405,0,174"
"0/1","8,18","26","67","603,0,67"
"0/1","20,8","28","99","157,0,641"
"0/1","21,8","29","99","158,0,677"
"0/1","8,16","24","99","469,0,132"
"0/1","17,11","28","99","292,0,541"
"0/1","6,8","14","99","293,0,161"
"0/1","28,15","43","99","439,0,881"
"0/1","17,14","31","99","452,0,548"
"0/1","23,15","38","99","467,0,735"
"0/1","21,18","39","99","571,0,589"
"0/1","15,9","24","99","292,0,513"
"0/1","17,10","27","99","319,0,551"
"0/1","8,15","23","99","469,0,216"
"0/1","9,18","27","99","560,0,248"
"0/1","17,15","32","99","437,0,593"
"0/1","16,19","35","99","589,0,512"
"0/1","22,15","37","99","410,0,693"
"0/1","10,13","23","99","439,0,293"
"0/1","7,13","20","99","352,0,236"
"0/1","24,10","34","99","241,0,675"
"0/1","17,11","28","99","345,0,541"
"0/1","10,13","23","99","447,0,318"
"0/1","20,8","28","99","202,0,699"
"0/1","16,11","27","99","333,0,516"
"0/1","8,17","25","99","596,0,248"
"0/0","25,0","25","66","0,66,875"
"0/1","13,18","31","99","566,0,399"
"0/1","13,15","28","99","499,0,432"
"0/1","13,18","31","99","555,0,363"
"0/1","14,10","24","99","288,0,392"
"0/1","15,18","33","99","625,0,437"
"1/1","3,21","24","54","680,54,0"
"0/1","15,17","32","99","541,0,469"
"0/1","8,15","23","99","497,0,257"
"0/1","12,9","21","99","288,0,418"
"0/1","25,11","36","99","236,0,448"
"0/1","24,16","40","99","490,0,834"
"0/1","19,10","29","99","129,0,612"
"0/1","8,9","17","99","291,0,266"
"0/1","11,16","27","99","509,0,368"
"0/1","10,14","24","99","462,0,323"
"0/1","10,11","21","99","376,0,343"
"0/1","5,12","17","99","353,0,157"
"0/0","17,0","17","48","0,48,625"
"0/0","14,1","15","2","0,2,458"
"0/0","19,1","20","20","0,20,672"
"0/1","31,7","38","86","86,0,1039"
"0/1","31,8","39","58","58,0,1044"
"0/1","31,10","41","99","117,0,966"
"0/0","23,0","23","60","0,60,785"
"0/0","23,0","23","60","0,60,785"
"0/0","24,0","24","63","0,63,816"
"0/0","27,0","27","75","0,75,1000"
"0/0","26,0","26","75","0,75,1022"
"0/0","29,0","29","81","0,81,1081"
"0/1","18,15","33","99","488,0,576"
"0/1","13,6","19","99","151,0,470"
"0/1","19,12","31","99","342,0,634"
"0/1","17,9","26","99","246,0,541"
"0/1","6,8","14","99","282,0,198"
"0/1","15,12","27","99","415,0,499"
"0/1","15,12","27","99","372,0,536"
"0/1","13,10","23","99","335,0,444"
"0/1","13,9","22","99","289,0,424"
"0/1","11,11","22","99","376,0,378"
"0/1","15,24","39","99","808,0,411"
"0/1","9,9","18","99","295,0,310"
"0/1","12,18","31","99","574,0,390"
"0/1","20,9","29","99","280,0,728"
"0/1","11,13","24","99","396,0,357"
"0/1","7,14","21","99","483,0,189"
"0/1","14,23","37","99","756,0,451"
"0/1","13,12","25","99","281,0,443"
"0/0","17,1","18","39","0,39,509"
"0/0","17,0","18","39","0,39,518"
"0/1","3,15","18","68","480,0,68"
"0/1","11,18","29","99","562,0,368"
"0/1","13,14","27","99","487,0,450"
"0/1","11,15","26","99","506,0,365"
"0/1","6,15","21","99","445,0,180"
"0/1","5,4","9","99","135,0,170"
"0/1","5,4","9","99","133,0,175"
"0/1","15,12","27","99","338,0,453"
"0/1","15,6","21","99","167,0,530"
"0/1","18,17","35","99","486,0,479"
"0/1","17,16","33","99","533,0,591"
"0/1","27,18","45","99","528,0,740"
"0/1","11,7","18","99","202,0,392"
"0/1","13,15","28","99","495,0,448"
"0/1","9,16","25","99","529,0,286"
"0/1","21,16","37","99","487,0,676"
"0/1","9,16","25","99","465,0,213"
"0/1","12,18","30","99","519,0,416"
"0/1","18,11","29","99","323,0,577"
"0/1","14,11","25","99","349,0,491"
"0/1","16,15","31","99","506,0,516"
"0/1","22,11","33","99","338,0,675"
"0/1","14,26","40","99","864,0,377"
"0/1","15,21","36","99","734,0,416"
"0/1","12,14","26","99","468,0,374"
"0/1","10,8","18","99","278,0,321"
"0/1","10,4","14","99","111,0,350"
"0/1","20,22","42","99","744,0,677"
"0/1","12,21","33","99","686,0,376"
"0/1","18,29","47","99","930,0,551"
"0/1","24,19","43","99","575,0,769"
"0/1","17,16","33","99","482,0,537"
"0/1","10,10","20","99","344,0,344"
"0/1","10,23","33","99","683,0,279"
"0/1","13,11","24","99","374,0,457"
"0/1","8,8","16","99","278,0,247"
"0/1","14,7","21","99","217,0,467"
"0/1","11,5","17","99","154,0,406"
"0/1","11,9","20","99","294,0,381"
"0/1","8,11","19","99","389,0,254"
"0/1","10,8","18","99","194,0,347"
"0/1","12,9","21","99","257,0,426"
"0/1","16,5","21","99","106,0,537"
"0/1","12,4","16","99","115,0,432"
"0/1","8,11","19","99","392,0,266"
"0/1","17,17","34","99","558,0,539"
"0/1","21,16","37","99","509,0,659"
"0/1","9,12","21","99","387,0,294"
"0/1","15,14","29","99","482,0,510"
"0/1","12,12","24","99","381,0,400"
"0/1","17,13","30","99","396,0,538"
"0/1","13,9","22","99","260,0,388"
"0/1","14,6","20","99","180,0,407"
"0/1","13,10","23","99","331,0,458"
"0/1","19,14","33","99","471,0,607"
"0/1","11,14","25","99","461,0,324"
"0/0","34,0","34","99","0,102,1333"
"0/0","36,0","36","99","0,108,1441"
"0/0","31,0","31","93","0,93,1229"
"0/0","29,0","29","87","0,87,1169"
"0/1","17,29","46","99","922,0,508"
"0/1","14,11","25","99","366,0,498"
"0/1","8,15","23","99","550,0,214"
"0/1","14,7","21","99","214,0,488"
"0/1","7,14","21","99","474,0,185"
"0/1","16,16","32","99","498,0,393"
"0/1","9,21","30","99","761,0,276"
"0/1","13,10","23","99","326,0,448"
"0/1","17,8","25","99","181,0,571"
"0/1","6,9","15","99","322,0,192"
"0/1","9,13","22","99","424,0,303"
"0/1","14,15","29","99","394,0,449"
"0/1","17,10","27","99","326,0,594"
"0/1","18,17","35","99","522,0,575"
"0/1","14,13","27","99","323,0,441"
"0/1","22,12","34","99","304,0,710"
"0/1","28,11","40","99","274,0,966"
"0/1","13,8","21","99","262,0,432"
"0/1","14,15","29","99","495,0,441"
"0/0","30,1","32","66","0,66,850"
"0/1","12,13","25","99","417,0,330"
"0/1","19,10","29","99","270,0,612"
"0/1","16,20","36","99","644,0,480"
"0/1","15,12","27","99","268,0,462"
"0/1","9,15","24","99","520,0,288"
"0/1","23,17","40","99","528,0,641"
"0/1","20,16","36","99","403,0,660"
"0/0","12,0","12","30","0,30,363"
"0/1","10,15","25","99","536,0,326"
"0/1","10,16","26","99","558,0,324"
"0/1","8,15","23","99","466,0,242"
"0/1","11,21","32","99","601,0,287"
"0/1","21,13","34","99","371,0,685"
"0/0","17,3","20","45","0,45,607"
"0/0","16,4","20","45","0,45,611"
"0/1","26,14","40","99","435,0,864"
"0/1","19,18","37","99","588,0,611"
"0/1","9,8","17","99","237,0,274"
"0/1","9,17","26","99","569,0,252"
"0/1","17,13","30","99","432,0,539"
"0/1","8,16","24","99","574,0,251"
"0/1","20,16","36","99","496,0,617"
"0/1","12,19","31","99","566,0,349"
"0/0","15,0","15","42","0,42,543"
"0/1","12,16","28","99","510,0,351"
"0/1","17,20","37","99","492,0,552"
"0/1","10,24","34","99","786,0,284"
"0/1","20,15","35","99","459,0,597"
"0/1","18,15","33","99","482,0,590"
"0/1","13,16","29","99","509,0,422"
"0/1","20,17","37","99","452,0,690"
"0/1","10,14","24","99","469,0,301"
"0/1","52,7","59","66","66,0,1386"
"0/1","52,7","60","58","58,0,1404"
"0/1","50,7","58","99","105,0,1194"
"0/1","54,10","64","99","141,0,1401"
"0/1","48,11","59","99","201,0,1371"
"0/1","16,15","31","99","521,0,484"
"0/0","21,0","21","63","0,63,840"
"0/1","6,8","14","99","269,0,195"
"0/1","14,23","37","99","781,0,438"
"0/1","6,3","9","54","54,0,138"
"0/1","6,3","9","61","61,0,167"
"0/1","18,14","32","99","462,0,616"
"0/1","18,23","41","99","613,0,586"
"0/1","15,21","36","99","568,0,449"
"0/1","14,18","32","99","564,0,397"
"0/1","12,12","24","99","274,0,383"
"0/1","19,19","38","99","653,0,579"
"0/1","17,7","24","99","179,0,487"
"0/0","35,0","35","93","0,93,1210"
"0/1","17,16","33","99","518,0,567"
"0/1","15,23","38","99","770,0,495"
"0/0","22,0","22","60","0,60,767"
"0/1","31,10","41","99","238,0,986"
"0/1","30,10","40","99","232,0,995"
"0/1","41,5","46","53","53,0,1398"
"0/0","41,0","41","99","0,114,1484"
"0/0","30,3","34","75","0,75,968"
"0/1","6,26","32","73","852,0,73"
"0/1","6,27","33","99","952,0,129"
"0/1","12,11","23","99","372,0,402"
"0/1","21,18","39","99","597,0,636"
"0/1","15,13","28","99","398,0,480"
"0/1","15,11","26","99","356,0,447"
"0/1","13,13","26","99","440,0,448"
"0/1","13,12","25","99","375,0,454"
"0/1","18,7","25","99","194,0,585"
"0/1","15,11","26","99","340,0,534"
"0/1","4,19","23","94","658,0,94"
"0/1","14,11","25","99","344,0,487"
"0/1","13,24","37","99","764,0,407"
"0/1","14,21","35","99","610,0,427"
"0/1","7,4","11","99","132,0,210"
"0/1","10,13","23","99","434,0,300"
"0/1","14,15","29","99","489,0,415"
"0/1","11,11","22","99","371,0,385"
"0/1","14,13","27","99","455,0,481"
"0/1","20,13","33","99","418,0,663"
"0/1","12,18","30","99","611,0,358"
"0/1","8,25","33","99","817,0,212"
"0/1","16,16","32","99","545,0,456"
"0/1","14,13","27","99","446,0,439"
"0/1","15,13","28","99","383,0,485"
"0/1","16,15","31","99","477,0,548"
"0/1","24,14","38","99","422,0,778"
"0/1","12,15","27","99","525,0,371"
"0/1","6,10","16","99","317,0,193"
"0/1","17,17","34","99","554,0,533"
"0/1","14,18","32","99","587,0,383"
"0/1","7,21","28","99","549,0,168"
"0/1","17,22","39","99","764,0,506"
"0/1","13,27","40","99","943,0,390"
"0/1","15,10","25","99","303,0,449"
"0/1","12,13","25","99","403,0,380"
"0/1","12,11","23","99","377,0,387"
"0/1","12,12","24","99","366,0,370"
"0/1","12,10","22","99","301,0,386"
"0/1","13,11","24","99","306,0,463"
"0/1","6,9","15","99","313,0,200"
"0/1","14,8","22","99","261,0,457"
"0/1","12,18","30","99","596,0,394"
"0/1","24,15","39","99","464,0,773"
"0/1","12,4","16","99","117,0,367"
"0/1","7,6","13","99","201,0,233"
"0/1","23,16","39","99","509,0,782"
"0/1","12,12","24","99","371,0,350"
"0/1","6,12","18","99","420,0,189"
"0/1","8,8","16","99","249,0,278"
"0/1","8,13","21","99","427,0,267"
"0/1","10,14","24","99","455,0,326"
"0/1","10,8","18","99","271,0,349"
"0/1","9,8","17","99","263,0,319"
"0/1","3,8","11","53","256,0,53"
"0/1","10,15","25","99","519,0,300"
"0/1","13,15","28","99","522,0,448"
"0/1","16,9","25","99","245,0,546"
"0/1","12,12","24","99","412,0,409"
"0/1","10,8","18","99","229,0,318"
"0/1","12,22","34","99","739,0,380"
"0/1","15,16","31","99","443,0,508"
"0/1","15,9","24","99","293,0,457"
"0/1","13,21","34","99","646,0,368"
"0/1","16,11","27","99","321,0,550"
"0/1","14,12","26","99","380,0,406"
"0/1","10,13","23","99","451,0,343"
"0/1","12,14","26","99","481,0,300"
"0/1","6,5","11","99","170,0,209"
"0/1","10,10","20","99","341,0,346"
"0/1","14,10","24","99","332,0,497"
"0/1","11,25","36","99","804,0,294"
"0/1","12,18","30","99","634,0,315"
"0/1","21,15","36","99","469,0,610"
"0/1","22,19","41","99","569,0,663"
"0/1","16,17","34","99","513,0,478"
"0/1","14,9","23","99","288,0,464"
"0/1","10,11","21","99","274,0,303"
"0/1","8,11","19","99","318,0,263"
"0/1","21,14","35","99","306,0,584"
"0/1","13,17","31","99","436,0,295"
"0/0","12,0","12","12","0,12,162"
"0/1","13,16","29","99","480,0,303"
"0/1","11,3","14","89","89,0,314"
"0/1","15,9","24","99","240,0,508"
"0/1","7,15","22","99","532,0,218"
"0/1","20,27","47","99","833,0,555"
"0/1","4,5","9","99","173,0,132"
"0/1","10,16","26","99","543,0,325"
"0/1","16,15","31","99","512,0,430"
"0/1","12,16","28","99","535,0,344"
"0/0","24,0","24","69","0,69,938"
"0/0","30,0","30","84","0,84,1123"
"0/1","7,7","14","99","245,0,201"
"0/1","9,18","27","99","522,0,288"
"0/0","31,0","31","84","0,84,1066"
"0/1","19,17","36","99","534,0,626"
"0/1","14,13","27","99","354,0,486"
"0/1","7,8","15","99","243,0,247"
"0/1","8,17","25","99","565,0,209"
"0/1","16,12","28","99","362,0,490"
"0/1","10,9","19","99","265,0,341"
"0/1","14,12","26","99","348,0,470"
"0/1","15,6","21","99","184,0,534"
"0/1","8,16","24","99","554,0,209"
"0/1","4,16","20","69","555,0,69"
"0/1","14,11","25","99","252,0,360"
"0/1","23,13","36","99","312,0,786"
"0/0","7,0","7","21","0,21,269"
"0/0","8,0","8","21","0,21,286"
"0/0","8,0","8","24","0,24,324"
"0/0","8,0","8","21","0,21,284"
"0/0","8,0","8","21","0,21,275"
"0/0","9,0","9","24","0,24,323"
"0/1","11,14","25","99","422,0,351"
"0/1","6,12","18","99","364,0,126"
"0/1","3,13","16","77","441,0,77"
"0/1","9,11","20","99","390,0,300"
"0/1","23,13","36","99","399,0,778"
"0/1","15,13","28","99","434,0,449"
"0/1","7,20","27","99","695,0,162"
"0/1","15,17","32","99","543,0,472"
"0/0","5,0","6","9","0,9,124"
"0/1","10,8","18","99","267,0,343"
"0/1","17,16","33","99","417,0,343"
"0/1","14,14","28","99","377,0,399"
"0/1","10,16","26","99","513,0,314"
"0/1","14,16","30","99","447,0,442"
"0/1","11,13","24","99","437,0,365"
"0/1","16,18","35","99","620,0,498"
"0/1","15,18","33","99","578,0,449"
"0/1","11,14","25","99","476,0,318"
"0/0","25,0","25","75","0,75,953"
"0/0","21,0","21","63","0,63,822"
"0/1","16,14","30","99","434,0,513"
"0/1","17,9","26","99","282,0,474"
"0/1","3,18","21","59","599,0,59"
"0/1","12,18","30","99","516,0,382"
"0/1","13,18","31","99","621,0,343"
"0/1","15,11","26","99","334,0,514"
"0/1","10,11","21","99","346,0,282"
"0/1","5,10","15","99","350,0,152"
"0/1","10,5","15","99","148,0,318"
"0/1","13,16","29","99","519,0,442"
"0/1","9,13","22","99","377,0,307"
"0/1","8,14","22","99","461,0,259"
"0/1","11,8","19","99","263,0,356"
"0/1","13,7","20","99","229,0,463"
"0/1","12,5","17","99","115,0,398"
"0/1","6,10","16","99","353,0,189"
"0/1","16,6","22","99","177,0,541"
"0/1","5,11","16","99","358,0,162"
"0/1","9,16","25","99","560,0,274"
"0/1","12,17","29","99","575,0,380"
"0/1","20,16","36","99","543,0,679"
"0/1","12,10","22","99","257,0,335"
"0/1","11,16","27","99","565,0,362"
"0/1","5,17","22","99","603,0,133"
"0/1","11,14","25","99","484,0,367"
"0/1","12,8","20","99","232,0,421"
"0/1","14,21","35","99","688,0,460"
"0/1","18,15","33","99","419,0,586"
"0/1","16,11","27","99","326,0,487"
"0/0","29,1","30","46","0,46,1068"
"0/1","8,11","19","99","345,0,200"
"0/1","17,11","28","99","320,0,514"
"0/1","17,12","29","99","358,0,537"
"0/1","13,17","30","99","540,0,428"
"0/1","19,22","41","99","658,0,571"
"0/1","18,29","47","99","921,0,497"
"0/1","20,22","42","99","620,0,608"
"0/1","14,24","38","99","786,0,354"
"0/1","9,12","21","99","349,0,242"
"0/1","10,12","22","99","370,0,247"
"0/1","22,14","36","99","392,0,759"
"0/1","14,17","31","99","573,0,432"
"0/1","23,17","40","99","550,0,760"
"0/1","23,17","40","99","531,0,771"
"0/1","19,13","32","99","395,0,602"
"0/1","7,7","14","99","186,0,237"
"0/1","6,7","13","99","195,0,203"
"0/1","15,7","22","99","221,0,511"
"0/1","15,7","22","99","210,0,439"
"0/1","10,20","30","99","683,0,311"
"0/1","8,11","19","99","384,0,235"
"0/1","15,9","24","99","277,0,525"
"0/1","15,10","26","99","312,0,490"
"0/1","16,16","32","99","522,0,517"
"0/1","11,12","23","99","331,0,340"
"0/1","10,14","24","99","411,0,239"
"0/1","23,12","35","99","309,0,789"
"0/1","12,15","27","99","528,0,369"
"0/1","19,17","36","99","524,0,643"
"0/1","15,17","32","99","576,0,507"
"0/1","15,22","37","99","726,0,435"
"0/1","12,12","24","99","370,0,374"
"0/1","13,18","31","99","606,0,418"
"0/1","14,13","27","99","445,0,486"
"0/1","12,12","24","99","400,0,414"
"0/1","11,9","20","99","292,0,371"
"0/1","14,11","25","99","365,0,460"
"0/1","13,9","22","99","278,0,427"
"0/1","12,12","24","99","401,0,410"
"0/1","13,12","25","99","399,0,443"
"0/1","7,12","19","99","430,0,230"
"0/1","6,17","23","99","569,0,175"
"0/1","8,12","20","99","373,0,268"
"0/1","9,12","21","99","411,0,230"
"0/1","11,9","20","99","293,0,339"
"0/1","15,15","30","99","509,0,468"
"0/1","12,7","19","99","222,0,427"
"0/1","7,11","18","99","386,0,221"
"0/1","11,5","16","99","155,0,404"
"0/1","11,6","17","99","192,0,398"
"0/1","13,10","23","99","297,0,389"
"0/1","18,23","42","99","699,0,601"
"0/1","19,14","33","99","394,0,526"
"0/1","22,25","47","99","768,0,600"
"0/1","19,25","44","99","732,0,346"
"0/1","11,13","24","99","445,0,354"
"0/1","12,16","28","99","542,0,384"
"0/1","14,14","28","99","465,0,438"
"0/1","7,11","18","99","331,0,188"
"0/1","11,17","28","99","499,0,308"
"0/1","11,10","21","99","349,0,346"
"0/1","19,16","35","99","408,0,511"
"0/1","16,16","32","99","477,0,537"
"0/1","11,9","20","99","261,0,259"
"0/1","12,16","28","99","421,0,373"
"0/1","14,15","29","99","516,0,469"
"0/1","13,17","30","99","516,0,366"
"0/1","22,13","35","99","262,0,658"
"0/1","5,16","21","99","532,0,143"
"0/1","12,9","21","99","307,0,395"
"0/1","16,13","29","99","399,0,567"
"0/1","14,13","27","99","411,0,452"
"0/1","11,13","24","99","384,0,371"
"0/0","27,0","27","78","0,78,1027"
"0/1","13,8","21","99","266,0,414"
"0/1","14,13","27","99","347,0,446"
"0/0","26,1","27","29","0,29,823"
"0/1","16,12","28","99","366,0,535"
"0/1","8,9","17","99","321,0,271"
"0/0","31,0","31","81","0,81,1070"
"0/1","6,7","13","99","240,0,201"
"0/1","15,14","29","99","398,0,515"
"0/1","4,20","24","99","124,0,133"
"0/1","10,11","21","99","241,0,277"
"0/1","14,15","29","99","506,0,441"
"0/1","16,8","24","99","264,0,461"
"0/1","11,13","24","99","444,0,291"
"0/1","11,10","21","99","236,0,303"
"0/1","12,16","28","99","565,0,207"
"0/1","13,12","25","99","399,0,447"
"0/1","15,14","29","99","448,0,481"
"0/1","10,14","24","99","408,0,323"
"0/1","17,15","32","99","443,0,583"
"0/1","16,14","30","99","420,0,443"
"0/1","12,21","33","99","659,0,376"
"0/1","12,9","21","99","197,0,382"
"0/1","11,20","31","99","680,0,352"
"0/1","11,14","25","99","473,0,283"
"0/1","31,11","42","99","115,0,974"
"0/1","43,10","54","99","218,0,1327"
"0/1","10,5","15","99","118,0,307"
"0/1","15,15","30","99","500,0,499"
"0/1","11,16","27","99","494,0,346"
"0/1","13,15","28","99","451,0,399"
"0/1","18,10","28","99","271,0,489"
"0/1","9,7","17","44","44,0,319"
"0/1","13,10","23","99","335,0,331"
"0/1","15,9","24","99","294,0,487"
"0/1","10,15","25","99","477,0,283"
"0/1","6,11","18","99","398,0,196"
"0/1","11,13","24","99","284,0,352"
"0/1","18,27","45","99","653,0,507"
"0/1","25,20","45","99","649,0,723"
"0/1","11,14","25","99","492,0,372"
"0/1","13,14","27","99","382,0,434"
"0/0","3,0","3","9","0,9,125"
"0/1","12,18","30","99","533,0,357"
"0/1","10,12","22","99","367,0,343"
"0/1","12,9","21","99","278,0,364"
"0/1","11,25","36","99","831,0,320"
"0/1","13,22","35","99","722,0,400"
"0/1","19,18","37","99","576,0,625"
"0/1","15,13","28","99","396,0,442"
"0/1","22,14","36","99","450,0,662"
"0/1","10,18","28","99","632,0,307"
"0/1","20,20","40","99","628,0,651"
"0/1","22,21","43","99","543,0,633"
"0/1","15,13","28","99","429,0,505"
"0/1","14,14","28","99","413,0,468"
"0/1","20,16","36","99","444,0,675"
"0/1","14,17","31","99","401,0,472"
"0/1","6,6","12","99","191,0,186"
"0/1","14,15","29","99","333,0,465"
"0/1","13,7","20","99","182,0,449"
"0/1","1,9","10","31","71,0,31"
"0/1","17,15","32","99","471,0,578"
"0/1","10,16","26","99","500,0,272"
"0/0","40,2","42","88","0,88,1186"
"0/1","17,12","29","99","403,0,561"
"0/1","16,5","21","99","128,0,560"
"0/1","14,21","35","99","665,0,456"
"0/1","5,9","14","99","295,0,120"
"0/1","6,12","18","99","399,0,169"
"0/1","5,18","23","99","657,0,134"
"0/1","20,15","35","99","504,0,692"
"0/1","14,11","25","99","332,0,426"
"0/1","15,9","24","99","274,0,423"
"0/1","9,16","25","99","547,0,285"
"0/1","20,12","32","99","350,0,592"
"0/1","16,6","22","99","162,0,519"
"0/1","13,9","22","99","246,0,437"
"0/1","8,8","16","99","197,0,271"
"0/1","8,8","16","99","219,0,271"
"0/1","23,16","39","99","470,0,754"
"0/1","17,11","28","99","353,0,585"
"0/1","13,20","33","99","600,0,376"
"0/1","15,18","33","99","529,0,496"
"0/1","17,12","29","99","366,0,452"
"0/1","11,4","15","99","114,0,398"
"0/1","8,15","23","99","474,0,241"
"0/1","22,17","39","99","497,0,734"
"0/1","14,15","29","99","434,0,396"
"0/1","21,13","34","99","423,0,672"
"0/1","16,12","28","99","331,0,505"
"0/1","10,10","20","99","318,0,355"
"0/1","12,7","19","99","236,0,395"
"0/0","12,2","14","18","0,18,190"
"0/1","7,6","13","99","171,0,251"
"0/1","5,7","12","99","203,0,169"
"0/1","9,11","20","99","390,0,306"
"0/1","13,14","27","99","462,0,446"
"0/1","13,6","19","99","179,0,427"
"0/1","21,20","41","99","568,0,606"
"0/1","12,19","31","99","604,0,339"
"0/0","25,2","27","7","0,7,881"
"0/1","24,17","41","99","495,0,771"
"0/1","14,9","23","99","217,0,475"
"0/0","25,0","25","69","0,69,874"
"0/1","34,6","40","79","79,0,1148"
"0/0","40,2","42","96","0,96,1490"
"0/0","31,0","31","87","0,87,1151"
"0/0","30,1","33","78","0,78,1001"
"0/0","30,2","33","81","0,81,1062"
"0/0","30,2","33","81","0,81,1047"
"0/0","31,1","32","75","0,75,960"
"0/1","11,15","27","99","408,0,333"
"0/1","22,15","37","99","446,0,728"
"0/1","10,13","23","99","428,0,307"
"0/1","10,15","25","99","529,0,294"
"0/0","33,0","34","90","0,90,1186"
"0/1","10,10","20","99","342,0,275"
"0/1","28,11","39","99","163,0,641"
"0/1","29,10","39","99","168,0,599"
"0/1","26,10","38","99","184,0,466"
"0/1","10,15","25","99","377,0,288"
"0/1","32,14","46","99","397,0,955"
"0/1","14,13","27","99","433,0,487"
"0/1","8,6","14","99","203,0,280"
"0/0","11,0","11","33","0,33,436"
"0/1","18,11","29","99","354,0,619"
"0/1","11,14","25","99","486,0,379"
"0/1","15,18","33","99","611,0,437"
"0/1","12,18","30","99","591,0,378"
"0/1","10,14","24","99","424,0,219"
"0/0","18,0","18","51","0,51,677"
"0/0","21,0","21","60","0,60,791"
"0/0","24,0","24","69","0,69,889"
"0/0","21,0","22","60","0,60,739"
"0/1","21,3","24","36","36,0,754"
"0/1","18,5","23","62","62,0,552"
"0/1","18,5","23","79","79,0,603"
"0/1","25,13","38","99","373,0,692"
"0/1","6,11","17","99","346,0,184"
"0/1","23,12","35","99","318,0,776"
"0/1","15,12","27","99","392,0,388"
"0/0","18,0","18","45","0,45,598"
"0/0","20,1","21","9","0,9,569"
"0/1","10,13","23","99","391,0,250"
"0/1","16,18","34","99","536,0,550"
"0/1","15,12","27","99","389,0,438"
"0/1","6,5","11","99","157,0,153"
"0/1","16,14","30","99","458,0,527"
"0/0","32,1","33","65","0,65,1205"
"0/1","17,17","34","99","587,0,535"
"0/1","13,6","19","99","183,0,457"
"0/1","19,12","31","99","385,0,659"
"0/1","25,20","45","99","651,0,563"
"0/1","21,8","31","99","129,0,606"
"0/1","13,9","22","99","259,0,438"
"0/1","17,23","40","99","677,0,566"
"0/1","15,13","28","99","435,0,472"
"0/1","15,9","24","99","187,0,402"
"0/0","29,4","33","44","0,44,909"
"0/1","9,9","18","99","266,0,271"
"0/1","33,14","47","99","157,0,942"
"0/1","21,10","32","99","218,0,504"
"0/1","31,14","46","99","174,0,784"
"0/1","31,14","46","99","151,0,898"
"0/1","4,11","15","99","402,0,118"
"0/1","20,5","25","59","59,0,631"
"0/1","12,16","28","99","535,0,386"
"0/1","13,9","22","99","305,0,390"
"0/1","12,14","26","99","456,0,351"
"0/1","14,17","31","99","535,0,416"
"0/1","9,26","35","99","856,0,189"
"0/1","12,19","32","99","652,0,310"
"0/1","12,19","31","99","541,0,354"
"0/1","11,20","32","99","711,0,288"
"0/1","14,9","23","99","254,0,460"
"0/1","15,9","24","99","297,0,502"
"0/1","9,11","20","99","363,0,260"
"0/1","9,9","18","99","301,0,272"
"0/1","3,7","10","96","209,0,96"
"0/1","10,12","22","99","428,0,290"
"0/1","9,9","18","99","281,0,316"
"0/1","11,6","17","99","186,0,393"
"0/1","14,20","34","99","613,0,401"
"1/1","1,6","7","12","145,12,0"
"1/1","0,6","6","9","122,9,0"
"1/1","0,33","34","78","985,78,0"
"0/1","5,10","15","99","354,0,155"
"0/1","13,8","21","99","252,0,421"
"0/1","10,19","29","99","632,0,325"
"0/1","7,15","22","99","447,0,222"
"0/1","15,18","34","99","473,0,439"
"0/1","14,11","25","99","369,0,489"
"0/1","14,13","27","99","429,0,480"
"0/1","15,13","28","99","433,0,527"
"0/1","15,13","28","99","441,0,521"
"0/1","11,12","23","99","365,0,383"
"0/1","15,16","32","99","505,0,439"
"0/1","14,3","18","50","50,0,290"
"0/1","11,5","16","99","129,0,294"
"0/1","13,5","18","86","86,0,407"
"0/1","15,4","19","81","81,0,518"
"0/1","14,4","18","84","84,0,486"
"0/1","14,5","19","99","151,0,435"
"0/1","19,3","22","25","25,0,568"
"0/1","21,3","24","17","17,0,672"
"0/1","21,3","24","17","17,0,689"
"0/0","32,0","32","87","0,87,1117"
"0/1","24,18","43","99","506,0,643"
"0/1","10,15","25","99","451,0,335"
"0/1","25,17","42","99","508,0,836"
"0/1","19,15","34","99","479,0,537"
"0/1","20,15","35","99","459,0,615"
"0/1","13,15","28","99","457,0,437"
"0/1","12,11","23","99","378,0,384"
"0/1","5,3","8","98","98,0,173"
"0/1","5,7","12","99","228,0,163"
"0/0","27,0","27","72","0,72,975"
"0/1","17,26","43","99","843,0,510"
"0/1","8,11","19","99","349,0,260"
"0/1","21,17","38","99","513,0,694"
"0/1","14,12","26","99","372,0,379"
"0/1","16,15","31","99","511,0,503"
"0/1","18,18","36","99","562,0,610"
"0/1","22,18","40","99","562,0,686"
"0/1","14,19","33","99","615,0,390"
"0/1","28,16","44","99","512,0,954"
"0/1","10,10","20","99","301,0,350"
"0/1","12,7","19","99","220,0,424"
"0/1","16,14","30","99","405,0,562"
"0/1","20,18","38","99","549,0,629"
"0/1","16,17","33","99","570,0,509"
"0/1","7,5","12","99","159,0,246"
"1/1","1,18","19","14","639,14,0"
"0/1","10,9","19","99","308,0,341"
"0/1","22,14","36","99","341,0,799"
"0/1","15,10","25","99","304,0,503"
"0/1","16,11","27","99","308,0,559"
"0/1","10,13","23","99","438,0,271"
"0/1","12,17","29","99","488,0,360"
"0/1","13,8","21","99","186,0,471"
"0/1","18,15","33","99","464,0,590"
"1/1","0,16","16","45","613,45,0"
"0/1","10,13","23","99","393,0,313"
"0/1","27,5","32","64","64,0,924"
"0/1","24,5","29","79","79,0,782"
"0/1","14,13","27","99","401,0,464"
"0/1","22,18","40","99","553,0,771"
"0/1","70,12","82","99","258,0,2260"
"0/1","22,9","31","99","267,0,714"
"0/1","13,15","28","99","452,0,429"
"0/1","8,11","19","99","355,0,276"
"0/1","14,6","20","99","180,0,517"
"0/1","17,13","30","99","371,0,595"
"0/0","41,0","41","99","0,117,1508"
"0/1","24,24","48","99","645,0,733"
"1/1","1,22","24","57","706,57,0"
"0/1","29,4","33","75","75,0,515"
"0/1","24,7","31","99","120,0,472"
"0/1","25,5","32","86","86,0,408"
"0/1","10,7","17","29","29,0,164"
"0/1","12,12","24","99","384,0,417"
"0/1","18,12","30","99","295,0,561"
"0/1","10,12","24","99","332,0,222"
"0/1","11,27","38","99","846,0,245"
"0/1","15,22","39","99","634,0,420"
"0/1","28,20","48","99","630,0,776"
"0/1","17,14","31","99","473,0,550"
"0/1","23,25","48","99","823,0,708"
"0/0","17,1","18","48","0,48,638"
"0/1","21,15","36","99","389,0,714"
"0/1","11,12","23","99","407,0,331"
"0/0","24,0","24","66","0,66,892"
"0/0","35,0","35","96","0,96,1204"
"0/1","13,6","19","99","103,0,398"
"0/1","12,14","27","99","331,0,199"
"0/1","9,18","27","58","432,0,58"
"1/1","4,26","30","27","833,27,0"
"0/1","20,19","39","99","622,0,657"
"1/1","1,25","26","36","924,36,0"
"1/1","1,18","19","15","667,15,0"
"1/1","1,21","22","23","763,23,0"
"0/1","21,9","30","99","248,0,526"
"0/1","16,5","21","99","145,0,554"
"0/1","9,12","21","99","389,0,302"
"0/1","8,8","16","99","279,0,272"
"1/1","0,18","18","48","598,48,0"
"0/1","13,10","23","99","212,0,194"
"0/1","14,14","28","99","402,0,426"
"1/1","0,16","16","48","644,48,0"
"0/1","11,23","34","86","688,0,86"
"0/1","12,11","23","99","313,0,225"
"0/1","12,8","20","99","244,0,117"
"0/1","27,3","30","19","19,0,477"
"0/1","3,9","12","78","286,0,78"
"1/1","5,33","38","26","1173,26,0"
"0/1","21,17","38","99","543,0,486"
"1/1","2,31","33","49","1102,49,0"
"0/0","22,0","22","60","0,60,813"
"0/1","7,12","19","99","425,0,229"
"1/1","0,21","21","57","775,57,0"
"0/1","10,12","22","99","391,0,349"
"0/1","5,13","18","99","415,0,137"
"0/1","33,21","54","99","111,0,1085"
"0/1","12,12","26","99","159,0,176"
"0/1","13,12","25","99","409,0,441"
"0/1","10,17","27","99","498,0,334"
"0/1","13,8","21","99","232,0,388"
"0/1","21,8","29","99","235,0,751"
"0/1","40,10","50","99","236,0,1393"
"0/1","40,19","59","99","557,0,1378"
"0/1","28,6","34","99","101,0,987"
"0/1","26,6","32","99","104,0,900"
"0/1","11,17","28","99","572,0,358"
"1/1","0,17","17","45","614,45,0"
"0/1","4,8","12","93","256,0,93"
"0/1","32,17","52","99","104,0,501"
"0/1","17,13","30","99","402,0,544"
"0/1","8,15","23","99","486,0,239"
"0/1","21,18","39","99","534,0,617"
"0/1","12,12","24","99","405,0,373"
"0/1","19,16","35","99","519,0,526"
"1/1","3,10","14","9","98,9,0"
"0/1","16,12","28","99","360,0,494"
"0/1","20,21","41","99","701,0,652"
"0/1","19,13","32","99","390,0,452"
"0/1","16,13","29","99","415,0,478"
"0/1","18,13","31","99","381,0,589"
"0/1","14,7","21","99","134,0,359"
"0/1","18,12","30","99","330,0,535"
"0/1","14,14","28","99","409,0,494"
"0/1","13,10","23","99","318,0,400"
"0/1","14,13","27","99","435,0,408"
"0/0","40,0","40","99","0,111,1439"
"0/1","17,23","40","99","639,0,495"
"0/1","19,14","33","99","419,0,549"
"0/1","8,8","16","99","237,0,279"
"0/1","17,10","27","99","316,0,488"
"0/1","8,10","18","99","266,0,272"
"0/1","21,16","37","99","443,0,675"
"0/1","21,21","42","99","670,0,599"
"0/1","14,9","23","99","294,0,475"
"0/1","18,11","29","99","352,0,568"
"0/1","17,16","33","99","483,0,524"
"0/1","16,11","27","99","354,0,489"
"0/1","15,9","25","99","292,0,534"
"0/1","13,7","20","99","207,0,476"
"0/1","15,10","25","99","272,0,440"
"0/1","15,10","25","99","303,0,437"
"0/1","10,14","24","99","418,0,289"
"0/1","12,11","23","99","371,0,370"
"0/1","12,13","25","99","415,0,358"
"0/1","17,12","29","99","339,0,570"
"0/1","12,14","26","99","407,0,351"
"0/1","16,13","29","99","435,0,507"
"0/1","11,16","27","99","518,0,366"
"0/0","25,2","27","11","0,11,901"
"0/0","26,0","27","78","0,78,1039"
"0/0","31,0","31","90","0,90,1214"
"0/1","15,20","35","99","539,0,483"
"0/1","12,16","28","99","556,0,377"
"0/1","21,9","30","99","223,0,754"
"0/1","20,10","30","99","228,0,729"
"0/1","20,11","31","99","253,0,706"
"0/1","9,15","24","99","508,0,293"
"0/1","15,10","25","99","285,0,471"
"0/1","10,9","19","99","307,0,349"
"0/1","9,17","26","99","576,0,279"
"0/1","17,6","23","99","176,0,221"
"0/1","11,19","30","99","613,0,347"
"0/1","24,18","42","99","520,0,747"
"0/1","14,21","35","99","727,0,438"
"0/1","18,13","31","99","420,0,584"
"0/1","12,18","30","99","590,0,333"
"0/1","10,22","32","99","713,0,305"
"0/1","16,22","38","99","588,0,536"
"0/1","17,6","23","58","58,0,526"
"0/1","7,7","14","99","209,0,129"
"0/1","11,14","25","99","431,0,315"
"0/1","9,10","19","99","269,0,306"
"0/1","9,12","21","99","411,0,246"
"0/1","10,18","28","99","577,0,263"
"0/1","16,17","33","99","555,0,491"
"0/1","23,17","40","99","244,0,572"
"0/1","12,4","16","68","68,0,418"
"0/1","10,19","29","99","674,0,307"
"0/1","10,19","29","99","665,0,309"
"0/1","18,11","29","99","345,0,619"
"0/1","10,11","21","99","369,0,299"
"0/1","11,10","21","99","232,0,363"
"0/1","10,18","28","99","627,0,307"
"0/1","26,12","38","99","352,0,792"
"0/1","13,15","28","99","516,0,442"
"0/1","12,11","23","99","330,0,391"
"1/1","1,18","19","48","631,48,0"
"0/1","12,22","34","99","722,0,365"
"0/1","17,19","36","99","609,0,544"
"0/1","16,18","34","99","575,0,514"
"0/1","13,16","29","99","474,0,373"
"0/1","11,20","31","99","565,0,295"
"0/1","19,15","34","99","456,0,602"
"0/1","17,14","31","99","399,0,522"
"0/1","12,11","23","99","353,0,384"
"0/1","14,15","29","99","501,0,478"
"0/1","13,10","23","99","335,0,460"
"0/1","13,9","22","99","277,0,463"
"0/1","11,13","24","99","458,0,287"
"0/1","16,13","29","99","407,0,533"
"0/1","10,11","21","99","384,0,298"
"0/1","9,17","26","99","562,0,288"
"0/1","19,12","31","99","385,0,632"
"0/1","10,12","22","99","352,0,290"
"0/1","12,12","25","99","274,0,295"
"0/1","11,7","18","99","227,0,356"
"0/1","12,19","31","99","555,0,373"
"0/1","8,18","26","99","629,0,230"
"0/1","24,14","38","99","345,0,739"
"0/1","16,20","36","99","596,0,446"
"0/1","10,20","30","99","654,0,308"
"0/1","18,13","31","99","353,0,543"
"0/1","8,15","23","99","503,0,176"
"0/1","15,19","34","99","619,0,491"
"0/1","16,16","32","99","553,0,506"
"0/1","15,19","34","99","673,0,439"
"0/1","13,12","25","99","378,0,453"
"0/1","11,13","24","99","439,0,375"
"0/1","6,11","17","99","398,0,191"
"0/1","14,16","30","99","465,0,394"
"0/1","16,19","35","99","528,0,538"
"0/1","4,4","8","99","141,0,136"
"0/1","10,13","23","99","461,0,295"
"0/1","10,14","24","99","491,0,295"
"0/1","7,9","16","99","311,0,237"
"0/1","8,9","17","99","273,0,273"
"0/1","6,10","17","99","345,0,201"
"0/1","9,20","29","99","653,0,258"
"0/1","22,8","34","66","66,0,389"
"0/1","12,19","31","99","570,0,399"
"0/1","47,16","64","89","89,0,918"
"0/1","15,12","27","99","399,0,453"
"0/1","16,17","33","99","579,0,451"
"0/1","12,19","31","99","677,0,382"
"0/1","12,17","30","99","514,0,353"
"0/1","3,12","16","53","80,0,53"
"0/1","16,10","26","99","315,0,477"
"0/1","21,18","39","99","585,0,697"
"0/1","19,13","32","99","400,0,654"
"0/1","9,15","24","99","382,0,204"
"0/1","6,15","21","99","533,0,176"
"0/1","9,9","18","99","305,0,250"
"0/1","11,9","20","99","313,0,321"
"0/1","5,6","11","99","175,0,173"
"0/1","13,12","25","99","389,0,363"
"0/1","16,16","32","99","449,0,472"
"0/1","13,12","25","99","342,0,455"
"0/1","9,22","31","99","770,0,261"
"0/1","11,9","20","99","270,0,392"
"0/1","7,10","17","99","306,0,225"
"0/1","15,16","31","99","435,0,482"
"0/0","23,0","23","66","0,66,844"
"0/1","13,15","28","99","440,0,398"
"0/1","9,13","22","99","442,0,295"
"0/1","11,14","25","99","499,0,287"
"0/1","13,11","24","99","362,0,450"
"0/1","14,21","35","99","654,0,448"
"0/1","16,13","29","99","388,0,497"
"0/1","10,16","26","99","490,0,188"
"0/1","11,12","23","99","340,0,262"
"0/1","11,12","23","99","358,0,342"
"0/1","9,16","26","99","526,0,107"
"0/1","8,18","27","99","459,0,245"
"0/0","5,0","6","15","0,15,177"
"0/1","17,12","29","99","354,0,453"
"0/1","20,20","40","99","611,0,643"
"0/1","20,20","40","99","533,0,625"
"0/1","21,21","42","99","729,0,666"
"0/1","19,26","45","99","832,0,483"
"0/1","16,18","34","99","572,0,498"
"0/1","18,18","36","99","577,0,616"
"0/1","9,5","14","99","145,0,311"
"0/1","17,18","35","99","543,0,424"
"0/1","14,11","26","99","357,0,461"
"0/1","17,18","35","99","565,0,511"
"0/1","14,11","25","99","323,0,485"
"0/1","15,15","30","99","386,0,458"
"0/1","13,22","35","99","737,0,416"
"0/1","5,15","20","99","492,0,143"
"0/1","34,3","37","13","13,0,1146"
"0/1","8,15","23","99","510,0,249"
"0/1","18,12","30","99","350,0,631"
"0/1","18,6","24","99","156,0,548"
"0/1","14,13","27","99","376,0,371"
"0/1","10,17","27","99","464,0,279"
"0/1","11,15","26","99","504,0,311"
"0/1","10,22","32","99","735,0,309"
"0/1","11,12","24","99","384,0,353"
"0/1","17,20","37","99","628,0,551"
"0/1","14,15","29","99","402,0,459"
"0/0","27,0","27","69","0,69,909"
"0/1","16,13","29","99","379,0,556"
"0/1","10,15","25","99","437,0,322"
"0/1","13,8","22","99","237,0,374"
"0/1","16,17","33","99","525,0,527"
"0/1","19,18","37","99","608,0,586"
"0/1","7,17","24","99","454,0,220"
"0/1","8,12","20","99","422,0,259"
"0/1","12,17","29","99","515,0,350"
"0/1","9,20","29","99","732,0,283"
"0/1","9,20","29","99","669,0,276"
"0/0","40,1","41","85","0,85,1316"
"0/0","41,0","41","99","0,120,1566"
"0/0","43,0","43","99","0,120,1560"
"0/0","41,0","41","99","0,111,1450"
"0/1","20,12","32","99","343,0,641"
"0/1","5,12","17","99","414,0,152"
"0/1","14,14","28","99","446,0,473"
"0/1","16,15","31","99","499,0,523"
"0/1","9,13","22","99","434,0,286"
"0/1","12,18","30","99","594,0,311"
"0/0","42,2","44","99","0,117,1529"
"0/0","41,1","42","99","0,114,1484"
"0/1","30,11","42","99","292,0,824"
"0/1","26,12","43","99","299,0,836"
"0/1","23,15","38","99","380,0,712"
"0/1","24,17","41","99","416,0,699"
"0/1","26,13","39","99","272,0,769"
"0/1","28,10","39","99","251,0,930"
"0/1","28,8","36","99","191,0,830"
"0/0","27,0","27","75","0,75,953"
"0/0","33,0","33","93","0,93,1196"
"0/0","34,0","34","93","0,93,1204"
"0/0","34,0","34","93","0,93,1222"
"0/0","38,0","38","99","0,102,1282"
"0/0","40,0","40","99","0,102,1264"
"0/0","37,2","39","99","0,105,1337"
"0/0","40,2","42","88","0,88,1430"
"0/0","41,0","41","99","0,114,1467"
"0/0","41,0","41","99","0,105,1350"
"0/0","36,4","40","99","0,105,1365"
"0/0","38,0","38","99","0,108,1364"
"0/0","40,0","40","99","0,105,1375"
"0/0","35,0","38","84","0,84,1083"
"0/0","39,0","39","93","0,93,1212"
"0/0","37,0","37","87","0,87,1127"
"0/1","28,9","40","99","111,0,773"
"0/0","29,0","29","81","0,81,1056"
"0/0","30,0","30","87","0,87,1147"
"0/0","33,0","33","99","0,99,1264"
"0/0","35,0","35","99","0,105,1326"
"0/0","36,0","36","99","0,105,1364"
"0/0","36,0","36","99","0,105,1354"
"0/1","10,17","27","99","598,0,323"
"0/1","7,17","24","99","612,0,207"
"0/1","15,15","30","99","478,0,462"
"0/0","27,0","27","78","0,78,1000"
"0/0","27,0","27","78","0,78,999"
"0/0","27,0","27","78","0,78,979"
"0/0","29,0","29","78","0,78,987"
"0/1","19,17","36","99","574,0,518"
"0/1","9,11","20","99","342,0,231"
"0/1","13,14","27","99","440,0,443"
"0/1","13,8","21","99","222,0,432"
"0/1","12,9","21","99","295,0,389"
"0/1","14,9","23","99","264,0,466"
"0/1","11,9","20","99","270,0,386"
"0/1","19,11","30","99","349,0,602"
"0/1","8,4","12","95","95,0,221"
"0/1","12,9","21","99","293,0,386"
"0/1","10,18","28","99","616,0,326"
"0/1","12,12","24","99","419,0,415"
"0/1","11,19","30","99","681,0,349"
"0/1","14,14","28","99","432,0,477"
"0/1","13,18","31","99","555,0,421"
"0/1","20,19","39","99","614,0,649"
"0/1","15,17","32","99","512,0,447"
"0/1","16,15","31","99","485,0,508"
"0/1","12,19","31","99","649,0,329"
"0/1","14,12","26","99","380,0,449"
"0/1","14,14","28","99","425,0,461"
"0/1","15,14","29","99","474,0,508"
"0/1","16,10","26","99","303,0,477"
"0/1","15,17","32","99","583,0,411"
"0/1","19,22","41","99","744,0,596"
"0/1","15,15","30","99","494,0,463"
"0/1","26,5","31","81","81,0,761"
"0/1","16,16","32","99","515,0,485"
"0/1","15,18","33","99","574,0,493"
"0/1","21,12","33","99","310,0,651"
"0/1","13,11","30","99","130,0,331"
"0/1","15,12","27","99","384,0,475"
"0/0","43,1","44","99","0,114,1511"
"0/1","11,9","20","99","291,0,316"
"0/1","22,16","38","99","523,0,708"
"0/1","20,20","40","99","686,0,635"
"0/1","24,18","42","99","522,0,721"
"0/1","17,11","28","99","372,0,514"
"0/1","44,10","54","99","120,0,1438"
"0/0","20,0","20","24","0,24,309"
"0/1","11,8","19","99","226,0,324"
"0/1","4,8","12","99","245,0,126"
"0/1","15,14","29","99","446,0,476"
"0/1","10,8","18","99","272,0,322"
"0/1","10,7","17","99","224,0,324"
"0/1","5,17","22","99","597,0,127"
"0/1","37,7","44","99","206,0,531"
"0/1","67,14","81","99","189,0,1859"
"0/1","7,11","18","99","361,0,192"
"0/1","16,15","31","99","471,0,446"
"0/1","16,11","27","99","361,0,532"
"0/1","15,6","21","99","133,0,484"
"0/1","12,7","19","99","216,0,425"
"0/1","20,14","34","99","386,0,650"
"0/1","21,22","43","99","594,0,690"
"0/1","15,13","28","99","398,0,381"
"0/1","14,6","20","99","186,0,405"
"0/1","9,7","16","99","203,0,315"
"0/1","9,6","15","99","173,0,294"
"0/1","10,13","23","99","421,0,337"
"0/1","19,24","43","99","554,0,534"
"0/1","18,15","33","99","500,0,515"
"0/1","20,18","38","99","527,0,645"
"0/1","13,8","21","99","239,0,395"
"0/1","12,15","27","99","514,0,400"
"0/1","15,8","23","99","220,0,493"
"0/1","9,13","23","99","450,0,291"
"0/1","11,14","25","99","484,0,358"
"0/0","27,2","29","32","0,32,898"
"0/1","8,11","19","99","381,0,270"
"0/1","7,6","13","99","203,0,240"
"0/1","7,9","16","99","312,0,235"
"0/1","6,12","18","99","399,0,189"
"0/1","4,10","14","99","324,0,116"
"0/1","11,10","21","99","269,0,355"
"0/1","8,8","16","99","280,0,220"
"0/1","12,11","23","99","387,0,321"
"0/1","8,9","17","99","251,0,279"
"0/1","8,13","21","99","460,0,227"
"0/1","10,13","23","99","421,0,338"
"0/1","13,14","27","99","382,0,391"
"0/0","49,0","49","99","0,132,1723"
"0/1","8,9","17","99","312,0,276"
"0/1","10,9","19","99","289,0,347"
"0/1","25,9","34","99","189,0,837"
"0/1","13,11","25","99","149,0,334"
"0/1","5,13","18","99","474,0,115"
"0/1","6,10","16","99","358,0,191"
"0/1","16,12","28","99","310,0,520"
"0/1","16,10","26","99","287,0,517"
"0/1","14,13","28","99","409,0,402"
"0/1","15,22","37","99","779,0,413"
"0/0","6,2","9","12","0,12,156"
"0/1","11,12","23","99","354,0,291"
"0/1","18,4","23","63","63,0,568"
"0/1","8,14","22","99","500,0,207"
"0/1","13,8","21","99","213,0,456"
"0/1","14,16","30","99","554,0,433"
"0/0","27,0","27","75","0,75,1029"
"0/1","13,9","22","99","288,0,442"
"0/1","19,15","34","99","492,0,614"
"0/1","9,9","18","99","298,0,300"
"0/1","15,19","34","99","600,0,457"
"0/1","21,18","39","99","574,0,717"
"0/1","15,7","22","99","224,0,503"
"0/1","11,13","24","99","394,0,296"
"0/0","14,1","15","30","0,30,394"
"0/0","9,1","10","18","0,18,222"
"0/1","16,24","40","99","794,0,347"
"0/1","9,6","15","99","177,0,298"
"0/1","17,20","37","99","472,0,560"
"0/1","18,18","36","99","589,0,508"
"0/1","16,12","28","99","397,0,570"
"0/1","13,19","32","99","566,0,400"
"0/1","20,27","47","99","863,0,586"
"0/1","17,9","26","99","251,0,610"
"0/1","9,6","15","99","185,0,285"
"0/1","13,10","23","99","304,0,434"
"0/1","5,13","18","99","398,0,149"
"0/1","6,21","27","99","730,0,169"
"0/1","16,18","34","99","576,0,554"
"0/1","10,19","30","99","643,0,314"
"0/1","12,13","25","99","430,0,325"
"0/1","9,13","22","99","451,0,270"
"0/1","12,17","29","99","597,0,397"
"0/1","13,17","30","99","539,0,430"
"0/1","9,17","26","99","594,0,257"
"0/1","22,16","40","99","391,0,605"
"0/1","13,16","29","99","528,0,325"
"0/1","14,15","29","99","479,0,474"
"0/1","16,10","26","99","270,0,520"
"0/1","11,15","26","99","307,0,308"
"0/1","15,18","33","99","611,0,453"
"0/1","13,20","33","99","626,0,434"
"0/1","4,25","29","82","783,0,82"
"0/1","10,18","28","99","577,0,284"
"0/0","24,0","24","69","0,69,933"
"0/1","10,12","22","99","366,0,280"
"0/1","10,11","21","99","316,0,346"
"0/1","11,19","30","99","628,0,356"
"0/1","7,13","20","99","388,0,218"
"0/1","12,14","26","99","400,0,358"
"0/1","15,14","29","99","315,0,478"
"0/1","17,14","31","99","342,0,462"
"0/1","16,20","38","99","565,0,418"
"0/1","17,20","37","99","650,0,564"
"0/1","10,13","23","99","415,0,297"
"0/1","13,8","21","99","257,0,420"
"0/1","9,8","17","99","273,0,308"
"0/1","21,19","40","99","628,0,687"
"0/1","13,6","19","99","151,0,445"
"0/1","19,24","43","99","777,0,604"
"0/1","14,9","23","99","281,0,463"
"0/1","12,11","23","99","367,0,405"
"0/1","8,24","32","99","780,0,159"
"0/1","21,14","35","99","462,0,672"
"0/0","35,0","36","93","0,93,1156"
"0/1","5,13","18","99","457,0,146"
"0/1","11,16","27","99","514,0,320"
"0/1","25,18","43","99","551,0,827"
"0/1","14,12","26","99","376,0,376"
"0/1","19,12","31","99","397,0,663"
"0/1","14,10","24","99","322,0,497"
"0/1","9,12","21","99","393,0,301"
"0/1","9,8","17","99","274,0,311"
"0/1","12,16","28","99","450,0,387"
"0/1","13,13","26","99","419,0,456"
"0/1","14,22","36","99","711,0,460"
"0/1","23,17","41","99","478,0,581"
"0/0","6,0","8","9","0,9,106"
"0/1","28,9","37","99","132,0,831"
"0/1","29,8","37","99","111,0,818"
"0/1","29,8","38","99","109,0,821"
"0/1","18,28","46","99","903,0,532"
"0/1","27,13","41","99","405,0,761"
"0/1","11,10","21","99","304,0,384"
"0/1","17,10","27","99","287,0,586"
"0/1","10,32","42","29","816,0,29"
"0/1","35,7","42","34","34,0,1232"
"0/1","34,7","41","39","39,0,1191"
"0/0","37,0","37","99","0,102,1359"
"0/0","15,0","15","42","0,42,554"
"0/0","7,0","7","15","0,15,175"
"0/0","19,0","20","54","0,54,731"
"0/0","19,1","20","57","0,57,759"
"0/0","21,0","21","60","0,60,801"
"0/0","20,0","20","57","0,57,761"
"0/1","18,12","30","99","333,0,617"
"0/1","12,11","23","99","364,0,243"
"0/1","14,15","29","99","490,0,475"
"0/1","16,13","29","99","430,0,428"
"0/0","26,0","26","75","0,75,1009"
"0/1","8,3","11","53","53,0,247"
"0/1","11,14","25","99","432,0,329"
"0/1","33,10","43","99","173,0,828"
"0/1","34,10","46","99","202,0,950"
"0/1","23,15","38","99","275,0,694"
"0/1","16,15","31","99","259,0,459"
"0/1","32,7","39","99","139,0,864"
"0/0","30,2","33","5","0,5,895"
"0/1","6,12","19","99","108,0,106"
"0/1","20,8","28","99","208,0,672"
"0/1","8,11","19","99","337,0,243"
"0/1","6,11","18","99","353,0,174"
"0/1","8,13","21","99","468,0,227"
"0/1","10,18","28","99","526,0,334"
"0/1","15,18","33","99","529,0,468"
"0/1","15,14","29","99","420,0,449"
"0/1","12,6","18","99","176,0,402"
"0/1","12,12","24","99","310,0,410"
"0/1","35,7","42","99","132,0,1094"
"0/1","34,7","41","99","134,0,1111"
"0/1","34,7","41","99","134,0,1117"
"0/1","34,7","41","99","131,0,1122"
"0/1","34,7,0","41","99","131,0,1146,227,1165,1392"
"0/1","34,9","43","99","213,0,1039"
"0/1","33,9","42","99","216,0,985"
"0/1","16,5","24","52","52,0,577"
"0/1","16,5","24","52","52,0,551"
"0/1","18,5","24","49","49,0,573"
"0/1","17,18","35","99","516,0,533"
"0/1","13,21","34","99","711,0,416"
"0/1","5,12","17","99","430,0,156"
"0/1","5,12","17","99","430,0,156"
"0/1","15,16","31","99","467,0,452"
"0/0","25,0","25","60","0,60,741"
"0/1","9,7","16","99","239,0,309"
"0/1","7,11","18","99","359,0,233"
"0/1","6,8","14","99","285,0,202"
"0/1","8,17","25","99","628,0,250"
"0/1","15,10","25","99","260,0,533"
"0/1","13,9","22","99","296,0,452"
"0/1","22,17","39","99","538,0,661"
"0/1","22,18","40","99","537,0,679"
"0/1","17,18","35","99","396,0,429"
"0/1","10,16","26","99","522,0,275"
"0/1","11,13","24","99","414,0,369"
"0/1","20,15","35","99","428,0,621"
"0/1","11,12","23","99","394,0,266"
"0/1","8,11","19","99","343,0,218"
"0/1","10,12","22","99","337,0,287"
"0/1","12,12","24","99","299,0,280"
"0/1","6,17","23","99","537,0,177"
"0/1","11,9","20","99","303,0,373"
"0/1","15,19","34","99","662,0,509"
"0/1","18,12","34","68","68,0,381"
"0/1","19,8","27","99","244,0,582"
"0/1","12,7","19","99","151,0,386"
"0/1","13,11","24","99","349,0,418"
"0/1","12,12","24","99","203,0,341"
"0/1","7,21","28","90","698,0,90"
"0/1","19,14","33","99","449,0,621"
"0/1","10,12","22","99","389,0,302"
"0/1","8,7","15","99","198,0,251"
"0/1","10,11","21","99","353,0,346"
"0/1","7,10","17","99","329,0,232"
"0/1","15,19","34","99","627,0,505"
"0/1","16,15","31","99","471,0,456"
"0/1","18,13","31","99","327,0,539"
"0/1","10,10","20","99","294,0,319"
"0/1","20,19","39","99","653,0,648"
"0/1","6,6","12","99","185,0,152"
"0/1","13,14","27","99","446,0,441"
"0/1","11,3","14","87","87,0,147"
"0/1","11,15","26","99","428,0,354"
"0/1","11,12","23","99","370,0,379"
"0/1","14,20","34","99","589,0,410"
"0/1","14,23","37","99","790,0,318"
"0/0","5,0","5","9","0,9,120"
"0/0","5,0","5","9","0,9,120"
"0/0","5,0","6","12","0,12,154"
"0/0","7,0","7","12","0,12,160"
"0/1","19,18","37","99","516,0,644"
"0/1","16,15","31","99","490,0,549"
"0/1","19,21","40","99","725,0,635"
"0/1","15,12","27","99","377,0,460"
"0/1","13,19","32","99","673,0,387"
"0/1","18,11","29","99","248,0,491"
"0/0","10,4","15","21","0,21,276"
"0/1","3,11","14","6","223,0,6"
"0/0","15,4","20","33","0,33,434"
"0/0","18,0","18","51","0,51,691"
"0/0","20,0","20","60","0,60,814"
"0/1","12,9","21","99","279,0,334"
"0/1","14,14","28","99","443,0,471"
"0/1","15,19","34","99","635,0,454"
"0/1","18,11","29","99","315,0,547"
"0/1","18,12","30","99","349,0,555"
"0/1","17,16","33","99","452,0,379"
"0/1","10,12","22","99","371,0,271"
"0/1","13,9","23","99","297,0,413"
"0/1","8,15","23","99","433,0,222"
"0/0","18,0","18","54","0,54,654"
"0/1","13,13","26","99","393,0,326"
"0/1","13,54","67","99","1844,0,308"
"0/1","13,37","50","99","1232,0,354"
"0/0","51,0","51","99","0,150,2007"
"0/0","45,0","45","99","0,135,1840"
"0/1","14,55","69","99","1900,0,382"
"0/1","12,46","58","99","1656,0,279"
"0/1","13,47","60","99","1687,0,301"
"0/1","9,28","37","99","1020,0,215"
"0/1","27,10","37","99","299,0,908"
"0/1","10,27","37","99","938,0,306"
"0/1","9,2","11","58","58,0,229"
"0/1","11,14","25","99","499,0,356"
"0/1","9,20","29","99","667,0,283"
"0/1","7,9","16","99","324,0,239"
"0/1","11,10","21","99","328,0,363"
"0/1","26,23","49","99","611,0,810"
"0/1","14,14","28","99","438,0,444"
"0/1","14,16","30","99","543,0,474"
"0/1","14,16","30","99","492,0,339"
"0/1","15,17","32","99","430,0,441"
"0/1","19,13","32","99","376,0,498"
"0/1","14,18","32","99","526,0,467"
"0/1","9,8","17","99","242,0,271"
"0/1","11,11","23","99","302,0,317"
"0/0","7,0","7","15","0,15,201"
"0/1","5,2","7","25","25,0,105"
"0/1","16,11","27","99","375,0,455"
"0/1","13,14","27","99","403,0,293"
"0/1","12,24","36","99","822,0,321"
"0/1","15,16","31","99","421,0,480"
"0/1","14,6","20","99","183,0,446"
"0/1","8,9","17","99","287,0,275"
"0/1","8,6","14","99","192,0,275"
"0/1","13,9","23","99","304,0,414"
"0/1","15,7","22","99","208,0,528"
"0/1","19,26","45","99","906,0,638"
"1/1","3,19","23","45","548,45,0"
"1/1","0,29","29","84","1133,84,0"
"0/0","3,1","5","6","0,6,77"
"0/0","14,0","15","12","0,12,147"
"0/1","11,14","25","99","440,0,361"
"0/1","15,20","35","99","698,0,474"
"0/1","9,15","24","99","526,0,290"
"1/1","3,18","22","11","400,11,0"
"0/1","13,8","21","99","261,0,460"
"0/1","12,13","25","99","445,0,383"
"0/1","15,5","20","99","148,0,494"
"0/1","11,13","24","99","386,0,381"
"0/1","8,12","20","99","415,0,231"
"0/1","5,8","13","99","291,0,160"
"0/1","8,16","24","99","540,0,219"
"0/1","10,8","18","99","273,0,355"
"0/1","17,24","41","99","803,0,525"
"0/1","12,8","20","99","250,0,416"
"0/1","13,23","36","99","782,0,405"
"0/1","21,13","34","99","410,0,645"
"0/1","16,20","36","99","549,0,546"
"0/1","9,12","21","99","426,0,269"
"0/1","11,16","27","99","537,0,329"
"0/1","10,8","18","99","278,0,317"
"0/1","10,17","27","99","593,0,318"
"0/1","13,12","25","99","408,0,396"
"0/1","15,16","31","99","525,0,470"
"0/0","18,0","18","51","0,51,672"
"0/1","8,13","21","99","463,0,252"
"0/1","18,4","22","97","97,0,502"
"0/1","20,15","37","99","298,0,477"
"0/1","8,16","24","99","567,0,199"
"0/1","19,18","37","99","349,0,630"
"0/1","24,19","43","99","644,0,772"
"0/1","8,7","15","99","234,0,269"
"0/1","9,8","17","99","274,0,313"
"0/1","5,9","14","99","283,0,163"
"0/1","14,11","25","99","375,0,458"
"0/1","11,10","21","99","333,0,329"
"0/1","19,16","35","99","453,0,589"
"0/1","10,18","28","99","589,0,320"
"0/1","12,18","30","99","635,0,367"
"0/1","16,7","23","99","216,0,584"
"0/1","24,12","36","99","375,0,762"
"0/1","8,16","24","99","534,0,174"
"0/1","5,9","14","99","321,0,152"
"0/1","14,7","21","99","224,0,507"
"0/1","10,15","25","99","481,0,255"
"0/1","16,14","30","99","441,0,541"
"1/1","0,26","26","75","1013,75,0"
"0/1","11,9","20","99","287,0,327"
"0/1","11,7","18","99","231,0,311"
"0/1","10,4","14","99","115,0,357"
"0/1","15,14","29","99","405,0,473"
"0/1","11,8","19","99","235,0,392"
"0/1","11,6","17","99","195,0,344"
"0/1","14,10","24","99","301,0,427"
"0/1","13,19","32","99","636,0,433"
"0/1","11,8","19","99","265,0,388"
"0/0","40,2","42","34","0,34,1335"
"0/0","39,1","42","71","0,71,1363"
"0/0","42,1","43","80","0,80,1491"
"0/0","43,0","45","99","0,117,1552"
"0/1","35,23","62","99","239,0,698"
"0/1","25,20","46","99","204,0,465"
"0/1","18,27","47","99","302,0,383"
"0/0","35,1","36","65","0,65,1206"
"0/1","13,13","26","99","457,0,321"
"0/1","16,15","32","99","453,0,400"
"0/1","12,15","27","99","510,0,398"
"0/1","8,13","21","99","409,0,262"
"0/0","23,1","24","66","0,66,849"
"0/0","23,1","24","63","0,63,814"
"0/1","9,13","23","99","448,0,290"
"0/1","10,22","32","99","753,0,284"
"0/1","14,22","36","99","759,0,423"
"0/0","23,0","23","69","0,69,905"
"0/1","23,10","33","99","143,0,456"
"0/1","14,14","28","99","438,0,426"
"0/1","12,10","23","99","316,0,358"
"0/1","12,9","21","99","304,0,431"
"0/1","6,3","9","86","86,0,218"
"0/1","9,9","18","99","310,0,308"
"0/1","14,6","24","72","72,0,320"
"0/1","14,7","21","99","159,0,464"
"0/1","9,8","17","99","261,0,296"
"0/1","12,15","27","99","521,0,386"
"0/1","8,21","29","99","751,0,218"
"0/1","16,15","32","99","427,0,502"
"0/1","4,8","12","96","244,0,96"
"0/1","15,7","22","99","219,0,495"
"0/1","10,15","25","99","506,0,296"
"0/1","11,6","17","99","192,0,356"
"0/1","18,13","31","99","418,0,526"
"0/1","17,29","46","99","962,0,495"
"0/1","15,12","27","99","314,0,522"
"0/1","7,10","17","99","313,0,234"
"0/1","13,16","29","99","483,0,368"
"0/1","16,16","32","99","518,0,485"
"0/1","13,12","25","99","386,0,415"
"0/1","11,14","25","99","488,0,369"
"0/1","13,17","30","99","526,0,448"
"0/1","14,12","26","99","396,0,458"
"0/1","7,10","17","99","355,0,236"
"0/1","10,14","24","99","482,0,335"
"0/1","17,14","31","99","471,0,571"
"0/1","14,12","26","99","397,0,482"
"0/1","17,8","25","99","255,0,497"
"0/1","11,5","16","99","124,0,358"
"0/1","13,10","23","99","269,0,429"
"0/1","14,10","24","99","291,0,471"
"0/1","12,6","18","99","195,0,439"
"0/1","11,16","27","99","575,0,365"
"0/1","12,19","31","99","597,0,359"
"0/1","21,15","36","99","483,0,657"
"0/1","12,16","28","99","559,0,400"
"0/1","9,11","20","99","387,0,309"
"0/1","16,13","29","99","437,0,557"
"0/1","11,9","20","99","313,0,327"
"0/1","12,14","26","99","426,0,387"
"0/1","6,7","13","99","246,0,163"
"0/1","15,14","29","99","484,0,426"
"0/1","5,13","18","99","448,0,148"
"0/1","13,9","22","99","295,0,449"
"0/1","13,12","25","99","403,0,421"
"0/1","8,14","22","99","435,0,245"
"0/1","16,15","31","99","481,0,543"
"0/1","6,11","17","99","400,0,183"
"0/1","15,7","22","99","206,0,547"
"0/1","21,19","40","99","541,0,616"
"0/1","14,16","30","99","559,0,317"
"0/1","7,13","20","99","443,0,227"
"0/1","8,14","22","99","482,0,263"
"0/1","5,11","16","99","389,0,157"
"0/1","12,9","21","99","300,0,377"
"0/1","11,4","15","99","103,0,367"
"0/1","10,12","22","99","417,0,259"
"0/1","11,17","28","99","552,0,261"
"0/1","22,17","39","99","514,0,691"
"0/1","6,14","20","99","513,0,185"
"0/1","17,14","31","99","363,0,588"
"0/1","14,13","27","99","451,0,445"
"0/1","12,14","26","99","425,0,402"
"0/1","16,22","38","99","715,0,407"
"0/1","15,25","40","99","787,0,389"
"0/1","13,9","22","99","277,0,435"
"0/1","17,12","29","99","402,0,547"
"0/1","15,12","27","99","408,0,453"
"0/1","14,10","24","99","322,0,481"
"0/1","14,15","29","99","479,0,427"
"0/1","17,22","39","99","704,0,528"
"0/1","18,7","27","99","120,0,254"
"0/1","30,8","38","99","165,0,889"
"0/1","28,8","37","99","114,0,898"
"0/1","20,15","35","99","457,0,622"
"0/1","15,7","22","99","187,0,543"
"0/1","9,8","17","99","271,0,310"
"0/1","10,7","17","99","194,0,339"
"0/1","10,18","28","99","579,0,252"
"0/1","4,8","12","99","288,0,123"
"0/1","11,11","22","99","383,0,377"
"0/1","10,10","20","99","347,0,354"
"0/1","7,11","18","99","393,0,226"
"0/1","8,13","21","99","471,0,262"
"0/1","6,18","24","99","560,0,161"
"0/1","10,13","23","99","424,0,293"
"0/1","8,14","22","99","467,0,266"
"0/1","9,8","17","99","274,0,285"
"0/1","12,9","21","99","301,0,418"
"0/1","18,15","33","99","442,0,517"
"0/1","23,13","36","99","395,0,784"
"0/1","15,9","24","99","269,0,529"
"0/1","14,16","30","99","521,0,447"
"0/1","4,10","14","99","298,0,123"
"0/1","10,12","22","99","429,0,295"
"0/1","12,8","20","99","261,0,351"
"0/1","13,9","22","99","306,0,424"
"0/1","11,10","21","99","330,0,355"
"0/1","23,17","40","99","493,0,705"
"0/1","12,9","21","99","307,0,380"
"0/0","23,0","23","63","0,63,848"
"0/0","27,0","27","75","0,75,963"
"0/1","10,15","25","99","530,0,332"
"0/1","14,20","34","99","685,0,425"
"0/1","9,7","16","99","235,0,319"
"0/1","33,13","46","99","218,0,1118"
"0/1","8,11","19","99","321,0,281"
"0/1","5,8","13","99","237,0,166"
"0/1","9,8","17","99","261,0,314"
"0/1","14,14","28","99","452,0,423"
"0/1","21,12","33","99","377,0,706"
"0/1","8,16","24","99","582,0,245"
"0/1","26,12","38","99","371,0,838"
"0/1","5,10","15","99","364,0,124"
"0/1","14,17","31","99","603,0,440"
"0/1","12,27","39","99","849,0,328"
"0/1","13,22","35","99","770,0,407"
"0/1","10,10","20","99","332,0,333"
"0/1","19,17","36","99","571,0,650"
"0/1","15,18","33","99","572,0,463"
"0/1","11,7","18","99","185,0,387"
"0/1","10,12","22","99","416,0,340"
"0/1","30,3","33","8","8,0,889"
"0/1","40,14","54","99","199,0,1108"
"0/1","15,8","23","64","64,0,316"
"0/1","24,19","44","99","457,0,717"
"0/1","19,20","39","99","600,0,568"
"0/1","16,16","32","99","465,0,551"
"0/1","18,17","35","99","558,0,586"
"0/1","14,11","25","99","322,0,423"
"0/0","22,0","22","60","0,60,816"
"0/1","23,9","32","99","268,0,832"
"0/1","8,9","17","99","319,0,279"
"0/1","14,17","31","99","576,0,457"
"0/1","10,8","18","99","233,0,340"
"0/1","13,14","27","99","450,0,437"
"0/1","16,10","26","99","309,0,527"
"0/1","8,13","22","99","353,0,154"
"0/1","8,18","26","99","617,0,210"
"0/1","21,18","39","99","581,0,624"
"0/1","5,12","17","99","438,0,151"
"0/0","23,0","23","66","0,66,867"
"0/1","22,17","39","99","536,0,723"
"0/1","43,14","58","99","185,0,1133"
"0/1","14,8","22","99","254,0,469"
"0/1","14,7","21","99","203,0,469"
"0/1","42,9","56","99","173,0,1288"
"0/1","63,15","79","99","139,0,1568"
"0/1","11,18","29","99","621,0,340"
"0/1","16,10","26","99","329,0,543"
"0/1","8,11","19","99","374,0,252"
"0/1","13,20","33","99","715,0,428"
"0/1","21,12","33","99","337,0,638"
"0/1","11,12","23","99","430,0,341"
"0/1","17,13","30","99","423,0,546"
"0/1","9,13","25","99","343,0,225"
"0/1","17,17","34","99","535,0,571"
"0/1","10,13","23","99","389,0,346"
"0/1","11,19","30","99","636,0,310"
"0/1","9,11","20","99","382,0,298"
"0/1","9,9","18","99","282,0,275"
"0/0","6,0","6","18","0,18,237"
"0/1","11,12","23","99","381,0,339"
"0/1","10,13","23","99","454,0,324"
"0/1","17,17","34","99","509,0,534"
"0/1","15,7","22","99","188,0,506"
"0/1","26,13","39","99","399,0,913"
"0/1","3,18","21","35","402,0,35"
"0/1","12,4","16","99","121,0,330"
"0/1","15,12","27","99","406,0,515"
"0/1","19,14","33","99","436,0,672"
"0/1","18,17","35","99","520,0,632"
"0/1","9,9","18","99","311,0,269"
"0/1","7,10","17","99","291,0,203"
"0/1","13,12","25","99","414,0,415"
"0/1","10,17","27","99","478,0,322"
"0/1","17,14","31","99","467,0,549"
"0/1","16,11","27","99","371,0,527"
"0/1","12,16","28","99","554,0,355"
"0/1","14,13","27","99","426,0,377"
"0/1","18,21","40","99","657,0,560"
"0/1","14,15","29","99","472,0,398"
"0/1","10,16","26","99","546,0,269"
"0/1","11,17","28","99","602,0,299"
"0/1","15,10","25","99","287,0,490"
"0/1","13,17","30","99","550,0,434"
"0/1","10,11","21","99","369,0,334"
"0/1","13,7","20","99","214,0,461"
"0/1","15,11","26","99","375,0,489"
"0/1","9,14","23","99","478,0,287"
"0/1","20,5","25","99","136,0,675"
"0/1","20,12","32","99","383,0,705"
"0/1","9,10","19","99","342,0,312"
"0/1","12,10","22","99","329,0,410"
"0/1","14,17","31","99","519,0,452"
"0/1","11,10","21","99","335,0,341"
"0/1","10,8","18","99","254,0,313"
"0/1","16,15","31","99","520,0,497"
"0/1","12,14","26","99","487,0,387"
"0/1","12,14","26","99","493,0,400"
"0/1","12,7","19","99","217,0,432"
"0/1","11,17","28","99","594,0,280"
"0/1","13,15","28","99","499,0,364"
"0/1","14,11","25","99","359,0,502"
"0/0","13,0","13","27","0,27,356"
"0/1","14,9","23","99","300,0,490"
"0/1","8,24","32","99","839,0,209"
"0/1","9,15","24","99","508,0,256"
"0/1","10,10","20","99","336,0,340"
"0/1","10,9","19","99","303,0,305"
"0/1","8,2","10","50","50,0,277"
"0/1","17,13","30","99","381,0,576"
"0/1","18,13","31","99","353,0,575"
"0/1","18,12","31","99","382,0,524"
"0/1","13,11","24","99","315,0,460"
"0/1","6,5","13","99","177,0,157"
"0/1","19,16","35","99","527,0,630"
"0/1","10,18","28","99","633,0,321"
"0/1","12,9","21","99","296,0,401"
"0/1","14,10","24","99","306,0,464"
"0/1","6,10","16","99","354,0,192"
"0/1","9,9","18","99","315,0,310"
"0/1","8,6","14","99","203,0,251"
"0/1","15,11","26","99","367,0,499"
"0/1","10,11","21","99","386,0,334"
"0/1","15,8","23","99","222,0,469"
"0/1","8,8","16","99","244,0,229"
"0/1","14,9","23","99","292,0,499"
"0/1","19,10","29","99","297,0,580"
"0/1","21,13","34","99","378,0,629"
"0/1","9,11","21","99","383,0,307"
"0/1","10,11","21","99","376,0,331"
"0/1","15,14","29","99","425,0,522"
"0/1","18,20","38","99","573,0,611"
"0/1","17,11","28","99","329,0,512"
"0/1","10,6","16","99","195,0,361"
"0/1","10,15","25","99","498,0,329"
"0/1","12,20","32","99","599,0,321"
"0/1","12,17","29","99","569,0,336"
"0/1","16,21","38","99","502,0,429"
"0/1","7,6","13","99","203,0,245"
"0/0","19,0","19","39","0,39,508"
"0/0","19,0","19","39","0,39,508"
"0/0","20,0","20","42","0,42,547"
"0/0","21,0","21","45","0,45,586"
"0/0","21,0","21","45","0,45,587"
"0/0","23,0","23","48","0,48,623"
"0/0","23,0","23","45","0,45,602"
"0/0","26,0","26","54","0,54,704"
"0/0","26,0","26","54","0,54,711"
"0/1","7,6","13","99","213,0,129"
"0/1","11,10","21","99","342,0,371"
"0/1","12,10","22","99","296,0,416"
"0/1","16,9","25","99","284,0,458"
"0/1","15,12","27","99","369,0,516"
"0/1","10,18","28","99","585,0,313"
"0/1","17,10","27","99","279,0,580"
"0/1","14,10","24","99","319,0,465"
"0/1","20,10","30","99","306,0,598"
"0/1","22,11","34","99","236,0,659"
"0/1","7,20","27","99","660,0,199"
"0/1","12,12","24","99","412,0,362"
"0/1","18,13","31","99","351,0,600"
"0/1","19,15","34","99","375,0,555"
"0/1","17,15","32","99","399,0,520"
"0/1","22,16","38","99","467,0,670"
"0/1","14,16","30","99","509,0,423"
"0/1","14,16","30","99","537,0,393"
"0/1","14,16","30","99","528,0,393"
"0/1","21,11","32","99","314,0,585"
"0/1","19,15","35","99","498,0,653"
"0/1","15,14","29","99","477,0,492"
"0/1","19,14","34","99","399,0,571"
"0/1","18,11","29","99","233,0,517"
"0/1","18,14","32","99","398,0,514"
"0/1","24,13","37","99","386,0,823"
"0/1","18,21","39","99","655,0,610"
"0/1","16,18","34","99","592,0,490"
"0/1","13,13","26","99","429,0,323"
"0/1","11,7","18","99","154,0,382"
"0/1","11,12","23","99","405,0,287"
"0/1","12,12","24","99","377,0,281"
"0/1","16,11","27","99","346,0,534"
"0/1","13,17","30","99","586,0,392"
"0/1","11,9","20","99","300,0,307"
"0/1","8,16","24","99","582,0,201"
"0/1","11,8","19","99","258,0,393"
"0/1","14,14","28","99","477,0,408"
"0/1","17,9","26","99","264,0,589"
"0/1","7,8","15","99","277,0,208"
"0/1","14,12","26","99","418,0,451"
"0/1","15,15","30","99","514,0,487"
"0/1","15,16","31","99","543,0,508"
"0/1","8,14","22","99","493,0,256"
"0/1","12,12","24","99","392,0,378"
"0/1","12,15","27","99","527,0,280"
"0/1","15,9","24","99","233,0,499"
"0/1","14,11","25","99","335,0,398"
"0/1","10,7","19","84","84,0,238"
"0/1","9,21","30","99","677,0,268"
"0/1","16,8","24","99","224,0,548"
"0/1","10,17","27","99","558,0,314"
"0/1","14,9","23","99","291,0,384"
"0/1","16,15","31","99","505,0,448"
"0/1","13,17","30","99","542,0,417"
"0/1","15,7","22","99","217,0,542"
"0/1","19,17","36","99","545,0,638"
"1/1","0,29","29","84","1112,84,0"
"0/1","12,9","22","99","306,0,423"
"0/1","19,10","29","99","271,0,613"
"0/1","22,11","33","99","331,0,743"
"0/1","19,9","28","99","244,0,685"
"0/1","24,9","33","99","226,0,849"
"0/1","18,14","32","99","436,0,621"
"0/1","24,23","47","99","739,0,788"
"0/1","12,10","22","99","294,0,368"
"0/0","30,0","30","87","0,87,1157"
"0/0","33,0","33","99","0,99,1305"
"0/1","18,19","37","99","618,0,614"
"0/1","44,16","60","99","456,0,1361"
"0/1","35,6","41","99","125,0,1076"
"0/1","11,9","20","99","228,0,359"
"0/1","26,12","38","99","352,0,812"
"0/1","13,11","24","99","383,0,406"
"0/1","9,20","29","99","678,0,277"
"0/1","17,13","30","99","403,0,563"
"0/1","14,17","31","99","591,0,463"
"0/1","20,19","39","99","607,0,683"
"0/1","6,15","21","99","498,0,177"
"0/1","10,5","15","99","154,0,350"
"0/1","17,24","41","99","828,0,476"
"0/1","9,13","22","99","443,0,277"
"0/1","14,6","20","99","138,0,497"
"0/1","10,6","16","99","194,0,347"
"0/1","14,28","42","99","956,0,399"
"0/1","10,14","24","99","491,0,281"
"0/1","70,12","82","99","188,0,1485"
"0/1","84,14","98","99","123,0,1736"
"0/1","31,15","46","99","254,0,750"
"0/1","23,21","44","99","604,0,547"
"0/1","54,15","70","99","389,0,1053"
"0/1","16,9","25","99","300,0,504"
"0/1","11,8","19","99","259,0,390"
"0/1","16,9","25","99","285,0,494"
"0/1","11,12","26","99","297,0,292"
"0/1","16,19","35","99","632,0,459"
"0/1","14,16","30","99","444,0,449"
"0/1","11,12","23","99","396,0,343"
"0/1","16,12","28","99","361,0,568"
"0/1","24,21","45","99","693,0,747"
"0/1","16,12","28","99","402,0,480"
"0/1","15,13","28","99","437,0,515"
"0/1","15,13","28","99","430,0,520"
"0/1","12,13","25","99","413,0,378"
"0/1","18,17","35","99","546,0,631"
"0/1","21,17","38","99","579,0,616"
"0/1","15,17","32","99","535,0,428"
"0/1","15,14","29","99","449,0,527"
"0/1","8,13","21","99","459,0,240"
"0/1","8,13","21","99","468,0,240"
"0/1","18,17","35","99","569,0,580"
"0/1","10,18","28","99","608,0,288"
"0/1","17,9","26","99","265,0,585"
"0/1","15,8","23","99","229,0,433"
"0/1","3,16","19","65","576,0,65"
"0/1","8,8","16","99","270,0,236"
"0/1","5,9","14","99","281,0,158"
"0/1","19,7","26","99","158,0,405"
"0/1","17,19","36","99","576,0,570"
"0/1","19,16","35","99","504,0,494"
"0/1","18,15","33","99","466,0,619"
"0/1","19,14","33","99","434,0,600"
"0/1","17,13","30","99","427,0,467"
"0/1","9,19","29","99","617,0,235"
"0/1","4,14","20","98","331,0,98"
"0/1","14,14","28","99","437,0,399"
"0/1","21,12","33","99","341,0,665"
"0/1","15,16","31","99","497,0,475"
"0/1","7,18","25","99","625,0,206"
"0/1","9,8","17","99","261,0,308"
"0/1","14,21","35","99","698,0,459"
"0/1","10,14","24","99","489,0,320"
"0/1","9,16","25","99","563,0,282"
"0/1","9,15","24","99","540,0,260"
"0/1","17,14","31","99","468,0,524"
"0/1","15,21","36","99","707,0,457"
"0/1","13,14","27","99","477,0,392"
"0/1","20,19","39","99","628,0,673"
"0/1","23,21","44","99","667,0,763"
"0/1","17,16","33","99","537,0,553"
"0/1","11,12","23","99","410,0,301"
"0/1","11,15","26","99","451,0,372"
"0/1","7,11","18","99","324,0,237"
"0/1","12,11","23","99","386,0,386"
"0/1","22,15","37","99","459,0,748"
"0/1","13,9","22","99","302,0,384"
"0/1","14,7","21","99","217,0,421"
"0/1","14,17","31","99","576,0,408"
"0/1","8,23","31","99","821,0,224"
"0/1","16,20","36","99","616,0,507"
"0/1","16,23","39","99","714,0,511"
"0/1","23,14","37","99","420,0,779"
"0/1","14,11","26","99","370,0,455"
"0/1","16,11","27","99","366,0,508"
"0/1","15,14","29","99","432,0,519"
"0/1","14,13","27","99","449,0,454"
"0/1","19,14","33","99","457,0,580"
"0/1","24,20","44","99","514,0,813"
"0/1","13,11","24","99","368,0,445"
"0/1","7,8","15","99","284,0,242"
"0/1","13,8","21","99","267,0,464"
"0/1","7,18","25","99","624,0,206"
"0/1","8,19","27","99","605,0,242"
"0/1","11,16","27","99","560,0,363"
"0/1","16,11","27","99","308,0,463"
"0/0","24,1","25","69","0,69,924"
"0/1","8,17","25","99","572,0,221"
"0/1","23,17","40","99","570,0,653"
"0/1","11,8","19","99","248,0,311"
"0/1","8,10","18","99","341,0,263"
"0/1","13,12","25","99","407,0,402"
"0/1","5,4","9","99","133,0,173"
"0/1","22,3","26","45","45,0,783"
"0/1","22,6","28","99","152,0,744"
"0/1","27,5","32","99","113,0,889"
"0/1","25,7","32","99","122,0,901"
"0/1","24,8","32","99","191,0,848"
"0/1","58,9","67","94","94,0,1923"
"0/1","26,20","46","99","566,0,616"
"0/1","44,31","77","99","257,0,614"
"0/1","10,6","16","99","183,0,366"
"0/1","9,9","18","99","304,0,306"
"0/1","17,11","28","99","351,0,576"
"0/1","10,10","20","99","338,0,316"
"0/0","38,0","38","99","0,111,1463"
"0/0","37,0","37","99","0,108,1445"
"0/1","17,18","35","99","507,0,568"
"0/1","13,13","26","99","453,0,449"
"0/1","9,5","14","99","126,0,323"
"0/1","12,11","23","99","341,0,423"
"0/1","9,4","13","99","126,0,291"
"0/1","24,14","38","99","446,0,780"
"0/1","10,10","20","99","313,0,313"
"0/1","7,9","16","99","288,0,244"
"0/1","8,6","14","99","193,0,260"
"0/1","13,14","27","99","486,0,445"
"0/1","11,7","18","99","234,0,321"
"0/1","12,14","26","99","421,0,364"
"0/1","17,17","34","99","585,0,503"
"0/1","16,15","31","99","504,0,512"
"0/1","23,12","35","99","381,0,821"
"0/1","14,6","20","99","192,0,448"
"0/1","10,7","17","99","236,0,352"
"0/1","12,7","19","99","228,0,403"
"0/1","12,6","18","99","159,0,371"
"0/1","10,6","16","99","157,0,352"
"0/1","14,3","17","71","71,0,503"
"0/1","15,3","18","72","72,0,512"
"0/1","18,10","28","99","310,0,604"
"0/1","11,15","26","99","409,0,363"
"0/1","12,17","29","99","541,0,413"
"0/1","8,14","22","99","435,0,261"
"0/1","10,18","28","99","637,0,276"
"0/1","9,13","22","99","420,0,196"
"0/1","8,8","16","99","250,0,237"
"0/1","11,7","18","99","221,0,353"
"0/1","11,9","20","99","258,0,344"
"0/1","11,10","21","99","292,0,383"
"0/1","6,13","19","99","462,0,178"
"0/1","7,13","20","99","443,0,193"
"0/1","12,12","24","99","341,0,423"
"0/1","16,9","25","99","284,0,544"
"0/1","18,18","36","99","544,0,562"
"0/0","27,0","27","45","0,45,539"
"0/0","29,0","29","48","0,48,582"
"0/1","9,14","23","99","460,0,214"
"0/1","9,9","18","99","316,0,276"
"0/1","8,8","16","99","271,0,263"
"0/1","7,12","19","99","381,0,228"
"0/1","10,14","24","99","481,0,288"
"0/0","35,0","35","99","0,102,1338"
"0/1","16,16","32","99","456,0,511"
"0/1","13,9","23","99","274,0,419"
"0/1","13,22","35","99","728,0,414"
"0/1","46,5","51","62","62,0,1503"
"0/1","20,12","32","99","394,0,641"
"0/1","13,27","40","99","824,0,409"
"0/1","10,15","25","99","490,0,287"
"0/1","20,11","31","99","304,0,686"
"0/1","8,4","12","99","129,0,284"
"0/1","16,9","25","99","249,0,537"
"0/1","6,8","14","99","274,0,205"
"0/1","10,13","23","99","428,0,337"
"0/1","13,17","30","99","544,0,398"
"0/0","40,3","43","26","0,26,1450"
"0/1","9,8","17","99","276,0,311"
"0/0","31,0","31","75","0,75,952"
"0/1","8,6","14","99","203,0,248"
"0/1","22,16","38","99","506,0,720"
"0/0","27,1","28","43","0,43,1053"
"0/0","27,1","28","44","0,44,1050"
"0/0","27,2","29","44","0,44,1017"
"0/1","11,8","19","99","219,0,386"
"0/1","30,3","33","32","32,0,800"
"0/1","59,12","71","99","244,0,1217"
"0/1","23,11","34","99","105,0,575"
"0/1","10,11","21","99","364,0,297"
"0/1","19,18","37","99","502,0,553"
"0/1","19,5","25","99","127,0,636"
"0/1","10,9","19","99","315,0,309"
"0/1","12,12","25","99","402,0,408"
"0/1","14,9","23","99","244,0,455"
"0/1","15,8","23","99","219,0,494"
"0/1","20,9","29","99","258,0,554"
"0/1","17,11","28","99","282,0,535"
"0/1","23,2","25","10","10,0,793"
"0/1","18,8","26","99","198,0,577"
"0/1","28,4","32","70","70,0,917"
"0/1","29,4","33","67","67,0,960"
"0/1","16,3","19","48","48,0,579"
"0/1","15,11","26","99","340,0,486"
"0/1","8,19","27","99","473,0,250"
"0/1","19,10","29","99","295,0,618"
"0/1","6,6","12","99","169,0,212"
"0/1","19,10","29","99","300,0,624"
"0/0","20,0","20","57","0,57,759"
"0/1","21,7","28","99","203,0,720"
"0/1","15,6","21","99","180,0,516"
"0/1","10,15","25","99","448,0,280"
"0/1","10,7","17","99","229,0,322"
"0/1","8,13","21","99","461,0,257"
"0/1","10,11","21","99","335,0,338"
"0/1","12,11","23","99","377,0,400"
"0/0","16,0","16","48","0,48,630"
"0/1","7,10","17","99","322,0,241"
"0/1","22,8","30","99","249,0,667"
"0/0","22,0","22","66","0,66,892"
"0/1","6,17","23","99","564,0,176"
"0/1","8,8","16","99","227,0,280"
"0/1","17,18","36","99","577,0,502"
"0/1","11,16","27","99","560,0,312"
"0/1","22,11","33","99","350,0,746"
"0/1","15,14","29","99","478,0,460"
"0/1","15,10","25","99","298,0,472"
"0/1","11,12","23","99","380,0,332"
"0/1","12,8","20","99","228,0,418"
"0/1","10,19","29","99","613,0,242"
"0/1","17,12","29","99","391,0,473"
"0/0","33,1","34","81","0,81,1080"
"0/1","10,5","15","99","160,0,364"
"0/1","10,4","14","99","121,0,362"
"0/1","18,11","29","99","340,0,604"
"0/1","16,14","30","99","482,0,436"
"0/1","11,1","12","6","6,0,413"
"0/1","11,1","12","6","6,0,411"
"0/1","13,10","23","99","333,0,449"
"0/1","13,15","28","99","491,0,434"
"0/0","15,0","15","45","0,45,605"
"0/1","13,12","25","99","414,0,416"
"0/1","15,12","27","99","405,0,512"
"0/1","32,16","48","99","442,0,976"
"0/1","8,7","15","99","244,0,275"
"0/1","28,9","37","99","214,0,906"
"0/1","23,12","35","99","157,0,719"
"0/1","25,6","31","90","90,0,698"
"0/1","11,7","18","99","173,0,248"
"0/1","14,10","24","99","165,0,442"
"0/1","13,9","22","99","126,0,443"
"0/1","8,6","14","90","90,0,287"
"0/1","9,6","15","32","32,0,289"
"0/1","10,6","16","32","32,0,296"
"0/1","29,12","41","99","280,0,1040"
"0/1","10,9","19","99","306,0,352"
"0/1","17,8","25","99","223,0,523"
"0/0","12,0","12","33","0,33,446"
"0/1","27,4","31","8","8,0,902"
"0/1","21,15","36","99","479,0,657"
"0/1","17,11","28","99","326,0,533"
"0/1","9,7","16","99","232,0,317"
"0/1","19,14","33","99","453,0,638"
"0/1","16,17","33","99","540,0,547"
"0/1","16,19","35","99","616,0,532"
"0/1","14,8","22","99","190,0,377"
"0/1","54,16","70","99","198,0,1186"
"0/1","18,12","30","99","336,0,615"
"0/1","27,10","37","87","87,0,848"
"0/1","33,15","48","99","425,0,921"
"0/1","47,13","60","99","313,0,1346"
"0/1","13,10","23","99","313,0,357"
"0/1","26,9","35","48","48,0,579"
"0/1","29,6","35","25","25,0,955"
"0/1","39,6","45","40","40,0,939"
"0/1","18,14","32","99","287,0,562"
"0/1","10,9","19","99","308,0,301"
"0/1","26,12","38","99","265,0,546"
"0/1","22,16","38","99","407,0,606"
"0/1","12,21","33","99","670,0,364"
"0/0","22,1","23","63","0,63,840"
"0/1","11,8","19","99","265,0,347"
"0/1","21,16","37","99","531,0,749"
"0/1","13,13","26","99","417,0,455"
"0/0","44,0","44","99","0,129,1703"
"0/1","18,19","37","99","620,0,613"
"0/1","28,13","41","99","222,0,680"
"0/1","34,25","59","99","502,0,707"
"0/1","36,15","51","99","289,0,1027"
"0/1","8,15","23","99","540,0,258"
"0/1","12,9","21","99","262,0,415"
"0/0","37,0","37","99","0,99,1295"
"0/1","10,11","21","99","378,0,335"
"0/0","8,0","8","24","0,24,295"
"0/1","14,13","27","99","369,0,482"
"0/1","47,18","65","99","386,0,1201"
"0/1","22,19","42","99","541,0,483"
"0/1","17,15","32","99","474,0,566"
"0/1","17,18","35","99","544,0,515"
"0/1","10,11","21","99","354,0,342"
"0/1","11,10","21","99","304,0,389"
"0/1","11,10","21","99","309,0,387"
"0/1","9,4","13","99","126,0,293"
"0/1","12,10","22","99","342,0,347"
"0/1","9,7","16","99","242,0,278"
"0/1","9,7","16","99","245,0,285"
"0/1","11,2","13","43","43,0,352"
"0/1","8,10","18","99","327,0,263"
"0/1","10,2","12","41","41,0,366"
"0/1","10,4","14","85","85,0,287"
"0/1","14,13","27","99","439,0,417"
"0/1","11,7","18","99","197,0,396"
"0/1","10,6","16","99","204,0,317"
"0/1","19,21","40","99","638,0,566"
"0/1","6,14","20","99","479,0,148"
"0/1","10,9","19","99","296,0,309"
"0/1","13,6","19","99","174,0,443"
"0/1","14,9","23","99","243,0,474"
"0/1","20,13","33","99","288,0,678"
"0/1","21,18","41","99","436,0,667"
"0/1","24,11","35","99","256,0,698"
"0/1","22,12","34","99","337,0,792"
"0/1","19,11","30","99","273,0,669"
"0/1","19,9","28","99","255,0,627"
"0/1","10,15","25","99","502,0,283"
"0/1","16,16","32","99","498,0,529"
"0/1","11,18","29","99","607,0,358"
"0/1","11,19","30","99","680,0,348"
"0/1","6,16","22","99","578,0,147"
"0/1","12,17","29","99","591,0,366"
"0/1","12,15","27","99","462,0,377"
"0/1","13,12","25","99","403,0,414"
"0/1","12,13","25","99","411,0,373"
"0/1","13,12","25","99","389,0,420"
"0/1","7,16","23","99","507,0,213"
"0/1","15,8","23","99","254,0,489"
"0/1","16,8","24","99","253,0,522"
"0/1","16,13","29","99","378,0,475"
"0/1","16,21","37","99","660,0,483"
"0/1","19,17","36","99","579,0,550"
"0/1","16,17","33","99","561,0,381"
"0/1","14,14","28","99","492,0,318"
"0/1","14,20","34","99","708,0,431"
"0/1","12,17","29","99","551,0,391"
"0/1","15,13","28","99","404,0,449"
"0/1","18,10","28","99","319,0,521"
"0/1","31,16","47","99","455,0,942"
"0/1","13,12","25","99","374,0,424"
"0/1","11,11","22","99","342,0,340"
"0/1","6,10","16","99","361,0,191"
"0/1","11,11","22","99","375,0,255"
"0/1","11,10","21","99","349,0,276"
"0/1","10,12","22","99","382,0,341"
"0/1","15,8","23","99","252,0,450"
"0/1","9,13","22","99","420,0,306"
"0/1","13,14","27","99","440,0,437"
"0/1","11,22","33","99","659,0,336"
"0/1","13,23","36","99","686,0,398"
"0/1","16,17","33","99","550,0,537"
"0/0","40,0","40","99","0,102,1317"
"0/0","37,0","37","99","0,99,1288"
"0/0","33,0","33","93","0,93,1206"
"0/1","16,18","34","99","578,0,465"
"0/1","15,10","25","99","286,0,482"
"0/1","8,8","16","99","220,0,282"
"1/1","2,7","9","18","234,18,0"
"1/1","1,11","13","33","417,33,0"
"0/1","11,11","22","99","173,0,265"
"0/1","11,11","22","99","341,0,371"
"0/1","11,18","29","99","563,0,351"
"0/1","11,12","23","99","408,0,344"
"0/1","10,20","30","99","706,0,286"
"0/1","12,12","24","99","415,0,418"
"0/1","21,15","36","99","461,0,597"
"0/1","17,14","31","99","444,0,500"
"0/1","10,16","26","99","560,0,333"
"0/1","22,11","33","99","338,0,690"
"0/1","21,15","37","99","464,0,669"
"0/1","25,21","46","99","653,0,650"
"0/1","23,19","42","99","536,0,760"
"0/1","22,17","39","99","534,0,670"
"0/1","12,15","27","99","488,0,351"
"0/1","17,16","33","99","496,0,432"
"0/1","10,15","25","99","442,0,307"
"0/1","17,15","32","99","428,0,515"
"0/1","16,13","29","99","367,0,540"
"0/1","15,17","32","99","498,0,484"
"0/1","12,15","27","99","486,0,356"
"0/1","7,12","19","99","427,0,228"
"0/1","9,10","19","99","328,0,265"
"0/1","11,16","27","99","579,0,321"
"0/1","13,16","29","99","570,0,398"
"0/1","14,9","23","99","292,0,500"
"0/1","14,9","23","99","292,0,502"
"0/1","20,14","34","99","450,0,682"
"0/1","12,16","28","99","549,0,372"
"0/1","18,17","35","99","551,0,574"
"0/1","4,19","23","96","662,0,96"
"0/1","15,15","30","99","438,0,517"
"0/2","14,4,15","33","99","523,440,841,0,297,368"
"0/1","13,18","31","99","558,0,373"
"0/1","18,16","35","99","502,0,493"
"0/1","18,16","34","99","510,0,549"
"0/1","15,16","31","99","511,0,524"
"0/1","15,23","38","99","775,0,495"
"0/1","14,24","38","99","780,0,459"
"0/1","20,22","42","99","594,0,645"
"0/1","19,23","42","99","588,0,626"
"0/1","19,23","42","99","706,0,574"
"0/1","13,21","34","99","728,0,417"
"0/1","13,20","33","99","684,0,415"
"0/1","11,23","34","99","757,0,317"
"0/1","12,17","29","99","578,0,316"
"0/1","12,18","30","99","589,0,378"
"0/1","15,12","27","99","398,0,494"
"0/1","11,10","21","99","306,0,368"
"0/1","13,9","22","99","259,0,449"
"0/1","14,10","24","99","288,0,449"
"0/1","22,9","31","99","270,0,696"
"0/1","22,17","39","99","506,0,728"
"0/1","19,14","33","99","467,0,652"
"0/1","20,14","34","99","449,0,699"
"0/1","15,13","28","99","424,0,512"
"0/1","19,22","41","99","690,0,542"
"0/1","19,23","42","99","740,0,516"
"0/1","15,21","36","99","680,0,428"
"0/1","16,19","35","99","546,0,547"
"0/1","12,19","31","99","514,0,410"
"0/1","12,19","31","99","508,0,403"
"0/1","22,11","33","99","348,0,706"
"0/1","12,26","38","99","848,0,293"
"0/1","18,12","30","99","354,0,613"
"0/1","9,15","24","99","523,0,290"
"0/1","11,13","24","99","448,0,374"
"0/1","6,5","11","99","166,0,207"
"0/1","10,8","18","99","260,0,324"
"0/1","12,9","21","99","286,0,405"
"0/1","8,5","13","99","163,0,281"
"0/1","8,9","17","99","304,0,262"
"0/1","2,8","10","56","262,0,56"
"0/1","2,8","10","55","257,0,55"
"0/1","8,7","15","99","219,0,277"
"0/1","5,10","15","99","367,0,124"
"0/1","7,11","18","99","391,0,233"
"0/1","9,6","15","99","197,0,249"
"0/1","8,9","17","99","263,0,275"
"0/1","10,11","21","99","332,0,349"
"0/1","8,13","22","99","385,0,270"
"0/1","10,8","18","99","272,0,344"
"0/1","6,10","16","99","356,0,195"
"0/1","13,6","19","99","191,0,401"
"0/1","11,7","18","99","199,0,350"
"0/1","15,10","25","99","297,0,546"
"0/1","18,12","30","99","407,0,593"
"0/1","13,6","19","99","166,0,468"
"0/1","11,10","21","99","276,0,393"
"0/1","23,14","37","99","457,0,738"
"0/1","13,17","30","99","542,0,409"
"0/1","12,16","28","99","541,0,388"
"0/1","16,13","29","99","402,0,554"
"0/1","14,15","29","99","462,0,477"
"0/1","8,12","20","99","426,0,267"
"0/1","15,8","23","99","263,0,464"
"0/1","13,12","25","99","417,0,421"
"0/1","11,14","25","99","483,0,371"
"0/1","20,10","30","99","319,0,691"
"0/1","9,14","23","99","450,0,298"
"0/1","12,14","26","99","496,0,411"
"1/1","0,8","8","24","332,24,0"
"0/1","10,11","21","99","374,0,342"
"0/1","10,9","19","99","219,0,355"
"0/1","8,7","15","99","241,0,235"
"0/1","7,10","17","99","358,0,226"
"0/1","18,20","38","99","585,0,578"
"0/1","10,10","20","99","331,0,342"
"0/1","10,8","18","99","263,0,352"
"0/1","14,8","22","99","259,0,499"
"0/1","16,9","25","99","294,0,572"
"0/1","9,6","15","99","166,0,287"
"0/1","4,10","14","99","355,0,118"
"0/1","10,4","14","99","121,0,361"
"0/1","21,16","37","99","544,0,651"
"0/1","15,17","32","99","549,0,494"
"0/1","12,12","24","99","376,0,402"
"0/1","24,9","33","99","210,0,579"
"0/1","17,13","30","99","308,0,565"
"0/1","18,19","37","99","565,0,568"
"0/1","17,18","35","99","546,0,488"
"0/1","19,17","36","99","556,0,540"
"0/1","18,23","41","99","681,0,473"
"0/1","17,21","38","99","653,0,512"
"0/1","9,18","27","99","483,0,273"
"0/1","12,13","25","99","338,0,374"
"0/1","9,20","29","99","601,0,281"
"0/1","10,24","34","99","706,0,291"
"0/1","10,24","34","99","665,0,308"
"0/1","12,20","32","99","570,0,316"
"0/1","12,19","31","99","478,0,331"
"0/1","14,19","33","99","519,0,374"
"0/1","13,19","32","99","548,0,306"
"0/1","14,21","35","99","670,0,309"
"0/1","12,20","32","99","691,0,319"
"0/1","13,20","33","99","696,0,355"
"0/1","6,10","16","99","348,0,192"
"0/1","10,8","18","99","234,0,335"
"0/1","15,12","27","99","419,0,465"
"0/1","9,9","18","99","318,0,302"
"0/1","16,12","28","99","325,0,474"
"0/1","3,9","12","89","330,0,89"
"0/1","7,11","18","99","396,0,217"
"0/1","7,10","17","99","322,0,241"
"0/1","7,10","17","99","318,0,237"
"0/1","9,4","13","78","78,0,319"
"0/1","12,8","20","99","272,0,390"
"0/1","10,8","18","99","270,0,355"
"0/1","7,10","17","99","361,0,236"
"0/1","9,18","27","99","523,0,265"
"0/1","7,12","19","99","422,0,223"
"0/1","13,7","23","99","230,0,418"
"0/1","19,14","33","99","366,0,563"
"0/1","26,7","33","99","110,0,746"
"0/1","10,18","28","99","507,0,322"
"0/1","15,18","33","99","504,0,473"
"0/1","8,12","20","99","385,0,262"
"0/1","8,13","21","99","424,0,225"
"0/1","12,20","32","99","629,0,349"
"0/1","16,11","27","99","365,0,527"
"0/1","9,8","17","99","261,0,311"
"0/1","12,16","28","99","513,0,398"
"0/1","10,10","20","99","303,0,352"
"0/1","14,7","21","99","198,0,446"
"0/1","11,6","17","99","189,0,359"
"0/1","12,9","21","99","299,0,426"
"0/1","11,21","32","99","717,0,311"
"0/1","21,17","38","99","557,0,731"
"0/1","10,17","27","99","506,0,330"
"0/1","10,22","32","99","769,0,298"
"0/1","15,17","32","99","562,0,501"
"0/1","18,17","35","99","487,0,583"
"0/1","16,9","25","99","281,0,571"
"0/1","12,12","24","99","404,0,415"
"0/1","12,13","26","99","446,0,401"
"0/1","13,11","24","99","368,0,360"
"0/1","26,17","43","99","501,0,831"
"0/1","13,7","20","99","221,0,393"
"0/1","17,12","29","99","332,0,573"
"0/1","20,23","43","99","807,0,634"
"0/1","22,20","42","99","621,0,686"
"0/1","16,20","36","99","598,0,543"
"0/1","13,19","32","99","669,0,421"
"0/1","12,19","31","99","643,0,401"
"0/1","8,14","22","99","467,0,262"
"0/1","11,20","31","99","650,0,317"
"0/1","7,9","16","99","312,0,229"
"0/1","9,9","18","99","311,0,308"
"0/1","14,8","22","99","261,0,503"
"0/1","11,9","20","99","265,0,373"
"0/1","13,6","19","99","184,0,422"
"0/1","8,17","25","99","559,0,240"
"0/1","8,15","23","99","500,0,252"
"0/1","13,13","26","99","364,0,412"
"0/1","11,11","22","99","337,0,336"
"0/1","13,11","24","99","296,0,421"
"0/1","14,14","28","99","412,0,457"
"0/1","13,16","29","99","482,0,417"
"0/1","17,12","29","99","357,0,554"
"0/1","19,19","38","99","568,0,617"
"0/1","16,15","31","99","462,0,564"
"0/1","18,15","33","99","454,0,637"
"0/1","16,14","30","99","438,0,556"
"0/1","18,15","33","99","464,0,626"
"0/1","20,15","35","99","430,0,709"
"0/1","16,18","34","99","533,0,551"
"0/1","14,17","31","99","515,0,485"
"0/1","14,20","34","99","576,0,483"
"0/1","13,18","31","99","570,0,410"
"0/1","15,13","28","99","446,0,479"
"0/1","15,16","31","99","546,0,479"
"0/1","15,16","31","99","526,0,483"
"0/1","16,17","33","99","554,0,517"
"0/1","17,12","29","99","403,0,529"
"0/1","20,16","36","99","525,0,604"
"0/1","18,18","36","99","585,0,543"
"0/1","15,10","25","99","302,0,474"
"0/1","14,9","23","99","289,0,446"
"0/1","14,8","22","99","220,0,445"
"0/1","16,17","34","99","451,0,554"
"0/1","13,24","37","99","776,0,414"
"0/1","14,24","38","99","787,0,440"
"0/1","18,16","34","99","549,0,613"
"0/1","18,23","41","99","803,0,606"
"0/1","21,19","40","99","588,0,690"
"0/1","21,10","31","99","282,0,615"
"0/1","17,30","47","99","953,0,474"
"0/1","24,19","43","99","599,0,731"
"0/1","11,7","18","99","233,0,341"
"0/1","12,10","22","99","332,0,420"
"0/1","16,14","31","99","452,0,567"
"0/1","12,14","26","99","360,0,337"
"0/1","10,11","21","99","376,0,340"
"0/1","10,13","23","99","387,0,347"
"0/1","6,10","16","99","318,0,192"
"0/1","8,10","18","99","339,0,268"
"0/1","10,9","19","99","306,0,345"
"0/1","14,15","29","99","513,0,434"
"0/1","13,20","33","99","672,0,421"
"0/1","12,17","29","99","603,0,388"
"0/1","9,15","24","99","498,0,264"
"0/1","9,15","24","99","500,0,300"
"0/1","5,10","15","99","356,0,158"
"0/1","11,10","21","99","341,0,356"
"0/1","9,15","24","99","535,0,293"
"0/1","11,13","24","99","461,0,380"
"0/1","8,8","16","99","276,0,279"
"0/1","12,8","20","99","255,0,360"
"0/1","17,18","35","99","608,0,570"
"0/1","10,7","17","99","235,0,341"
"0/1","8,12","20","99","414,0,257"
"0/1","12,11","23","99","347,0,379"
"0/1","13,6","19","99","193,0,461"
"0/1","12,9","21","99","295,0,369"
"0/1","13,7","20","99","221,0,374"
"0/1","13,11","24","99","320,0,417"
"0/1","13,14","27","99","459,0,432"
"0/1","15,16","31","99","474,0,478"
"0/1","16,16","32","99","463,0,507"
"0/1","7,14","21","99","504,0,165"
"0/1","14,18","32","99","557,0,354"
"0/1","20,18","38","99","484,0,639"
"0/1","14,10","24","99","326,0,408"
"0/1","25,19","44","99","598,0,745"
"0/1","25,20","45","99","563,0,773"
"0/1","26,18","44","99","518,0,788"
"0/1","21,20","41","99","635,0,654"
"0/1","22,18","40","99","596,0,699"
"0/1","20,17","37","99","547,0,657"
"0/1","15,19","34","99","574,0,481"
"0/1","7,14","21","99","440,0,211"
"0/1","12,16","28","99","558,0,353"
"0/1","10,8","18","99","264,0,353"
"0/1","10,9","19","99","313,0,337"
"0/1","9,9","18","99","300,0,313"
"0/1","9,15","24","99","534,0,250"
"0/1","11,14","25","99","440,0,370"
"0/1","12,15","27","99","511,0,393"
"0/1","12,13","25","99","432,0,405"
"0/1","20,19","39","99","553,0,668"
"0/1","18,13","31","99","423,0,633"
"0/1","9,12","21","99","426,0,281"
"0/1","13,9","22","99","295,0,451"
"0/1","11,11","22","99","359,0,377"
"0/1","16,8","24","99","253,0,563"
"0/1","21,13","34","99","425,0,669"
"0/1","19,12","31","99","391,0,611"
"0/1","18,15","33","99","505,0,583"
"0/1","21,13","35","99","431,0,651"
"0/1","11,14","25","99","490,0,333"
"0/1","14,14","28","99","482,0,412"
"0/1","10,16","26","99","527,0,332"
"0/1","7,22","29","99","761,0,191"
"0/1","7,10","18","99","324,0,242"
"0/1","7,11","18","99","364,0,238"
"0/1","9,6","15","99","200,0,317"
"0/1","9,8","17","99","271,0,314"
"0/1","6,6","12","99","201,0,209"
"0/1","12,13","25","99","415,0,378"
"0/1","9,12","21","99","433,0,298"
"0/1","7,12","19","99","440,0,230"
"0/1","7,13","20","99","418,0,189"
"0/1","8,11","19","99","380,0,231"
"0/1","16,8","24","99","263,0,511"
"0/1","16,8","24","99","258,0,545"
"0/1","10,6","16","99","201,0,362"
"0/1","17,13","30","99","442,0,568"
"0/1","15,15","30","99","522,0,490"
"0/1","13,15","28","99","528,0,419"
"0/1","13,15","28","99","531,0,418"
"0/1","11,8","19","99","265,0,395"
"0/1","11,7","18","99","231,0,396"
"0/1","10,12","22","99","384,0,341"
"0/1","7,10","17","99","358,0,236"
"0/1","12,9","21","99","295,0,420"
"0/1","12,9","21","99","295,0,423"
"0/1","10,12","22","99","384,0,272"
"0/1","17,6","23","99","170,0,609"
"0/1","10,14","24","99","500,0,305"
"0/1","8,14","22","99","454,0,267"
"0/1","11,13","24","99","460,0,368"
"0/1","11,12","23","99","422,0,368"
"0/1","14,8","22","99","227,0,469"
"0/1","8,13","21","99","427,0,269"
"0/1","14,11","25","99","377,0,441"
"0/1","13,8","21","99","265,0,427"
"0/1","9,8","17","99","281,0,278"
"0/1","13,8","21","99","270,0,361"
"0/1","13,13","26","99","450,0,456"
"0/1","3,8","11","80","290,0,80"
"0/1","4,7","11","99","249,0,127"
"0/1","10,6","16","99","205,0,316"
"0/1","13,8","21","99","262,0,417"
"0/1","12,12","24","99","316,0,359"
"0/1","11,8","19","99","253,0,340"
"0/1","9,3","12","81","81,0,322"
"0/1","12,7","19","99","218,0,429"
"0/1","9,13","22","99","455,0,296"
"0/1","13,12","25","99","415,0,455"
"0/1","7,12","19","99","385,0,231"
"0/1","17,27","44","99","855,0,561"
"0/1","22,18","40","99","573,0,738"
"0/1","23,14","37","99","454,0,773"
"0/1","14,12","26","99","315,0,427"
"0/1","17,14","32","99","471,0,580"
"0/1","11,10","21","99","331,0,348"
"0/1","5,12","17","99","435,0,141"
"0/1","6,7","13","99","241,0,203"
"0/1","10,13","23","99","398,0,331"
"0/1","13,11","24","99","355,0,430"
"0/1","22,15","37","99","483,0,725"
"0/1","21,18","39","99","551,0,645"
"0/1","19,13","32","99","380,0,579"
"0/1","21,18","39","99","543,0,654"
"0/1","14,19","33","99","630,0,392"
"0/1","11,16","27","99","563,0,282"
"0/1","11,14","26","99","485,0,325"
"0/1","12,16","28","99","570,0,368"
"0/1","8,8","16","99","269,0,242"
"0/1","11,6","17","99","189,0,383"
"0/1","10,8","18","99","237,0,344"
"0/1","16,7","23","99","205,0,500"
"0/1","16,7","23","99","203,0,526"
"0/1","12,12","24","99","412,0,381"
"0/1","22,19","41","99","614,0,676"
"0/1","18,16","34","99","516,0,563"
"0/1","12,15","27","99","419,0,370"
"0/1","15,21","36","99","603,0,459"
"0/1","13,21","34","99","626,0,384"
"0/1","22,16","38","99","481,0,761"
"0/1","14,32","46","99","1029,0,390"
"0/0","25,0","25","75","0,75,1001"
"0/1","17,13","30","99","327,0,471"
"0/1","11,14","25","99","445,0,332"
"0/1","19,9","28","99","245,0,589"
"0/1","12,8","20","99","259,0,349"
"0/1","6,12","18","99","291,0,203"
"0/1","20,11","31","99","354,0,647"
"0/1","21,8","29","99","235,0,728"
"0/1","21,15","36","99","480,0,590"
"0/1","17,15","32","99","484,0,548"
"0/1","17,18","35","99","598,0,512"
"0/1","16,15","31","99","495,0,517"
"0/1","15,16","31","99","540,0,500"
"0/1","17,17","34","99","453,0,549"
"0/1","18,16","35","99","474,0,591"
"0/1","19,18","38","99","573,0,666"
"0/1","10,16","26","99","432,0,323"
"0/1","16,10","26","99","251,0,467"
"0/1","18,14","32","99","412,0,577"
"0/1","16,20","36","99","460,0,471"
"0/1","16,19","35","99","467,0,453"
"0/1","16,17","33","99","482,0,452"
"0/1","18,16","34","99","503,0,613"
"0/1","13,10","23","99","291,0,390"
"0/1","13,8","21","99","245,0,441"
"0/1","15,7","22","99","211,0,495"
"0/1","4,21","25","42","758,0,42"
"0/1","13,7","20","99","190,0,454"
"0/1","13,5","18","95","95,0,425"
"0/1","14,5","19","99","104,0,405"
"0/1","12,8","20","99","198,0,411"
"0/1","12,8","20","99","183,0,391"
"0/1","8,13","21","99","449,0,200"
"0/1","11,15","26","99","513,0,240"
"0/1","12,10","22","99","246,0,388"
"0/1","10,8","18","99","244,0,335"
"0/1","13,14","27","99","390,0,427"
"0/1","18,20","38","99","654,0,464"
"0/1","20,7","27","99","171,0,652"
"0/1","16,10","26","99","283,0,531"
"0/1","18,15","34","99","461,0,475"
"0/1","16,19","35","99","583,0,401"
"0/1","25,12","37","99","244,0,868"
"0/1","12,26","38","99","831,0,219"
"0/1","11,25","36","99","864,0,237"
"0/1","12,27","39","99","856,0,303"
"0/1","14,25","39","99","882,0,368"
"0/1","14,23","37","99","783,0,377"
"0/1","18,16","34","99","544,0,612"
"0/1","19,15","34","99","495,0,651"
"0/1","20,16","36","99","491,0,582"
"0/1","23,14","37","99","407,0,758"
"0/1","29,15","44","99","415,0,979"
"0/1","27,16","43","99","502,0,866"
"0/1","11,6","17","99","186,0,386"
"0/1","15,23","38","99","775,0,494"
"0/1","12,12","24","99","412,0,412"
"0/1","11,12","23","99","379,0,388"
"0/1","11,16","27","99","570,0,297"
"0/1","18,12","30","99","330,0,628"
"0/1","22,14","36","99","419,0,662"
"0/1","23,12","35","99","336,0,744"
"0/1","16,14","30","99","422,0,506"
"0/1","28,11","39","99","325,0,1027"
"0/1","16,15","31","99","489,0,463"
"0/1","14,13","27","99","446,0,434"
"0/1","14,13","27","99","446,0,442"
"0/1","11,12","23","99","383,0,363"
"0/1","13,11","24","99","370,0,420"
"0/1","9,7","16","99","182,0,317"
"0/1","13,12","25","99","392,0,357"
"0/1","12,14","26","99","474,0,377"
"0/1","19,18","37","99","501,0,556"
"0/1","20,18","39","99","573,0,632"
"0/1","17,21","38","99","662,0,565"
"0/1","18,16","34","99","527,0,577"
"0/1","12,19","31","99","582,0,378"
"0/1","13,20","33","99","555,0,409"
"0/1","9,19","28","99","536,0,282"
"0/1","9,20","29","99","551,0,269"
"0/1","12,20","32","99","596,0,350"
"0/1","20,18","38","99","531,0,657"
"0/1","20,19","39","99","564,0,630"
"0/1","20,19","39","99","562,0,651"
"0/1","19,20","39","99","508,0,594"
"0/1","20,19","39","99","605,0,630"
"0/1","12,20","32","99","642,0,349"
"0/1","14,15","29","99","511,0,435"
"0/1","11,17","28","99","607,0,347"
"0/1","15,9","24","99","287,0,530"
"0/1","13,12","25","99","374,0,412"
"0/1","15,10","25","99","315,0,483"
"0/1","14,11","25","99","333,0,378"
"0/1","17,16","33","99","487,0,549"
"0/1","15,9","24","99","253,0,436"
"0/1","13,15","28","99","448,0,434"
"0/1","17,17","34","99","503,0,537"
"0/1","18,19","37","99","577,0,576"
"0/1","12,16","28","99","533,0,372"
"0/1","15,13","28","99","377,0,491"
"0/1","15,13","28","99","382,0,492"
"0/1","9,7","16","99","239,0,310"
"0/1","10,11","21","99","353,0,313"
"0/1","10,7","17","99","200,0,359"
"0/1","11,8","19","99","255,0,392"
"0/1","11,12","24","99","396,0,378"
"0/1","12,9","21","99","262,0,422"
"0/1","13,15","28","99","458,0,376"
"0/1","9,9","18","99","247,0,318"
"0/1","9,9","18","99","279,0,319"
"0/1","10,5","15","99","149,0,361"
"0/1","7,16","23","99","546,0,174"
"0/1","14,9","23","99","286,0,426"
"0/1","13,15","28","99","508,0,332"
"0/1","21,11","32","99","327,0,714"
"0/1","19,11","30","99","307,0,673"
"0/1","21,13","34","99","373,0,737"
"0/1","21,10","32","99","303,0,738"
"0/1","21,11","32","99","302,0,702"
"0/1","14,17","31","99","520,0,380"
"0/1","22,24","46","99","736,0,682"
"0/1","11,23","34","99","791,0,342"
"0/1","10,21","31","99","671,0,263"
"0/1","7,20","27","99","732,0,198"
"0/1","7,18","25","99","644,0,205"
"0/1","16,15","31","99","501,0,476"
"0/1","15,15","30","99","492,0,479"
"0/1","12,18","30","99","599,0,355"
"0/1","11,16","27","99","505,0,371"
"0/1","11,17","28","99","529,0,361"
"0/1","14,18","32","99","601,0,408"
"0/1","19,16","35","99","488,0,628"
"0/1","19,15","34","99","497,0,632"
"0/1","19,8","27","99","239,0,623"
"0/1","21,9","30","99","269,0,728"
"0/1","19,6","25","99","170,0,646"
"0/1","17,12","29","99","385,0,562"
"0/1","19,14","33","99","387,0,615"
"0/1","17,15","32","99","385,0,580"
"0/1","17,19","36","99","533,0,572"
"0/1","18,13","31","99","425,0,557"
"0/1","21,21","42","99","670,0,604"
"0/1","19,24","43","99","759,0,558"
"0/1","19,25","44","99","797,0,593"
"0/1","17,24","41","99","730,0,478"
"0/1","18,29","47","99","1039,0,505"
"0/1","8,22","30","99","783,0,237"
"0/1","15,20","35","99","690,0,494"
"0/1","14,22","36","99","728,0,459"
"0/1","15,18","33","99","569,0,484"
"0/1","11,18","29","99","620,0,345"
"0/1","10,20","30","99","685,0,276"
"0/1","12,15","27","99","535,0,387"
"0/1","8,11","19","99","347,0,273"
"0/1","10,8","18","99","275,0,352"
"0/1","10,9","19","99","315,0,316"
"0/1","9,14","23","99","495,0,254"
"0/1","13,11","24","99","346,0,442"
"0/1","12,12","24","99","383,0,387"
"0/1","10,12","22","99","381,0,312"
"0/1","11,12","23","99","371,0,347"
"0/1","9,18","27","99","537,0,294"
"0/1","12,25","37","99","752,0,369"
"0/1","16,26","42","99","783,0,525"
"0/1","15,20","35","99","643,0,502"
"0/1","10,9","19","99","310,0,303"
"0/1","12,8","20","99","266,0,359"
"0/1","11,10","21","99","307,0,384"
"0/1","11,10","21","99","302,0,389"
"0/1","12,15","27","99","512,0,403"
"0/1","10,9","19","99","303,0,304"
"0/1","12,17","29","99","596,0,392"
"0/1","10,7","17","99","236,0,353"
"0/1","20,17","37","99","529,0,710"
"0/1","22,7","29","99","188,0,799"
"0/1","13,22","35","99","733,0,377"
"0/1","15,22","37","99","691,0,450"
"0/1","16,17","33","99","585,0,508"
"0/1","17,16","33","99","545,0,579"
"0/1","16,10","26","99","326,0,566"
"0/1","18,9","27","99","265,0,588"
"0/1","13,13","26","99","379,0,406"
"0/1","18,19","37","99","615,0,594"
"0/1","21,12","33","99","379,0,733"
"0/1","13,16","29","99","475,0,397"
"0/1","13,14","27","99","441,0,375"
"0/1","18,8","26","99","211,0,647"
"0/1","17,14","31","99","462,0,463"
"0/1","6,12","18","99","410,0,188"
"0/1","16,8","25","99","245,0,421"
"0/1","15,12","29","99","309,0,390"
"0/1","15,14","29","99","445,0,468"
"0/1","27,20","47","99","577,0,886"
"0/1","22,16","38","99","422,0,701"
"0/1","13,13","26","99","441,0,405"
"0/1","12,15","27","99","462,0,323"
"0/1","22,18","40","99","582,0,600"
"0/1","20,14","34","99","429,0,560"
"0/1","14,25","42","99","680,0,413"
"0/1","14,24","38","99","794,0,308"
"0/1","15,15","30","99","512,0,472"
"0/1","19,15","35","99","454,0,662"
"0/1","22,18","40","99","589,0,748"
"0/1","21,17","38","99","566,0,632"
"0/1","17,7","24","99","218,0,550"
"0/1","11,10","21","99","309,0,346"
"0/1","8,6","14","99","200,0,276"
"0/1","25,10","35","99","288,0,862"
"0/1","14,17","31","99","566,0,425"
"0/1","10,9","19","99","312,0,349"
"0/1","21,12","33","99","357,0,711"
"0/1","19,12","32","99","384,0,537"
"0/1","19,13","32","99","385,0,548"
"0/1","14,17","31","99","468,0,352"
"0/1","17,11","29","99","361,0,503"
"0/1","14,12","26","99","334,0,418"
"0/1","22,11","33","99","306,0,718"
"0/1","18,17","35","99","418,0,560"
"0/1","14,21","35","99","669,0,294"
"0/1","17,12","29","99","370,0,521"
"0/1","13,23","36","99","767,0,302"
"0/1","21,11","32","99","188,0,745"
"0/1","18,11","29","99","239,0,640"
"0/1","11,17","28","99","569,0,246"
"0/1","18,14","32","99","368,0,605"
"0/1","9,15","24","99","492,0,241"
"0/0","19,0","19","54","0,54,705"
"0/1","14,8","22","99","211,0,467"
"0/1","15,12","27","99","301,0,481"
"0/1","14,12","26","99","298,0,448"
"0/1","17,24","41","99","737,0,530"
"0/1","17,23","40","99","709,0,497"
"0/1","15,23","38","99","758,0,462"
"0/1","14,18","32","99","571,0,466"
"0/1","13,11","24","99","367,0,435"
"0/1","11,13","24","99","430,0,375"
"0/1","13,11","24","99","322,0,449"
"0/1","17,12","29","99","347,0,563"
"0/1","19,8","27","99","241,0,644"
"0/1","12,13","25","99","425,0,377"
"0/1","14,12","26","99","378,0,259"
"0/1","8,19","27","99","686,0,241"
"0/1","8,18","26","99","643,0,247"
"0/1","8,15","23","99","475,0,225"
"0/1","6,15","21","99","448,0,188"
"0/1","8,7","15","99","201,0,220"
"0/1","8,16","24","99","539,0,246"
"0/1","8,4","12","99","126,0,259"
"0/1","8,12","20","99","429,0,266"
"0/1","11,8","19","99","236,0,390"
"0/1","11,7","18","99","234,0,359"
"0/1","10,10","20","99","347,0,340"
"0/1","7,12","19","99","426,0,230"
"0/1","9,10","19","99","281,0,315"
"0/1","6,12","18","99","435,0,191"
"0/1","10,8","18","99","261,0,343"
"0/1","9,10","19","99","281,0,314"
"0/1","10,12","22","99","352,0,315"
"0/1","10,10","20","99","309,0,345"
"0/1","11,10","21","99","344,0,357"
"0/1","14,10","24","99","331,0,498"
"0/1","13,11","24","99","382,0,449"
"0/1","10,14","24","99","421,0,341"
"0/1","7,12","19","99","409,0,226"
"0/1","10,11","21","99","381,0,343"
"0/1","20,8","28","99","178,0,693"
"0/1","19,8","27","99","175,0,676"
"0/1","12,13","25","99","420,0,414"
"0/1","16,18","34","99","595,0,521"
"0/1","15,16","31","99","482,0,470"
"0/1","17,17","34","99","560,0,503"
"0/1","16,14","30","99","479,0,551"
"0/1","12,17","29","99","584,0,365"
"0/1","14,15","29","99","517,0,476"
"0/1","11,10","21","99","328,0,381"
"0/1","11,10","21","99","287,0,387"
"0/1","16,10","26","99","259,0,531"
"0/1","14,23","38","99","715,0,435"
"0/1","20,16","36","99","533,0,661"
"0/1","22,9","31","99","226,0,698"
"0/1","17,16","33","99","480,0,468"
"0/1","14,17","31","99","530,0,452"
"0/1","7,11","18","99","400,0,227"
"0/1","12,11","23","99","374,0,417"
"0/1","14,12","26","99","368,0,495"
"0/1","13,11","24","99","362,0,452"
"0/1","11,7","18","99","233,0,356"
"0/1","7,15","22","99","497,0,216"
"0/1","6,12","18","99","356,0,199"
"0/1","9,14","23","99","458,0,296"
"0/1","17,23","40","99","732,0,512"
"0/1","17,23","40","99","748,0,494"
"0/1","18,23","41","99","775,0,450"
"0/1","20,15","35","99","493,0,597"
"0/1","31,13","44","99","401,0,984"
"0/1","26,13","39","99","407,0,888"
"0/1","12,26","38","99","813,0,379"
"0/1","15,13","28","99","409,0,529"
"0/1","17,12","29","99","362,0,568"
"0/1","15,20","35","99","679,0,405"
"0/1","19,16","35","99","474,0,621"
"0/1","21,14","35","99","367,0,688"
"0/1","20,15","35","99","451,0,701"
"0/1","20,15","35","99","473,0,700"
"0/1","17,16","33","99","543,0,570"
"0/1","16,16","32","99","455,0,504"
"0/1","16,16","32","99","456,0,487"
"0/1","16,17","33","99","578,0,474"
"0/1","17,4","21","89","89,0,640"
"0/1","21,11","32","99","354,0,694"
"0/1","17,11","28","99","355,0,568"
"0/1","18,10","28","99","272,0,608"
"0/1","19,9","28","99","267,0,656"
"0/1","14,9","23","99","307,0,498"
"0/1","16,7","23","99","203,0,578"
"0/1","13,15","28","99","375,0,462"
"0/1","10,13","23","99","405,0,318"
"0/1","15,12","27","99","383,0,481"
"0/1","10,10","20","99","301,0,303"
"0/1","12,10","22","99","338,0,415"
"1/1","1,17","20","36","433,36,0"
"0/1","14,20","34","99","587,0,357"
"0/1","17,20","37","99","552,0,583"
"0/1","16,16","32","99","536,0,504"
"0/1","10,15","25","99","485,0,326"
"0/1","11,13","24","99","405,0,331"
"0/1","12,11","23","99","326,0,361"
"0/1","13,9","22","99","255,0,419"
"0/1","12,9","22","99","297,0,372"
"0/1","14,12","27","99","375,0,418"
"0/1","18,17","35","99","585,0,584"
"0/1","18,14","32","99","362,0,570"
"0/1","18,11","29","99","254,0,622"
"0/1","8,12","20","99","417,0,221"
"0/1","18,18","36","99","500,0,591"
"0/1","10,15","25","99","487,0,281"
"0/1","16,16","32","99","518,0,529"
"0/1","20,16","36","99","542,0,606"
"0/1","9,16","25","99","517,0,282"
"0/1","8,12","20","99","356,0,270"
"0/1","13,14","27","99","459,0,337"
"0/1","15,15","30","99","487,0,447"
"0/1","19,11","30","99","322,0,536"
"0/1","9,5","14","99","165,0,327"
"0/1","10,5","15","99","158,0,362"
"0/1","12,20","32","99","674,0,331"
"0/1","10,15","25","99","449,0,335"
"0/1","16,16","32","99","542,0,476"
"0/1","14,15","32","99","490,0,437"
"0/1","13,13","26","99","445,0,412"
"0/1","13,10","23","99","336,0,421"
"0/1","17,9","26","99","287,0,534"
"0/1","11,17","28","99","592,0,318"
"0/1","15,13","28","99","442,0,516"
"0/1","16,14","30","99","435,0,523"
"0/1","12,16","28","99","480,0,374"
"0/1","16,16","32","99","502,0,512"
"0/1","11,18","29","99","627,0,319"
"0/1","21,15","36","99","486,0,725"
"0/1","15,19","34","99","585,0,508"
"0/1","19,15","34","99","491,0,576"
"0/1","15,14","29","99","480,0,454"
"0/1","16,23","39","99","781,0,471"
"0/1","15,8","23","99","228,0,525"
"0/1","11,18","30","99","467,0,266"
"0/1","12,19","31","99","619,0,379"
"0/1","10,9","19","99","303,0,295"
"0/1","18,8","26","99","183,0,550"
"0/1","15,22","37","99","616,0,470"
"0/1","15,21","36","99","748,0,496"
"0/1","17,23","40","99","741,0,531"
"0/1","15,24","39","99","734,0,494"
"0/1","14,21","35","99","595,0,437"
"0/1","24,15","39","99","469,0,736"
"0/1","26,16","42","99","513,0,816"
"0/1","14,24","38","99","778,0,453"
"0/1","22,14","36","99","453,0,705"
"0/1","13,7","20","99","233,0,426"
"0/1","14,7","21","99","216,0,459"
"0/1","14,24","38","99","822,0,388"
"0/1","22,14","36","99","426,0,748"
"0/1","13,11","24","99","365,0,360"
"0/1","18,13","31","99","422,0,599"
"0/1","16,22","38","99","773,0,391"
"0/1","14,23","37","99","747,0,337"
"0/1","15,15","30","99","506,0,505"
"0/1","9,11","20","99","354,0,307"
"0/1","13,14","27","99","482,0,370"
"0/1","13,9","22","99","301,0,457"
"0/1","15,8","23","99","250,0,534"
"0/1","13,5","18","99","137,0,439"
"0/1","17,9","26","99","283,0,615"
"0/1","15,6","21","99","179,0,489"
"0/1","8,9","17","99","284,0,279"
"0/1","7,13","20","99","474,0,227"
"0/1","8,3","11","81","81,0,291"
"0/1","7,8","15","99","245,0,204"
"0/1","12,8","20","99","242,0,353"
"0/1","9,8","17","99","278,0,310"
"0/1","14,8","22","99","253,0,501"
"0/1","11,5","16","99","154,0,390"
"0/1","14,6","20","99","185,0,496"
"0/1","7,10","17","99","294,0,234"
"0/1","18,18","36","99","560,0,512"
"0/1","10,9","19","99","273,0,348"
"0/1","10,11","21","99","318,0,315"
"0/1","11,16","27","99","528,0,291"
"0/1","7,6","13","99","203,0,238"
"0/1","11,15","26","99","473,0,366"
"0/1","9,12","21","99","358,0,269"
"0/1","8,10","18","99","288,0,266"
"0/1","17,19","36","99","587,0,584"
"0/1","15,19","34","99","599,0,462"
"0/1","23,15","38","99","466,0,697"
"0/1","10,11","21","99","379,0,301"
"0/1","4,12","16","99","317,0,113"
"0/1","6,15","21","99","543,0,170"
"0/1","10,14","24","99","352,0,337"
"0/1","12,14","26","99","449,0,343"
"0/1","15,12","27","99","409,0,529"
"0/1","13,13","26","99","380,0,447"
"0/1","13,14","27","99","437,0,444"
"0/1","6,12","18","99","424,0,154"
"0/1","8,15","23","99","472,0,262"
"0/1","10,11","21","99","352,0,342"
"0/1","11,15","26","99","492,0,350"
"0/1","14,13","27","99","453,0,420"
"0/1","14,13","27","99","451,0,448"
"0/1","20,16","36","99","519,0,685"
"0/1","8,8","16","99","274,0,227"
"0/1","5,10","15","99","353,0,160"
"0/1","8,18","26","99","618,0,223"
"0/1","9,15","24","99","510,0,275"
"0/1","9,14","23","99","467,0,294"
"0/1","11,12","23","99","389,0,338"
"0/1","9,11","20","99","389,0,304"
"0/1","9,10","19","99","349,0,270"
"0/1","11,11","22","99","365,0,336"
"0/1","11,10","21","99","346,0,356"
"0/1","12,14","26","99","468,0,399"
"0/0","25,0","25","72","0,72,948"
"0/0","29,0","29","81","0,81,1093"
"0/0","29,0","29","81","0,81,1090"
"0/0","16,0","16","39","0,39,538"
"0/0","15,0","15","42","0,42,569"
"0/0","13,0","13","39","0,39,536"
"0/0","13,0","13","39","0,39,536"
"0/1","8,3","11","90","90,0,241"
"0/1","6,9","15","99","282,0,200"
"0/1","15,7","22","99","100,0,519"
"0/1","20,14","34","99","372,0,639"
"0/1","16,14","30","99","419,0,560"
"0/1","11,6","17","99","196,0,389"
"0/1","9,10","19","99","352,0,315"
"0/1","7,18","25","99","548,0,213"
"0/1","8,17","25","99","581,0,174"
"0/1","8,16","24","99","550,0,211"
"0/1","9,4","13","99","126,0,310"
"0/1","11,12","23","99","418,0,375"
"0/1","15,17","32","99","591,0,457"
"0/1","16,15","31","99","482,0,479"
"0/1","14,7","21","99","220,0,473"
"0/1","17,9","26","99","286,0,600"
"0/1","18,9","27","99","288,0,617"
"0/1","21,22","44","99","701,0,686"
"0/1","15,22","37","99","707,0,445"
"0/1","12,12","24","99","369,0,403"
"0/1","13,8","22","99","196,0,456"
"0/1","13,12","25","99","337,0,449"
"0/1","11,11","22","99","380,0,383"
"0/1","12,12","24","99","417,0,417"
"0/1","11,15","26","99","465,0,378"
"0/1","8,11","19","99","387,0,252"
"0/1","6,6","12","99","204,0,169"
"0/1","18,13","31","99","382,0,651"
"0/1","19,17","36","99","566,0,643"
"0/1","18,22","40","99","731,0,530"
"0/1","23,17","40","99","559,0,774"
"0/1","15,24","39","99","774,0,497"
"0/1","14,19","33","99","667,0,461"
"0/1","11,7","18","99","233,0,344"
"0/1","11,11","22","99","339,0,384"
"0/1","10,11","21","99","383,0,290"
"0/1","11,11","22","99","372,0,324"
"0/1","7,15","22","99","534,0,165"
"0/1","5,14","19","99","486,0,146"
"0/1","13,9","22","99","262,0,460"
"0/1","11,9","20","99","257,0,383"
"0/1","12,6","18","99","193,0,428"
"0/1","9,15","24","99","501,0,279"
"0/1","11,8","19","99","272,0,381"
"0/1","7,8","15","99","274,0,244"
"0/1","7,6","13","99","203,0,237"
"0/1","14,16","30","99","510,0,440"
"0/1","10,13","23","99","421,0,335"
"0/1","9,11","20","99","322,0,312"
"0/1","16,15","31","99","447,0,453"
"0/1","16,19","35","99","617,0,518"
"0/1","13,15","28","99","483,0,356"
"0/1","19,14","33","99","441,0,644"
"0/1","17,19","36","99","641,0,553"
"0/1","17,17","34","99","557,0,561"
"0/1","16,14","30","99","471,0,482"
"0/1","16,14","30","99","437,0,465"
"0/1","16,15","31","99","491,0,506"
"0/1","10,11","21","99","377,0,334"
"0/1","14,14","28","99","462,0,402"
"0/1","13,16","29","99","451,0,385"
"0/1","12,14","26","99","448,0,314"
"0/1","14,14","28","99","426,0,387"
"0/1","12,16","28","99","507,0,325"
"0/1","12,18","30","99","559,0,363"
"0/1","10,13","23","99","412,0,285"
"0/1","15,13","28","99","404,0,481"
"0/1","19,14","33","99","478,0,600"
"0/1","17,60","77","99","1680,0,473"
"0/1","14,42","56","99","1196,0,417"
"0/1","10,14","24","99","495,0,327"
"0/1","13,15","28","99","382,0,444"
"0/1","6,12","18","99","438,0,188"
"0/1","9,10","19","99","355,0,302"
"0/1","11,8","19","99","272,0,380"
"0/1","16,17","33","99","471,0,550"
"0/1","19,19","38","99","629,0,639"
"0/1","26,22","48","99","711,0,825"
"0/1","26,24","50","99","781,0,788"
"0/1","27,19","46","99","562,0,787"
"0/1","21,15","36","99","460,0,733"
"0/1","12,16","28","99","514,0,385"
"0/1","10,21","32","99","711,0,302"
"0/1","15,21","36","99","698,0,437"
"0/1","14,21","35","99","718,0,444"
"0/1","17,18","35","99","606,0,556"
"0/1","15,20","35","99","634,0,487"
"0/1","10,10","20","99","349,0,308"
"0/1","9,10","19","99","303,0,315"
"0/1","10,9","19","99","313,0,311"
"0/1","19,11","30","99","364,0,534"
"0/1","15,11","26","99","372,0,403"
"0/1","17,13","30","99","390,0,488"
"0/1","16,16","32","99","490,0,408"
"0/1","13,18","31","99","530,0,337"
"0/1","8,17","25","99","554,0,211"
"0/1","12,20","32","99","613,0,374"
"0/1","14,18","32","99","590,0,471"
"0/1","13,15","28","99","495,0,392"
"0/1","14,10","24","99","329,0,486"
"0/1","16,10","26","99","328,0,571"
"0/1","17,10","27","99","313,0,532"
"0/1","20,17","38","99","512,0,619"
"0/1","19,18","37","99","581,0,641"
"0/1","12,13","25","99","418,0,374"
"0/1","12,13","25","99","375,0,412"
"0/1","12,13","25","99","387,0,366"
"0/1","19,18","37","99","619,0,595"
"0/1","18,18","36","99","571,0,540"
"0/1","14,8","22","99","249,0,416"
"0/1","8,15","23","99","453,0,234"
"0/1","13,11","24","99","330,0,430"
"0/1","16,9","25","99","238,0,533"
"0/1","14,11","25","99","325,0,457"
"0/1","11,9","20","99","305,0,339"
"1/1","3,21","24","29","796,29,0"
"0/1","14,10","27","99","325,0,456"
"0/1","16,9","25","99","276,0,534"
"0/1","16,10","26","99","306,0,544"
"0/1","18,8","26","99","243,0,566"
"0/1","9,19","28","99","615,0,271"
"0/1","22,8","30","99","189,0,665"
"0/1","26,8","34","99","140,0,785"
"0/1","18,20","38","99","589,0,581"
"0/1","15,20","35","99","572,0,420"
"0/1","15,16","31","99","514,0,487"
"0/1","18,9","28","99","198,0,538"
"0/1","20,7","27","99","222,0,460"
"0/1","15,18","33","99","605,0,444"
"0/1","19,16","35","99","469,0,656"
"0/1","19,17","36","99","500,0,640"
"0/1","13,17","30","99","530,0,419"
"0/1","11,12","23","99","394,0,351"
"0/1","12,19","31","99","600,0,395"
"0/1","11,13","24","99","400,0,368"
"0/1","16,10","26","99","250,0,572"
"0/1","21,14","35","99","424,0,668"
"0/1","14,17","31","99","574,0,458"
"0/1","12,19","32","99","425,0,342"
"0/1","14,17","31","99","569,0,437"
"0/1","17,23","40","99","780,0,485"
"0/1","8,9","17","99","272,0,279"
"0/1","18,10","28","99","301,0,555"
"0/1","13,19","32","99","607,0,388"
"0/1","13,20","33","99","708,0,394"
"0/1","13,20","33","99","710,0,393"
"0/1","15,24","39","99","814,0,473"
"0/1","15,22","37","99","735,0,443"
"0/1","17,19","36","99","570,0,456"
"0/1","19,18","37","99","556,0,520"
"0/1","21,13","34","99","396,0,724"
"0/1","11,16","28","99","431,0,341"
"0/1","27,23","50","99","716,0,893"
"0/1","24,20","44","99","681,0,678"
"0/1","14,14","28","99","435,0,419"
"0/1","16,10","26","99","307,0,514"
"0/1","16,11","27","99","302,0,475"
"0/1","19,13","32","99","442,0,586"
"0/1","18,12","30","99","408,0,532"
"0/1","18,13","31","99","439,0,529"
"0/1","14,9","23","99","282,0,451"
"0/1","11,5","16","99","159,0,359"
"0/1","9,6","15","99","198,0,322"
"0/1","10,4","14","99","118,0,364"
"0/1","4,14","18","99","512,0,111"
"0/1","7,16","23","99","578,0,133"
"0/1","8,11","19","99","321,0,273"
"0/1","7,10","17","99","350,0,238"
"0/1","7,8","15","99","282,0,239"
"0/1","8,5","13","99","124,0,283"
"0/1","10,5","15","99","160,0,336"
"0/1","5,10","15","99","345,0,160"
"0/1","10,8","18","99","268,0,346"
"0/1","10,10","20","99","304,0,284"
"0/1","14,12","26","99","406,0,455"
"0/1","11,13","24","99","459,0,377"
"0/1","14,12","26","99","406,0,454"
"0/1","12,5","17","99","154,0,440"
"0/1","9,10","19","99","347,0,302"
"0/1","15,10","26","99","296,0,504"
"0/1","15,9","24","99","298,0,474"
"0/1","12,16","28","99","533,0,403"
"0/1","11,10","21","99","352,0,342"
"0/1","11,13","24","99","385,0,299"
"0/1","8,17","25","99","556,0,214"
"0/1","7,14","21","99","432,0,171"
"0/1","13,12","25","99","388,0,414"
"0/1","12,13","25","99","420,0,378"
"0/1","15,17","32","99","526,0,524"
"0/1","14,9","23","99","299,0,451"
"0/1","9,12","21","99","437,0,226"
"0/1","18,20","38","99","658,0,554"
"0/1","18,19","37","99","592,0,564"
"0/1","19,22","41","99","688,0,507"
"0/1","11,20","31","99","592,0,344"
"0/1","8,18","26","99","562,0,225"
"0/1","8,18","26","99","590,0,200"
"0/1","18,19","37","99","649,0,602"
"0/1","19,18","37","99","556,0,631"
"0/1","20,20","40","99","642,0,627"
"0/1","18,12","30","99","359,0,561"
"0/1","17,9","26","99","260,0,610"
"0/1","12,11","23","99","367,0,305"
"0/1","17,22","39","99","721,0,475"
"0/1","14,18","32","99","502,0,420"
"0/1","17,15","32","99","456,0,542"
"0/1","18,16","34","99","512,0,612"
"0/1","17,18","35","99","586,0,502"
"0/1","20,16","36","99","447,0,667"
"0/1","13,21","34","99","639,0,359"
"0/1","20,7","27","99","202,0,680"
"0/1","18,9","27","99","277,0,616"
"0/1","14,14","28","99","462,0,450"
"0/1","7,15","23","99","544,0,145"
"0/1","9,17","26","99","445,0,288"
"0/1","15,17","32","99","508,0,508"
"0/1","15,17","32","99","519,0,463"
"0/1","16,15","31","99","468,0,525"
"0/1","12,14","26","99","461,0,351"
"0/1","12,8","20","99","251,0,414"
"0/1","18,13","31","99","377,0,634"
"0/1","10,13","23","99","438,0,291"
"0/1","14,13","27","99","410,0,415"
"0/1","10,13","23","99","386,0,339"
"0/1","20,11","31","99","344,0,668"
"0/1","19,14","33","99","455,0,621"
"0/1","17,15","32","99","500,0,589"
"0/1","29,15","48","99","331,0,788"
"0/1","39,5","44","68","68,0,1268"
"0/1","40,5","45","57","57,0,1313"
"0/1","22,19","41","99","624,0,635"
"0/1","14,7","21","99","215,0,453"
"0/1","9,12","21","99","424,0,272"
"0/1","8,7","15","99","234,0,277"
"0/1","11,8","19","99","275,0,387"
"0/1","8,9","17","99","279,0,269"
"0/1","12,14","26","99","491,0,396"
"0/1","15,19","34","99","648,0,493"
"0/1","16,20","36","99","653,0,525"
"0/1","16,19","35","99","621,0,525"
"0/1","16,11","27","99","303,0,574"
"0/1","19,15","34","99","509,0,621"
"0/1","14,10","24","99","319,0,424"
"0/1","9,18","27","99","648,0,281"
"0/1","7,15","22","99","540,0,217"
"0/1","18,13","31","99","319,0,615"
"0/1","10,13","23","99","457,0,289"
"0/1","15,15","30","99","508,0,513"
"0/1","9,14","23","99","489,0,273"
"0/1","7,28","35","99","985,0,186"
"0/1","8,15","23","99","523,0,257"
"0/1","10,17","27","99","597,0,318"
"0/1","10,17","27","99","609,0,323"
"0/1","13,14","27","99","451,0,428"
"0/1","15,17","32","99","604,0,428"
"0/1","18,15","33","99","469,0,601"
"0/1","15,16","31","99","512,0,523"
"0/1","8,11","20","99","370,0,259"
"0/1","14,27","41","99","707,0,433"
"0/1","19,10","29","99","121,0,477"
"0/1","17,23","40","99","613,0,458"
"0/1","19,24","43","99","594,0,528"
"0/1","24,15","39","99","397,0,625"
"0/1","16,23","39","99","664,0,429"
"0/1","13,17","30","99","447,0,440"
"0/1","14,18","32","99","547,0,400"
"0/1","22,17","39","99","491,0,619"
"0/1","22,17","40","99","529,0,609"
"0/1","24,15","39","99","430,0,633"
"0/1","18,14","32","99","407,0,519"
"0/1","20,18","38","99","564,0,622"
"0/1","15,20","35","99","600,0,468"
"0/1","17,18","35","99","571,0,578"
"0/1","19,17","36","99","573,0,648"
"0/1","18,18","36","99","573,0,617"
"0/1","17,10","27","99","296,0,542"
"0/1","17,11","28","99","327,0,561"
"0/1","19,13","32","99","398,0,624"
"0/1","19,14","33","99","404,0,642"
"0/1","15,8","23","99","239,0,496"
"0/1","14,7","21","99","142,0,426"
"0/1","16,12","28","99","383,0,441"
"0/1","21,17","38","99","489,0,616"
"0/1","9,14","24","99","243,0,307"
"0/1","9,8","17","99","259,0,293"
"0/1","9,10","19","99","345,0,221"
"0/1","8,10","18","99","304,0,262"
"0/1","7,8","15","99","236,0,146"
"0/1","5,10","15","99","357,0,158"
"0/1","16,11","27","99","297,0,442"
"0/1","15,14","29","99","437,0,464"
"0/1","8,9","17","99","310,0,192"
"0/1","10,6","16","99","199,0,359"
"0/0","17,0","17","48","0,48,648"
"0/1","17,9","26","99","266,0,310"
"0/1","14,7","21","99","216,0,433"
"0/1","12,11","23","99","248,0,415"
"0/1","14,10","24","99","163,0,469"
"1/1","0,14","14","36","491,36,0"
"0/1","13,3","16","59","59,0,417"
"1/1","1,19","20","51","647,51,0"
"0/1","12,11","23","99","234,0,330"
"0/1","8,11","19","99","272,0,281"
"0/1","9,6","15","99","196,0,284"
"0/1","9,9","18","99","305,0,262"
"0/1","11,5","16","99","133,0,369"
"0/1","4,3","7","67","107,0,67"
"0/1","10,5","15","99","148,0,331"
"0/1","5,11","16","99","355,0,158"
"0/1","13,9","22","99","266,0,442"
"0/1","15,8","23","99","234,0,492"
"0/1","8,7","15","99","143,0,276"
"0/1","9,3","12","47","47,0,330"
"0/1","9,6","15","99","204,0,285"
"0/1","9,14","23","99","458,0,299"
"0/1","14,10","24","99","265,0,454"
"0/1","7,10","18","99","361,0,199"
"0/1","9,12","21","99","378,0,277"
"0/1","9,6","15","99","122,0,201"
"0/1","9,6","15","99","196,0,253"
"0/1","8,4","12","99","117,0,267"
"0/1","19,5","24","77","77,0,535"
"0/1","16,6","22","99","102,0,541"
"0/1","18,6","24","99","106,0,542"
"0/1","19,6","25","99","156,0,682"
"0/1","18,5","24","99","127,0,647"
"0/1","19,6","25","99","150,0,600"
"0/1","18,9","27","99","259,0,594"
"0/1","24,19","43","99","605,0,819"
"0/1","25,20","45","99","560,0,808"
"0/1","12,25","37","99","883,0,377"
"0/1","26,12","38","99","370,0,915"
"0/1","14,23","37","99","800,0,450"
"0/1","13,20","33","99","628,0,382"
"0/1","13,13","26","99","395,0,401"
"0/1","17,19","36","99","563,0,520"
"0/1","18,17","37","99","453,0,485"
"0/1","19,11","30","99","353,0,550"
"0/1","16,19","36","99","400,0,455"
"0/1","20,21","41","99","462,0,572"
"0/1","16,19","35","99","575,0,496"
"0/1","21,13","34","99","385,0,521"
"0/1","18,8","26","99","210,0,609"
"0/1","16,8","24","99","224,0,513"
"0/1","15,5","20","99","156,0,443"
"0/1","13,10","23","99","338,0,360"
"0/1","24,18","42","99","596,0,814"
"0/1","21,19","40","99","578,0,709"
"0/1","17,19","36","99","621,0,545"
"0/1","23,19","42","99","644,0,763"
"0/1","16,17","33","99","546,0,546"
"0/1","19,12","31","99","394,0,591"
"0/1","18,18","36","99","623,0,550"
"0/1","19,11","30","99","353,0,592"
"0/1","24,12","36","99","339,0,737"
"0/1","22,17","39","99","486,0,708"
"0/1","21,22","43","99","716,0,673"
"0/1","14,15","29","99","439,0,421"
"0/1","12,19","31","99","604,0,389"
"0/1","11,16","27","99","563,0,365"
"0/1","11,16","27","99","553,0,365"
"0/1","15,17","32","99","569,0,439"
"0/1","17,16","33","99","520,0,564"
"0/1","19,16","35","99","500,0,631"
"0/1","27,18","45","99","601,0,821"
"0/1","8,9","17","99","280,0,206"
"0/1","8,10","18","99","318,0,203"
"0/1","14,11","25","99","346,0,421"
"0/1","10,14","24","99","440,0,293"
"0/1","9,15","24","99","532,0,216"
"0/1","8,14","22","99","484,0,223"
"0/1","11,16","27","99","557,0,360"
"0/1","13,9","22","99","298,0,460"
"0/1","16,12","28","99","397,0,561"
"0/1","15,7","22","99","209,0,544"
"0/1","10,10","20","99","335,0,302"
"0/1","11,20","31","99","671,0,351"
"0/1","10,19","29","99","621,0,329"
"0/1","10,18","28","99","608,0,328"
"0/1","12,19","31","99","633,0,388"
"0/1","11,16","27","99","550,0,369"
"0/1","16,20","36","99","696,0,483"
"0/1","16,20","37","99","703,0,488"
"0/1","18,20","38","99","664,0,581"
"0/1","19,19","38","99","598,0,626"
"0/1","17,20","37","99","585,0,541"
"0/1","15,19","34","99","672,0,503"
"0/1","17,18","35","99","631,0,541"
"0/1","16,20","36","99","683,0,455"
"0/1","15,16","31","99","552,0,448"
"0/1","16,18","34","99","620,0,506"
"0/1","21,18","39","99","593,0,642"
"0/1","18,18","36","99","580,0,595"
"0/1","17,17","34","99","577,0,558"
"0/1","17,18","35","99","610,0,568"
"0/1","14,8","22","99","246,0,485"
"0/1","7,12","19","99","437,0,191"
"0/1","9,8","17","99","263,0,313"
"0/1","15,7","22","99","219,0,499"
"0/1","14,8","22","99","223,0,469"
"0/1","10,11","21","99","378,0,341"
"0/1","11,7","18","99","223,0,393"
"0/1","12,10","22","99","278,0,426"
"0/1","11,11","22","99","319,0,360"
"0/1","14,8","22","99","267,0,464"
"0/1","10,7","18","99","236,0,358"
"0/1","20,11","31","99","347,0,647"
"0/1","18,7","25","99","187,0,656"
"0/1","19,7","26","99","177,0,513"
"0/1","13,7","20","99","232,0,387"
"0/1","6,3","9","93","93,0,216"
"0/1","14,9","23","99","216,0,514"
"1/2","0,5,8","13","99","438,264,249,173,0,152"
"0/1","7,13","20","99","462,0,230"
"0/1","5,13","18","99","480,0,149"
"0/1","8,13","21","99","472,0,233"
"0/1","6,9","15","99","316,0,200"
"0/1","10,14","24","99","498,0,338"
"0/1","11,15","26","99","456,0,340"
"0/1","11,14","25","99","438,0,344"
"0/1","10,20","30","99","636,0,325"
"0/1","9,17","26","99","539,0,292"
"0/1","5,6","11","99","202,0,164"
"0/1","15,9","24","99","297,0,492"
"0/1","11,13","24","99","454,0,368"
"0/1","11,14","25","99","495,0,258"
"0/1","11,12","23","99","412,0,344"
"0/1","11,14","25","99","456,0,363"
"0/1","12,15","27","99","515,0,412"
"0/1","15,13","28","99","430,0,501"
"0/1","14,13","27","99","446,0,487"
"0/1","11,15","26","99","465,0,277"
"0/1","13,14","27","99","495,0,340"
"0/1","11,18","29","99","632,0,305"
"0/1","19,10","29","99","279,0,665"
"0/1","19,11","30","99","299,0,668"
"0/1","19,12","31","99","261,0,672"
"0/1","20,15","35","99","491,0,676"
"0/1","15,19","34","99","647,0,493"
"0/1","18,14","32","99","425,0,584"
"0/1","18,15","33","99","456,0,553"
"0/1","20,13","33","99","338,0,660"
"0/1","24,10","34","99","261,0,747"
"0/1","18,14","32","99","402,0,591"
"0/1","13,24","37","99","786,0,419"
"0/1","15,11","26","99","362,0,521"
"0/1","13,16","29","99","525,0,446"
"0/1","11,8","19","99","256,0,397"
"0/1","18,10","28","99","311,0,639"
"0/1","28,13","41","99","378,0,935"
"0/1","24,17","42","99","538,0,802"
"0/1","19,14","33","99","457,0,626"
"0/1","10,13","23","99","412,0,346"
"0/1","8,11","19","99","355,0,239"
"0/1","16,8","24","99","242,0,564"
"0/1","11,9","20","99","309,0,376"
"0/1","12,8","20","99","260,0,395"
"0/1","5,13","18","99","460,0,139"
"0/1","8,7","15","99","237,0,277"
"0/1","16,7","23","99","221,0,521"
"0/1","12,10","22","99","296,0,338"
"0/1","11,10","21","99","276,0,319"
"0/1","5,5","11","99","121,0,130"
"0/1","7,16","23","99","578,0,217"
"0/1","10,15","25","99","538,0,335"
"0/1","16,8","24","99","179,0,541"
"0/1","19,15","34","99","463,0,620"
"0/0","35,0","35","99","0,102,1351"
"0/1","13,13","26","99","376,0,330"
"0/1","5,8","13","99","270,0,164"
"0/1","18,21","39","99","708,0,499"
"0/1","15,24","39","99","800,0,408"
"0/1","13,18","31","99","542,0,428"
"0/1","15,15","30","99","503,0,468"
"0/1","14,13","27","99","411,0,488"
"0/1","15,17","32","99","538,0,502"
"0/1","16,16","32","99","474,0,527"
"0/1","14,15","29","99","456,0,429"
"0/1","14,15","29","99","467,0,463"
"0/1","21,19","40","99","544,0,712"
"0/1","23,17","40","99","501,0,772"
"0/1","7,7","14","99","209,0,251"
"0/1","17,9","26","99","220,0,620"
"0/1","17,13","30","99","433,0,595"
"0/1","17,13","30","99","372,0,607"
"0/1","15,18","33","99","559,0,435"
"0/1","9,7","16","99","241,0,318"
"0/1","6,6","12","99","175,0,206"
"0/1","6,6","12","99","175,0,203"
"0/1","11,15","26","99","519,0,317"
"0/1","11,17","28","99","510,0,360"
"0/1","9,14","23","99","418,0,279"
"0/1","21,17","38","99","539,0,679"
"0/1","11,12","23","99","411,0,341"
"0/1","7,5","12","99","118,0,127"
"0/1","14,8","22","99","228,0,451"
"0/1","20,24","44","99","829,0,588"
"1/1","0,23","23","24","297,24,0"
"0/1","10,11","21","99","378,0,331"
"1/1","0,10","11","27","322,27,0"
"0/1","8,6","14","99","213,0,216"
"0/1","9,4","13","99","132,0,246"
"0/1","17,14","31","99","443,0,498"
"0/1","14,9","23","99","170,0,424"
"1/1","0,15","15","45","601,45,0"
"0/1","11,15","26","99","500,0,381"
"0/1","15,6","21","99","183,0,493"
"0/1","8,10","18","99","282,0,274"
"0/0","30,0","30","84","0,84,1109"
"0/1","64,15","79","99","301,0,2128"
"0/0","73,0","73","99","0,196,2502"
"0/1","14,10","24","99","329,0,424"
"0/1","8,10","18","99","356,0,165"
"0/0","32,3","35","9","0,9,988"
"0/0","47,0","47","99","0,132,1720"
"0/1","12,9","21","99","310,0,384"
"0/1","11,14","25","99","458,0,312"
"0/1","24,2","27","5","5,0,854"
"0/1","10,10","20","99","344,0,346"
"0/1","14,6","20","99","182,0,485"
"0/1","11,11","22","99","376,0,330"
"0/1","16,20","36","99","532,0,472"
"0/1","9,18","27","99","537,0,129"
"0/1","22,5","27","99","106,0,741"
"0/1","24,4","28","61","61,0,804"
"0/1","25,4","29","61","61,0,813"
"0/1","24,4","28","61","61,0,772"
"0/1","17,9","26","99","269,0,598"
"0/1","5,8","13","99","220,0,136"
"0/1","10,13","23","99","324,0,308"
"0/1","17,8","25","99","247,0,598"
"1/1","0,19","19","54","734,54,0"
"0/1","7,14","21","99","460,0,189"
"0/1","17,7","24","99","208,0,600"
"0/1","21,16","40","99","461,0,687"
"0/1","12,9","21","99","297,0,358"
"0/0","25,0","25","75","0,75,1010"
"0/1","23,13","37","99","330,0,757"
"0/1","12,14","26","99","438,0,338"
"0/1","14,8","22","99","258,0,417"
"0/1","12,7","19","99","229,0,378"
"0/1","13,15","28","99","522,0,443"
"0/1","6,17","23","99","560,0,169"
"0/1","17,27","44","99","934,0,454"
"0/1","20,13","33","99","410,0,646"
"0/1","30,6","36","99","113,0,1086"
"0/1","31,6","37","85","85,0,1094"
"0/1","31,6","37","99","101,0,1063"
"0/1","32,6","38","89","89,0,1137"
"0/1","32,5","37","76","76,0,1064"
"0/1","25,4","30","76","76,0,836"
"0/1","15,15","30","99","495,0,500"
"0/1","10,13","23","99","428,0,333"
"0/1","13,17","30","99","586,0,443"
"0/1","16,13","29","99","416,0,530"
"0/1","16,18","35","99","591,0,521"
"0/1","12,11","23","99","375,0,410"
"0/1","13,12","25","99","404,0,420"
"0/1","18,10","28","99","335,0,478"
"0/1","32,6","38","74","74,0,1087"
"0/0","21,0","21","63","0,63,822"
"0/1","16,14","30","99","337,0,497"
"0/1","50,25","79","99","233,0,1380"
"0/1","31,29","60","99","935,0,942"
"0/1","46,32","78","99","972,0,1474"
"0/1","52,20","72","99","522,0,1785"
"0/1","30,6","36","99","143,0,1017"
"0/1","11,12","23","99","395,0,254"
"0/1","15,15","30","99","431,0,470"
"0/1","14,16","30","99","510,0,391"
"0/1","14,17","31","99","533,0,382"
"0/1","13,17","30","99","527,0,395"
"0/1","16,7","23","99","209,0,502"
"0/1","23,7","31","99","144,0,831"
"0/1","12,7","19","99","228,0,393"
"0/1","17,4","21","96","96,0,614"
"0/1","16,14","30","99","427,0,563"
"0/1","11,10","21","99","329,0,361"
"0/1","19,24","43","99","815,0,632"
"0/1","15,9","24","99","282,0,521"
"0/1","14,18","32","99","614,0,429"
"0/1","16,6","22","99","174,0,575"
"0/1","21,18","39","99","591,0,659"
"0/1","18,24","42","99","756,0,599"
"0/1","17,9","26","99","279,0,544"
"0/1","18,15","33","99","463,0,605"
"0/1","15,16","31","99","551,0,487"
"0/1","16,13","29","99","432,0,498"
"0/1","1,2","3","31","68,0,31"
"0/1","13,12","25","99","419,0,356"
"0/0","26,0","26","75","0,75,992"
"0/0","23,0","23","45","0,45,592"
"0/1","14,9","23","99","169,0,192"
"0/1","15,13","28","99","213,0,318"
"0/1","14,12","26","99","200,0,196"
"0/0","26,0","26","72","0,72,946"
"0/1","4,9","13","83","325,0,83"
"0/1","9,10","19","99","349,0,295"
"0/1","12,11","23","99","380,0,353"
"0/1","19,23","42","99","582,0,655"
"0/1","17,23","40","99","740,0,527"
"0/1","12,11","23","99","378,0,417"
"0/1","9,18","27","99","635,0,248"
"0/1","11,8","19","99","265,0,344"
"0/1","12,13","25","99","437,0,357"
"0/1","16,11","27","99","369,0,559"
"0/1","16,11","27","99","373,0,555"
"0/1","13,18","31","99","530,0,335"
"0/1","12,12","24","99","417,0,407"
"0/1","20,18","38","99","542,0,637"
"0/1","19,16","35","99","493,0,660"
"0/1","21,16","37","99","454,0,707"
"0/1","10,14","24","99","459,0,329"
"0/1","13,17","30","99","553,0,382"
"0/1","5,9","14","99","284,0,153"
"0/1","26,15","41","99","490,0,852"
"0/1","17,9","26","99","254,0,520"
"0/1","13,16","29","99","530,0,379"
"0/1","19,14","33","99","419,0,668"
"0/1","20,14","34","99","431,0,625"
"0/1","13,21","34","99","740,0,411"
"0/1","14,18","32","99","575,0,447"
"0/1","14,15","29","99","465,0,472"
"0/1","10,7","17","99","216,0,353"
"0/1","7,15","22","99","500,0,227"
"0/1","18,8","26","99","236,0,604"
"0/1","52,17","69","99","315,0,1613"
"0/1","35,6","41","75","75,0,1076"
"0/1","83,19","102","99","364,0,2797"
"0/1","18,9","27","99","292,0,550"
"0/1","36,9","45","36","36,0,1067"
"0/1","13,18","31","99","594,0,273"
"0/1","82,11","93","99","111,0,2471"
"0/0","44,0","44","99","0,123,1584"
"0/1","27,14","41","99","433,0,801"
"0/1","30,10","40","99","269,0,1068"
"0/1","20,19","40","99","633,0,680"
"0/1","7,17","24","99","581,0,168"
"0/1","8,11","19","99","399,0,243"
"0/1","17,6","23","99","164,0,540"
"0/1","15,13","28","99","447,0,490"
"0/1","10,12","23","99","421,0,330"
"0/1","11,22","34","99","755,0,353"
"0/1","13,11","24","99","364,0,421"
"0/0","31,2","33","65","0,65,1213"
"0/1","21,19","40","99","607,0,658"
"0/1","22,20","42","99","673,0,691"
"0/1","43,6","49","82","82,0,1535"
"0/1","41,6","47","96","96,0,1474"
"0/1","44,4","48","9","9,0,1540"
"0/1","33,9","42","99","232,0,1175"
"0/1","32,9","41","99","238,0,1136"
"0/1","31,9","40","99","241,0,1090"
"0/1","14,15","29","99","512,0,423"
"0/1","13,15","28","99","525,0,357"
"0/0","31,0","31","87","0,87,1149"
"0/1","19,15","34","99","461,0,541"
"0/1","19,14","33","99","439,0,588"
"0/1","10,17","28","99","599,0,303"
"0/1","26,11","37","99","278,0,706"
"0/1","23,12","35","99","370,0,802"
"0/1","21,18","39","99","548,0,592"
"0/1","26,3","29","63","63,0,538"
"0/1","13,13","26","99","366,0,462"
"0/1","11,9","20","24","24,0,396"
"0/1","15,3","18","30","30,0,140"
"0/0","13,0","13","33","0,33,439"
"0/1","7,9","17","99","165,0,145"
"0/1","7,8","17","99","190,0,124"
"0/1","29,8","37","99","220,0,906"
"0/1","14,12","26","99","265,0,432"
"0/1","17,9","26","99","220,0,470"
"0/0","26,0","26","69","0,69,872"
"0/1","21,13","34","99","420,0,660"
"0/1","45,7","52","99","139,0,1599"
"0/1","41,10","51","99","190,0,1319"
"0/1","17,16","33","99","499,0,590"
"0/1","19,18","38","99","479,0,642"
"0/1","6,4","10","99","135,0,213"
"0/1","11,10","21","99","337,0,376"
"0/1","14,10","24","99","330,0,465"
"0/1","5,9","14","99","327,0,124"
"0/1","7,11","18","99","376,0,233"
"0/0","15,0","15","45","0,45,596"
"0/1","14,13","27","99","389,0,386"
"0/1","19,12","31","99","357,0,626"
"0/1","17,17","34","99","451,0,583"
"0/1","22,15","37","99","438,0,674"
"0/1","11,14","25","99","432,0,334"
"0/1","9,16","25","99","550,0,219"
"0/1","10,10","20","99","312,0,349"
"0/1","28,8","36","61","61,0,866"
"0/1","23,8","31","99","99,0,707"
"0/1","36,10","46","99","155,0,970"
"0/1","35,10","45","99","149,0,971"
"0/1","36,10","46","99","155,0,942"
"0/1","32,9","41","99","194,0,966"
"0/1","27,9","36","49","49,0,822"
"0/0","61,0","61","99","0,163,2101"
"0/1","19,12","31","99","396,0,663"
"0/1","25,12","37","99","337,0,810"
"0/1","25,12","37","99","377,0,749"
"0/1","11,13","24","99","424,0,383"
"0/1","13,8","21","99","232,0,467"
"0/0","17,0","17","48","0,48,653"
"0/0","18,0","18","48","0,48,664"
"0/0","19,0","19","48","0,48,659"
"0/0","18,0","18","45","0,45,624"
"0/0","17,0","17","48","0,48,635"
"0/0","20,0","20","57","0,57,768"
"0/0","20,0","20","57","0,57,760"
"0/1","7,10","17","99","360,0,231"
"0/1","14,10","24","99","317,0,504"
"0/1","17,10","27","99","288,0,603"
"0/1","11,16","27","99","534,0,319"
"0/1","9,15","24","99","479,0,284"
"0/1","16,15","31","99","401,0,506"
"0/1","8,5","13","99","158,0,287"
"0/1","8,11","19","99","360,0,275"
"0/1","6,6","12","99","198,0,172"
"0/1","10,9","19","99","312,0,352"
"0/1","9,13","23","99","400,0,309"
"0/1","19,21","40","99","728,0,604"
"0/1","9,10","19","99","347,0,300"
"0/1","14,21","35","99","643,0,466"
"0/1","23,13","36","99","365,0,753"
"0/0","24,0","24","63","0,63,865"
"0/1","13,10","23","99","335,0,446"
"0/0","14,0","14","42","0,42,553"
"0/1","14,20","34","99","622,0,471"
"0/1","18,6","24","99","119,0,634"
"0/1","102,32","134","99","763,0,2955"
"0/1","95,25","120","99","595,0,2861"
"0/1","49,18","67","99","269,0,1457"
"0/1","51,9","60","99","186,0,1367"
"0/1","15,8","23","99","216,0,524"
"0/1","21,9","30","99","294,0,438"
"0/1","6,10","18","99","317,0,152"
"0/1","10,11","21","99","344,0,277"
"0/1","13,18","31","99","479,0,411"
"0/1","12,4","17","76","76,0,382"
"0/0","26,0","26","69","0,69,862"
"0/1","7,8","15","99","288,0,166"
"0/1","14,7","21","99","224,0,414"
"0/1","10,12","22","99","358,0,262"
"0/1","15,10","25","99","293,0,484"
"0/1","13,4","17","54","54,0,417"
"0/1","12,6","18","76","76,0,389"
"0/1","11,5","16","32","32,0,369"
"0/0","7,0","7","21","0,21,289"
"0/1","7,3","10","37","37,0,258"
"0/1","7,6","13","86","86,0,243"
"0/1","14,11","25","99","334,0,428"
"0/1","22,8","30","99","245,0,658"
"0/1","10,7","17","90","90,0,318"
"0/1","21,4","26","78","78,0,541"
"0/0","27,2","29","57","0,57,740"
"0/0","22,1","23","42","0,42,564"
"0/0","20,0","20","33","0,33,424"
"0/1","9,10","19","99","251,0,300"
"0/1","5,6","11","99","196,0,170"
"0/1","6,7","13","99","223,0,203"
"0/1","12,9","21","99","309,0,394"
"0/1","13,10","23","99","334,0,452"
"0/1","7,14","21","99","427,0,228"
"0/1","20,4","26","11","11,0,559"
"0/1","24,15","39","99","386,0,650"
"0/1","24,14","38","99","411,0,812"
"0/1","20,15","35","99","499,0,687"
"0/1","3,32","35","13","1181,0,13"
"0/1","17,19","36","99","578,0,556"
"0/1","11,6","19","97","97,0,130"
"0/1","13,9","22","99","296,0,448"
"0/1","9,4","13","99","124,0,320"
"0/1","14,18","32","99","597,0,388"
"0/1","14,12","26","99","387,0,488"
"0/1","10,7","17","99","241,0,315"
"0/1","6,20","26","99","703,0,135"
"0/1","8,15","23","99","539,0,257"
"0/1","10,11","21","99","352,0,322"
"0/1","8,2","10","22","22,0,128"
"0/1","25,10","35","99","302,0,857"
"0/1","8,13","21","99","451,0,260"
"0/1","10,13","23","99","432,0,247"
"0/1","12,10","22","99","314,0,419"
"0/0","5,0","5","15","0,15,191"
"0/1","13,17","30","99","499,0,434"
"0/1","22,19","41","99","610,0,650"
"0/1","21,17","38","99","559,0,697"
"0/1","17,24","41","99","700,0,464"
"0/1","15,11","26","99","356,0,520"
"0/1","15,12","27","99","362,0,486"
"0/1","14,16","30","99","485,0,416"
"0/1","9,12","21","99","422,0,223"
"0/1","17,13","30","99","429,0,558"
"0/1","12,7","19","99","230,0,423"
"0/1","12,7","19","99","225,0,414"
"0/1","10,13","23","99","464,0,302"
"0/1","17,14","31","99","426,0,562"
"0/1","16,13","29","99","405,0,531"
"0/1","14,15","29","99","462,0,428"
"0/1","11,16","27","99","517,0,319"
"0/1","7,12","19","99","420,0,225"
"0/1","9,8","17","99","255,0,308"
"0/1","7,14","21","99","465,0,185"
"0/1","10,5","15","99","127,0,249"
"0/1","14,11","25","99","317,0,414"
"0/1","20,10","30","99","244,0,669"
"0/1","21,10","31","99","175,0,700"
"0/1","35,17","52","99","441,0,964"
"0/1","37,18","55","99","444,0,1037"
"0/1","38,9","47","99","159,0,1218"
"0/1","31,9","40","99","161,0,1000"
"0/1","19,13","32","99","395,0,563"
"0/1","20,17","37","99","537,0,654"
"0/1","20,17","37","99","571,0,658"
"0/1","20,12","32","99","364,0,651"
"0/1","20,27","47","99","883,0,589"
"0/1","19,24","43","99","761,0,563"
"0/1","23,18","41","99","535,0,692"
"0/1","17,23","40","99","677,0,529"
"0/1","12,22","34","99","675,0,252"
"0/1","16,7","24","91","91,0,531"
"0/1","15,12","27","99","370,0,313"
"0/1","10,16","26","99","315,0,300"
"0/1","7,9","17","53","53,0,173"
"0/1","22,15","37","99","490,0,535"
"0/1","30,13","43","99","403,0,813"
"0/1","35,17","52","99","434,0,766"
"0/1","10,7","17","99","189,0,356"
"0/1","13,11","24","99","348,0,449"
"0/1","11,17","28","99","581,0,334"
"0/1","4,10","14","99","368,0,118"
"0/1","7,11","18","99","341,0,229"
"0/1","11,14","25","99","418,0,369"
"0/1","7,14","21","99","484,0,220"
"0/1","12,15","27","99","508,0,402"
"0/1","20,14","34","99","405,0,705"
"0/1","10,19","29","99","666,0,277"
"0/1","11,14","25","99","476,0,366"
"0/1","8,10","18","99","337,0,270"
"0/1","10,16","26","99","538,0,274"
"0/1","16,12","28","99","387,0,557"
"0/1","6,11","17","99","352,0,191"
"0/1","11,13","24","99","392,0,344"
"0/1","17,14","31","99","434,0,586"
"1/1","0,29","29","24","298,24,0"
"0/1","20,18","38","99","599,0,602"
"0/1","11,8","19","99","203,0,322"
"0/1","15,18","33","99","482,0,464"
"0/1","14,22","36","99","731,0,438"
"0/1","10,17","27","99","485,0,236"
"0/1","12,10","24","99","174,0,341"
"0/1","15,18","33","99","612,0,423"
"0/1","13,7","20","99","183,0,353"
"0/1","6,16","22","99","544,0,181"
"0/1","11,9","20","99","257,0,393"
"0/1","10,13","24","99","384,0,264"
"0/1","19,10","29","99","308,0,653"
"0/1","16,13","29","99","380,0,509"
"0/1","17,23","40","99","752,0,393"
"0/1","8,13","21","99","456,0,230"
"0/1","16,18","34","99","525,0,536"
"0/1","9,11","20","99","341,0,310"
"0/1","11,12","23","99","371,0,357"
"0/1","18,13","31","99","431,0,617"
"0/0","31,0","31","84","0,84,1104"
"0/1","16,12","28","99","332,0,530"
"0/1","20,6","26","99","168,0,644"
"0/1","13,15","28","99","479,0,402"
"0/1","21,14","35","99","407,0,627"
"0/1","12,14","26","99","424,0,316"
"0/1","11,13","24","99","415,0,338"
"0/1","10,16","26","99","501,0,329"
"0/1","11,16","27","99","495,0,329"
"0/1","17,24","41","99","780,0,527"
"0/1","21,11","32","99","270,0,701"
"0/0","33,1","34","69","0,69,834"
"0/0","40,0","40","99","0,108,1371"
"0/1","15,21","36","99","611,0,458"
"0/1","17,10","30","99","284,0,449"
"0/1","13,12","25","99","404,0,400"
"0/1","17,9","26","99","291,0,595"
"0/1","14,19","33","99","522,0,399"
"0/1","7,16","23","99","531,0,226"
"0/1","14,13","27","99","401,0,459"
"0/1","9,13","22","99","390,0,295"
"0/1","13,16","29","99","526,0,362"
"0/1","6,12","18","99","351,0,191"
"0/1","16,17","33","99","564,0,537"
"0/1","15,19","34","99","596,0,465"
"0/1","8,15","23","99","477,0,254"
"0/1","16,13","29","99","370,0,546"
"0/1","21,10","31","99","229,0,674"
"0/1","14,14","28","99","440,0,483"
"0/1","8,14","22","99","467,0,224"
"0/1","10,8","18","99","252,0,338"
"0/1","9,8","17","99","274,0,268"
"0/1","8,9","17","99","313,0,279"
"0/1","26,4","30","62","62,0,951"
"0/1","23,4","27","77","77,0,829"
"0/1","27,4","31","73","73,0,932"
"0/1","26,4","30","71","71,0,963"
"0/1","20,9","29","99","252,0,628"
"0/1","20,15","35","99","453,0,645"
"0/1","19,16","35","99","350,0,642"
"0/1","7,5","12","99","169,0,246"
"0/1","13,13","26","99","451,0,405"
"0/0","9,0","9","24","0,24,327"
"0/0","11,0","11","30","0,30,401"
"0/0","11,0","11","30","0,30,410"
"0/0","11,0","11","30","0,30,410"
"0/0","11,0","11","30","0,30,407"
"0/0","11,0","11","30","0,30,414"
"0/0","11,0","11","30","0,30,412"
"0/0","11,0","11","30","0,30,412"
"0/0","13,0","13","36","0,36,494"
"0/0","14,0","14","39","0,39,521"
"0/0","14,0","14","39","0,39,524"
"0/0","15,0","15","42","0,42,569"
"0/0","15,0","15","42","0,42,569"
"0/0","16,0","16","45","0,45,609"
"0/0","19,0","19","54","0,54,738"
"0/0","18,0","18","51","0,51,699"
"0/0","18,0","18","51","0,51,696"
"0/0","18,0","18","51","0,51,698"
"0/0","18,0","18","51","0,51,687"
"0/0","18,0","18","51","0,51,689"
"1/1","0,32","32","90","1198,90,0"
"1/1","0,29","29","81","1079,81,0"
"0/1","15,8","23","99","263,0,508"
"0/1","14,9","23","99","300,0,461"
"0/1","13,11","24","99","331,0,436"
"0/1","13,11","24","99","368,0,452"
"0/1","6,14","20","99","440,0,191"
"0/1","5,10","15","99","351,0,155"
"0/1","8,15","23","99","547,0,255"
"0/0","16,0","17","36","0,36,431"
"0/0","17,2","20","23","0,23,588"
"0/0","22,0","22","57","0,57,753"
"0/0","25,0","25","72","0,72,901"
"0/0","25,0","25","72","0,72,920"
"0/0","27,0","27","72","0,72,903"
"0/0","29,0","29","75","0,75,936"
"0/0","28,1","29","84","0,84,1055"
"0/0","30,0","30","81","0,81,1023"
"0/1","14,18","32","99","577,0,440"
"0/1","13,10","23","99","334,0,402"
"0/0","44,0","44","99","0,129,1687"
"0/0","44,0","44","99","0,120,1554"
"0/1","17,19","36","99","623,0,570"
"0/1","11,11","22","99","383,0,368"
"0/1","12,10","22","99","328,0,414"
"0/1","13,13","26","99","443,0,443"
"0/1","14,15","29","99","367,0,476"
"1/1","0,27","27","57","698,57,0"
"0/1","14,5","19","99","134,0,496"
"0/1","15,8","23","99","205,0,479"
"0/1","37,20","57","99","338,0,994"
"0/1","24,39","64","99","1010,0,491"
"0/1","40,27","68","99","617,0,1011"
"0/1","34,34","68","99","949,0,979"
"0/1","35,36","71","99","793,0,798"
"0/1","38,34","72","99","670,0,843"
"0/1","34,37","71","99","827,0,748"
"0/1","32,35","68","99","728,0,635"
"0/1","31,35","66","99","802,0,625"
"0/1","29,27","56","99","615,0,625"
"0/1","29,15","44","99","235,0,771"
"0/1","28,14","42","99","158,0,735"
"0/1","16,15","31","99","442,0,522"
"0/1","23,19","42","99","555,0,690"
"0/1","21,15","36","99","471,0,738"
"0/1","24,4","28","2","2,0,827"
"0/1","18,15","33","99","504,0,588"
"0/1","18,8","26","99","248,0,651"
"0/1","35,8","44","99","114,0,1110"
"0/1","33,7","40","99","107,0,1019"
"0/1","26,6","32","99","134,0,860"
"0/1","27,12","39","99","323,0,869"
"0/1","34,12","46","99","208,0,1043"
"0/1","35,12","47","99","226,0,1079"
"0/1","62,14","76","49","49,0,1813"
"0/1","52,23","76","99","408,0,1535"
"0/1","12,8","20","99","257,0,424"
"0/1","18,13","31","99","442,0,566"
"0/1","8,9","17","99","315,0,269"
"0/1","13,21","34","99","694,0,394"
"0/1","14,13","27","99","443,0,461"
"0/1","10,6","16","99","189,0,348"
"0/1","13,20","33","99","685,0,426"
"0/1","11,17","28","99","564,0,351"
"0/1","10,15","25","99","489,0,308"
"0/1","9,31","40","99","1005,0,237"
"0/1","3,7","10","89","215,0,89"
"0/1","22,16","38","99","481,0,730"
"0/1","13,11","24","99","378,0,449"
"0/1","45,16","61","99","256,0,1310"
"0/1","27,8","35","99","127,0,935"
"0/1","15,8","23","99","264,0,493"
"0/1","15,19","34","99","601,0,452"
"0/1","5,8","13","99","286,0,163"
"0/1","17,7","24","99","211,0,563"
"0/1","14,18","33","99","501,0,405"
"0/1","12,8","20","99","228,0,265"
"0/1","14,12","26","99","301,0,409"
"0/1","21,15","36","99","475,0,616"
"0/1","24,18","42","99","571,0,754"
"0/1","23,20","43","99","582,0,775"
"0/1","24,16","41","99","365,0,758"
"0/1","8,19","28","99","601,0,247"
"0/1","15,19","34","99","573,0,450"
"0/1","9,8","17","99","280,0,172"
"0/1","11,10","21","99","310,0,384"
"0/1","13,15","28","99","487,0,437"
"0/1","15,13","28","99","440,0,517"
"0/1","12,14","26","99","479,0,307"
"0/1","15,15","30","99","495,0,479"
"0/1","10,25","35","99","808,0,222"
"0/1","21,14","35","99","457,0,664"
"0/1","21,13","34","99","364,0,728"
"0/1","14,11","25","99","310,0,397"
"0/1","14,18","32","99","495,0,455"
"0/0","8,1","9","12","0,12,145"
"0/1","8,7","15","99","156,0,272"
"0/1","15,11","26","99","317,0,475"
"0/1","17,12","29","99","369,0,527"
"0/1","18,17","35","99","473,0,527"
"0/1","22,18","40","99","613,0,440"
"0/1","14,12","27","99","318,0,468"
"0/0","8,2","13","6","0,6,53"
"0/1","17,13","30","99","378,0,588"
"0/1","14,13","27","99","157,0,259"
"0/1","5,4","9","65","67,0,65"
"0/1","23,20","43","99","489,0,371"
"0/1","31,14","45","99","308,0,693"
"0/1","33,14","47","99","263,0,730"
"0/0","19,0","21","39","0,39,522"
"0/1","15,15","30","99","503,0,455"
"0/1","19,24","43","99","746,0,601"
"0/1","18,28","46","99","860,0,579"
"1/1","1,23","24","42","509,42,0"
"0/1","17,13","31","99","333,0,524"
"0/1","16,16","32","99","508,0,488"
"0/1","9,12","21","99","248,0,298"
"0/1","12,4","16","99","115,0,439"
"0/1","24,14","38","99","411,0,774"
"0/1","13,10","23","99","334,0,467"
"0/1","8,9","17","99","315,0,269"
"0/1","23,28","51","99","967,0,776"
"0/1","18,14","32","99","470,0,634"
"0/1","10,24","34","99","776,0,304"
"0/1","8,5","13","99","166,0,240"
"0/1","48,14","62","99","333,0,1650"
"0/1","28,6","34","99","126,0,903"
"0/1","38,24","62","99","736,0,1233"
"0/1","13,14","27","99","452,0,370"
"0/1","18,15","33","99","473,0,620"
"0/1","8,16","24","99","526,0,253"
"0/1","16,13","29","99","424,0,543"
"0/1","15,12","27","99","316,0,456"
"0/1","8,7","15","99","242,0,276"
"0/1","8,7","15","99","241,0,280"
"0/1","12,10","22","99","310,0,392"
"0/1","16,10","26","99","316,0,538"
"0/1","16,11","27","99","369,0,515"
"0/1","17,13","30","99","426,0,595"
"0/1","18,19","37","99","653,0,547"
"0/1","11,14","25","99","458,0,352"
"0/1","9,15","24","99","504,0,260"
"0/1","15,11","26","99","365,0,461"
"0/1","11,15","26","99","462,0,359"
"0/1","20,13","33","99","352,0,610"
"0/1","15,12","27","99","369,0,481"
"0/1","20,19","39","99","621,0,606"
"0/1","21,14","35","99","442,0,703"
"0/1","21,12","33","99","349,0,732"
"0/1","15,21","36","99","743,0,493"
"0/1","10,14","24","99","490,0,337"
"0/1","9,15","24","99","526,0,294"
"0/1","16,7","23","99","167,0,551"
"0/1","12,8","20","99","268,0,382"
"0/1","13,10","23","99","341,0,428"
"0/1","17,15","32","99","518,0,541"
"0/1","15,6","21","99","144,0,542"
"0/1","12,14","26","99","435,0,402"
"0/1","11,9","20","99","307,0,331"
"0/1","10,12","22","99","416,0,333"
"0/1","11,11","22","99","352,0,369"
"0/1","8,9","17","99","282,0,276"
"0/1","3,7","10","95","220,0,95"
"0/1","9,3","12","90","90,0,291"
"0/1","12,5","17","99","120,0,438"
"0/1","11,12","23","99","381,0,349"
"0/1","11,15","26","99","454,0,340"
"0/0","20,1","21","30","0,30,731"
"0/0","21,1","22","30","0,30,727"
"0/1","11,4","15","99","117,0,348"
"0/1","11,8","19","99","278,0,289"
"0/1","12,7","19","99","179,0,380"
"0/1","8,17","25","99","566,0,235"
"0/1","13,10","23","99","320,0,442"
"0/1","13,11","24","99","370,0,421"
"0/1","7,13","20","99","441,0,195"
"0/1","12,12","24","99","375,0,383"
"0/1","9,11","20","99","379,0,273"
"0/1","12,13","25","99","381,0,372"
"0/1","12,5","17","99","154,0,355"
"0/1","9,5","14","99","165,0,327"
"0/1","7,10","17","99","324,0,191"
"0/1","11,11","22","99","355,0,303"
"0/1","12,11","23","99","374,0,376"
"0/1","11,12","23","99","378,0,366"
"0/1","12,17","29","99","604,0,395"
"0/1","12,12","24","99","377,0,413"
"0/1","14,12","26","99","400,0,480"
"0/1","15,13","28","99","397,0,493"
"0/1","10,5","15","99","160,0,366"
"0/1","8,8","16","99","282,0,236"
"0/1","5,11","16","99","336,0,153"
"0/1","9,13","22","99","424,0,304"
"0/1","15,12","27","99","397,0,458"
"0/1","13,15","28","99","505,0,379"
"0/1","16,20","36","99","590,0,475"
"0/1","8,18","26","99","609,0,242"
"0/1","16,16","32","99","514,0,478"
"0/1","7,15","22","99","472,0,189"
"0/1","14,13","27","99","420,0,435"
"0/1","17,15","32","99","446,0,563"
"0/1","11,14","25","99","385,0,298"
"0/1","11,4","15","99","117,0,395"
"0/1","7,8","15","99","284,0,239"
"0/1","8,8","16","99","280,0,242"
"0/1","9,14","23","99","482,0,280"
"0/1","10,14","24","99","468,0,288"
"0/1","9,13","22","99","434,0,286"
"0/1","13,9","22","99","307,0,387"
"0/1","21,15","36","99","505,0,652"
"0/1","25,15","40","99","490,0,770"
"0/1","26,14","40","99","395,0,878"
"0/1","14,18","32","99","577,0,392"
"0/1","13,18","31","99","599,0,429"
"0/1","23,8","31","99","182,0,762"
"0/1","22,11","33","99","346,0,631"
"0/1","17,20","37","99","644,0,527"
"0/1","15,16","31","99","548,0,508"
"0/1","13,18","31","99","559,0,400"
"0/0","29,0","29","84","0,84,1132"
"0/1","25,9","34","99","259,0,771"
"0/1","17,17","34","99","546,0,521"
"0/1","15,14","29","99","403,0,496"
"0/1","16,16","32","99","509,0,560"
"0/1","15,14","29","99","441,0,443"
"0/1","23,18","41","99","595,0,637"
"0/1","11,19","30","99","650,0,352"
"0/1","12,13","25","99","372,0,273"
"0/1","14,15","30","99","431,0,437"
"0/1","16,11","27","99","357,0,515"
"0/1","12,11","23","99","373,0,355"
"0/1","10,14","24","99","497,0,326"
"0/1","10,14","24","99","491,0,328"
"0/1","10,18","28","99","573,0,314"
"0/1","14,7","21","99","214,0,453"
"0/1","11,18","29","99","566,0,350"
"0/1","11,15","26","99","529,0,372"
"0/1","14,8","22","99","261,0,498"
"0/1","19,11","30","99","346,0,616"
"0/1","10,14","24","99","454,0,327"
"0/1","18,19","38","99","567,0,613"
"0/1","14,11","27","99","279,0,363"
"0/1","18,10","28","99","317,0,416"
"0/1","9,20","29","99","674,0,250"
"0/1","8,11","19","99","393,0,236"
"0/1","7,11","18","99","359,0,236"
"0/1","3,12","15","78","389,0,78"
"0/1","6,8","14","99","236,0,205"
"0/1","7,8","15","99","228,0,239"
"0/1","9,9","18","99","313,0,309"
"0/1","21,13","34","99","437,0,722"
"0/1","7,24","31","99","788,0,171"
"0/1","27,10","37","99","267,0,774"
"0/1","13,18","31","99","606,0,426"
"0/1","13,18","31","99","601,0,433"
"0/1","12,12","25","99","410,0,339"
"0/1","18,12","30","99","388,0,590"
"0/1","16,12","28","99","384,0,544"
"0/1","21,13","34","99","375,0,736"
"0/1","16,6","22","99","179,0,590"
"0/1","6,15","21","99","539,0,184"
"0/1","10,12","22","99","418,0,344"
"0/1","10,12","22","99","394,0,331"
"0/1","13,8","21","99","223,0,433"
"0/1","15,7","22","99","220,0,520"
"0/1","9,11","20","99","337,0,270"
"0/1","8,11","19","99","334,0,227"
"0/1","7,17","24","99","483,0,222"
"0/1","5,11","16","99","399,0,155"
"0/1","6,11","17","99","361,0,190"
"0/1","6,10","16","99","353,0,192"
"0/1","2,6","8","58","221,0,58"
"0/1","6,8","14","99","284,0,171"
"0/1","7,11","18","99","367,0,202"
"0/1","15,10","25","99","337,0,501"
"0/1","8,14","22","99","464,0,264"
"0/1","7,13","20","99","477,0,190"
"0/1","5,13","18","99","425,0,151"
"0/1","5,13","18","99","435,0,154"
"0/1","11,12","23","99","381,0,383"
"0/1","12,9","21","99","306,0,427"
"0/1","16,11","27","99","325,0,544"
"0/1","6,9","15","99","325,0,166"
"0/1","11,10","21","99","341,0,336"
"0/1","10,8","18","99","276,0,311"
"0/1","11,12","23","99","428,0,374"
"0/1","11,5","16","99","157,0,349"
"0/1","19,16","35","99","517,0,557"
"0/1","15,25","40","99","858,0,472"
"0/1","15,16","31","99","540,0,481"
"0/1","14,17","31","99","517,0,435"
"0/1","4,14","18","99","478,0,106"
"0/1","13,17","30","99","512,0,364"
"0/1","22,15","37","99","497,0,706"
"0/1","5,10","15","99","362,0,152"
"0/1","10,4","14","99","125,0,366"
"0/1","8,6","14","99","208,0,201"
"0/1","9,7","16","99","200,0,277"
"0/1","15,7","24","99","205,0,411"
"0/1","21,14","35","99","444,0,658"
"0/1","13,21","34","99","633,0,344"
"0/1","12,13","25","99","391,0,369"
"0/1","9,12","22","99","415,0,265"
"0/1","10,17","27","99","594,0,316"
"0/1","12,15","27","99","484,0,371"
"0/1","12,11","23","99","386,0,378"
"0/1","5,13","18","99","478,0,151"
"0/1","8,9","17","99","307,0,268"
"0/1","8,15","23","99","504,0,230"
"0/1","5,11","16","99","398,0,149"
"0/1","9,13","22","99","430,0,303"
"0/1","19,19","38","99","616,0,600"
"0/1","18,18","36","99","599,0,543"
"0/1","19,25","44","99","842,0,640"
"0/1","20,28","48","99","938,0,627"
"0/1","16,18","34","99","591,0,538"
"0/1","15,17","32","99","509,0,486"
"0/1","14,13","27","99","444,0,490"
"0/1","12,13","25","99","448,0,402"
"0/1","17,18","36","99","361,0,405"
"0/1","18,17","35","99","354,0,483"
"0/0","33,0","33","87","0,87,1163"
"0/0","28,0","28","78","0,78,1008"
"0/0","25,0","25","69","0,69,879"
"0/1","1,6","7","22","144,0,22"
"0/1","9,22","31","99","681,0,171"
"0/1","22,8","30","99","138,0,641"
"0/1","17,12","29","99","341,0,439"
"0/0","4,0","4","9","0,9,111"
"0/1","10,4","15","78","78,0,313"
"0/1","9,9","18","99","234,0,255"
"0/1","15,1","16","1","1,0,434"
"0/1","9,17","26","99","486,0,247"
"0/1","28,18","48","99","329,0,862"
"0/1","18,17","35","99","539,0,493"
"1/1","0,20","20","42","520,42,0"
"0/0","31,3","34","60","0,60,754"
"0/0","29,4","33","60","0,60,738"
"0/1","21,18","39","99","579,0,566"
"0/1","17,14","31","99","458,0,509"
"0/1","28,15","43","99","478,0,925"
"0/1","12,10","22","99","301,0,374"
"0/1","15,25","40","99","846,0,410"
"0/1","11,20","31","99","718,0,349"
"0/1","20,19","39","99","563,0,625"
"0/1","9,9","18","99","306,0,248"
"0/1","17,18","35","99","539,0,442"
"0/1","9,12","21","99","359,0,261"
"0/1","7,8","15","99","272,0,242"
"0/1","9,7","16","99","205,0,321"
"0/1","11,19","30","99","611,0,357"
"0/1","8,13","21","99","378,0,230"
"0/1","19,13","32","99","392,0,578"
"0/1","10,4","14","99","123,0,360"
"0/1","14,9","23","99","294,0,483"
"0/1","18,12","30","99","351,0,594"
"0/1","8,14","22","99","508,0,217"
"0/1","11,12","23","99","416,0,335"
"0/1","18,16","34","99","531,0,630"
"0/1","14,12","26","99","407,0,454"
"0/1","25,11","36","99","300,0,799"
"0/1","17,14","31","99","466,0,586"
"0/1","10,12","22","99","387,0,346"
"0/0","16,0","16","48","0,48,639"
"0/1","13,10","23","99","350,0,422"
"0/1","12,14","26","99","485,0,330"
"0/0","21,0","21","63","0,63,831"
"0/1","12,16","28","99","493,0,329"
"0/1","20,16","36","99","522,0,603"
"0/1","10,6","16","99","179,0,347"
"0/1","22,10","32","99","311,0,755"
"0/1","15,14","29","99","433,0,475"
"0/1","14,13","27","99","404,0,481"
"0/1","13,9","24","99","243,0,314"
"0/1","17,19","37","99","506,0,452"
"0/1","10,17","27","99","591,0,314"
"0/1","11,12","23","99","411,0,362"
"0/1","13,6","19","99","186,0,435"
"0/1","18,17","35","99","506,0,577"
"0/1","17,16","33","99","514,0,551"
"0/1","14,13","27","99","398,0,478"
"0/1","10,11","21","99","370,0,324"
"0/1","9,11","20","99","374,0,292"
"0/1","9,9","18","99","308,0,308"
"0/1","8,10","18","99","346,0,258"
"0/1","36,7","43","65","65,0,1096"
"0/1","18,11","29","52","52,0,602"
"0/0","16,5","21","0","0,0,491"
"0/1","46,4","50","63","63,0,981"
"0/1","46,4","50","66","66,0,981"
"0/1","16,16","32","99","468,0,460"
"0/1","15,20","35","99","516,0,394"
"0/1","18,28","46","99","837,0,519"
"0/1","17,12","29","99","385,0,518"
"0/1","22,14","36","99","411,0,515"
"0/1","21,17","38","99","560,0,705"
"0/1","14,21","35","99","684,0,456"
"0/1","13,13","26","99","412,0,409"
"0/1","19,25","44","99","765,0,537"
"0/1","21,14","35","99","390,0,697"
"0/1","8,14","22","99","500,0,253"
"0/1","8,6","14","99","188,0,203"
"0/1","9,6","15","99","140,0,297"
"0/1","17,11","28","99","354,0,532"
"0/1","15,9","24","99","279,0,492"
"0/1","10,11","21","99","371,0,284"
"0/1","8,12","20","99","394,0,270"
"0/1","13,13","26","99","394,0,449"
"0/1","13,13","26","99","387,0,452"
"0/1","13,11","24","99","322,0,461"
"0/1","14,11","25","99","374,0,449"
"0/1","12,11","23","99","369,0,394"
"0/1","13,9","22","99","265,0,399"
"0/1","13,8","21","99","229,0,398"
"0/1","9,9","18","99","297,0,301"
"0/1","8,8","16","99","281,0,276"
"0/1","10,9","19","99","310,0,341"
"0/1","12,12","24","99","410,0,378"
"0/1","11,8","20","99","273,0,350"
"0/1","12,9","21","99","304,0,386"
"0/1","13,8","21","99","230,0,433"
"0/1","15,7","22","99","188,0,476"
"0/1","16,6","22","99","151,0,517"
"0/1","17,7","24","99","182,0,546"
"0/1","18,10","28","99","279,0,621"
"0/1","19,9","28","99","287,0,607"
"0/1","18,9","27","99","292,0,590"
"0/1","17,9","26","99","285,0,584"
"0/1","18,7","25","99","200,0,614"
"0/1","16,8","24","99","255,0,543"
"0/1","6,11","17","99","362,0,199"
"0/1","7,10","17","99","331,0,232"
"0/1","8,10","18","99","321,0,268"
"0/1","13,9","22","99","270,0,474"
"0/1","10,13","23","99","362,0,305"
"0/1","9,9","18","99","282,0,316"
"0/1","12,19","31","99","545,0,411"
"0/1","12,19","31","99","548,0,413"
"0/1","14,21","35","99","612,0,474"
"0/1","21,12","33","99","249,0,659"
"0/1","12,18","30","99","516,0,379"
"0/1","13,18","31","99","550,0,380"
"0/1","14,20","34","99","573,0,432"
"0/1","17,12","29","99","338,0,502"
"0/1","17,13","30","99","408,0,516"
"0/1","13,10","23","99","341,0,455"
"0/1","13,12","25","99","405,0,438"
"0/1","14,13","27","99","438,0,471"
"0/1","12,15","27","99","536,0,409"
"0/1","12,15","27","99","495,0,412"
"0/1","13,16","29","99","552,0,432"
"0/1","14,17","31","99","585,0,474"
"0/1","16,22","38","99","765,0,502"
"0/1","14,21","35","99","714,0,455"
"0/1","15,18","33","99","612,0,513"
"0/1","17,18","35","99","614,0,584"
"0/1","17,23","40","99","816,0,568"
"0/1","14,23","37","99","792,0,460"
"0/1","15,21","36","99","737,0,496"
"0/1","16,15","31","99","513,0,546"
"0/1","16,14","30","99","481,0,522"
"0/1","14,16","30","99","520,0,485"
"0/1","15,15","30","99","471,0,520"
"0/1","16,16","32","99","470,0,548"
"0/1","13,15","28","99","461,0,441"
"0/1","11,15","26","99","462,0,354"
"0/1","9,15","24","99","482,0,293"
"0/1","8,19","27","99","666,0,243"
"0/1","7,22","29","99","727,0,198"
"0/1","6,23","29","99","782,0,157"
"0/1","6,24","30","99","818,0,158"
"0/1","6,20","26","99","642,0,168"
"0/1","8,18","26","99","564,0,245"
"0/1","7,18","25","99","613,0,213"
"0/1","14,12","26","99","407,0,483"
"0/1","14,12","26","99","400,0,440"
"0/1","14,12","26","99","403,0,475"
"0/1","13,12","25","99","400,0,441"
"0/1","8,10","18","99","306,0,252"
"0/1","11,9","20","99","295,0,375"
"0/1","9,11","20","99","380,0,282"
"0/1","19,16","35","99","446,0,581"
"0/1","18,15","33","99","442,0,534"
"0/1","18,16","34","99","490,0,485"
"0/1","15,18","33","99","562,0,427"
"0/1","13,14","27","99","411,0,440"
"0/1","16,15","31","99","423,0,527"
"0/1","18,13","31","99","419,0,540"
"0/1","21,12","33","99","371,0,684"
"0/1","13,20","33","99","628,0,406"
"0/1","20,12","32","99","383,0,623"
"0/1","20,12","32","99","378,0,651"
"0/1","19,12","31","99","382,0,589"
"0/1","19,12","31","99","372,0,620"
"0/1","19,14","33","99","418,0,592"
"0/1","17,13","30","99","355,0,573"
"0/1","17,12","29","99","316,0,580"
"0/1","16,11","27","99","319,0,564"
"0/1","16,11","27","99","318,0,560"
"0/1","17,12","29","99","371,0,550"
"0/1","17,13","30","99","403,0,552"
"0/1","19,12","31","99","368,0,625"
"0/1","13,14","27","99","453,0,423"
"0/1","14,16","30","99","514,0,479"
"0/1","18,17","35","99","534,0,594"
"0/1","11,17","28","99","596,0,359"
"0/1","8,18","26","99","635,0,251"
"0/1","10,17","27","99","593,0,311"
"0/1","9,19","28","99","656,0,276"
"0/1","10,21","31","99","668,0,317"
"0/1","9,20","29","99","658,0,270"
"0/1","9,17","26","99","554,0,284"
"0/1","11,17","28","99","542,0,355"
"0/1","10,13","23","99","416,0,334"
"0/1","10,13","23","99","382,0,334"
"0/1","10,14","24","99","458,0,338"
"0/1","13,15","28","99","444,0,403"
"0/1","14,14","28","99","428,0,433"
"0/1","15,15","30","99","478,0,445"
"0/1","12,15","27","99","519,0,365"
"0/1","11,14","25","99","462,0,332"
"0/1","11,15","26","99","536,0,329"
"0/1","11,12","23","99","420,0,297"
"0/1","11,13","24","99","442,0,324"
"0/1","11,13","24","99","415,0,331"
"0/1","16,13","29","99","426,0,471"
"0/1","16,13","29","99","367,0,479"
"0/1","15,15","30","99","431,0,507"
"0/1","17,16","33","99","465,0,577"
"0/1","16,15","31","99","477,0,509"
"0/1","16,15","31","99","477,0,547"
"0/1","17,16","33","99","500,0,584"
"0/1","16,16","32","99","497,0,545"
"0/1","15,13","28","99","425,0,525"
"0/1","16,12","28","99","393,0,561"
"0/1","15,12","27","99","396,0,518"
"0/1","16,13","29","99","432,0,526"
"0/1","16,17","33","99","547,0,550"
"0/1","17,17","34","99","546,0,592"
"0/1","15,16","31","99","536,0,504"
"0/1","15,14","29","99","467,0,489"
"0/1","15,14","29","99","480,0,454"
"0/1","15,12","27","99","412,0,513"
"0/1","15,12","27","99","413,0,499"
"1/1","1,31","32","90","1194,90,0"
"0/1","17,14","31","99","480,0,492"
"0/1","14,18","32","99","499,0,456"
"0/1","12,17","29","99","498,0,399"
"0/1","14,13","27","99","411,0,401"
"0/1","15,13","28","99","349,0,502"
"0/1","15,12","27","99","346,0,511"
"0/1","14,11","25","99","314,0,449"
"0/1","14,14","28","99","366,0,477"
"0/1","13,14","27","99","389,0,434"
"0/1","15,15","30","99","513,0,503"
"0/1","13,15","28","99","529,0,439"
"0/1","15,12","27","99","401,0,523"
"0/1","9,14","23","99","495,0,292"
"0/1","8,15","23","99","531,0,248"
"0/1","8,14","22","99","506,0,244"
"0/1","8,14","22","99","487,0,253"
"0/1","8,14","22","99","491,0,253"
"0/1","11,12","23","99","417,0,356"
"0/1","15,8","23","99","245,0,533"
"0/1","15,14","29","99","469,0,520"
"0/1","15,13","28","99","381,0,522"
"0/1","12,12","24","99","406,0,403"
"0/1","11,10","21","99","332,0,381"
"0/1","13,10","23","99","303,0,441"
"0/1","12,10","22","99","270,0,393"
"0/1","11,11","22","99","378,0,349"
"0/1","11,11","22","99","304,0,352"
"0/1","8,9","17","99","319,0,279"
"0/1","10,9","19","99","298,0,353"
"0/1","10,11","21","99","377,0,344"
"0/1","10,11","21","99","380,0,344"
"0/1","11,14","25","99","471,0,345"
"0/1","10,17","27","99","563,0,332"
"0/1","9,15","24","99","478,0,301"
"0/1","10,13","23","99","414,0,346"
"0/1","10,15","26","99","417,0,329"
"0/1","9,15","24","99","429,0,304"
"0/1","11,7","18","99","143,0,395"
"0/1","11,7","18","99","142,0,399"
"0/1","11,7","18","99","179,0,386"
"0/1","12,7","19","99","197,0,407"
"0/1","12,7","19","99","173,0,415"
"0/1","12,7","19","99","225,0,386"
"0/1","10,8","18","99","212,0,316"
"0/1","10,8","18","99","191,0,354"
"0/1","11,9","20","99","225,0,377"
"0/1","12,11","23","99","340,0,408"
"0/1","12,13","25","99","434,0,371"
"0/1","14,10","24","99","310,0,414"
"0/1","12,9","21","99","307,0,377"
"0/1","12,8","20","99","257,0,373"
"0/1","13,8","21","99","266,0,395"
"0/1","14,9","23","99","294,0,426"
"0/1","15,9","24","99","290,0,460"
"0/1","16,14","30","99","465,0,533"
"0/1","15,14","29","99","461,0,502"
"0/1","13,14","27","99","407,0,409"
"0/1","13,14","27","99","412,0,430"
"0/1","16,14","30","99","364,0,493"
"0/1","15,14","29","99","370,0,513"
"0/1","17,16","33","99","403,0,583"
"0/1","16,10","26","99","245,0,554"
"0/1","18,7","25","99","130,0,585"
"0/1","16,7","23","99","127,0,531"
"0/1","16,8","24","99","183,0,537"
"0/1","15,14","29","99","422,0,471"
"0/1","14,13","27","99","391,0,464"
"0/1","11,12","23","99","395,0,380"
"0/1","14,10","24","99","333,0,442"
"0/1","17,14","31","99","410,0,505"
"0/1","23,16","39","99","409,0,748"
"0/1","21,17","39","99","473,0,607"
"0/1","22,18","40","99","518,0,676"
"0/1","22,18","40","99","521,0,682"
"0/1","22,16","38","99","463,0,708"
"0/1","18,16","34","99","466,0,536"
"0/1","21,10","31","99","265,0,671"
"0/1","20,10","30","99","259,0,652"
"0/1","20,10","30","99","254,0,636"
"0/1","18,13","31","99","434,0,592"
"0/1","19,13","32","99","390,0,651"
"0/1","16,12","28","99","373,0,545"
"0/1","18,12","30","99","377,0,574"
"0/1","19,15","34","99","406,0,610"
"0/1","21,13","34","99","370,0,648"
"0/1","16,10","26","99","309,0,504"
"0/1","15,10","25","99","316,0,454"
"0/1","16,10","26","99","281,0,492"
"0/1","18,12","30","99","331,0,573"
"0/1","17,13","30","99","375,0,544"
"0/1","17,15","32","99","416,0,550"
"0/1","18,15","33","99","438,0,593"
"0/1","17,15","32","99","410,0,516"
"0/1","16,16","32","99","492,0,491"
"0/1","19,19","38","99","573,0,573"
"0/1","16,15","31","99","451,0,456"
"0/1","16,11","27","99","311,0,491"
"0/1","21,9","30","99","202,0,601"
"0/1","21,10","31","99","239,0,625"
"0/1","17,19","36","99","587,0,533"
"0/1","18,19","37","99","572,0,586"
"0/1","17,20","37","99","614,0,561"
"0/1","17,22","39","99","649,0,465"
"0/1","17,23","40","99","694,0,514"
"0/1","18,23","41","99","731,0,566"
"0/1","24,18","42","99","507,0,745"
"0/1","19,25","44","99","838,0,581"
"0/1","19,27","46","99","902,0,564"
"0/1","17,30","47","99","981,0,544"
"0/1","30,17","47","99","546,0,989"
"0/1","17,33","50","99","1096,0,514"
"0/1","15,26","41","99","916,0,439"
"0/1","15,26","41","99","911,0,462"
"0/1","14,27","41","99","954,0,430"
"0/1","24,19","43","99","478,0,803"
"0/1","14,29","43","99","963,0,368"
"0/1","14,29","43","99","933,0,347"
"0/1","15,27","42","99","858,0,396"
"0/1","15,27","42","99","843,0,418"
"0/1","15,23","38","99","755,0,333"
"0/1","15,20","35","99","652,0,394"
"0/1","15,20","35","99","651,0,414"
"0/1","12,21","33","99","694,0,264"
"0/1","22,10","32","99","304,0,653"
"0/1","14,9","23","99","228,0,406"
"0/1","14,7","21","99","210,0,411"
"0/1","14,7","21","99","204,0,485"
"0/1","16,7","23","99","204,0,528"
"0/1","15,18","33","99","587,0,497"
"0/1","15,17","32","99","555,0,498"
"0/1","17,17","34","99","559,0,519"
"0/1","12,18","30","99","629,0,350"
"0/1","13,18","31","99","624,0,369"
"0/1","14,17","31","99","542,0,390"
"0/1","14,16","30","99","561,0,436"
"0/1","14,16","30","99","547,0,428"
"0/1","15,16","31","99","546,0,430"
"0/1","14,18","32","99","538,0,453"
"0/1","15,18","33","99","545,0,486"
"0/1","13,19","32","99","659,0,434"
"0/1","14,17","31","99","578,0,468"
"0/1","14,16","30","99","538,0,474"
"0/1","12,17","29","99","576,0,397"
"0/1","12,17","29","99","485,0,396"
"0/1","12,17","29","99","588,0,395"
"0/1","12,20","32","99","706,0,386"
"0/1","12,20","32","99","673,0,349"
"1/1","1,26","27","44","991,44,0"
"0/1","18,15","33","99","497,0,634"
"0/1","12,22","34","99","740,0,325"
"0/1","12,20","32","99","685,0,382"
"0/1","10,20","30","99","697,0,314"
"0/1","12,20","32","99","664,0,376"
"0/1","12,16","28","99","565,0,376"
"0/1","12,14","26","99","499,0,359"
"0/1","12,14","26","99","493,0,325"
"0/1","13,13","26","99","446,0,410"
"0/1","17,7","24","99","212,0,554"
"0/1","17,7","24","99","216,0,555"
"0/1","17,7","26","99","222,0,427"
"0/1","16,12","28","99","400,0,463"
"0/1","16,15","31","99","513,0,485"
"0/1","16,16","32","99","543,0,535"
"0/1","17,16","33","99","542,0,579"
"0/1","16,18","34","99","550,0,547"
"0/1","18,17","35","99","595,0,511"
"0/1","20,16","36","99","527,0,588"
"0/1","19,17","36","99","566,0,596"
"0/1","18,16","35","99","517,0,536"
"0/1","19,12","31","99","379,0,608"
"0/1","21,12","33","99","366,0,717"
"0/1","20,12","32","99","363,0,674"
"0/1","19,11","30","99","307,0,639"
"0/1","19,10","29","99","320,0,588"
"0/1","17,9","26","99","287,0,562"
"0/1","16,10","26","99","319,0,537"
"0/1","16,10","26","99","326,0,537"
"0/1","14,9","23","99","299,0,463"
"0/1","13,9","22","99","302,0,426"
"0/1","12,8","20","99","248,0,378"
"0/1","10,8","18","99","270,0,319"
"0/1","8,13","21","99","433,0,263"
"0/1","9,13","22","99","430,0,299"
"0/1","8,12","20","99","389,0,254"
"0/1","6,12","18","99","391,0,186"
"0/1","6,13","19","99","398,0,193"
"0/1","8,13","21","99","426,0,256"
"0/1","8,13","21","99","397,0,257"
"0/1","7,14","21","99","427,0,220"
"0/1","8,10","18","99","345,0,253"
"0/1","7,10","17","99","306,0,224"
"0/1","5,9","14","99","282,0,123"
"0/1","7,4","12","99","138,0,138"
"0/1","4,2","6","64","64,0,115"
"0/1","5,2","7","65","65,0,136"
"0/1","6,3","9","98","98,0,170"
"0/1","8,11","19","99","350,0,269"
"0/1","9,11","20","99","352,0,301"
"0/1","10,11","21","99","352,0,342"
"0/1","10,11","21","99","347,0,336"
"0/1","8,12","20","99","352,0,275"
"0/1","8,12","20","99","325,0,278"
"0/1","8,11","19","99","317,0,262"
"0/1","8,12","20","99","350,0,262"
"0/1","7,11","18","99","354,0,218"
"0/1","7,10","17","99","315,0,198"
"0/1","8,7","15","99","229,0,269"
"0/1","10,6","16","99","193,0,344"
"0/1","10,5","15","99","152,0,359"
"0/1","6,6","12","99","204,0,211"
"0/1","6,5","11","99","169,0,204"
"0/1","5,5","10","99","175,0,170"
"0/1","10,4","14","99","121,0,317"
"0/1","9,3","12","89","89,0,320"
"0/1","11,6","17","99","182,0,397"
"0/1","11,8","19","99","236,0,397"
"0/1","9,9","18","99","276,0,310"
"0/1","6,12","18","99","396,0,189"
"0/1","6,12","18","99","393,0,186"
"0/1","6,10","16","99","322,0,192"
"0/1","4,10","14","99","318,0,121"
"0/1","13,4","17","99","108,0,475"
"0/1","5,4","10","99","135,0,172"
"0/1","6,4","10","99","123,0,203"
"0/1","7,4","11","99","121,0,241"
"0/1","6,4","10","99","132,0,213"
"0/1","7,4","11","99","126,0,249"
"0/1","9,4","13","99","117,0,318"
"0/1","9,4","13","99","124,0,330"
"0/1","10,5","15","99","157,0,350"
"0/1","10,5","15","99","121,0,355"
"0/1","12,5","17","99","152,0,369"
"0/1","11,5","16","99","155,0,354"
"0/1","8,5","13","99","154,0,271"
"0/1","8,5","13","99","151,0,275"
"0/1","6,12","18","99","395,0,182"
"0/1","6,11","17","99","392,0,188"
"0/1","11,12","23","99","418,0,368"
"0/1","11,12","23","99","370,0,363"
"0/1","10,13","23","99","416,0,337"
"0/1","12,10","22","99","302,0,375"
"0/1","9,11","20","99","335,0,276"
"0/1","17,12","29","99","405,0,588"
"0/1","17,13","30","99","445,0,564"
"0/1","17,14","31","99","479,0,566"
"0/1","17,12","29","99","403,0,594"
"0/1","8,18","26","99","576,0,238"
"0/1","9,18","28","99","644,0,275"
"0/1","9,16","26","99","567,0,252"
"0/1","19,12","31","99","405,0,540"
"0/1","16,16","32","99","515,0,516"
"0/1","23,16","39","99","421,0,655"
"0/1","25,16","41","99","458,0,750"
"0/1","21,13","34","99","154,0,575"
"0/1","31,17","50","99","229,0,851"
"0/1","55,14","69","99","220,0,1685"
"0/1","24,12","36","99","189,0,619"
"0/1","24,13","37","99","221,0,690"
"0/1","15,20","35","99","663,0,459"
"0/1","12,13","25","99","425,0,411"
"0/1","17,20","37","99","682,0,509"
"0/1","16,9","25","99","242,0,451"
"0/1","15,11","27","99","316,0,501"
"0/1","7,9","16","99","249,0,172"
"0/1","11,14","25","99","480,0,278"
"0/1","16,4","20","51","51,0,474"
"0/1","17,24","41","99","772,0,527"
"0/1","11,9","20","99","306,0,383"
"0/1","8,9","17","99","283,0,235"
"0/0","33,0","33","90","0,90,1168"
"0/1","14,10","24","99","320,0,313"
"0/1","16,9","25","99","235,0,361"
"1/1","0,14","14","39","491,39,0"
"0/1","6,5","11","79","79,0,144"
"0/1","29,6","35","99","101,0,821"
"0/0","8,0","8","6","0,6,67"
"0/1","9,30","39","99","1036,0,206"
"0/0","18,1","20","39","0,39,515"
"0/1","14,17","32","99","590,0,456"
"0/1","13,11","24","99","364,0,444"
"0/1","19,6","25","99","121,0,275"
"0/1","19,9","28","99","227,0,218"
"0/1","14,15","29","99","439,0,483"
"1/1","1,2","3","6","79,6,0"
"0/1","8,4","12","6","6,0,258"
"0/1","15,4","19","31","31,0,401"
"0/1","10,12","22","99","220,0,303"
"0/1","41,11","52","99","259,0,1143"
"0/1","48,7","55","99","109,0,1402"
"0/1","12,9","21","99","263,0,225"
"0/1","24,10","34","30","30,0,627"
"0/1","16,10","26","99","294,0,503"
"0/1","14,9","23","99","260,0,453"
"0/1","17,16","33","99","448,0,549"
"0/1","10,11","21","99","381,0,332"
"0/1","18,19","37","99","619,0,502"
"0/1","9,11","20","99","318,0,255"
"0/1","10,13","23","99","406,0,344"
"0/1","14,13","27","99","443,0,483"
"0/1","13,12","25","99","397,0,450"
"0/1","12,10","22","99","334,0,413"
"0/1","12,10","22","99","307,0,416"
"0/1","12,5","17","99","161,0,339"
"0/1","17,7","24","99","210,0,480"
"0/1","12,5","17","99","154,0,368"
"0/1","7,10","17","99","344,0,225"
"1/1","2,17","19","30","408,30,0"
"1/1","0,18","18","54","708,54,0"
"0/1","14,12","26","99","410,0,404"
"0/1","15,18","33","99","565,0,460"
"0/1","18,16","34","99","533,0,591"
"0/1","11,12","23","99","411,0,375"
"0/1","9,11","20","99","311,0,312"
"0/1","13,20","33","99","653,0,436"
"0/1","18,21","39","99","704,0,582"
"0/1","20,18","38","99","559,0,647"
"0/0","9,0","9","18","0,18,242"
"0/1","24,8","32","99","225,0,797"
"0/1","16,16","33","99","438,0,411"
"0/1","16,13","29","99","391,0,528"
"0/1","18,14","37","99","225,0,452"
"0/1","29,18","47","99","451,0,907"
"0/1","34,12","46","99","128,0,943"
"0/1","5,11","16","99","319,0,155"
"0/1","8,10","18","99","340,0,273"
"0/1","13,10","23","99","299,0,424"
"0/1","9,14","23","99","460,0,295"
"0/1","7,14","21","99","454,0,177"
"0/1","17,23","40","99","737,0,555"
"0/1","11,22","33","99","711,0,341"
"0/1","11,25","36","99","812,0,339"
"0/1","24,14","38","99","142,0,639"
"0/1","16,23","39","99","745,0,491"
"0/1","16,21","37","99","715,0,534"
"0/1","15,23","38","99","751,0,431"
"0/1","20,24","45","99","782,0,588"
"0/1","13,12","25","99","415,0,383"
"0/1","11,10","21","99","336,0,370"
"0/1","12,11","23","99","376,0,394"
"0/1","7,8","15","99","245,0,237"
"0/1","16,13","29","99","408,0,526"
"0/1","15,11","26","99","359,0,492"
"0/1","8,14","22","99","452,0,262"
"0/1","9,14","23","99","456,0,269"
"0/1","8,16","24","99","543,0,222"
"0/1","16,13","29","99","365,0,532"
"0/1","12,13","25","99","444,0,396"
"0/1","11,13","24","99","459,0,360"
"0/1","9,15","24","99","531,0,290"
"0/1","11,13","24","99","459,0,370"
"0/1","11,12","23","99","422,0,371"
"0/1","8,14","22","99","486,0,266"
"0/1","9,14","23","99","475,0,295"
"0/1","10,11","21","99","360,0,339"
"0/1","7,12","19","99","398,0,192"
"0/1","11,14","25","99","447,0,371"
"0/1","15,9","24","99","282,0,529"
"0/1","11,20","31","99","471,0,309"
"0/1","12,19","31","99","428,0,392"
"0/1","15,17","32","99","364,0,469"
"0/1","18,19","37","99","416,0,561"
"0/1","53,15","68","99","110,0,1627"
"0/1","56,9","65","99","106,0,1588"
"0/1","47,8","55","99","113,0,1324"
"0/1","46,8","54","99","119,0,1265"
"0/1","46,7","54","99","117,0,1236"
"0/1","41,10","51","99","163,0,1012"
"0/1","43,10","53","99","158,0,1155"
"0/1","43,10","53","99","156,0,1157"
"0/1","36,7","43","79","79,0,1034"
"0/1","37,7","44","76","76,0,1002"
"0/1","11,10","21","99","310,0,286"
"0/0","25,0","25","57","0,57,714"
"0/1","40,10","50","99","217,0,1239"
"0/1","37,15","52","99","368,0,1088"
"0/1","29,13","42","99","394,0,859"
"0/1","33,10","43","99","140,0,499"
"0/1","10,16","26","99","578,0,295"
"0/0","30,3","33","24","0,24,930"
"0/1","26,6","32","27","27,0,853"
"0/1","23,5","28","45","45,0,760"
"0/1","24,5","30","16","16,0,703"
"0/1","10,13","23","99","451,0,293"
"0/1","8,8","16","99","262,0,279"
"0/1","14,3","17","71","71,0,481"
"0/1","11,27","38","99","953,0,340"
"0/1","7,6","13","56","200,0,56"
"0/1","12,7","19","99","196,0,349"
"0/1","17,11","28","99","262,0,594"
"0/1","11,12","23","99","364,0,349"
"0/1","16,16","32","99","546,0,439"
"0/1","11,7","18","99","217,0,380"
"0/1","13,11","24","99","374,0,449"
"0/1","3,7","10","92","251,0,92"
"0/1","20,2","22","17","17,0,673"
"0/1","20,15","35","99","397,0,697"
"0/1","17,21","38","99","737,0,548"
"0/1","10,16","26","99","531,0,312"
"0/1","10,3","13","87","87,0,336"
"0/1","13,11","24","99","383,0,377"
"0/1","17,19","36","99","550,0,532"
"0/1","18,17","35","99","577,0,570"
"0/1","19,19","38","99","601,0,632"
"0/1","17,20","37","99","565,0,581"
"0/1","22,14","36","99","462,0,674"
"0/1","14,11","25","99","360,0,458"
"0/1","14,14","28","99","456,0,449"
"0/1","24,8","32","99","243,0,773"
"0/0","31,0","31","87","0,87,1130"
"0/1","11,19","30","99","642,0,302"
"0/1","15,14","29","99","387,0,494"
"0/1","16,19","35","99","587,0,476"
"0/1","15,14","29","99","467,0,476"
"0/1","10,17","27","99","517,0,284"
"0/1","20,14","34","99","453,0,522"
"0/1","12,14","26","99","483,0,394"
"0/1","13,15","28","99","469,0,365"
"0/0","28,0","28","78","0,78,1052"
"0/1","20,15","35","99","468,0,686"
"0/1","16,13","29","99","428,0,510"
"0/1","20,21","41","99","576,0,670"
"0/1","20,13","33","99","303,0,702"
"0/1","22,17","39","99","535,0,729"
"0/1","22,18","40","99","574,0,750"
"0/1","20,19","39","99","615,0,643"
"0/1","153,22","176","99","196,0,3215"
"0/1","47,15","62","99","362,0,891"
"0/1","60,14","74","85","85,0,1291"
"0/1","36,13","49","99","277,0,614"
"0/1","43,10","53","99","238,0,1028"
"0/1","33,8","41","99","217,0,780"
"0/1","13,16","29","99","529,0,412"
"0/1","10,18","28","99","533,0,226"
"0/1","11,14","25","99","443,0,244"
"0/1","21,13","34","99","257,0,491"
"0/1","6,9","15","99","306,0,200"
"0/1","7,9","16","99","320,0,203"
"0/1","7,7","14","99","208,0,243"
"0/1","13,11","24","99","368,0,452"
"0/1","13,19","32","99","635,0,405"
"0/1","8,4","12","99","132,0,257"
"0/1","22,13","35","99","407,0,718"
"0/1","13,20","33","99","613,0,326"
"0/1","16,17","33","99","536,0,476"
"0/1","19,16","35","99","473,0,571"
"0/1","11,7","18","99","185,0,346"
"0/1","14,12","26","99","362,0,458"
"0/1","7,21","28","99","625,0,202"
"0/1","15,10","25","99","319,0,453"
"0/1","17,13","30","99","405,0,487"
"0/1","20,12","32","99","371,0,650"
"0/1","14,13","27","99","431,0,432"
"0/1","14,9","23","99","256,0,496"
"0/1","4,8","12","99","293,0,129"
"0/1","16,12","28","99","395,0,443"
"0/1","14,13","27","99","446,0,449"
"0/1","11,19","30","99","663,0,354"
"0/1","4,9","13","99","294,0,127"
"0/1","12,4","16","99","115,0,434"
"0/1","11,16","27","99","478,0,300"
"0/1","8,12","20","99","427,0,266"
"0/1","11,15","26","99","527,0,338"
"0/1","11,9","20","99","306,0,321"
"0/1","15,16","31","99","511,0,496"
"0/1","12,2","14","46","46,0,370"
"0/1","10,21","31","99","685,0,306"
"0/1","22,17","39","99","563,0,729"
"0/1","33,12","45","99","217,0,1077"
"0/1","14,19","33","99","655,0,377"
"0/1","9,13","22","99","421,0,303"
"0/1","12,12","24","99","420,0,414"
"0/1","13,11","24","99","338,0,459"
"0/1","22,16","39","99","512,0,649"
"0/1","7,7","14","99","246,0,209"
"0/1","6,11","17","99","385,0,192"
"0/1","17,18","35","99","587,0,553"
"0/1","19,16","35","99","544,0,624"
"0/1","12,5","17","99","140,0,439"
"0/1","12,22","34","99","749,0,375"
"0/1","19,15","34","99","468,0,625"
"0/1","15,10","25","99","328,0,519"
"0/1","18,19","37","99","594,0,621"
"0/1","12,17","29","99","578,0,400"
"0/1","18,14","32","99","402,0,592"
"0/1","136,23","159","99","381,0,4144"
"0/1","158,27","185","99","338,0,4512"
"0/1","69,14","83","99","138,0,2003"
"0/1","72,8","80","99","112,0,1871"
"0/1","17,17","34","99","439,0,245"
"0/1","17,14","36","87","87,0,425"
"0/1","25,10","36","99","119,0,496"
"0/1","5,3","8","99","104,0,144"
"0/1","8,9","17","99","308,0,269"
"0/1","12,12","24","99","416,0,414"
"0/1","11,23","34","99","734,0,345"
"0/1","18,8","26","99","254,0,572"
"0/1","13,16","29","99","498,0,429"
"0/1","13,11","24","99","350,0,327"
"0/1","11,5","16","88","178,0,88"
"0/1","10,12","22","99","373,0,334"
"0/1","13,6","19","99","188,0,469"
"0/1","12,13","25","99","438,0,404"
"0/1","12,11","23","99","362,0,419"
"0/1","9,7","16","99","203,0,304"
"0/1","5,11","16","99","381,0,161"
"0/1","8,9","17","99","322,0,224"
"0/1","18,2","20","26","26,0,598"
"0/1","12,11","23","99","386,0,356"
"0/1","16,13","29","99","400,0,489"
"0/1","13,6","19","99","180,0,457"
"0/1","2,7","9","58","174,0,58"
"0/1","14,15","30","99","477,0,359"
"1/1","0,33","34","81","986,81,0"
"1/1","6,29","35","63","791,63,0"
"0/1","16,21","37","99","730,0,459"
"0/0","27,0","27","81","0,81,1083"
"0/1","10,7","17","99","225,0,313"
"0/1","15,6","21","99","186,0,538"
"0/1","12,19","31","99","595,0,384"
"0/1","16,18","34","99","572,0,479"
"0/0","8,1","9","15","0,15,182"
"0/0","14,0","14","30","0,30,393"
"0/0","18,0","18","42","0,42,539"
"0/0","18,0","18","42","0,42,560"
"0/0","18,0","18","42","0,42,552"
"0/1","14,13","27","99","425,0,463"
"0/1","18,25","43","99","797,0,532"
"0/1","10,17","27","99","393,0,108"
"0/1","9,11","20","99","347,0,301"
"0/1","11,10","21","99","349,0,386"
"0/1","6,9","15","99","324,0,197"
"0/1","12,14","26","99","489,0,405"
"0/1","7,14","21","99","427,0,225"
"0/1","9,13","22","99","455,0,289"
"0/1","6,11","17","99","313,0,198"
"0/1","7,12","19","99","351,0,227"
"0/1","35,12","48","26","26,0,442"
"0/1","17,16","33","99","471,0,472"
"0/1","23,11","34","99","297,0,694"
"0/1","10,9","19","99","285,0,349"
"0/1","19,14","33","99","444,0,539"
"0/0","18,0","18","54","0,54,720"
"0/1","15,8","23","99","224,0,496"
"0/1","12,11","23","99","328,0,421"
"0/1","11,15","26","99","445,0,375"
"0/1","10,13","23","99","393,0,313"
"0/1","9,9","18","99","305,0,270"
"0/1","9,16","25","99","546,0,282"
"0/1","12,10","22","99","341,0,406"
"0/1","11,15","26","99","528,0,370"
"0/1","11,11","22","99","349,0,370"
"0/1","7,7","14","99","242,0,224"
"0/1","12,12","24","99","384,0,383"
"0/1","10,12","22","99","399,0,289"
"0/1","16,12","28","99","399,0,565"
"0/0","13,1","15","21","0,21,250"
"0/1","8,6","14","99","211,0,226"
"0/1","13,12","25","99","404,0,435"
"0/0","45,0","47","99","0,117,1456"
"0/2","23,0,26","49","99","683,747,1470,0,724,658"
"0/1","20,5","27","49","49,0,671"
"0/0","60,1","61","99","0,132,1700"
"0/1","55,12","67","99","108,0,1310"
"0/1","13,9","22","99","278,0,457"
"0/1","8,9","17","99","270,0,264"
"0/1","6,14","20","99","510,0,174"
"0/1","11,11","22","99","345,0,355"
"0/1","11,8","19","99","262,0,376"
"0/1","13,14","27","99","465,0,441"
"0/1","21,20","41","99","645,0,603"
"0/1","22,20","42","99","655,0,654"
"0/1","13,7","20","99","216,0,466"
"0/1","6,3","9","90","90,0,205"
"0/1","11,15","26","99","453,0,244"
"0/1","12,20","32","99","585,0,371"
"0/1","13,10","23","99","311,0,411"
"0/1","9,9","18","99","313,0,315"
"0/1","13,12","25","99","396,0,444"
"0/0","29,0","29","87","0,87,1151"
"0/1","16,9","25","99","260,0,472"
"0/1","10,10","20","99","331,0,282"
"0/1","18,12","30","99","352,0,519"
"0/1","15,10","25","99","337,0,487"
"0/1","10,12","22","99","365,0,344"
"0/1","17,18","35","99","577,0,533"
"0/1","24,21","45","99","693,0,778"
"0/1","27,19","46","99","566,0,757"
"0/1","24,18","42","99","523,0,779"
"0/1","22,18","40","99","558,0,727"
"0/1","17,15","32","99","430,0,593"
"0/1","15,18","33","99","610,0,476"
"0/1","19,18","37","99","591,0,612"
"0/1","22,13","35","99","423,0,748"
"0/1","13,24","37","99","795,0,420"
"0/1","20,12","32","99","378,0,681"
"0/1","11,14","25","99","453,0,336"
"0/1","13,13","26","99","405,0,405"
"0/1","18,14","32","99","400,0,619"
"0/1","20,17","37","99","474,0,656"
"0/1","19,16","35","99","444,0,651"
"0/1","17,11","28","99","345,0,514"
"0/1","10,18","28","99","508,0,312"
"0/1","14,14","28","99","460,0,476"
"0/1","16,20","36","99","683,0,490"
"0/1","19,15","34","99","502,0,525"
"0/1","18,9","27","99","263,0,599"
"0/1","6,8","14","99","279,0,183"
"0/1","5,16","21","99","517,0,145"
"0/1","14,8","22","99","234,0,304"
"0/1","8,5","13","99","151,0,234"
"0/1","14,10","24","99","332,0,460"
"0/1","14,9","23","99","274,0,498"
"1/1","0,20","21","57","775,57,0"
"0/1","16,7","23","99","187,0,550"
"0/1","5,2","7","56","56,0,176"
"0/1","8,15","23","99","491,0,203"
"0/1","23,28","51","99","872,0,644"
"0/1","9,17","26","99","551,0,291"
"0/1","8,16","24","99","566,0,252"
"0/1","17,12","29","99","349,0,610"
"0/0","14,0","15","39","0,39,496"
"0/0","17,0","17","48","0,48,622"
"0/0","16,0","17","45","0,45,591"
"0/0","17,0","17","48","0,48,629"
"0/0","18,0","19","51","0,51,663"
"0/0","18,0","19","48","0,48,626"
"0/0","17,1","19","14","0,14,601"
"0/0","19,0","19","57","0,57,741"
"0/0","19,0","19","57","0,57,737"
"0/0","21,0","22","57","0,57,748"
"0/0","22,0","23","60","0,60,791"
"0/0","25,0","26","69","0,69,923"
"0/0","25,0","26","69","0,69,919"
"0/0","26,0","26","72","0,72,947"
"0/1","15,19","34","99","652,0,452"
"0/1","13,13","26","99","273,0,440"
"0/1","16,14","30","99","317,0,441"
"0/1","15,16","31","99","519,0,469"
"0/1","14,17","31","99","510,0,480"
"0/1","13,7","20","99","219,0,401"
"0/1","13,15","28","99","432,0,356"
"0/1","9,8","17","99","244,0,322"
"0/1","10,7","17","99","228,0,361"
"0/1","12,9","21","99","300,0,428"
"0/1","13,19","32","99","614,0,434"
"0/0","35,0","35","99","0,99,1294"
"0/1","9,5","14","99","163,0,318"
"0/1","14,19","33","99","655,0,463"
"0/1","13,18","31","99","580,0,383"
"0/1","13,7","20","99","225,0,372"
"0/1","9,12","21","99","390,0,231"
"0/1","8,10","18","99","346,0,275"
"0/1","10,15","25","99","516,0,331"
"0/1","11,14","25","99","421,0,362"
"0/1","5,10","15","99","333,0,158"
"0/1","4,6","10","93","212,0,93"
"0/1","13,17","30","99","562,0,381"
"0/1","13,9","22","99","266,0,460"
"0/1","14,25","39","99","799,0,432"
"0/1","10,9","19","99","238,0,310"
"0/1","22,16","38","99","513,0,478"
"0/0","47,0","47","99","0,132,1748"
"0/1","13,18","31","99","622,0,329"
"0/1","9,7","16","99","217,0,316"
"0/1","13,22","35","99","782,0,422"
"0/1","12,23","35","99","698,0,329"
"0/1","19,18","37","99","582,0,568"
"0/1","20,20","40","99","581,0,655"
"0/1","15,15","30","99","476,0,473"
"0/1","16,17","33","99","553,0,536"
"0/1","9,14","23","99","490,0,298"
"0/1","18,20","38","99","702,0,602"
"0/1","13,19","32","99","646,0,420"
"0/1","17,14","31","99","428,0,502"
"0/1","8,9","17","99","288,0,276"
"0/1","9,15","24","99","541,0,261"
"0/1","14,10","24","99","329,0,411"
"0/1","13,6","19","99","192,0,469"
"0/1","14,18","32","99","521,0,421"
"0/1","8,10","18","99","306,0,269"
"0/1","21,23","44","99","719,0,649"
"0/1","12,21","33","99","737,0,328"
"0/1","18,23","41","99","800,0,556"
"0/1","16,16","32","99","533,0,508"
"0/1","12,14","26","99","455,0,381"
"0/1","13,10","23","99","298,0,458"
"0/1","12,11","23","99","363,0,405"
"0/1","14,10","24","99","311,0,463"
"0/1","11,10","21","99","335,0,346"
"0/1","7,13","20","99","459,0,219"
"0/1","14,23","37","99","760,0,420"
"0/0","3,1","4","6","0,6,67"
"1/1","0,31","31","90","1182,90,0"
"0/1","17,12","29","99","403,0,594"
"0/1","17,13","30","99","437,0,598"
"0/1","10,11","21","99","347,0,334"
"0/1","16,11","27","99","319,0,520"
"0/0","23,0","23","60","0,60,808"
"0/1","11,13","24","99","458,0,372"
"0/1","12,10","22","99","329,0,394"
"0/1","9,8","17","99","255,0,308"
"0/1","11,13","24","99","463,0,268"
"0/1","12,11","23","99","349,0,426"
"0/1","16,19","35","99","653,0,536"
"0/1","13,15","28","99","479,0,413"
"0/1","6,14","20","99","504,0,185"
"0/1","22,15","37","99","380,0,669"
"0/1","10,12","22","99","392,0,289"
"0/1","14,3","17","72","72,0,514"
"0/1","11,15","26","99","519,0,368"
"0/1","13,8","21","99","264,0,414"
"0/1","13,17","31","99","523,0,425"
"0/1","18,16","34","99","423,0,603"
"0/1","19,10","29","99","256,0,655"
"0/1","17,11","28","99","331,0,600"
"0/1","7,12","19","99","421,0,215"
"0/1","12,14","27","99","352,0,389"
"0/1","15,15","32","99","298,0,427"
"0/1","22,14","36","99","447,0,717"
"0/1","12,11","23","99","343,0,409"
"0/1","9,10","19","99","348,0,307"
"0/1","8,2","10","49","49,0,297"
"0/1","6,9","15","99","310,0,193"
"0/1","8,12","20","99","415,0,222"
"0/1","8,19","27","99","688,0,195"
"0/1","9,13","22","99","457,0,292"
"0/1","13,19","32","99","604,0,437"
"0/1","8,16","24","99","498,0,210"
"0/1","13,12","25","99","395,0,418"
"0/1","9,8","17","99","269,0,302"
"0/1","17,14","31","99","474,0,600"
"0/1","14,23","37","99","792,0,456"
"0/1","9,12","21","99","415,0,257"
"0/0","22,0","22","66","0,66,887"
"0/1","4,4","8","99","139,0,139"
"0/1","8,10","18","99","349,0,260"
"0/1","10,12","22","99","423,0,323"
"0/1","14,7","21","99","220,0,455"
"0/1","12,8","20","99","226,0,425"
"0/1","13,7","20","99","216,0,448"
"0/1","16,22","38","99","728,0,414"
"0/1","15,14","29","99","396,0,436"
"0/1","19,9","28","99","235,0,509"
"0/1","13,15","28","99","514,0,395"
"0/1","15,6","21","99","182,0,457"
"0/1","11,8","19","99","274,0,319"
"0/0","38,0","38","99","0,108,1432"
"0/1","14,12","26","99","365,0,451"
"0/1","12,11","23","99","341,0,421"
"0/1","9,17","26","99","616,0,292"
"0/1","20,16","36","99","508,0,665"
"0/1","19,18","37","99","595,0,516"
"0/1","6,8","14","99","287,0,193"
"0/1","7,8","15","99","285,0,203"
"0/1","14,9","23","99","266,0,490"
"0/1","25,17","42","99","487,0,835"
"0/1","20,18","38","99","522,0,676"
"0/1","18,17","35","99","581,0,578"
"0/1","8,14","22","99","497,0,253"
"0/1","20,17","37","99","534,0,592"
"0/1","21,13","34","99","392,0,707"
"0/1","15,20","35","99","684,0,484"
"0/1","11,12","23","99","418,0,373"
"0/1","17,21","38","99","606,0,564"
"0/1","16,19","35","99","640,0,499"
"0/1","14,18","32","99","588,0,463"
"0/1","15,18","33","99","543,0,503"
"0/1","9,13","22","99","423,0,240"
"0/1","9,13","22","99","433,0,269"
"0/1","12,12","24","99","422,0,415"
"0/1","12,10","22","99","305,0,411"
"0/1","14,7","21","99","208,0,513"
"0/1","14,17","31","99","602,0,422"
"0/1","17,13","30","99","265,0,593"
"0/1","18,18","36","99","575,0,539"
"0/1","22,12","34","99","379,0,752"
"0/1","19,20","39","99","679,0,637"
"0/1","12,11","23","99","370,0,363"
"0/1","9,8","17","99","245,0,282"
"0/1","14,15","29","99","482,0,414"
"0/1","13,20","33","99","675,0,424"
"0/1","8,17","25","99","578,0,214"
"0/1","7,17","24","99","580,0,215"
"0/1","15,17","32","99","595,0,421"
"0/1","11,22","33","99","747,0,344"
"0/1","10,13","23","99","441,0,334"
"0/1","19,9","28","99","232,0,562"
"0/1","12,12","24","99","411,0,400"
"1/1","0,26","26","75","1007,75,0"
"0/1","14,21","35","99","684,0,450"
"0/0","36,0","36","87","0,87,1158"
"0/1","16,13","29","99","445,0,521"
"0/1","16,14","30","99","463,0,542"
"0/1","15,18","33","99","632,0,440"
"0/0","41,0","41","99","0,120,1547"
"0/1","16,12","28","99","356,0,573"
"0/1","19,11","30","99","362,0,615"
"0/1","11,19","30","99","610,0,365"
"0/1","15,13","28","99","400,0,489"
"0/1","16,15","31","99","513,0,517"
"0/1","21,14","35","99","412,0,650"
"0/1","19,14","33","99","439,0,594"
"0/1","17,16","33","99","549,0,524"
"0/1","15,21","36","99","749,0,471"
"0/1","10,15","25","99","460,0,304"
"0/1","7,26","33","99","917,0,164"
"0/1","16,13","29","99","370,0,540"
"0/1","19,20","39","99","661,0,540"
"0/1","15,13","28","99","336,0,470"
"0/1","14,7","21","99","217,0,498"
"0/0","13,0","13","39","0,39,503"
"0/0","14,0","14","42","0,42,540"
"0/0","15,0","15","45","0,45,593"
"0/1","17,18","35","99","635,0,548"
"0/1","12,17","29","99","538,0,401"
"0/1","4,18","22","56","630,0,56"
"0/1","12,10","22","99","340,0,426"
"0/1","6,12","18","99","440,0,157"
"0/1","13,15","28","99","509,0,440"
"0/1","20,16","36","99","498,0,650"
"0/1","16,16","32","99","563,0,475"
"0/1","6,12","18","99","401,0,191"
"0/1","9,11","23","99","315,0,224"
"0/1","9,6","15","99","202,0,322"
"0/1","24,9","33","99","270,0,682"
"0/1","17,15","32","99","459,0,483"
"0/1","13,19","32","99","566,0,405"
"0/1","18,19","37","99","640,0,560"
"0/1","12,9","21","99","300,0,429"
"0/1","16,16","32","99","541,0,373"
"0/1","15,13","28","99","437,0,505"
"0/1","14,7","21","99","222,0,449"
"0/1","14,19","33","99","619,0,465"
"0/1","21,9","30","99","203,0,648"
"0/1","15,16","31","99","486,0,465"
"0/1","21,18","39","99","587,0,642"
"0/1","18,21","39","99","660,0,601"
"0/1","16,20","36","99","597,0,468"
"0/1","13,11","24","99","341,0,457"
"0/1","16,12","28","99","348,0,523"
"0/0","10,0","10","27","0,27,369"
"0/1","14,9","23","99","253,0,468"
"0/1","13,18","31","99","598,0,388"
"0/1","20,20","40","99","616,0,644"
"0/1","21,25","46","99","737,0,579"
"0/1","18,10","28","99","331,0,610"
"0/1","22,20","42","99","552,0,636"
"0/1","23,18","41","99","547,0,762"
"0/1","24,12","36","99","359,0,705"
"0/1","13,28","41","99","855,0,389"
"0/1","13,11","24","99","328,0,450"
"0/1","17,16","33","99","506,0,586"
"0/1","10,18","28","99","573,0,254"
"0/1","5,13","18","99","415,0,146"
"0/1","14,18","32","99","607,0,442"
"0/1","10,15","25","99","382,0,315"
"0/1","15,23","38","99","729,0,433"
"0/1","13,14","27","99","459,0,436"
"0/1","12,17","29","99","572,0,412"
"0/1","8,10","18","99","310,0,270"
"0/1","5,13","18","99","435,0,151"
"0/1","23,17","40","99","499,0,788"
"0/1","11,8","19","99","270,0,390"
"0/1","19,2","21","11","11,0,637"
"0/1","20,8","28","99","173,0,727"
"0/1","21,8","29","99","170,0,749"
"0/1","14,9","23","99","301,0,445"
"0/1","11,12","23","99","379,0,338"
"0/1","8,13","21","99","469,0,260"
"0/1","17,15","32","99","436,0,519"
"0/1","16,7","23","99","204,0,550"
"0/1","6,14","20","99","495,0,185"
"0/1","15,20","35","99","666,0,421"
"0/1","16,11","27","99","291,0,474"
"0/1","37,5","43","73","73,0,996"
"0/1","36,8","44","67","67,0,1106"
"0/1","36,6","42","78","78,0,1124"
"0/1","32,7","39","99","102,0,1003"
"0/1","36,5","41","52","52,0,1144"
"0/1","25,22","47","99","612,0,656"
"0/1","34,12","46","99","235,0,988"
"0/1","21,14","35","99","382,0,682"
"0/1","8,10","18","99","276,0,271"
"0/1","2,8","10","50","167,0,50"
"0/1","13,9","22","99","286,0,468"
"0/1","6,8","14","99","282,0,195"
"0/1","15,10","25","99","323,0,447"
"0/1","12,16","28","99","523,0,366"
"0/1","8,10","18","99","338,0,275"
"0/1","23,18","41","99","557,0,694"
"0/1","9,17","26","99","488,0,297"
"0/1","8,13","21","99","483,0,140"
"0/1","11,16","27","99","502,0,352"
"0/1","23,18","41","99","564,0,666"
"0/1","30,20","50","99","361,0,741"
"0/1","9,12","21","99","417,0,112"
"0/1","17,11","28","99","322,0,590"
"0/1","46,6","52","22","22,0,1234"
"0/1","47,6","53","2","2,0,1276"
"0/1","44,8","53","44","44,0,1223"
"0/1","45,8","54","87","87,0,1054"
"0/1","40,8","48","75","75,0,1084"
"0/1","40,7","47","43","43,0,1077"
"0/0","32,0","32","90","0,90,1209"
"0/1","6,7","13","99","238,0,210"
"0/1","13,17","30","99","557,0,397"
"0/0","29,0","29","81","0,81,1097"
"0/1","20,14","35","99","376,0,560"
"0/1","11,14","26","99","432,0,305"
"0/1","13,15","28","99","502,0,394"
"0/1","13,5","19","99","129,0,468"
"0/1","13,13","26","99","452,0,415"
"0/1","23,19","42","99","590,0,738"
"0/1","22,14","36","99","470,0,680"
"0/1","14,8","22","99","256,0,460"
"0/1","9,11","20","99","381,0,294"
"0/1","10,19","29","99","681,0,270"
"0/1","11,18","29","99","608,0,275"
"0/1","10,11","21","99","389,0,266"
"0/1","11,18","29","99","593,0,297"
"0/1","15,8","23","99","213,0,548"
"0/1","8,15","24","99","408,0,182"
"0/1","9,12","21","99","418,0,303"
"0/1","23,17","40","99","507,0,783"
"0/1","96,27","123","99","518,0,2332"
"0/1","15,4","20","63","63,0,520"
"0/1","8,10","18","99","320,0,192"
"1/1","0,26","26","75","990,75,0"
"0/1","17,10","27","99","281,0,600"
"0/1","18,22","40","99","737,0,518"
"0/1","18,23","41","99","778,0,489"
"0/1","11,16","27","99","556,0,351"
"0/1","8,11","19","99","378,0,267"
"0/1","18,9","27","99","239,0,610"
"0/1","12,19","32","99","590,0,349"
"0/1","12,13","25","99","436,0,349"
"0/1","12,14","26","99","481,0,352"
"0/1","9,12","21","99","374,0,291"
"0/1","11,9","20","99","295,0,370"
"0/1","13,14","27","99","420,0,375"
"0/1","8,12","20","99","374,0,255"
"0/1","9,4","13","99","111,0,327"
"1/1","1,21","22","60","795,60,0"
"0/1","14,20","34","99","682,0,462"
"0/1","14,17","31","99","586,0,479"
"0/1","11,23","34","99","786,0,339"
"0/1","11,12","23","99","406,0,383"
"0/1","11,15","26","99","465,0,294"
"0/1","14,21","35","99","688,0,450"
"0/1","9,13","22","99","452,0,301"
"0/1","13,12","25","99","412,0,410"
"0/1","19,10","29","99","312,0,677"
"0/1","26,18","44","99","551,0,877"
"0/1","11,9","20","99","271,0,389"
"0/1","5,6","11","99","209,0,169"
"0/0","26,1","27","78","0,78,1041"
"0/1","11,10","21","99","312,0,389"
"0/0","26,0","26","75","0,75,1004"
"0/1","12,20","32","99","603,0,358"
"1/1","0,15","15","45","603,45,0"
"1/1","0,28","28","81","1085,81,0"
"0/0","21,0","21","60","0,60,808"
"0/1","12,7","19","99","163,0,390"
"0/1","10,13","23","99","458,0,318"
"0/1","9,15","24","99","535,0,287"
"0/1","15,16","31","99","525,0,505"
"0/1","21,17","38","99","528,0,683"
"0/0","43,1","44","76","0,76,1473"
"0/0","43,1","44","77","0,77,1485"
"0/0","43,1","44","79","0,79,1510"
"0/0","44,1","45","82","0,82,1539"
"0/1","16,14","30","99","471,0,539"
"0/1","8,8","16","99","248,0,191"
"0/1","8,11","19","99","372,0,229"
"0/1","24,20","44","99","679,0,744"
"0/1","25,16","41","99","510,0,792"
"0/1","13,13","26","99","451,0,446"
"0/1","1,4","5","27","128,0,27"
"0/1","7,5","12","99","163,0,246"
"0/1","26,22","48","99","699,0,877"
"0/1","12,4","16","81","81,0,448"
"0/1","7,10","17","99","346,0,236"
"0/1","11,15","26","99","443,0,368"
"0/1","7,15","22","99","505,0,216"
"0/1","15,31","46","99","938,0,430"
"0/1","7,15","22","99","541,0,210"
"0/1","9,12","21","99","433,0,292"
"0/1","17,13","30","99","436,0,597"
"0/0","23,0","23","66","0,66,893"
"0/1","9,15","24","99","500,0,259"
"0/1","8,9","17","99","318,0,266"
"0/1","10,8","18","99","279,0,287"
"0/1","10,6","16","99","194,0,322"
"0/1","11,9","20","99","307,0,389"
"0/1","7,5","12","99","172,0,217"
"0/1","63,15","78","99","354,0,1858"
"0/1","14,11","25","99","350,0,463"
"0/1","23,17","40","99","523,0,771"
"0/1","15,11","26","99","371,0,489"
"0/1","9,10","19","99","337,0,300"
"0/1","16,8","24","99","215,0,500"
"0/0","20,0","20","54","0,54,735"
"0/1","14,8","22","99","224,0,510"
"0/1","15,12","27","99","409,0,470"
"0/1","24,21","45","99","687,0,829"
"0/1","6,3","9","44","44,0,139"
"0/1","15,6","21","78","78,0,424"
"0/1","15,9","24","99","261,0,479"
"0/1","25,14","39","99","399,0,714"
"0/1","25,14","39","99","415,0,710"
"0/1","15,11","26","99","366,0,479"
"0/1","15,14","29","99","413,0,476"
"0/1","20,10","32","99","276,0,348"
"0/1","4,3","7","99","99,0,104"
"0/1","5,4","9","99","141,0,141"
"0/1","8,7","15","49","49,0,203"
"0/1","7,7","14","52","166,0,52"
"0/1","3,8","11","98","176,0,98"
"0/1","13,4","17","66","66,0,401"
"0/1","10,11","21","99","338,0,335"
"0/1","23,19","42","99","540,0,710"
"0/0","38,1","39","45","0,45,1022"
"0/1","15,12","27","99","411,0,480"
"0/1","9,14","23","99","466,0,298"
"0/1","8,11","19","99","387,0,269"
"0/1","5,18","23","99","628,0,136"
"0/1","17,9","26","99","222,0,546"
"0/1","14,7","21","99","189,0,479"
"0/1","14,6","20","99","189,0,420"
"0/1","11,15","26","99","489,0,304"
"0/1","10,9","19","99","274,0,309"
"0/1","4,11","15","99","355,0,123"
"0/1","21,21","42","99","610,0,683"
"0/1","11,19","30","99","631,0,345"
"0/1","7,16","23","99","531,0,220"
"0/1","15,12","27","99","368,0,504"
"0/1","8,12","20","99","396,0,265"
"0/1","14,20","34","99","701,0,457"
"0/1","14,8","22","99","259,0,474"
"0/1","12,6","18","99","188,0,429"
"0/1","14,8","22","99","264,0,464"
"0/1","16,6","22","99","145,0,583"
"0/1","15,9","24","99","306,0,476"
"0/1","10,14","24","99","416,0,303"
"0/1","16,7","23","99","171,0,570"
"0/1","19,15","34","99","275,0,509"
"0/1","25,10","35","99","184,0,566"
"0/1","12,20","32","99","451,0,263"
"0/1","15,16","31","99","482,0,311"
"0/1","34,8","42","74","74,0,728"
"0/1","18,10","28","99","314,0,461"
"0/1","6,18","24","99","604,0,164"
"0/1","14,7","21","99","172,0,386"
"0/0","11,0","11","27","0,27,371"
"0/0","12,0","12","27","0,27,352"
"0/1","13,7","20","99","192,0,396"
"0/1","18,14","32","99","442,0,549"
"0/1","18,12","30","99","359,0,604"
"0/1","11,8","19","99","226,0,361"
"0/1","9,13","22","99","386,0,240"
"0/1","9,13","22","99","374,0,216"
"0/1","14,16","30","99","451,0,428"
"0/1","14,10","24","99","315,0,453"
"0/1","3,15","18","66","489,0,66"
"0/1","6,10","16","99","359,0,189"
"0/1","18,11","29","99","362,0,562"
"0/1","13,8","21","99","245,0,399"
"0/1","13,8","21","99","263,0,427"
"0/1","3,9","12","41","275,0,41"
"0/1","3,9","12","35","324,0,35"
"0/1","28,7","35","97","97,0,785"
"0/1","27,11","38","39","39,0,776"
"0/1","7,14","21","99","410,0,233"
"0/1","19,12","31","99","378,0,426"
"0/1","12,7","19","99","165,0,290"
"0/1","12,8","20","99","198,0,232"
"0/1","16,15","31","99","396,0,502"
"0/1","23,21","45","99","631,0,723"
"0/1","13,13","26","99","434,0,383"
"0/1","9,9","18","99","313,0,315"
"1/1","1,26","27","35","881,35,0"
"0/1","22,18","40","99","614,0,714"
"0/1","17,13","30","99","406,0,556"
"0/1","15,25","40","99","809,0,427"
"0/1","17,12","29","99","371,0,575"
"0/1","17,14","31","99","436,0,569"
"0/1","12,15","27","99","496,0,364"
"0/1","24,13","37","99","405,0,537"
"0/0","35,1","36","65","0,65,1264"
"0/1","14,13","27","99","412,0,418"
"0/1","16,14","30","99","464,0,507"
"0/1","5,2","7","16","16,0,53"
"0/1","8,9","17","99","274,0,267"
"0/1","7,12","19","99","388,0,232"
"0/1","11,12","23","99","358,0,365"
"0/0","12,0","12","33","0,33,363"
"0/1","55,6","61","74","74,0,1823"
"0/1","88,28","116","99","763,0,2994"
"0/1","56,12","68","99","259,0,1944"
"0/1","8,10","18","99","308,0,269"
"0/1","63,12","75","99","146,0,1780"
"0/1","9,15","24","99","504,0,205"
"0/1","7,6","13","99","117,0,110"
"0/1","9,8","17","99","219,0,201"
"0/1","11,18","29","99","573,0,362"
"0/1","12,13","25","99","454,0,416"
"0/1","9,10","19","99","313,0,303"
"0/1","23,7","30","99","197,0,780"
"1/1","0,16","17","36","425,36,0"
"0/1","8,11","19","99","397,0,270"
"0/1","11,16","27","99","490,0,299"
"0/1","14,14","28","99","422,0,454"
"0/1","9,13","22","99","455,0,299"
"0/1","13,14","27","99","468,0,438"
"0/1","12,13","25","99","399,0,420"
"0/1","8,12","20","99","425,0,267"
"0/0","75,0","75","99","0,196,2581"
"0/1","24,18","42","99","562,0,763"
"0/1","22,7","29","99","112,0,758"
"0/1","22,7","29","99","103,0,742"
"1/1","2,37","39","37","1228,37,0"
"0/1","14,17","31","99","583,0,471"
"0/1","8,11","19","99","373,0,263"
"0/1","18,19","37","99","598,0,560"
"0/1","10,17","27","99","554,0,312"
"0/1","12,10","23","99","296,0,352"
"0/1","14,11","25","99","288,0,394"
"0/1","14,19","33","99","595,0,391"
"0/1","15,17","32","99","556,0,463"
"0/1","16,12","28","99","348,0,528"
"0/1","21,15","36","99","337,0,713"
"0/1","17,18","35","99","552,0,501"
"0/1","19,17","36","99","553,0,551"
"0/1","15,10","25","99","325,0,502"
"0/1","8,10","18","99","360,0,254"
"0/1","8,16","24","99","495,0,226"
"0/1","12,11","23","99","383,0,389"
"0/1","15,27","42","99","876,0,464"
"0/1","15,16","31","99","516,0,505"
"0/1","11,6","17","99","180,0,297"
"0/1","11,6","17","99","189,0,325"
"0/1","15,8","23","99","267,0,393"
"0/1","6,7","13","99","244,0,204"
"0/0","24,1","25","33","0,33,785"
"0/0","22,0","22","66","0,66,896"
"0/0","21,0","21","63","0,63,859"
"0/0","21,0","21","63","0,63,862"
"0/0","20,0","20","60","0,60,807"
"1/1","1,14","15","2","483,2,0"
"0/1","11,5","16","99","114,0,300"
"0/1","16,10","26","99","220,0,381"
"0/1","15,8","23","99","178,0,378"
"0/1","16,8","24","99","175,0,422"
"0/0","25,0","25","69","0,69,881"
"0/1","13,9","22","99","215,0,454"
"0/1","8,8","16","99","287,0,213"
"0/1","23,16","39","99","519,0,702"
"0/1","11,18","29","99","633,0,365"
"0/1","16,15","31","99","399,0,525"
"0/0","19,3","22","18","0,18,701"
"0/1","3,7","10","27","187,0,27"
"0/1","24,20","44","99","624,0,682"
"0/1","39,4","43","50","50,0,1290"
"0/1","43,8","51","99","152,0,1408"
"0/1","42,9","51","99","142,0,1376"
"0/0","50,0","50","99","0,141,1826"
"0/1","43,6","49","27","27,0,1490"
"0/1","41,9","50","81","81,0,1394"
"0/1","40,9","49","99","110,0,1369"
"0/0","26,0","26","78","0,78,1032"
"0/0","32,0","32","90","0,90,1174"
"0/1","11,19","30","99","634,0,329"
"0/1","11,10","21","99","302,0,355"
"0/1","15,17","32","99","519,0,490"
"0/1","13,12","25","99","409,0,456"
"0/1","24,14","38","99","359,0,619"
"0/1","6,20","26","99","674,0,116"
"0/1","19,13","32","99","387,0,607"
"0/1","20,14","34","99","377,0,640"
"0/1","9,22","31","99","760,0,234"
"0/1","9,22","31","99","748,0,255"
"0/1","6,7","13","99","238,0,210"
"0/1","12,11","23","99","363,0,368"
"0/1","14,8","22","99","248,0,457"
"0/1","19,11","30","99","316,0,616"
"0/1","16,15","31","99","509,0,519"
"0/1","17,16","33","99","555,0,537"
"0/1","10,12","22","99","353,0,331"
"0/1","20,15","35","99","463,0,632"
"0/0","29,0","30","84","0,84,1096"
"0/1","11,10","21","99","343,0,381"
"0/1","10,7","17","99","226,0,321"
"0/1","13,12","25","99","402,0,438"
"0/1","21,9","30","99","274,0,722"
"0/1","14,17","31","99","552,0,462"
"0/1","14,9","23","99","283,0,456"
"0/1","23,10","33","99","309,0,784"
"0/1","11,13","24","99","448,0,380"
"0/1","13,17","30","99","555,0,354"
"0/1","18,12","30","99","396,0,640"
"0/1","10,17","27","99","533,0,337"
"0/1","14,13","27","99","424,0,483"
"0/1","17,13","30","99","405,0,523"
"0/1","10,7","18","99","242,0,226"
"0/1","14,19","33","99","524,0,387"
"0/0","11,0","11","30","0,30,390"
"0/1","8,2","10","52","52,0,181"
"0/0","20,0","20","57","0,57,763"
"0/0","16,0","16","48","0,48,640"
"0/1","21,21","42","99","635,0,611"
"0/1","15,9","24","99","260,0,532"
"0/1","9,12","21","99","436,0,272"
"0/1","13,11","24","99","305,0,400"
"0/1","12,10","22","99","268,0,341"
"0/1","12,16","28","99","506,0,368"
"0/1","8,10","18","99","312,0,245"
"0/1","11,10","21","99","326,0,339"
"0/1","5,7","12","99","213,0,172"
"0/1","5,5","10","99","172,0,170"
"0/1","8,9","17","99","240,0,240"
"0/1","3,3","6","67","67,0,95"
"0/1","20,13","33","99","423,0,660"
"0/1","22,8","30","99","240,0,660"
"0/1","10,12","22","99","395,0,270"
"0/1","16,12","28","99","371,0,526"
"0/1","11,14","25","99","490,0,357"
"0/1","11,11","22","99","273,0,393"
"0/1","10,12","22","99","381,0,334"
"0/1","15,17","32","99","551,0,481"
"0/1","21,18","39","99","579,0,705"
"0/1","22,17","39","99","534,0,777"
"0/1","16,10","26","99","315,0,525"
"0/1","19,11","30","99","330,0,469"
"0/1","11,10","21","99","351,0,371"
"0/1","11,18","29","99","581,0,356"
"0/1","17,13","30","99","439,0,479"
"0/1","11,9","20","99","308,0,345"
"1/1","1,27","28","38","889,38,0"
"0/1","14,8","22","99","222,0,394"
"0/1","21,17","38","99","546,0,638"
"0/1","29,10","39","99","286,0,896"
"0/1","11,8","19","99","217,0,348"
"0/1","12,8","20","99","212,0,426"
"0/1","21,18","39","99","573,0,739"
"0/1","16,25","41","99","832,0,477"
"0/1","20,6","26","99","156,0,647"
"0/0","13,0","13","39","0,39,519"
"0/0","13,0","13","39","0,39,511"
"0/0","20,0","20","57","0,57,742"
"0/0","31,0","31","84","0,84,1106"
"0/1","16,6","22","99","132,0,568"
"0/1","16,22","38","99","779,0,407"
"0/1","11,18","29","99","595,0,317"
"0/1","10,12","22","99","378,0,299"
"0/1","14,12","26","99","380,0,455"
"0/1","7,7","15","99","248,0,206"
"0/1","11,9","20","99","298,0,379"
"0/1","9,14","23","99","502,0,286"
"0/1","11,14","25","99","460,0,331"
"0/1","12,8","20","99","225,0,407"
"0/1","6,13","19","99","400,0,165"
"0/1","17,9","26","99","253,0,581"
"0/1","8,13","21","99","474,0,230"
"0/1","14,9","23","99","295,0,502"
"0/1","14,12","26","99","405,0,464"
"0/1","9,8","17","99","271,0,292"
"0/1","16,10","26","99","312,0,560"
"0/1","9,7","16","99","232,0,287"
"0/1","18,19","37","99","614,0,549"
"0/0","15,0","15","45","0,45,599"
"0/0","16,1","17","8","0,8,546"
"0/1","30,8","38","99","183,0,782"
"0/1","41,17","58","99","517,0,843"
"0/0","17,0","17","48","0,48,642"
"0/1","13,5","18","99","152,0,374"
"0/1","17,7","24","99","184,0,528"
"0/1","29,4","33","23","23,0,845"
"0/1","33,6","39","54","54,0,890"
"0/1","37,7","44","46","46,0,1034"
"0/1","33,9","45","99","126,0,1028"
"0/1","17,10","27","99","309,0,612"
"0/1","15,15","30","99","492,0,507"
"0/1","16,16","32","99","514,0,550"
"0/1","15,16","31","99","447,0,503"
"0/1","22,15","37","99","345,0,716"
"0/1","14,6","20","99","182,0,482"
"0/1","9,8","17","99","278,0,305"
"0/1","10,4","14","99","129,0,297"
"0/1","15,7","22","99","143,0,540"
"0/1","12,21","33","99","658,0,365"
"0/1","1,8","9","9","174,0,9"
"0/0","22,0","22","57","0,57,752"
"0/1","18,21","39","99","714,0,565"
"0/1","18,19","37","99","618,0,577"
"0/1","11,14","25","99","490,0,341"
"0/1","8,13","21","99","437,0,272"
"0/1","21,11","32","99","353,0,708"
"0/1","19,12","31","99","338,0,635"
"0/1","9,10","19","99","337,0,263"
"0/1","11,3","14","77","77,0,395"
"0/1","19,13","32","99","352,0,609"
"0/1","4,13","17","40","165,0,40"
"0/1","13,26","39","99","883,0,380"
"0/1","14,13","27","74","74,0,240"
"0/0","34,0","34","90","0,90,1201"
"0/1","5,33","38","55","1003,0,55"
"0/1","12,9","21","99","298,0,356"
"0/1","23,16","39","99","541,0,738"
"0/1","11,13","24","99","430,0,313"
"0/1","25,3","28","44","44,0,839"
"0/1","20,25","45","99","852,0,624"
"0/1","13,16","34","99","396,0,430"
"0/1","18,21","39","99","713,0,482"
"0/1","13,12","25","99","403,0,416"
"0/1","20,11","32","99","312,0,683"
"0/1","20,13","33","99","345,0,689"
"0/0","36,0","36","99","0,99,1336"
"0/1","4,32","36","65","674,0,65"
"0/1","17,21","38","99","689,0,569"
"0/0","12,0","12","33","0,33,436"
"0/1","19,26","45","99","919,0,599"
"0/1","6,11","17","99","388,0,186"
"0/1","14,19","33","99","602,0,452"
"0/1","14,17","31","99","597,0,469"
"0/1","11,10","21","99","310,0,394"
"0/1","14,8","22","99","182,0,469"
"0/1","9,11","20","99","383,0,261"
"0/1","4,20","24","23","533,0,23"
"0/0","10,0","10","24","0,24,310"
"0/1","13,10","23","99","325,0,425"
"0/0","6,0","6","15","0,15,190"
"0/0","30,0","30","78","0,78,999"
"0/1","28,9","37","53","53,0,644"
"0/1","35,6","41","86","86,0,1093"
"0/1","29,6","35","80","80,0,826"
"0/1","3,14","17","69","446,0,69"
"0/0","31,0","31","87","0,87,1174"
"0/1","7,9","17","99","277,0,239"
"0/1","11,7","18","99","199,0,374"
"0/1","17,13","30","99","443,0,522"
"0/1","7,8","15","99","247,0,245"
"0/1","6,15","21","99","510,0,182"
"0/1","8,15","23","99","504,0,263"
"0/1","13,14","27","99","446,0,440"
"0/1","18,14","32","99","405,0,614"
"0/1","5,13","18","99","377,0,111"
"0/1","14,10","24","99","298,0,472"
"0/1","11,16","27","99","495,0,303"
"0/1","18,16","34","99","530,0,539"
"0/1","25,22","47","99","671,0,809"
"0/1","18,16","34","99","469,0,568"
"0/1","35,10","45","16","16,0,1079"
"0/1","13,10","23","99","293,0,430"
"0/1","5,13","18","99","476,0,151"
"0/1","20,12","32","99","192,0,622"
"0/1","5,39","44","43","1006,0,43"
"0/1","13,18","31","99","577,0,376"
"0/1","15,10","25","99","316,0,522"
"0/1","16,12","28","99","403,0,509"
"0/1","16,14","30","99","281,0,452"
"0/1","10,9","19","99","313,0,297"
"0/1","15,13","28","99","383,0,465"
"0/1","12,14","26","99","472,0,356"
"0/1","18,14","33","99","433,0,465"
"0/1","16,10","26","99","306,0,482"
"0/1","14,14","28","99","363,0,487"
"1/1","1,15","16","2","458,2,0"
"0/1","14,14","28","99","462,0,436"
"0/0","26,0","26","57","0,57,765"
"0/0","26,0","26","75","0,75,982"
"0/1","16,18","34","99","628,0,543"
"0/1","29,9","38","99","303,0,412"
"0/1","14,27","41","99","955,0,413"
"0/1","22,18","40","99","526,0,742"
"0/1","15,22","37","99","719,0,488"
"0/1","16,15","31","99","440,0,546"
"0/1","12,14","26","99","481,0,351"
"0/1","16,17","33","99","583,0,441"
"0/1","18,22","40","99","666,0,502"
"0/1","7,13","20","99","412,0,222"
"0/0","34,0","34","96","0,96,1283"
"0/1","16,18","34","99","602,0,532"
"0/1","14,4","18","99","112,0,409"
"0/0","22,0","22","60","0,60,789"
"0/1","12,18","30","99","376,0,379"
"0/1","17,16","34","99","496,0,559"
"0/1","15,20","35","99","635,0,450"
"0/1","17,15","32","99","418,0,551"
"0/1","20,13","33","99","311,0,596"
"0/1","14,11","25","99","320,0,422"
"0/1","13,13","26","99","378,0,404"
"0/0","30,0","30","81","0,81,1070"
"0/1","17,15","32","99","454,0,550"
"0/1","12,19","31","99","627,0,394"
"0/0","11,0","12","27","0,27,344"
"0/0","11,1","12","30","0,30,389"
"0/0","12,0","12","30","0,30,391"
"0/0","12,0","12","27","0,27,347"
"0/0","12,0","12","27","0,27,359"
"0/0","12,0","12","27","0,27,345"
"0/0","12,0","12","24","0,24,319"
"0/0","14,0","14","36","0,36,457"
"0/1","15,7","22","99","207,0,491"
"0/1","14,5","19","99","138,0,488"
"0/1","16,14","30","99","464,0,521"
"0/1","10,13","24","99","410,0,262"
"0/1","15,18","33","99","625,0,442"
"0/1","13,21","34","99","700,0,419"
"0/1","12,26","38","99","850,0,371"
"0/1","15,14","29","99","476,0,463"
"0/1","15,14","29","99","402,0,518"
"0/1","16,16","32","99","543,0,459"
"0/1","15,14","30","99","447,0,463"
"0/1","12,17","29","99","526,0,305"
"0/1","7,22","29","99","717,0,165"
"0/1","19,18","37","99","618,0,570"
"0/1","10,14","24","99","414,0,217"
"0/1","9,14","23","99","416,0,216"
"0/1","17,9","26","99","283,0,538"
"0/1","16,18","34","99","469,0,490"
"0/1","15,13","28","99","436,0,393"
"0/1","11,17","28","99","407,0,353"
"0/1","8,16","24","99","461,0,248"
"0/1","15,13","28","99","341,0,443"
"0/1","11,20","31","99","643,0,309"
"0/1","15,9","24","99","235,0,530"
"0/1","11,15","26","99","489,0,329"
"0/1","18,16","34","99","488,0,508"
"0/1","24,18","42","99","487,0,667"
"0/1","11,16","27","99","526,0,366"
"0/1","19,22","41","99","715,0,596"
"0/1","6,17","23","99","597,0,145"
"0/1","5,18","23","99","637,0,131"
"0/1","14,7","21","99","103,0,392"
"0/1","20,11","31","99","326,0,670"
"0/1","14,10","24","99","296,0,495"
"0/1","15,11","26","99","373,0,535"
"1/1","0,19","19","54","731,54,0"
"1/1","0,31","31","87","1146,87,0"
"0/2","5,0,13","18","99","467,482,655,0,174,134"
"1/1","0,11","11","33","437,33,0"
"1/1","0,11","11","27","362,27,0"
"0/1","12,34","46","99","907,0,143"
"0/1","10,40","50","99","990,0,105"
"0/1","14,34","48","99","824,0,141"
"0/1","40,11","51","99","190,0,1169"
"0/0","16,0","16","48","0,48,643"
"0/1","7,10","17","99","351,0,236"
"0/1","19,19","38","99","607,0,595"
"0/1","15,15","30","99","466,0,479"
"0/1","8,11","19","99","389,0,270"
"0/1","21,15","36","99","454,0,679"
"0/1","11,11","22","99","370,0,342"
"0/1","13,21","34","99","734,0,417"
"0/1","15,19","35","99","619,0,446"
"0/1","21,15","36","99","493,0,740"
"0/1","17,10","27","99","321,0,612"
"0/1","4,11","15","99","398,0,105"
"0/1","10,8","18","99","264,0,318"
"0/0","25,0","25","72","0,72,985"
"0/1","8,11","19","99","384,0,265"
"0/1","15,18","33","99","634,0,481"
"0/1","15,15","30","99","494,0,511"
"0/0","19,0","19","48","0,48,661"
"0/1","7,10","17","99","290,0,197"
"0/1","12,1","13","7","7,0,355"
"0/1","8,7","15","99","233,0,272"
"0/1","23,5","28","99","136,0,616"
"0/1","9,33","42","78","748,0,78"
"0/1","58,11","69","99","278,0,1239"
"0/1","15,10","25","99","329,0,519"
"0/1","10,12","22","99","386,0,337"
"0/1","12,15","27","99","486,0,414"
"0/1","9,14","23","99","431,0,259"
"0/1","10,9","19","99","310,0,308"
"0/1","11,14","25","99","489,0,340"
"0/1","11,14","25","99","501,0,338"
"0/1","9,17","26","99","571,0,253"
"0/1","12,27","39","99","907,0,355"
"0/1","13,19","32","99","554,0,397"
"0/1","13,13","26","99","357,0,437"
"0/1","20,16","36","99","429,0,663"
"0/1","9,8","17","99","234,0,311"
"0/1","9,8","17","99","197,0,270"
"0/1","8,16","24","99","506,0,227"
"0/1","21,16","37","99","489,0,639"
"0/1","21,14","35","99","420,0,674"
"0/1","19,6","25","99","168,0,592"
"0/1","18,8","26","99","253,0,565"
"0/1","12,13","25","99","448,0,396"
"0/1","12,13","25","99","402,0,399"
"0/1","11,9","20","99","219,0,323"
"0/1","7,8","15","99","246,0,176"
"0/1","8,12","20","99","423,0,266"
"0/1","11,11","22","99","378,0,374"
"0/1","3,11","14","83","374,0,83"
"0/1","8,11","19","99","383,0,238"
"0/1","12,7","19","99","193,0,404"
"0/1","13,7","20","99","229,0,462"
"0/1","10,11","21","99","352,0,344"
"0/1","12,12","24","99","331,0,426"
"0/1","11,14","25","99","468,0,374"
"0/1","10,8","18","99","277,0,271"
"0/1","15,14","29","99","440,0,517"
"0/1","12,19","31","99","663,0,385"
"0/1","21,20","41","99","611,0,666"
"0/1","22,19","41","99","613,0,682"
"0/1","13,18","31","99","592,0,437"
"0/1","11,19","30","99","603,0,326"
"0/1","15,18","33","99","541,0,453"
"0/1","21,13","34","99","427,0,753"
"0/1","14,20","34","99","688,0,419"
"0/0","29,0","29","81","0,81,1060"
"0/1","18,19","37","99","633,0,580"
"0/1","8,13","21","99","456,0,214"
"0/1","22,15","37","99","358,0,656"
"0/1","20,15","35","99","365,0,547"
"0/1","16,16","32","99","402,0,442"
"0/1","20,20","40","99","574,0,624"
"0/0","41,0","41","99","0,111,1471"
"0/1","14,15","29","99","499,0,418"
"0/0","22,0","22","48","0,48,625"
"0/1","35,7","42","73","73,0,1195"
"0/1","42,9","51","99","148,0,1349"
"0/1","17,20","37","99","576,0,456"
"0/1","23,16","39","99","499,0,736"
"0/1","19,17","36","99","445,0,642"
"0/1","13,13","26","99","366,0,426"
"0/1","16,18","34","99","513,0,496"
"0/0","37,0","37","99","0,102,1353"
"0/1","11,7","18","99","219,0,310"
"0/1","23,14","37","99","407,0,776"
"0/1","17,18","35","99","583,0,495"
"0/1","22,9","32","99","158,0,185"
"0/1","16,19","35","99","567,0,510"
"0/1","10,20","30","99","576,0,279"
"0/1","11,18","29","99","593,0,309"
"0/1","17,18","35","99","632,0,527"
"0/1","12,16","28","99","527,0,402"
"0/1","24,11","35","99","266,0,712"
"0/0","6,0","6","12","0,12,154"
"0/1","14,18","32","99","600,0,404"
"0/1","9,8","17","99","264,0,270"
"0/1","11,5","16","99","157,0,356"
"0/1","14,16","30","99","467,0,448"
"0/1","24,23","47","99","773,0,685"
"0/1","11,8","19","99","271,0,309"
"0/1","8,6","14","99","181,0,268"
"0/1","6,11","17","99","328,0,154"
"0/1","9,10","19","99","352,0,300"
"1/1","0,5","5","15","199,15,0"
"0/1","10,15","25","99","492,0,301"
"0/1","17,15","32","99","519,0,515"
"0/1","14,10","24","99","304,0,492"
"0/1","9,14","23","99","457,0,291"
"0/1","10,16","26","99","516,0,308"
"0/1","31,6","37","44","44,0,1047"
"0/1","8,14","22","99","448,0,246"
"0/1","18,15","33","99","456,0,568"
"0/1","8,15","23","99","535,0,250"
"0/1","12,18","30","99","594,0,354"
"0/1","14,5","19","99","145,0,482"
"0/1","7,5","12","99","169,0,219"
"0/1","7,13","20","99","402,0,194"
"0/1","13,8","21","99","264,0,466"
"0/1","8,14","22","99","452,0,263"
"0/1","15,10","25","99","324,0,517"
"0/1","18,23","41","99","702,0,492"
"0/1","9,8","17","99","268,0,217"
"0/1","7,5","12","99","169,0,212"
"0/1","16,22","38","99","627,0,507"
"0/1","15,14","29","99","462,0,481"
"0/1","8,22","30","99","759,0,234"
"0/1","14,15","30","99","442,0,419"
"0/1","13,16","29","99","511,0,425"
"0/1","17,17","34","99","532,0,469"
"0/1","18,13","31","99","381,0,575"
"0/1","15,15","30","99","445,0,519"
"0/1","10,14","24","99","465,0,329"
"0/1","16,24","40","99","804,0,478"
"0/1","18,16","34","99","486,0,600"
"0/1","20,9","29","99","229,0,708"
"0/1","12,15","27","99","514,0,357"
"0/1","22,15","37","99","398,0,728"
"0/1","14,15","31","99","490,0,319"
"0/1","27,9","36","50","50,0,826"
"0/1","11,18","29","99","557,0,328"
"0/1","14,15","29","99","523,0,447"
"0/1","12,19","31","99","664,0,364"
"0/0","35,0","35","99","0,102,1356"
"0/0","10,1","11","18","0,18,223"
"0/0","11,0","11","18","0,18,230"
"0/1","13,11","24","99","328,0,375"
"0/1","12,13","25","99","437,0,380"
"0/1","17,11","28","99","312,0,546"
"0/0","83,0","83","99","0,211,2658"
"0/1","17,19","37","99","636,0,495"
"0/1","16,13","29","99","418,0,501"
"0/1","11,15","26","99","403,0,277"
"0/1","21,12","33","99","381,0,619"
"0/1","17,20","37","99","670,0,417"
"0/1","12,19","31","99","646,0,293"
"0/1","11,6","17","99","182,0,380"
"0/1","12,13","25","99","414,0,377"
"0/1","14,18","32","99","556,0,420"
"0/1","12,15","27","99","517,0,406"
"0/1","8,6","14","99","201,0,278"
"0/1","13,12","25","99","372,0,383"
"0/1","13,19","32","99","640,0,431"
"0/1","8,10","18","99","315,0,204"
"0/1","12,8","20","99","253,0,421"
"0/1","13,17","30","99","478,0,408"
"0/1","18,12","30","99","360,0,637"
"0/1","5,13","18","99","464,0,151"
"0/0","31,0","31","93","0,93,1210"
"0/1","29,5","34","21","21,0,985"
"0/1","28,4","32","52","52,0,967"
"0/1","12,9","21","99","307,0,408"
"0/1","14,6","20","99","180,0,513"
"0/1","12,13","25","99","447,0,392"
"0/1","12,16","28","99","565,0,383"
"0/1","15,12","27","99","204,0,516"
"0/1","17,15","32","99","434,0,510"
"0/1","11,14","25","99","481,0,354"
"0/1","17,18","35","99","624,0,535"
"0/1","18,12","30","99","345,0,600"
"0/1","11,17","28","99","591,0,350"
"0/1","10,11","21","99","341,0,318"
"0/0","12,2","14","36","0,36,465"
"0/1","13,10","23","99","306,0,447"
"0/1","5,11","16","99","398,0,154"
"0/1","10,10","20","99","260,0,337"
"0/1","13,13","26","99","443,0,396"
"0/1","12,9","21","99","289,0,417"
"0/1","6,15","21","99","535,0,174"
"0/1","11,6","17","99","142,0,325"
"0/1","9,8","17","99","271,0,310"
"0/1","10,14","24","99","415,0,316"
"0/1","19,14","33","99","365,0,603"
"0/1","7,7","14","99","212,0,196"
"0/1","21,3","24","8","8,0,781"
"0/1","10,5","15","99","148,0,349"
"0/1","7,7","14","99","235,0,232"
"0/1","19,9","29","99","130,0,496"
"0/1","20,8","28","99","158,0,520"
"0/1","20,12","32","99","384,0,586"
"0/1","14,12","26","99","333,0,407"
"0/1","9,11","20","99","392,0,264"
"0/1","9,12","21","99","423,0,269"
"0/1","5,12","17","74","400,0,74"
"0/1","12,15","27","99","523,0,366"
"0/1","7,7","14","99","235,0,204"
"0/1","12,9","21","99","290,0,377"
"0/1","11,14","25","99","479,0,329"
"0/1","12,15","27","99","510,0,408"
"0/1","12,9","24","99","294,0,306"
"0/1","17,15","32","99","477,0,564"
"0/1","7,13","20","99","457,0,226"
"0/1","14,17","31","99","456,0,382"
"0/1","20,18","38","99","564,0,695"
"0/1","9,18","28","99","551,0,266"
"0/1","12,17","29","99","587,0,331"
"0/1","10,16","26","99","467,0,256"
"0/1","34,8","42","9","9,0,1017"
"0/1","7,15","22","99","461,0,214"
"0/1","25,6","31","99","113,0,833"
"0/1","23,7","30","99","122,0,796"
"0/1","12,12","24","99","422,0,283"
"0/1","15,7","22","99","106,0,546"
"0/1","15,6","21","99","108,0,512"
"0/0","22,0","22","63","0,63,841"
"0/1","7,4","11","99","135,0,210"
"0/1","12,18","30","99","530,0,374"
"0/1","25,18","43","99","574,0,691"
"0/1","11,10","21","99","324,0,366"
"0/1","6,6","12","99","209,0,204"
"0/1","20,5","25","94","94,0,685"
"0/1","9,15","24","99","535,0,287"
"0/1","17,13","30","99","381,0,587"
"0/1","18,19","37","99","585,0,506"
"0/1","16,16","32","99","521,0,296"
"0/1","11,22","33","99","701,0,299"
"0/1","16,16","32","99","426,0,468"
"0/0","23,0","23","60","0,60,770"
"0/1","10,15","25","99","481,0,278"
"0/1","6,15","21","99","458,0,182"
"0/1","9,14","23","99","452,0,277"
"0/1","7,8","15","99","284,0,232"
"0/1","18,20","38","99","536,0,344"
"0/0","41,0","42","99","0,111,1397"
"0/1","8,6","14","99","202,0,282"
"0/1","13,15","28","99","519,0,426"
"0/1","10,12","22","99","416,0,306"
"0/1","10,15","25","99","502,0,232"
"0/1","19,6","25","99","157,0,607"
"0/1","15,10","25","99","329,0,493"
"0/1","14,6","21","99","140,0,297"
"0/1","21,17","38","99","550,0,725"
"0/1","23,7","30","99","162,0,740"
"0/1","13,18","31","99","481,0,280"
"0/1","20,13","33","99","415,0,691"
"0/1","16,14","30","99","398,0,553"
"0/1","16,20","36","99","548,0,493"
"0/1","16,21","37","99","732,0,431"
"0/0","10,0","10","24","0,24,295"
"0/1","14,6","20","99","186,0,409"
"0/1","10,8","18","99","266,0,307"
"0/1","10,9","19","99","304,0,337"
"0/1","10,13","23","99","449,0,328"
"0/1","8,16","24","99","577,0,255"
"0/1","8,17","25","99","593,0,257"
"0/1","20,17","37","99","554,0,654"
"0/1","20,15","37","99","279,0,441"
"0/1","19,28","47","99","915,0,515"
"0/1","14,13","27","99","355,0,290"
"0/1","14,13","27","99","317,0,462"
"0/1","17,15","32","99","467,0,580"
"0/1","11,13","24","99","460,0,286"
"0/1","17,21","38","99","601,0,434"
"0/1","12,7","19","99","174,0,407"
"0/1","18,16","34","99","510,0,521"
"0/1","15,21","36","99","634,0,478"
"0/1","15,22","37","99","609,0,444"
"0/0","29,0","29","81","0,81,1037"
"0/0","30,0","30","84","0,84,1087"
"0/1","10,14","24","99","445,0,301"
"0/1","12,13","25","99","443,0,364"
"0/1","17,14","32","99","427,0,416"
"0/1","26,22","48","99","743,0,902"
"0/1","15,12","27","99","400,0,504"
"0/1","16,18","34","99","588,0,470"
"0/1","20,20","40","99","597,0,658"
"0/1","14,8","22","99","220,0,463"
"0/1","17,24","41","99","772,0,536"
"0/1","16,23","39","99","766,0,502"
"0/1","17,15","32","99","407,0,302"
"0/1","6,13","19","99","472,0,138"
"0/1","27,24","51","99","738,0,839"
"0/1","14,9","23","99","285,0,436"
"0/1","9,5","14","99","160,0,316"
"0/1","10,14","24","99","429,0,336"
"0/1","12,14","26","99","475,0,376"
"0/1","17,14","31","99","453,0,550"
"0/1","16,10","26","99","326,0,575"
"0/1","14,11","25","99","358,0,504"
"0/1","21,16","37","99","494,0,650"
"0/1","21,16","37","99","499,0,678"
"0/1","23,13","36","99","366,0,745"
"0/1","4,31","35","18","999,0,18"
"0/1","19,14","33","99","384,0,611"
"0/0","22,0","22","57","0,57,740"
"0/1","15,11","26","99","356,0,481"
"0/1","13,12","25","99","390,0,446"
"0/1","23,23","46","99","754,0,715"
"0/1","85,27","113","99","215,0,1555"
"0/1","62,45","108","99","649,0,1249"
"0/1","12,6","18","99","188,0,395"
"0/0","22,0","22","60","0,60,773"
"0/1","12,19","31","99","609,0,336"
"0/1","8,8","16","99","259,0,271"
"0/0","21,0","21","63","0,63,849"
"0/1","16,6","22","99","184,0,513"
"0/1","9,6","15","99","198,0,288"
"0/0","26,0","26","72","0,72,950"
"0/1","5,15","20","99","471,0,143"
"0/1","12,15","27","99","416,0,400"
"0/1","16,15","31","99","356,0,515"
"0/1","16,14","30","99","377,0,419"
"0/1","12,9","21","99","290,0,402"
"0/1","16,20","36","99","694,0,418"
"1/1","1,11","12","30","352,30,0"
"0/1","16,12","28","99","398,0,512"
"0/1","26,24","51","99","309,0,502"
"0/1","9,20","29","99","679,0,273"
"0/1","20,11","31","99","341,0,598"
"0/1","10,5","15","99","142,0,200"
"0/0","8,0","11","9","0,9,101"
"0/0","5,2","7","6","0,6,67"
"0/1","12,13","25","99","203,0,322"
"0/0","31,0","31","93","0,93,1221"
"0/1","29,10","39","99","242,0,936"
"0/1","10,12","22","99","409,0,315"
"0/1","19,5","25","94","94,0,477"
"0/1","28,6","34","99","118,0,882"
"0/1","59,8","67","64","64,0,1693"
"0/1","44,14","58","99","276,0,1292"
"0/1","35,18","53","99","383,0,910"
"0/1","34,14","48","99","255,0,912"
"0/0","33,3","36","93","0,93,1235"
"0/1","10,18","28","99","603,0,287"
"0/1","11,14","25","99","386,0,372"
"0/1","10,6","16","99","192,0,322"
"0/1","12,11","23","99","349,0,395"
"0/1","28,12","41","99","215,0,857"
"0/1","8,10","18","99","328,0,256"
"0/1","10,13","23","99","451,0,335"
"0/1","12,11","23","99","336,0,403"
"0/1","23,19","42","99","633,0,800"
"0/1","20,17","37","99","533,0,616"
"0/1","18,20","38","99","602,0,555"
"0/1","10,26","36","99","704,0,263"
"0/1","16,11","27","99","339,0,462"
"0/1","15,14","29","99","432,0,485"
"1/1","0,34","34","84","1118,84,0"
"0/1","11,19","30","99","514,0,317"
"0/1","20,24","44","99","821,0,602"
"0/1","14,18","32","99","536,0,473"
"0/1","13,25","38","99","839,0,395"
"0/1","25,16","41","99","484,0,717"
"0/1","10,21","31","99","625,0,311"
"0/1","8,11","19","99","246,0,228"
"0/1","11,17","28","99","548,0,338"
"0/1","15,18","33","99","605,0,481"
"0/1","14,19","33","99","657,0,370"
"0/1","18,17","35","99","456,0,595"
"0/1","16,24","40","99","757,0,420"
"0/1","12,20","32","99","715,0,309"
"0/1","17,8","25","99","234,0,554"
"0/1","18,11","29","99","267,0,552"
"0/1","14,20","34","99","575,0,430"
"0/1","11,12","23","99","386,0,300"
"0/1","22,12","34","99","265,0,683"
"0/1","18,13","31","99","302,0,622"
"0/1","19,14","33","99","397,0,610"
"0/1","15,20","35","99","630,0,448"
"0/1","22,17","39","99","565,0,744"
"0/1","12,17","29","99","481,0,374"
"0/1","10,21","31","99","739,0,272"
"0/1","17,19","36","99","620,0,495"
"0/1","12,6","18","99","192,0,389"
"0/1","11,16","27","99","460,0,362"
"0/1","10,10","20","99","325,0,281"
"0/1","8,21","29","99","697,0,240"
"0/0","36,0","36","81","0,81,1003"
"0/0","40,0","40","81","0,81,1008"
"0/0","37,0","37","75","0,75,897"
"0/0","34,0","34","69","0,69,835"
"0/0","34,0","34","69","0,69,832"
"0/0","34,0","34","69","0,69,834"
"0/0","34,0","34","69","0,69,810"
"0/0","33,0","33","66","0,66,783"
"0/0","33,0","33","66","0,66,789"
"0/0","33,0","33","66","0,66,787"
"0/0","30,0","30","60","0,60,708"
"0/1","13,12","25","99","330,0,455"
"0/1","18,19","37","99","626,0,544"
"0/1","12,14","26","99","452,0,374"
"0/1","12,18","30","99","543,0,392"
"0/1","11,15","26","99","411,0,316"
"0/1","9,19","28","99","678,0,219"
"0/1","8,23","31","99","690,0,229"
"0/1","14,16","30","99","556,0,445"
"0/1","13,11","24","99","344,0,427"
"0/1","15,10","25","99","308,0,528"
"0/1","12,11","23","99","290,0,416"
"0/1","9,14","23","99","460,0,306"
"0/1","16,9","25","99","294,0,564"
"0/1","12,8","20","99","267,0,414"
"0/1","16,8","24","99","200,0,582"
"0/1","21,21","42","99","723,0,656"
"0/1","22,20","43","99","624,0,714"
"0/1","17,24","41","99","813,0,519"
"0/1","11,19","30","99","594,0,311"
"0/1","25,24","49","99","839,0,574"
"0/1","20,25","45","99","729,0,626"
"0/1","18,21","39","99","687,0,573"
"0/1","11,17","28","99","535,0,302"
"0/1","15,16","32","99","519,0,481"
"0/0","36,0","36","84","0,84,1059"
"0/0","36,0","36","87","0,87,1109"
"0/0","39,0","39","87","0,87,1109"
"0/0","41,0","41","87","0,87,1109"
"0/0","37,0","37","78","0,78,993"
"0/0","38,0","38","75","0,75,857"
"0/0","37,0","37","75","0,75,944"
"0/0","36,0","36","78","0,78,963"
"0/1","7,7","14","99","179,0,254"
"0/1","4,10","14","99","360,0,114"
"0/1","15,13","28","99","445,0,444"
"0/1","11,14","25","99","461,0,341"
"0/1","11,15","26","99","500,0,291"
"0/1","17,14","31","99","448,0,478"
"0/1","11,18","29","99","619,0,320"
"0/1","12,11","23","99","343,0,387"
"0/1","13,10","23","99","318,0,410"
"0/1","18,12","30","99","323,0,543"
"0/1","17,18","35","99","576,0,540"
"0/1","20,12","32","99","318,0,422"
"0/1","19,15","34","99","448,0,662"
"0/1","10,12","22","99","417,0,230"
"0/1","9,9","18","99","303,0,279"
"0/1","7,10","17","99","332,0,198"
"0/1","9,9","18","99","298,0,297"
"0/1","12,7","19","99","236,0,392"
"0/1","19,18","37","99","608,0,576"
"0/1","14,13","27","99","409,0,488"
"0/1","10,14","24","99","485,0,311"
"0/1","11,13","24","99","443,0,361"
"0/1","14,20","34","99","594,0,422"
"0/1","17,17","34","99","386,0,419"
"0/1","16,16","32","99","516,0,514"
"0/1","17,19","36","99","553,0,472"
"0/1","16,14","30","99","416,0,453"
"0/1","14,19","33","99","571,0,414"
"0/1","19,12","31","99","385,0,633"
"0/1","18,20","38","99","600,0,606"
"0/0","5,0","5","12","0,12,161"
"0/1","15,14","29","99","458,0,494"
"0/1","13,12","26","99","384,0,300"
"0/1","18,7","25","99","204,0,611"
"0/1","29,25","54","99","824,0,1016"
"0/1","15,10","30","99","317,0,505"
"0/1","15,10","25","99","335,0,490"
"0/1","10,12","22","99","426,0,299"
"0/1","11,13","24","99","439,0,316"
"0/1","14,13","27","99","417,0,478"
"0/1","13,17","30","99","490,0,409"
"0/1","3,7","10","90","246,0,90"
"0/1","14,14","28","99","407,0,442"
"0/1","6,7","13","99","214,0,191"
"0/1","23,8","31","99","237,0,789"
"0/1","21,25","46","99","835,0,658"
"0/1","18,21","39","99","702,0,598"
"0/1","13,14","27","99","452,0,432"
"0/1","11,10","21","99","346,0,334"
"0/1","11,13","24","99","438,0,322"
"0/1","11,7","18","99","224,0,322"
"0/1","6,6","12","99","204,0,209"
"0/1","12,12","24","99","366,0,405"
"0/1","3,11","14","84","366,0,84"
"0/1","13,15","28","99","369,0,450"
"0/1","9,14","23","99","484,0,290"
"0/1","10,9","19","99","298,0,304"
"0/1","14,17","31","99","573,0,469"
"0/1","17,16","33","99","469,0,564"
"0/1","6,10","16","99","362,0,153"
"0/1","10,11","21","99","366,0,338"
"0/1","8,9","17","99","312,0,198"
"0/1","3,9","12","53","298,0,53"
"0/1","16,5","21","99","151,0,481"
"0/1","16,7","23","99","213,0,497"
"0/1","15,19","34","99","599,0,449"
"0/1","13,21","34","99","699,0,396"
"0/1","4,9","13","99","288,0,129"
"0/1","6,19","25","99","684,0,160"
"0/1","12,15","28","99","451,0,219"
"0/1","14,10","24","99","296,0,493"
"0/1","7,13","20","99","474,0,192"
"0/1","10,12","22","99","385,0,244"
"0/1","19,6","25","99","167,0,636"
"0/1","20,22","42","99","474,0,474"
"0/1","15,17","32","99","591,0,516"
"0/1","20,11","31","99","283,0,657"
"0/1","21,16","39","99","307,0,451"
"0/1","6,7","13","99","203,0,207"
"0/1","19,17","36","99","556,0,658"
"0/1","9,13","22","99","424,0,221"
"0/1","17,13","30","99","408,0,553"
"0/1","16,12","28","99","373,0,570"
"0/1","17,5","22","99","134,0,586"
"0/0","32,3","35","96","0,96,1278"
"0/0","31,2","33","93","0,93,1252"
"0/1","10,10","20","99","343,0,316"
"0/1","13,14","27","99","417,0,449"
"0/1","6,12","18","99","357,0,197"
"0/1","10,8","18","99","276,0,331"
"0/1","7,9","16","99","321,0,237"
"0/1","6,4","10","47","47,0,178"
"0/1","9,14","23","99","498,0,263"
"0/1","11,14","25","99","467,0,367"
"0/0","15,1","16","45","0,45,581"
"0/1","19,8","27","99","244,0,647"
"0/1","22,16","39","99","473,0,623"
"0/1","18,9","27","99","278,0,431"
"0/1","10,28","38","99","895,0,290"
"0/1","13,13","26","99","375,0,453"
"0/1","10,24","34","99","837,0,287"
"0/1","14,22","37","99","676,0,439"
"0/1","20,21","41","99","725,0,691"
"0/1","17,17","34","99","528,0,546"
"0/1","16,21","37","99","698,0,502"
"0/1","11,13","24","99","440,0,366"
"0/1","12,11","23","99","375,0,405"
"0/1","6,11","17","99","380,0,181"
"0/1","10,9","19","99","238,0,246"
"0/1","18,13","31","99","395,0,566"
"0/1","14,16","30","99","485,0,459"
"0/1","8,15","23","99","482,0,214"
"0/1","19,17","36","99","510,0,576"
"0/1","18,11","29","99","346,0,500"
"0/1","17,12","29","99","350,0,488"
"0/1","18,22","40","99","661,0,602"
"0/1","15,21","36","99","682,0,412"
"0/1","12,13","25","99","375,0,399"
"0/1","21,13","34","99","354,0,693"
"0/1","17,13","30","99","353,0,597"
"0/1","19,7","26","99","173,0,654"
"0/1","16,20","36","99","700,0,507"
"0/1","15,15","30","99","474,0,460"
"0/1","14,14","28","99","441,0,433"
"0/1","10,15","25","99","438,0,325"
"0/1","17,12","29","99","396,0,367"
"0/1","15,3","18","43","43,0,330"
"0/0","25,0","25","75","0,75,995"
"0/1","12,19","31","99","635,0,386"
"0/0","27,0","27","75","0,75,1008"
"0/1","11,12","23","99","396,0,373"
"0/1","18,18","36","99","523,0,513"
"0/1","9,20","30","99","617,0,182"
"0/1","16,21","37","99","701,0,530"
"0/1","8,4","12","99","126,0,286"
"0/1","13,12","26","99","365,0,446"
"0/1","7,9","16","99","318,0,239"
"0/1","11,16","27","99","547,0,319"
"0/1","8,6","14","99","207,0,287"
"0/1","6,10","16","99","318,0,195"
"0/1","10,7","17","99","201,0,323"
"0/1","8,10","18","99","313,0,274"
"0/1","9,14","23","99","461,0,295"
"0/1","7,12","19","99","420,0,228"
"0/1","5,14","19","99","501,0,142"
"0/1","13,16","29","99","499,0,451"
"0/1","14,16","30","99","496,0,467"
"0/1","3,8","11","92","254,0,92"
"0/1","9,12","21","99","390,0,260"
"0/1","17,14","31","99","467,0,543"
"0/1","15,16","31","99","524,0,511"
"0/1","22,17","39","99","524,0,716"
"0/1","17,26","43","99","816,0,484"
"0/1","17,15","32","99","412,0,543"
"0/1","19,16","35","99","495,0,548"
"0/1","10,11","21","99","276,0,293"
"0/1","10,19","29","99","604,0,286"
"0/1","16,22","38","99","717,0,492"
"0/1","13,10","23","99","348,0,392"
"0/1","22,17","40","99","489,0,593"
"0/1","9,10","19","99","283,0,306"
"0/1","22,18","40","99","561,0,634"
"0/1","20,14","34","99","458,0,578"
"0/1","17,10","27","99","305,0,483"
"0/1","12,15","27","99","419,0,346"
"0/1","23,13","36","99","419,0,820"
"0/1","9,17","26","99","603,0,273"
"0/1","23,9","32","99","247,0,732"
"0/1","20,15","35","99","476,0,649"
"0/1","14,10","24","99","291,0,483"
"0/1","8,15","23","99","537,0,250"
"0/1","10,14","24","99","431,0,343"
"0/0","14,0","14","39","0,39,504"
"0/1","10,19","29","99","603,0,297"
"0/1","19,9","28","99","273,0,601"
"0/1","12,10","22","99","328,0,401"
"0/1","16,15","31","99","507,0,497"
"0/1","14,19","33","99","661,0,411"
"0/1","30,7","38","99","135,0,957"
"0/1","7,30","37","87","810,0,87"
"0/1","16,13","30","99","392,0,510"
"0/1","19,14","33","99","399,0,617"
"0/1","3,11","14","38","400,0,38"
"0/0","34,0","34","99","0,99,1286"
"0/1","20,14","34","99","450,0,670"
"0/1","11,25","36","99","871,0,336"
"0/1","16,15","31","99","465,0,502"
"0/1","10,10","20","99","344,0,338"
"0/1","21,24","45","99","790,0,653"
"0/0","4,0","4","9","0,9,119"
"0/0","23,0","23","69","0,69,917"
"0/1","10,17","27","99","506,0,233"
"0/1","9,11","20","99","379,0,295"
"0/1","12,14","26","99","440,0,333"
"0/1","19,19","38","99","596,0,562"
"0/1","31,8","39","99","172,0,1142"
"0/1","31,8","39","99","172,0,1127"
"0/1","31,7","38","99","134,0,1155"
"0/1","8,32","40","99","1059,0,210"
"0/1","11,17","28","99","487,0,329"
"0/1","17,17","34","99","524,0,571"
"0/1","23,10","33","99","220,0,675"
"0/1","32,12","44","99","320,0,1041"
"0/1","34,4","38","65","65,0,1065"
"0/1","18,7","25","99","205,0,581"
"0/1","8,12","20","99","384,0,268"
"0/1","14,8","22","99","256,0,492"
"0/1","8,9","17","99","306,0,268"
"0/1","17,23","40","99","716,0,516"
"0/1","11,12","23","99","418,0,374"
"0/1","20,20","40","99","647,0,644"
"0/1","14,10","24","99","279,0,411"
"0/1","13,10","23","99","288,0,403"
"0/1","14,15","29","99","514,0,440"
"0/1","21,8","29","99","119,0,471"
"0/1","25,6","31","65","65,0,727"
"0/1","5,12","17","99","433,0,151"
"0/1","10,2","12","47","47,0,361"
"0/1","18,13","32","99","431,0,600"
"0/1","19,12","31","99","391,0,593"
"0/1","12,9","21","99","303,0,393"
"0/1","15,21","36","99","641,0,500"
"0/1","16,17","33","99","536,0,534"
"0/1","15,15","30","99","485,0,451"
"0/1","16,16","32","99","513,0,527"
"0/1","11,10","21","99","271,0,389"
"0/1","13,10","23","99","296,0,451"
"0/1","13,14","27","99","485,0,377"
"0/1","11,15","26","99","533,0,359"
"0/1","8,11","19","99","276,0,274"
"0/1","9,7","17","99","235,0,304"
"0/1","14,9","23","99","229,0,462"
"0/1","9,6","15","99","200,0,244"
"0/1","8,13","21","99","439,0,265"
"0/1","16,5","21","99","133,0,562"
"0/1","16,5","21","99","119,0,572"
"0/1","22,10","32","99","274,0,762"
"0/1","8,7","15","99","237,0,243"
"0/1","9,12","21","99","405,0,298"
"0/1","11,14","25","99","463,0,338"
"0/1","15,14","29","99","484,0,477"
"0/1","19,12","31","99","394,0,666"
"0/1","12,14","26","99","452,0,418"
"0/1","15,15","30","99","467,0,487"
"0/1","6,12","18","99","415,0,186"
"0/1","10,10","20","99","343,0,346"
"0/1","15,12","27","99","348,0,460"
"0/1","14,19","33","99","617,0,465"
"0/1","15,16","31","99","483,0,476"
"0/1","13,9","22","99","249,0,437"
"0/1","55,12","67","99","263,0,1738"
"0/1","40,7","56","54","54,0,1250"
"0/1","49,7","57","50","50,0,1389"
"0/1","44,6","50","55","55,0,1099"
"0/1","52,8","60","56","56,0,1471"
"0/1","25,16","42","99","389,0,779"
"0/1","12,13","25","99","420,0,379"
"0/1","44,7","51","88","88,0,1494"
"0/1","14,13","27","99","443,0,407"
"0/1","17,18","35","99","563,0,524"
"0/1","7,7","14","99","245,0,243"
"0/1","16,10","26","99","319,0,533"
"0/0","28,0","28","78","0,78,1058"
"0/1","11,13","24","99","428,0,382"
"0/1","13,24","37","99","857,0,412"
"0/1","10,14","25","99","479,0,340"
"0/1","11,11","22","99","308,0,354"
"0/1","10,5","15","99","158,0,359"
"0/1","10,5","15","99","162,0,359"
"0/1","6,6","12","99","206,0,198"
"0/1","11,12","23","99","417,0,331"
"0/1","8,8","16","99","260,0,255"
"0/1","11,7","18","99","223,0,340"
"0/1","7,11","18","99","309,0,195"
"0/1","11,6","17","99","194,0,383"
"0/1","16,10","26","99","318,0,553"
"0/1","8,8","16","99","282,0,271"
"0/1","8,17","25","99","460,0,250"
"0/1","16,32","48","99","982,0,437"
"0/1","15,10","25","99","332,0,494"
"0/1","20,8","28","99","236,0,691"
"0/1","12,11","23","99","373,0,372"
"0/1","13,10","23","99","335,0,460"
"0/1","13,13","26","99","438,0,437"
"0/1","11,14","25","99","368,0,352"
"0/1","11,14","25","99","473,0,326"
"0/1","8,9","17","99","287,0,179"
"0/1","11,18","29","99","572,0,314"
"0/1","13,13","26","99","377,0,442"
"0/1","13,15","28","99","492,0,414"
"0/1","13,13","26","99","367,0,427"
"0/0","28,1","29","78","0,78,990"
"0/0","29,1","30","81","0,81,1069"
"0/0","30,1","31","84","0,84,1103"
"0/0","30,0","30","87","0,87,1183"
"0/1","5,7","12","93","164,0,93"
"0/1","8,14","23","99","445,0,217"
"0/1","10,11","21","99","380,0,349"
"0/1","17,14","31","99","480,0,530"
"0/1","7,11","18","99","355,0,158"
"0/1","6,13","19","99","425,0,180"
"0/1","17,13","30","99","407,0,590"
"0/1","17,15","32","99","381,0,573"
"0/1","11,12","23","99","428,0,332"
"0/1","9,8","17","99","238,0,315"
"0/1","14,10","25","99","326,0,392"
"0/0","46,0","46","99","0,129,1693"
"0/0","45,0","45","99","0,126,1691"
"0/0","36,0","36","99","0,102,1359"
"0/0","36,0","36","99","0,102,1355"
"0/0","37,0","37","99","0,108,1451"
"0/0","39,0","39","99","0,114,1533"
"0/0","42,0","42","99","0,123,1646"
"0/0","42,0","42","99","0,126,1697"
"0/0","42,0","42","99","0,123,1635"
"0/0","25,0","26","60","0,60,762"
"0/0","30,0","30","75","0,75,941"
"0/0","28,0","31","69","0,69,877"
"0/0","31,0","31","75","0,75,949"
"0/0","33,0","33","84","0,84,1019"
"0/0","30,0","31","78","0,78,940"
"0/0","30,0","30","78","0,78,958"
"0/0","28,0","28","72","0,72,928"
"0/0","31,0","31","84","0,84,1085"
"0/0","28,0","30","75","0,75,968"
"0/0","29,0","29","72","0,72,949"
"0/0","28,0","28","84","0,84,1107"
"0/0","27,0","27","81","0,81,1090"
"0/0","28,0","28","84","0,84,1107"
"0/0","17,0","17","51","0,51,686"
"0/0","18,0","18","51","0,51,688"
"0/0","17,0","17","48","0,48,652"
"0/0","17,0","17","48","0,48,649"
"0/0","16,0","16","45","0,45,608"
"0/0","19,0","19","51","0,51,689"
"0/0","19,0","19","54","0,54,721"
"0/0","21,0","21","60","0,60,783"
"0/0","21,0","21","60","0,60,800"
"0/0","22,0","22","66","0,66,883"
"0/0","22,0","22","66","0,66,877"
"0/0","22,0","22","66","0,66,886"
"0/0","22,0","22","66","0,66,867"
"0/0","22,0","22","66","0,66,883"
"0/0","24,0","24","72","0,72,947"
"0/1","11,9","20","99","236,0,381"
"0/1","21,20","41","99","676,0,642"
"0/1","18,15","33","99","500,0,567"
"0/1","14,13","27","99","387,0,452"
"0/1","19,10","29","99","313,0,577"
"0/1","14,13","27","99","387,0,445"
"0/0","30,0","30","75","0,75,994"
"0/1","18,16","34","99","519,0,465"
"0/0","28,0","28","69","0,69,928"
"0/0","27,0","27","66","0,66,895"
"0/1","15,14","29","99","486,0,520"
"0/1","12,21","33","99","749,0,379"
"0/1","12,18","30","99","623,0,399"
"0/1","15,16","31","99","525,0,465"
"0/1","26,9","35","99","253,0,652"
"0/1","12,12","24","99","415,0,341"
"0/1","25,7","34","99","169,0,540"
"0/1","16,8","24","99","186,0,484"
"0/1","16,8","24","99","185,0,486"
"0/1","36,11","47","99","201,0,1198"
"0/1","33,10","43","99","228,0,1077"
"0/1","33,10","44","99","212,0,1084"
"0/1","40,10","50","99","138,0,1120"
"0/1","12,17","29","99","569,0,400"
"0/1","19,18","37","99","556,0,596"
"0/1","17,18","35","99","606,0,573"
"0/1","11,12","23","99","392,0,313"
"0/1","14,20","34","99","644,0,399"
"0/0","22,0","22","66","0,66,857"
"0/1","20,18","38","99","520,0,587"
"0/1","19,9","28","99","249,0,652"
"0/1","15,13","29","99","387,0,464"
"0/1","11,15","26","99","531,0,366"
"0/1","11,14","25","99","481,0,338"
"0/1","14,12","26","99","344,0,488"
"0/1","14,6","20","99","175,0,491"
"0/1","20,13","33","99","435,0,598"
"0/1","20,14","34","99","454,0,656"
"0/1","13,9","22","99","282,0,440"
"0/1","8,6","14","99","155,0,275"
"0/1","11,10","21","99","310,0,390"
"0/1","13,15","28","99","477,0,430"
"0/1","12,9","21","99","236,0,437"
"0/1","10,12","22","99","408,0,338"
"0/1","7,9","16","99","319,0,224"
"0/1","14,12","26","99","413,0,455"
"0/1","20,14","34","99","467,0,581"
"0/1","7,7","14","99","227,0,243"
"0/1","10,15","25","99","480,0,274"
"0/1","16,9","25","99","287,0,579"
"0/1","13,13","26","99","452,0,407"
"0/1","15,9","24","99","277,0,530"
"0/1","13,8","21","99","264,0,457"
"0/1","14,18","32","99","486,0,481"
"0/1","9,12","21","99","416,0,273"
"0/1","11,13","24","99","365,0,372"
"0/1","13,14","27","99","467,0,305"
"0/1","13,16","30","99","450,0,354"
"0/1","13,18","31","99","522,0,300"
"0/1","10,13","23","99","411,0,290"
"0/1","15,15","30","99","468,0,474"
"0/1","19,11","30","99","312,0,556"
"0/1","19,15","36","99","419,0,529"
"0/1","22,19","41","99","611,0,781"
"0/1","13,16","29","99","494,0,368"
"0/1","11,16","27","99","490,0,335"
"0/1","11,13","24","99","407,0,380"
"0/1","12,8","20","99","148,0,415"
"0/1","15,7","22","99","151,0,303"
"0/1","4,10","16","47","331,0,47"
"0/1","16,10","26","99","281,0,563"
"0/1","12,10","22","99","336,0,413"
"0/1","19,19","38","99","602,0,618"
"0/1","17,13","30","99","393,0,509"
"0/1","11,11","22","99","340,0,331"
"0/1","16,9","25","99","289,0,551"
"0/1","28,16","44","99","505,0,910"
"0/0","39,0","39","99","0,108,1403"
"0/1","17,12","29","99","339,0,521"
"0/1","17,12","29","99","238,0,542"
"0/1","23,12","35","99","375,0,782"
"0/1","14,10","24","99","258,0,495"
"0/1","9,17","26","99","572,0,240"
"0/0","27,5","32","63","0,63,825"
"0/1","12,11","23","99","381,0,408"
"0/1","19,12","31","99","392,0,671"
"0/1","10,17","27","99","580,0,307"
"0/1","11,9","20","99","313,0,223"
"0/1","12,8","20","99","201,0,228"
"0/1","11,9","20","99","260,0,379"
"0/1","14,10","24","99","339,0,370"
"0/1","21,13","34","99","420,0,661"
"0/1","17,8","25","99","239,0,545"
"0/1","14,15","29","99","514,0,414"
"0/1","27,7","34","36","36,0,743"
"0/1","22,11","33","99","161,0,634"
"0/1","22,5","27","62","62,0,557"
"0/1","20,5","25","43","43,0,658"
"0/1","10,14","24","99","490,0,283"
"0/1","14,9","23","99","307,0,429"
"0/1","18,8","26","99","171,0,595"
"0/1","14,15","29","99","409,0,381"
"0/1","11,15","26","99","490,0,302"
"0/1","13,15","28","99","482,0,411"
"0/1","14,13","27","99","404,0,432"
"0/1","13,10","23","99","333,0,454"
"0/1","8,19","27","99","637,0,239"
"0/1","16,14","30","99","279,0,297"
"0/1","14,26","40","99","816,0,439"
"0/1","21,25","46","99","755,0,647"
"0/0","28,0","28","75","0,75,1019"
"0/1","6,17","23","99","575,0,166"
"0/1","29,5","34","99","106,0,1020"
"0/1","31,5","36","97","97,0,1105"
"0/1","32,8","40","99","204,0,1169"
"0/1","33,7","40","99","168,0,1191"
"0/1","31,17","48","99","534,0,1070"
"0/1","30,17","47","99","484,0,1045"
"0/1","30,12","42","99","338,0,1025"
"0/1","31,19","50","99","553,0,1059"
"0/1","35,17","52","99","454,0,1173"
"0/1","35,17","52","99","461,0,1111"
"0/1","23,23","46","99","766,0,649"
"0/1","35,14","49","99","386,0,1212"
"0/1","37,12","49","99","320,0,1239"
"0/1","22,2","24","11","11,0,782"
"0/1","26,10","36","99","232,0,888"
"0/1","26,10","36","99","239,0,885"
"0/1","11,9","20","99","250,0,379"
"0/1","32,3","35","18","18,0,1105"
"0/1","23,2","25","13","13,0,797"
"0/1","18,14","32","99","468,0,585"
"0/1","28,4","32","56","56,0,992"
"0/1","25,4","29","69","69,0,820"
"0/1","25,4","29","66","66,0,846"
"0/1","25,4","29","66","66,0,876"
"0/1","31,3","34","22","22,0,1098"
"0/1","32,3","35","18","18,0,1148"
"0/1","32,3","35","21","21,0,1095"
"0/1","37,5","42","70","70,0,1285"
"0/1","36,5","41","69","69,0,1284"
"0/1","38,4","42","39","39,0,1322"
"0/1","35,4","39","42","42,0,1208"
"0/1","32,4","36","62","62,0,1090"
"0/0","18,0","18","54","0,54,718"
"0/1","9,14","23","99","459,0,298"
"0/1","13,6","19","99","117,0,413"
"0/1","10,12","22","99","381,0,322"
"0/1","9,5","14","99","151,0,313"
"0/1","11,12","23","99","413,0,341"
"0/1","15,13","28","99","353,0,463"
"1/1","4,19","25","5","468,5,0"
"0/1","29,11","41","99","248,0,442"
"0/1","19,22","41","99","605,0,607"
"0/1","20,22","42","99","644,0,608"
"0/1","17,18","35","99","615,0,484"
"0/1","18,19","37","99","646,0,596"
"0/1","18,17","35","99","589,0,587"
"0/1","11,14","25","99","478,0,356"
"0/1","17,16","33","99","475,0,376"
"0/1","12,17","29","99","567,0,386"
"0/1","15,18","33","99","591,0,460"
"0/1","8,16","24","99","542,0,219"
"0/1","13,19","32","99","557,0,396"
"0/1","15,20","35","99","669,0,467"
"0/1","16,14","30","99","457,0,512"
"0/1","20,17","37","99","560,0,513"
"0/1","16,12","28","99","343,0,534"
"0/1","14,13","27","99","400,0,422"
"0/1","21,17","38","99","524,0,676"
"0/1","16,7","24","99","153,0,489"
"0/1","19,16","35","99","476,0,582"
"0/1","11,24","35","99","770,0,346"
"0/1","14,28","42","99","952,0,397"
"0/1","22,11","33","99","325,0,434"
"0/1","23,11","34","99","207,0,483"
"0/1","37,22","59","99","421,0,850"
"0/1","38,22","60","99","426,0,872"
"0/1","41,17","58","99","370,0,857"
"0/1","39,17","56","99","361,0,813"
"0/1","16,26","53","99","506,0,205"
"0/1","13,3","16","78","78,0,377"
"0/1","20,4","24","87","87,0,547"
"0/1","17,5","23","98","98,0,470"
"0/1","26,6","32","19","19,0,696"
"0/1","23,7","30","25","25,0,592"
"0/1","17,7","25","74","74,0,453"
"0/1","14,4","18","34","34,0,501"
"0/1","15,4","19","71","71,0,485"
"0/1","12,9","22","99","237,0,235"
"0/0","38,4","42","34","0,34,1219"
"0/1","20,21","41","99","686,0,592"
"0/1","22,18","40","99","594,0,680"
"1/1","1,10","12","21","261,21,0"
"0/1","18,9","27","99","120,0,518"
"0/1","36,12","48","99","105,0,1129"
"0/1","34,12","46","99","109,0,1115"
"0/1","34,12","46","99","110,0,1120"
"0/1","12,13","25","99","423,0,323"
"0/1","16,11","27","99","295,0,492"
"0/1","30,13","43","99","359,0,941"
"0/1","50,13","63","99","284,0,1598"
"0/1","35,28","63","99","763,0,1074"
"0/1","28,6","34","99","141,0,905"
"0/1","19,11","30","99","342,0,653"
"0/1","29,31","60","99","944,0,824"
"1/2","0,13,45","59","99","1805,1462,1429,343,0,213"
"0/1","58,8","66","15","15,0,1942"
"0/1","88,28","116","99","737,0,2412"
"0/1","92,26","118","99","525,0,2864"
"0/1","93,23","116","99","468,0,2926"
"0/2","33,6,24","63","99","715,587,1706,0,916,1071"
"0/2","31,23,36","90","99","1052,346,1403,0,327,1030"
"0/1","72,25","98","99","673,0,2365"
"0/1","71,25","97","99","681,0,2205"
"0/1","51,24","75","99","689,0,1671"
"0/1","46,30","76","99","902,0,1433"
"0/1","47,30","77","99","853,0,1402"
"0/0","67,11","78","6","0,6,2318"
"0/1","41,26","67","99","711,0,1280"
"0/1","38,25","64","99","703,0,1252"
"0/1","36,18","58","99","472,0,1232"
"0/1","33,23","56","99","753,0,1112"
"0/1","35,24","59","99","752,0,1125"
"0/1","36,19","55","99","564,0,1283"
"0/1","34,19","53","99","591,0,1201"
"0/1","31,23","54","99","693,0,1092"
"0/1","39,22","62","99","698,0,1390"
"0/1","39,21","60","99","618,0,1388"
"0/1","37,21","58","99","624,0,1339"
"0/1","31,23","54","99","745,0,968"
"0/1","29,25","54","99","822,0,938"
"0/1","20,25","45","99","831,0,679"
"0/1","22,34","56","99","1073,0,716"
"0/1","26,31","57","99","1013,0,831"
"0/1","28,34","62","99","1073,0,873"
"0/1","28,33","61","99","1050,0,895"
"0/1","29,31","61","99","904,0,881"
"0/1","32,30","62","99","890,0,953"
"0/1","27,19","46","99","455,0,885"
"0/1","31,19","50","99","468,0,978"
"0/1","30,20","50","99","498,0,938"
"0/1","34,29","63","99","778,0,1012"
"0/1","41,32","73","99","932,0,1276"
"0/1","40,32","73","99","884,0,1289"
"0/1","41,32","73","99","906,0,1332"
"0/1","39,31","70","99","864,0,1187"
"0/1","54,7","61","42","42,0,1647"
"0/1","39,16","60","99","331,0,1273"
"0/1","67,24","91","99","521,0,2030"
"0/1","76,22","98","99","473,0,2253"
"0/1","81,18","99","99","366,0,2573"
"0/1","84,20","104","99","461,0,2609"
"0/1","84,21","105","99","476,0,2596"
"0/1","85,22","107","99","481,0,2587"
"0/1","45,26","71","99","745,0,1353"
"0/1","61,24","85","99","576,0,1938"
"0/1","53,24","78","99","549,0,1767"
"0/1","35,24","59","99","624,0,1105"
"0/1","36,24","61","99","590,0,1119"
"0/1","27,20","47","99","578,0,804"
"0/1","27,21","48","99","661,0,688"
"0/1","30,22","52","99","628,0,864"
"0/1","30,21","51","99","543,0,801"
"0/1","29,21","51","99","495,0,661"
"0/1","31,21","52","99","502,0,812"
"0/1","32,22","54","99","526,0,869"
"0/1","31,23","54","99","620,0,775"
"0/1","29,23","52","99","612,0,734"
"0/1","28,22","50","99","601,0,741"
"0/1","31,25","56","99","686,0,916"
"0/1","41,27","68","99","701,0,1348"
"0/1","41,26","67","99","732,0,1350"
"0/1","41,25","66","99","700,0,1335"
"0/1","38,24","62","99","741,0,1316"
"0/1","38,24","62","99","793,0,1263"
"0/1","34,23","57","99","623,0,1144"
"0/1","31,16","47","99","440,0,1044"
"0/1","32,15","47","99","385,0,1115"
"0/1","39,11","50","99","196,0,1346"
"0/1","49,12","61","99","148,0,1203"
"0/1","34,22","56","99","507,0,986"
"0/1","33,22","55","99","504,0,938"
"0/1","31,19","50","99","436,0,1071"
"0/1","33,16","49","99","405,0,1094"
"0/1","33,14","47","99","369,0,1034"
"0/1","44,7","51","99","123,0,1331"
"0/1","28,27","55","99","826,0,866"
"0/1","36,30","66","99","956,0,1078"
"0/1","46,14","60","99","342,0,1458"
"0/1","31,32","63","99","1043,0,993"
"0/1","28,35","63","99","1106,0,913"
"0/1","26,35","61","99","1105,0,845"
"0/1","26,31","57","99","936,0,825"
"0/1","17,19","36","99","562,0,543"
"0/1","22,13","37","99","281,0,553"
"0/1","20,11","31","99","355,0,636"
"0/1","22,22","44","99","669,0,661"
"0/1","25,9","34","99","257,0,875"
"0/1","17,6","23","99","168,0,575"
"0/1","17,22","39","99","667,0,414"
"0/0","41,0","41","99","0,108,1402"
"0/1","9,13","22","99","433,0,235"
"0/1","17,24","41","99","781,0,560"
"0/1","18,16","35","99","420,0,590"
"0/1","18,13","31","99","405,0,611"
"0/1","15,14","29","99","448,0,505"
"0/1","19,24","43","99","772,0,556"
"0/1","13,15","28","99","528,0,421"
"0/1","20,17","37","99","563,0,678"
"0/1","25,9","34","99","204,0,762"
"0/1","10,10","20","99","338,0,339"
"0/1","9,7","16","99","234,0,310"
"0/1","7,10","17","99","359,0,212"
"0/1","18,9","28","99","272,0,619"
"0/0","21,0","21","60","0,60,794"
"0/1","10,10","20","99","330,0,334"
"0/1","16,3","19","87","87,0,250"
"0/1","13,14","27","99","443,0,419"
"0/1","21,19","40","99","576,0,610"
"0/1","13,16","29","99","551,0,439"
"0/1","16,22","38","99","765,0,521"
"0/1","10,11","21","99","362,0,323"
"0/0","44,0","44","99","0,129,1691"
"0/1","17,15","32","99","471,0,493"
"0/1","4,7","11","99","252,0,130"
"0/1","6,9","15","99","313,0,202"
"0/1","10,5","15","99","158,0,344"
"0/1","22,20","42","99","671,0,730"
"0/1","11,13","24","99","428,0,349"
"0/0","15,2","17","39","0,39,491"
"0/1","6,7","15","99","166,0,167"
"0/1","12,17","29","99","517,0,402"
"0/1","12,9","21","99","287,0,395"
"0/1","13,9","22","99","273,0,417"
"0/1","9,7","16","99","236,0,316"
"1/1","1,13","14","36","464,36,0"
"0/0","10,1","11","30","0,30,385"
"0/1","15,17","32","99","531,0,434"
"0/1","5,28","33","78","897,0,78"
"0/1","11,15","26","99","516,0,357"
"0/1","19,15","34","99","453,0,670"
"0/1","20,12","32","99","363,0,637"
"0/1","18,12","30","99","400,0,631"
"0/1","18,18","36","99","624,0,502"
"0/1","11,22","33","99","781,0,337"
"0/1","12,17","29","99","538,0,382"
"0/1","8,15","23","99","537,0,213"
"0/1","10,12","22","99","364,0,329"
"0/1","21,17","38","99","578,0,642"
"0/1","14,18","32","99","623,0,463"
"0/1","14,18","32","99","623,0,466"
"0/1","13,15","28","99","446,0,415"
"0/1","15,12","27","99","393,0,483"
"0/1","16,16","32","99","547,0,532"
"0/1","20,12","32","99","381,0,636"
"0/1","31,7","38","50","50,0,934"
"0/1","33,7","40","47","47,0,1034"
"0/1","35,7","42","35","35,0,1095"
"0/1","36,6","42","41","41,0,1089"
"0/1","11,31","42","99","991,0,314"
"0/1","37,6","43","37","37,0,1117"
"0/1","21,11","32","99","334,0,680"
"0/1","32,11","43","99","313,0,1017"
"0/1","32,11","43","99","316,0,1056"
"0/1","33,9","42","99","227,0,1133"
"0/1","34,9","43","99","235,0,1141"
"0/1","14,3","17","69","69,0,482"
"0/1","17,6","23","99","171,0,563"
"0/1","7,11","18","99","301,0,224"
"0/1","28,7","35","99","115,0,955"
"0/1","13,21","34","99","692,0,362"
"0/1","17,6","23","99","115,0,418"
"0/1","20,10","30","99","138,0,354"
"0/1","12,12","24","99","417,0,383"
"0/1","13,21","34","99","693,0,427"
"0/1","16,21","37","99","731,0,513"
"0/1","21,13","34","99","336,0,663"
"0/1","25,14","39","99","129,0,824"
"0/1","21,15","37","99","473,0,589"
"0/1","16,17","33","99","522,0,531"
"0/1","10,18","28","99","595,0,296"
"0/1","12,6","18","99","176,0,395"
"0/1","10,17","27","99","574,0,256"
"0/1","21,14","35","99","384,0,607"
"0/1","13,4","17","99","111,0,471"
"0/1","8,9","17","99","301,0,228"
"0/1","19,10","29","99","314,0,553"
"0/1","14,14","28","99","443,0,449"
"0/1","10,17","27","99","559,0,284"
"0/1","9,19","28","99","684,0,275"
"0/0","27,0","27","78","0,78,1046"
"0/0","21,0","21","60","0,60,804"
"0/1","6,10","16","99","346,0,192"
"0/1","14,15","29","99","432,0,412"
"0/1","15,11","27","99","296,0,452"
"0/1","14,12","26","99","391,0,416"
"0/1","11,17","28","99","466,0,330"
"0/1","37,9","46","99","108,0,1145"
"0/1","63,16","79","99","329,0,1527"
"0/1","26,11","37","99","258,0,790"
"0/1","22,12","34","99","332,0,723"
"0/1","14,14","28","99","396,0,392"
"0/1","21,16","37","99","347,0,645"
"0/1","17,16","33","99","415,0,512"
"0/1","36,5","41","27","27,0,1167"
"0/1","22,13","35","99","332,0,725"
"0/1","9,10","19","99","350,0,276"
"0/1","8,7","15","99","227,0,275"
"0/1","10,7","17","99","197,0,327"
"0/1","6,15","21","99","536,0,154"
"0/1","13,11","25","99","291,0,333"
"0/1","13,8","23","99","204,0,333"
"0/1","23,2","25","29","29,0,491"
"0/1","8,16","24","99","587,0,215"
"0/1","11,13","24","99","447,0,369"
"0/1","14,12","27","99","235,0,340"
"0/1","18,9","27","99","155,0,118"
"0/0","29,0","29","84","0,84,1077"
"0/1","35,10","45","99","129,0,1161"
"0/1","13,20","33","99","657,0,432"
"0/1","9,25","34","99","818,0,260"
"0/1","19,36","55","99","1204,0,508"
"0/1","18,34","52","99","1113,0,513"
"0/1","19,32","51","99","1019,0,545"
"0/1","23,39","62","99","1147,0,565"
"0/1","57,12","69","77","77,0,1682"
"0/1","23,23","46","99","454,0,633"
"0/1","31,17","48","99","391,0,1037"
"0/1","38,13","51","99","371,0,1129"
"0/1","26,18","44","99","528,0,800"
"0/1","40,13","53","99","341,0,1351"
"0/1","19,16","35","99","436,0,509"
"0/1","14,15","29","99","485,0,477"
"0/1","7,4","11","99","112,0,237"
"0/1","5,6","11","99","209,0,172"
"0/1","8,19","27","99","677,0,206"
"0/1","13,16","29","99","555,0,427"
"0/1","19,14","33","99","467,0,638"
"0/1","13,12","25","99","400,0,451"
"0/1","12,8","21","99","275,0,346"
"0/1","9,17","27","99","522,0,285"
"0/1","8,11","20","99","343,0,267"
"0/1","15,13","29","99","410,0,484"
"0/1","10,10","20","99","334,0,313"
"0/1","16,10","26","99","265,0,511"
"0/1","18,12","30","99","357,0,500"
"0/1","6,1","14","22","22,0,177"
"0/1","18,24","42","99","828,0,581"
"0/1","15,17","32","99","527,0,468"
"0/1","51,6","57","88","88,0,1524"
"0/1","16,15","34","99","481,0,302"
"0/1","15,14","30","99","475,0,448"
"0/1","16,11","27","99","228,0,456"
"0/1","9,11","20","99","355,0,295"
"0/1","9,7","16","99","236,0,206"
"0/0","30,3","33","14","0,14,777"
"0/1","8,9","17","99","284,0,232"
"0/0","27,0","27","78","0,78,1000"
"0/1","7,14","21","99","433,0,226"
"0/1","9,15","24","99","366,0,256"
"0/1","15,17","32","99","538,0,432"
"0/1","8,19","27","99","642,0,234"
"0/1","7,13","20","99","435,0,188"
"0/1","12,14","26","99","486,0,304"
"0/1","16,10","26","99","307,0,555"
"0/1","13,14","27","99","464,0,372"
"0/1","15,13","37","99","341,0,390"
"0/1","19,19","38","99","472,0,618"
"0/0","15,0","15","45","0,45,591"
"0/1","21,18","39","99","604,0,693"
"0/1","13,19","32","99","625,0,426"
"0/1","17,11","28","99","316,0,509"
"0/1","13,11","24","99","356,0,438"
"0/1","22,14","36","99","310,0,663"
"0/1","16,11","27","99","358,0,553"
"0/1","19,13","32","99","402,0,604"
"1/1","0,30","30","75","967,75,0"
"0/1","1,12","13","4","409,0,4"
"0/1","12,7","19","99","220,0,385"
"0/1","11,16","28","99","421,0,239"
"0/1","12,19","31","99","578,0,374"
"0/1","8,13","21","99","393,0,273"
"0/1","9,13","22","99","390,0,306"
"0/1","7,12","19","99","419,0,193"
"0/1","6,12","18","99","431,0,186"
"0/1","10,10","20","99","349,0,264"
"0/1","10,10","20","99","346,0,279"
"0/1","7,8","15","99","282,0,208"
"0/1","8,12","20","99","395,0,269"
"0/1","8,8","16","99","274,0,281"
"0/1","7,10","17","99","317,0,233"
"0/1","10,6","16","99","197,0,324"
"0/1","13,11","24","99","335,0,450"
"0/1","10,9","19","99","271,0,348"
"0/1","10,8","18","99","239,0,353"
"0/1","11,8","19","99","230,0,389"
"0/1","14,9","23","99","259,0,503"
"0/1","5,3","8","96","96,0,147"
"0/1","7,12","20","99","393,0,223"
"0/1","11,13","24","99","382,0,375"
"0/1","13,15","28","99","452,0,384"
"0/1","20,12","32","99","379,0,707"
"0/1","10,13","23","99","464,0,301"
"0/1","10,22","32","99","688,0,273"
"0/1","11,10","21","99","288,0,390"
"0/1","13,8","21","99","269,0,410"
"0/1","13,13","26","99","350,0,418"
"0/1","20,18","38","99","602,0,591"
"0/1","11,21","32","99","679,0,327"
"0/1","12,20","32","99","639,0,381"
"0/1","9,15","24","99","489,0,248"
"0/1","17,14","31","99","445,0,519"
"0/1","10,11","21","99","331,0,338"
"0/1","8,3","11","89","89,0,259"
"0/1","8,3","11","90","90,0,296"
"0/1","8,3","11","84","84,0,294"
"0/1","10,3","13","84","84,0,367"
"0/1","10,3","13","80","80,0,365"
"0/1","10,3","13","84","84,0,370"
"0/1","10,3","13","80","80,0,370"
"0/1","12,3","15","74","74,0,405"
"0/1","12,3","15","74","74,0,435"
"0/1","12,3","15","77","77,0,429"
"0/1","12,3","15","78","78,0,433"
"0/1","12,3","15","81","81,0,404"
"0/1","12,3","15","77","77,0,426"
"0/1","12,3","15","71","71,0,430"
"0/1","12,3","15","74","74,0,431"
"0/1","7,10","17","99","349,0,229"
"0/1","20,12","32","99","348,0,710"
"0/1","17,10","27","99","332,0,463"
"0/1","12,13","25","99","446,0,374"
"0/1","11,15","26","99","497,0,291"
"0/1","18,10","28","99","325,0,603"
"0/0","23,0","23","63","0,63,852"
"0/1","10,9","19","99","303,0,348"
"0/1","8,18","26","99","661,0,215"
"0/1","2,12","14","38","449,0,38"
"0/1","7,9","16","99","311,0,219"
"0/1","14,14","28","99","447,0,412"
"0/1","15,14","29","99","474,0,490"
"0/1","13,10","23","99","332,0,450"
"0/1","9,10","19","99","311,0,305"
"0/1","14,13","27","99","450,0,455"
"0/1","14,13","27","99","456,0,457"
"0/1","9,15","24","99","481,0,295"
"0/1","7,8","15","99","281,0,235"
"0/1","4,3","7","99","101,0,146"
"0/1","7,15","23","99","540,0,216"
"0/1","16,10","26","99","271,0,552"
"0/1","11,6","17","99","192,0,388"
"0/1","11,19","30","99","618,0,297"
"0/1","9,4","13","99","121,0,310"
"0/1","22,16","39","99","456,0,608"
"0/1","23,14","37","99","412,0,790"
"0/1","18,19","37","99","591,0,584"
"0/1","16,16","32","99","530,0,495"
"0/1","17,14","31","99","440,0,530"
"0/1","9,15","24","99","369,0,290"
"0/1","16,13","29","99","361,0,509"
"0/1","13,17","30","99","557,0,399"
"0/1","16,18","34","99","554,0,501"
"0/1","10,17","27","99","530,0,280"
"0/1","19,15","35","99","489,0,599"
"0/1","16,11","27","99","324,0,552"
"0/1","21,12","33","99","344,0,653"
"0/1","16,15","31","99","507,0,542"
"0/1","18,22","40","99","641,0,492"
"0/1","13,21","34","99","695,0,367"
"0/1","17,14","31","99","440,0,550"
"0/1","14,10","25","99","291,0,460"
"0/1","38,11","49","99","202,0,1142"
"0/1","29,11","40","99","144,0,892"
"0/1","31,10","41","99","164,0,1031"
"0/1","34,5","39","87","87,0,1197"
"0/1","37,17","54","99","427,0,1137"
"0/1","34,14","48","99","364,0,1065"
"0/1","35,14","49","99","382,0,1038"
"0/1","33,14","47","99","402,0,1012"
"0/1","34,14","48","99","406,0,1081"
"0/1","21,12","33","99","283,0,679"
"0/0","28,1","29","72","0,72,946"
"0/0","28,1","29","66","0,66,869"
"0/0","28,1","29","66","0,66,841"
"0/0","29,0","29","78","0,78,1054"
"0/1","14,19","33","99","661,0,472"
"0/1","19,11","30","99","334,0,579"
"0/1","19,13","32","99","431,0,633"
"0/1","11,16","27","99","534,0,328"
"0/1","11,17","28","99","544,0,326"
"0/1","14,9","23","99","256,0,507"
"0/1","17,7","24","99","214,0,572"
"0/1","15,16","31","99","546,0,479"
"0/1","17,11","28","99","358,0,555"
"0/1","20,21","41","99","682,0,669"
"0/1","14,9","23","99","221,0,471"
"0/1","18,22","40","99","735,0,535"
"0/0","10,0","10","30","0,30,398"
"0/0","11,0","11","33","0,33,438"
"0/0","11,0","11","33","0,33,441"
"0/0","11,0","11","33","0,33,443"
"0/0","11,0","11","33","0,33,446"
"0/0","11,0","11","33","0,33,437"
"0/0","11,0","11","33","0,33,439"
"0/1","21,20","41","99","636,0,645"
"0/0","29,0","29","78","0,78,1039"
"0/0","25,0","27","72","0,72,955"
"0/0","23,1","24","66","0,66,884"
"0/0","22,0","24","66","0,66,875"
"0/0","25,0","26","66","0,66,887"
"0/0","26,0","26","72","0,72,943"
"0/0","24,0","26","69","0,69,912"
"0/0","23,2","25","66","0,66,876"
"0/0","23,1","25","66","0,66,891"
"0/0","29,1","33","53","0,53,895"
"0/0","28,2","30","43","0,43,791"
"0/1","12,19","31","99","618,0,353"
"0/0","32,2","34","43","0,43,1004"
"0/0","32,3","35","49","0,49,1072"
"0/1","45,7","52","55","55,0,1331"
"0/1","45,17","64","99","254,0,1016"
"0/0","30,1","32","60","0,60,770"
"0/1","17,21","38","99","618,0,529"
"0/1","16,18","34","99","579,0,499"
"0/1","16,16","32","99","478,0,463"
"0/1","18,9","27","99","252,0,649"
"0/1","14,19","33","99","614,0,431"
"0/1","3,6","9","93","220,0,93"
"0/1","14,14","28","99","441,0,475"
"0/1","20,17","37","99","537,0,588"
"0/1","18,12","30","99","377,0,616"
"0/1","22,25","47","99","744,0,643"
"0/1","18,10","28","99","305,0,632"
"0/1","20,15","35","99","489,0,692"
"0/1","13,7","20","99","190,0,469"
"0/1","7,9","16","99","249,0,220"
"0/1","12,11","23","99","377,0,417"
"0/1","11,15","26","99","523,0,364"
"0/1","14,14","28","99","477,0,470"
"0/1","16,13","29","99","435,0,547"
"0/1","20,13","33","99","428,0,591"
"0/1","18,13","32","99","374,0,541"
"0/1","46,24","70","99","580,0,897"
"0/1","48,19","67","99","448,0,1085"
"0/1","9,12","21","99","410,0,304"
"0/1","19,17","36","99","565,0,650"
"0/1","14,21","35","99","654,0,462"
"0/1","15,12","27","99","409,0,389"
"0/1","21,11","32","99","322,0,736"
"0/1","9,10","19","99","345,0,302"
"0/1","23,13","36","99","319,0,742"
"0/1","15,22","37","99","624,0,468"
"0/1","10,14","24","99","491,0,327"
"0/1","23,12","35","99","312,0,702"
"0/1","32,12","44","99","362,0,789"
"0/1","11,9","20","99","285,0,314"
"0/1","18,10","28","99","309,0,554"
"0/1","7,9","16","99","312,0,153"
"0/0","21,0","21","57","0,57,771"
"0/1","10,9","19","99","227,0,358"
"0/1","12,8","20","99","264,0,350"
"0/1","15,10","25","99","318,0,495"
"0/1","16,14","30","99","456,0,483"
"0/1","12,12","24","99","417,0,380"
"0/1","10,9","19","99","308,0,313"
"0/1","10,12","22","99","423,0,331"
"0/1","7,9","16","99","317,0,234"
"1/1","0,13","13","39","518,39,0"
"0/1","8,10","18","99","312,0,210"
"0/1","11,13","24","99","384,0,314"
"0/1","9,8","17","99","251,0,279"
"0/1","8,7","15","99","190,0,265"
"0/1","7,8","15","99","276,0,234"
"0/1","17,15","32","99","482,0,508"
"0/1","17,15","32","99","405,0,539"
"0/1","11,14","25","99","498,0,360"
"0/0","23,0","23","63","0,63,812"
"0/1","22,22","44","99","726,0,677"
"0/1","22,5","27","94","94,0,691"
"0/1","24,4","28","56","56,0,797"
"0/1","20,11","31","99","345,0,567"
"0/1","26,7","33","80","80,0,918"
"0/1","28,7","35","99","129,0,963"
"0/1","4,9","13","99","305,0,121"
"0/1","11,10","21","99","347,0,378"
"0/1","6,6","12","99","214,0,179"
"0/1","13,2","15","62","62,0,96"
"0/1","6,4","10","79","126,0,79"
"0/1","23,20","43","99","655,0,755"
"0/1","13,17","30","99","560,0,368"
"0/1","9,14","23","99","501,0,264"
"0/1","13,12","25","99","389,0,454"
"0/1","13,12","25","99","377,0,369"
"0/1","19,13","32","99","422,0,604"
"1/1","0,29","29","84","1135,84,0"
"0/1","20,30","50","99","947,0,526"
"0/1","32,10","42","99","233,0,887"
"0/1","17,16","34","99","537,0,585"
"0/1","14,8","22","99","264,0,466"
"0/0","16,0","16","42","0,42,575"
"0/1","7,7","14","99","238,0,241"
"0/1","10,9","19","99","300,0,341"
"0/1","10,12","22","99","421,0,279"
"0/1","20,17","37","99","577,0,698"
"0/1","6,17","23","99","628,0,161"
"0/1","7,5","12","99","166,0,248"
"0/1","7,8","15","99","248,0,231"
"0/1","4,16","20","99","593,0,103"
"0/1","16,15","31","99","496,0,413"
"0/1","25,7","32","17","17,0,641"
"0/1","15,11","26","99","329,0,516"
"0/1","13,18","31","99","607,0,420"
"0/1","18,12","30","99","394,0,614"
"0/1","10,12","22","99","339,0,350"
"0/1","29,17","46","99","195,0,688"
"0/1","10,7","17","99","228,0,351"
"0/0","12,0","12","36","0,36,455"
"0/0","13,0","13","36","0,36,459"
"0/1","11,9","21","99","249,0,362"
"0/1","14,14","28","99","452,0,445"
"0/1","11,7","18","99","221,0,388"
"0/1","9,17","26","99","582,0,282"
"0/1","11,10","21","99","266,0,162"
"0/0","26,0","26","75","0,75,1001"
"0/1","19,17","36","99","366,0,588"
"0/1","17,19","36","99","577,0,527"
"0/1","18,16","34","99","522,0,616"
"0/1","10,11","21","99","330,0,297"
"0/1","17,13","30","99","404,0,552"
"0/1","13,11","24","99","338,0,429"
"0/1","14,7","21","99","209,0,424"
"0/1","15,15","30","99","511,0,432"
"1/1","0,24","24","66","885,66,0"
"0/1","14,16","31","99","488,0,418"
"0/1","9,15","24","99","440,0,294"
"0/1","23,17","40","99","515,0,703"
"0/0","27,0","27","81","0,81,1080"
"0/0","27,0","27","75","0,75,1013"
"0/0","26,0","26","75","0,75,1005"
"0/0","25,0","25","72","0,72,973"
"0/0","26,0","26","75","0,75,988"
"0/0","24,0","24","69","0,69,910"
"0/0","22,0","22","66","0,66,860"
"0/1","11,19","30","99","673,0,352"
"0/0","17,0","17","48","0,48,658"
"0/1","11,13","24","99","437,0,320"
"0/1","11,12","23","99","341,0,378"
"0/1","9,17","26","99","619,0,296"
"0/1","11,4","15","99","123,0,375"
"0/0","29,0","29","84","0,84,1114"
"0/1","10,25","35","99","810,0,306"
"0/1","21,19","41","99","466,0,450"
"0/1","16,12","28","99","338,0,554"
"0/1","15,16","31","99","519,0,439"
"0/1","18,13","31","99","437,0,591"
"0/1","6,10","16","99","294,0,198"
"0/1","15,14","29","99","467,0,482"
"0/1","15,19","36","99","465,0,340"
"0/1","6,12","18","99","420,0,180"
"0/1","12,16","28","99","302,0,232"
"0/1","5,19","24","99","610,0,119"
"0/1","13,25","38","99","775,0,331"
"0/1","21,17","38","99","477,0,642"
"0/0","30,2","33","41","0,41,1003"
"0/1","19,19","38","99","608,0,638"
"0/1","13,10","23","99","251,0,430"
"0/1","16,15","31","99","415,0,480"
"0/1","18,11","29","99","310,0,544"
"0/1","14,8","22","99","254,0,392"
"0/1","13,10","23","99","321,0,426"
"0/1","14,9","23","99","291,0,486"
"0/1","9,6","15","99","194,0,314"
"0/1","15,17","32","99","471,0,412"
"0/1","7,10","17","99","341,0,223"
"0/1","6,9","15","99","289,0,195"
"0/1","5,8","13","99","284,0,116"
"0/1","5,7","12","99","253,0,166"
"0/1","9,8","17","99","266,0,318"
"0/1","10,19","29","99","650,0,260"
"0/1","13,17","30","99","567,0,437"
"0/1","8,5","13","99","165,0,278"
"0/0","18,0","18","54","0,54,727"
"0/1","16,18","35","99","552,0,515"
"0/1","16,19","35","99","652,0,450"
"0/1","10,15","25","99","493,0,323"
"0/1","11,17","28","99","526,0,312"
"0/1","15,20","35","99","659,0,424"
"0/1","26,8","35","99","128,0,503"
"0/1","26,9","36","62","62,0,561"
"0/1","32,12","44","99","374,0,908"
"0/1","7,14","21","99","501,0,209"
"0/1","8,7","15","99","235,0,233"
"0/1","13,8","21","99","259,0,426"
"0/1","9,11","20","99","207,0,236"
"0/1","11,14","25","99","468,0,367"
"0/1","21,25","46","99","782,0,660"
"0/1","27,15","42","99","332,0,838"
"0/1","32,14","46","99","345,0,1034"
"0/1","9,10","19","99","330,0,310"
"0/1","4,7","11","99","234,0,109"
"0/1","12,13","25","99","398,0,352"
"0/1","14,16","30","99","481,0,424"
"0/1","14,9","23","99","257,0,358"
"0/1","18,10","28","99","292,0,600"
"0/1","9,13","22","99","432,0,299"
"0/1","10,15","25","99","458,0,322"
"0/1","14,13","27","99","432,0,442"
"0/1","14,6","20","99","185,0,465"
"0/1","12,18","30","99","552,0,379"
"0/1","11,15","28","99","414,0,217"
"0/1","22,10","32","99","224,0,667"
"0/1","20,18","38","99","567,0,653"
"0/1","17,21","38","99","732,0,498"
"0/1","20,11","31","99","351,0,712"
"1/1","1,30","31","44","1037,44,0"
"0/1","11,13","24","99","455,0,333"
"0/1","7,10","17","99","357,0,198"
"0/1","9,7","16","99","237,0,309"
"0/1","19,16","35","99","480,0,598"
"0/1","16,13","29","99","421,0,497"
"0/1","7,5","12","99","171,0,239"
"0/1","10,16","26","99","454,0,291"
"0/1","20,15","35","99","426,0,693"
"0/1","12,9","21","99","272,0,413"
"0/1","10,16","26","99","529,0,319"
"0/1","18,15","33","99","493,0,496"
"0/1","11,13","24","99","418,0,378"
"0/1","14,18","32","99","574,0,462"
"0/1","25,10","35","99","290,0,822"
"0/1","13,22","35","99","692,0,391"
"0/1","8,8","16","99","281,0,264"
"0/1","14,10","24","99","334,0,480"
"0/1","12,10","22","99","344,0,423"
"0/1","16,14","30","99","469,0,522"
"0/1","9,18","27","99","553,0,276"
"0/1","14,5","21","99","154,0,269"
"0/1","15,9","24","99","287,0,505"
"0/1","12,15","27","99","463,0,352"
"0/1","13,14","27","99","427,0,409"
"0/1","14,13","28","99","400,0,448"
"0/1","21,18","40","99","554,0,526"
"0/1","22,13","35","99","373,0,738"
"0/1","9,18","27","99","586,0,270"
"0/0","22,0","22","60","0,60,799"
"0/1","21,12","33","99","366,0,651"
"0/1","6,11","17","99","381,0,179"
"0/1","7,11","18","99","390,0,213"
"0/1","15,17","32","99","546,0,463"
"0/1","23,13","36","99","423,0,766"
"0/1","19,20","39","99","642,0,577"
"0/1","20,19","39","99","481,0,652"
"0/1","9,24","33","99","675,0,240"
"0/1","9,20","29","99","615,0,241"
"0/1","3,23","26","34","682,0,34"
"0/1","29,8","37","86","86,0,885"
"0/0","29,4","33","20","0,20,1049"
"0/1","30,6","36","57","57,0,915"
"0/1","30,11","41","99","164,0,874"
"0/1","28,10","38","99","171,0,854"
"0/1","28,9","37","99","162,0,907"
"0/1","22,9","31","99","269,0,761"
"0/0","21,2","24","32","0,32,767"
"0/1","15,14","29","99","483,0,479"
"0/1","19,14","33","99","466,0,613"
"0/1","17,16","33","99","439,0,565"
"0/1","13,17","30","99","504,0,316"
"0/1","12,7","19","99","231,0,390"
"0/1","14,4","18","93","93,0,446"
"0/1","13,8","21","99","227,0,438"
"0/1","9,9","18","99","272,0,311"
"0/0","25,0","27","72","0,72,945"
"0/0","28,0","30","78","0,78,1010"
"0/1","21,11","32","99","349,0,698"
"0/1","17,17","36","99","478,0,490"
"0/1","5,27","32","99","781,0,107"
"0/1","14,21","35","99","656,0,399"
"0/1","6,20","26","99","625,0,134"
"0/1","13,13","26","99","417,0,405"
"0/1","12,10","22","99","337,0,392"
"0/1","13,15","28","99","504,0,433"
"0/1","15,11","26","99","333,0,528"
"1/1","0,18","18","54","703,54,0"
"0/0","29,2","31","19","0,19,998"
"0/0","30,2","32","83","0,83,1088"
"0/0","30,2","32","84","0,84,1101"
"0/0","25,3","28","33","0,33,918"
"0/1","7,8","15","99","243,0,237"
"0/1","8,7","15","99","235,0,246"
"0/1","15,7","22","72","72,0,477"
"0/0","10,0","10","30","0,30,348"
"0/1","14,14","28","99","460,0,435"
"0/1","12,14","26","99","478,0,385"
"0/1","12,14","26","99","476,0,409"
"0/1","7,16","23","99","502,0,174"
"0/1","13,7","20","99","219,0,425"
"0/1","13,18","31","99","597,0,419"
"0/0","7,0","7","18","0,18,234"
"0/1","19,14","33","99","398,0,487"
"0/1","15,17","32","99","421,0,422"
"0/1","8,15","23","99","504,0,258"
"0/1","41,18","59","99","465,0,1102"
"0/1","16,15","31","99","482,0,522"
"0/1","12,17","29","99","520,0,376"
"0/1","13,7","20","99","230,0,439"
"0/1","11,9","20","99","244,0,356"
"1/1","0,29","29","81","1073,81,0"
"0/1","12,16","28","99","504,0,380"
"0/1","16,18","34","99","562,0,518"
"0/1","5,14","19","99","511,0,143"
"0/1","8,11","20","99","271,0,237"
"0/1","6,4","10","99","111,0,204"
"0/1","18,17","35","99","553,0,559"
"0/1","20,11","31","99","245,0,547"
"0/1","14,15","29","99","213,0,341"
"0/1","27,14","42","99","338,0,792"
"0/1","12,10","22","99","330,0,321"
"0/1","21,16","37","99","508,0,738"
"0/1","17,17","34","99","576,0,543"
"0/1","19,14","33","99","411,0,632"
"0/1","13,11","24","99","352,0,421"
"0/1","9,7","16","99","239,0,316"
"0/1","10,14","24","99","497,0,267"
"0/1","16,14","30","99","456,0,541"
"0/1","18,15","33","99","407,0,465"
"0/1","17,19","36","99","586,0,376"
"0/1","16,15","31","99","392,0,464"
"0/0","32,0","32","90","0,90,1165"
"1/1","2,29","32","42","894,42,0"
"0/1","20,12","32","99","368,0,639"
"0/1","17,20","37","99","583,0,574"
"0/1","13,19","32","99","568,0,304"
"0/0","8,0","9","6","0,6,72"
"0/0","14,0","14","30","0,30,364"
"0/1","11,11","22","99","347,0,295"
"0/1","8,14","22","99","420,0,260"
"0/1","13,20","33","99","649,0,404"
"0/1","8,10","18","99","274,0,223"
"0/1","17,8","25","99","187,0,558"
"0/1","8,9","17","99","299,0,214"
"0/1","16,17","33","99","583,0,541"
"1/1","2,13","15","30","388,30,0"
"0/1","11,15","26","99","487,0,325"
"0/0","39,1","40","99","0,105,1375"
"0/0","62,4","66","30","0,30,1606"
"0/1","29,8","38","98","98,0,888"
"0/1","15,9","24","99","225,0,427"
"0/1","13,6","19","99","184,0,428"
"0/1","5,9","14","99","288,0,154"
"0/1","6,12","18","99","367,0,192"
"0/1","5,7","12","99","253,0,163"
"0/1","15,13","28","99","411,0,508"
"0/1","17,16","33","99","528,0,553"
"0/1","11,9","20","99","304,0,377"
"0/0","27,0","27","81","0,81,1074"
"0/1","19,13","32","99","388,0,609"
"0/1","16,13","29","99","400,0,391"
"0/1","17,10","27","99","228,0,586"
"0/1","15,12","27","99","322,0,400"
"0/1","13,10","23","99","341,0,420"
"0/1","20,13","33","99","392,0,674"
"0/1","7,5","12","99","163,0,232"
"0/1","8,11","19","99","296,0,273"
"0/0","13,0","14","18","0,18,237"
"0/1","17,11","28","99","357,0,572"
"0/1","9,19","28","99","631,0,284"
"0/1","12,7","19","99","220,0,388"
"0/0","17,0","17","48","0,48,596"
"0/1","13,10","23","99","344,0,384"
"0/1","11,21","32","99","712,0,349"
"0/1","13,19","32","99","558,0,396"
"0/1","13,8","22","90","172,0,90"
"0/1","14,15","29","99","485,0,430"
"1/1","0,3","3","6","72,6,0"
"0/1","20,17","37","99","427,0,514"
"0/1","12,18","30","99","550,0,340"
"0/1","26,16","42","99","443,0,893"
"0/1","11,15","26","99","519,0,354"
"0/1","11,12","23","99","345,0,333"
"0/0","28,2","31","42","0,42,497"
"0/1","11,14","25","99","367,0,372"
"0/1","18,13","31","99","439,0,483"
"0/1","13,7","20","47","47,0,316"
"0/1","13,15","28","99","473,0,392"
"0/1","16,11","27","99","364,0,551"
"0/1","23,14","37","99","372,0,751"
"0/1","15,17","32","99","531,0,485"
"0/1","9,14","23","99","421,0,252"
"0/1","10,10","21","99","254,0,254"
"0/1","17,16","33","99","497,0,587"
"0/1","19,18","37","99","564,0,558"
"0/1","13,17","30","99","551,0,437"
"0/1","14,14","28","99","333,0,399"
"0/1","11,7","18","99","219,0,375"
"0/1","21,26","47","99","898,0,659"
"0/1","11,15","26","99","477,0,366"
"0/1","19,14","33","99","451,0,595"
"0/1","22,17","39","99","567,0,726"
"0/1","15,21","36","99","730,0,456"
"0/1","11,22","33","99","702,0,329"
"0/0","13,0","13","36","0,36,489"
"0/1","13,12","25","99","304,0,399"
"0/1","11,12","23","99","300,0,342"
"0/1","16,5","21","23","23,0,568"
"0/1","11,16","27","99","469,0,346"
"0/0","10,0","10","24","0,24,302"
"0/0","10,0","10","24","0,24,284"
"0/0","9,0","10","24","0,24,289"
"0/0","11,0","11","24","0,24,295"
"0/0","11,0","11","27","0,27,329"
"0/0","12,0","12","30","0,30,367"
"0/1","18,19","37","99","553,0,568"
"0/0","22,0","22","39","0,39,503"
"0/1","27,9","37","85","85,0,287"
"0/1","5,11","16","15","285,0,15"
"1/1","4,16","21","2","396,2,0"
"1/1","6,16","22","8","407,8,0"
"1/1","4,17","22","33","430,33,0"
"1/1","5,17","22","42","522,42,0"
"0/1","13,8","21","99","185,0,333"
"0/1","22,14","36","99","433,0,645"
"0/1","17,15","32","99","479,0,539"
"0/1","17,20","37","99","639,0,492"
"0/1","20,14","34","99","333,0,682"
"0/1","14,15","29","99","522,0,403"
"0/1","14,15","29","99","511,0,471"
"0/1","19,19","38","99","593,0,653"
"0/1","13,19","32","99","554,0,417"
"0/1","12,20","32","99","621,0,394"
"0/1","12,10","22","99","335,0,381"
"0/1","9,12","21","99","361,0,271"
"0/1","14,16","30","99","533,0,394"
"0/1","10,8","18","99","240,0,297"
"0/1","22,24","46","99","760,0,706"
"0/1","18,12","31","99","390,0,590"
"0/1","13,11","24","99","369,0,389"
"0/1","14,11","25","99","336,0,446"
"0/1","17,17","34","99","546,0,462"
"0/1","16,12","28","99","373,0,459"
"0/1","14,9","23","99","301,0,413"
"0/0","26,0","26","75","0,75,976"
"0/1","8,16","24","99","554,0,210"
"0/1","3,4","7","22","145,0,22"
"0/1","2,4","6","22","144,0,22"
"0/1","13,19","32","99","471,0,204"
"0/1","3,10","13","46","342,0,46"
"0/1","18,26","44","99","809,0,567"
"0/1","12,11","23","99","344,0,397"
"0/1","16,18","34","99","600,0,507"
"0/1","15,6","21","99","183,0,426"
"0/1","15,9","24","99","171,0,372"
"0/1","10,4","15","40","40,0,157"
"0/0","17,0","17","48","0,48,646"
"0/1","18,19","37","99","610,0,614"
"0/0","31,0","31","87","0,87,1148"
"0/1","12,16","28","99","468,0,368"
"0/1","14,14","28","99","485,0,443"
"0/1","15,13","28","99","439,0,471"
"0/1","12,3","17","52","52,0,266"
"0/0","6,0","6","6","0,6,80"
"0/0","20,1","21","18","0,18,743"
"0/0","14,1","15","5","0,5,520"
"0/0","13,1","14","2","0,2,482"
"0/1","12,10","22","99","312,0,317"
"0/1","8,9","17","99","311,0,266"
"0/1","15,5","20","23","23,0,467"
"0/1","16,19","35","99","583,0,528"
"0/0","17,0","17","48","0,48,621"
"1/1","0,15","15","42","554,42,0"
"1/1","0,16","16","45","602,45,0"
"0/1","32,5","37","89","89,0,924"
"0/1","6,5","11","99","130,0,213"
"1/1","0,21","21","60","815,60,0"
"0/1","21,15","37","99","427,0,680"
"0/1","12,18","30","99","592,0,383"
"0/1","8,4","12","99","117,0,290"
"0/1","30,8","38","99","156,0,1045"
"0/1","31,9","40","99","226,0,1062"
"0/1","29,4","33","58","58,0,1047"
"0/1","30,4","34","38","38,0,1097"
"0/1","37,9","46","99","188,0,1323"
"0/1","37,8","45","99","154,0,1327"
"0/1","37,8","45","99","152,0,1338"
"0/1","19,5","24","88","88,0,707"
"0/1","15,7","22","99","229,0,405"
"0/1","14,7","21","99","231,0,372"
"0/1","12,7","19","99","228,0,337"
"0/0","25,0","25","60","0,60,828"
"0/1","13,20","33","99","626,0,429"
"0/1","20,13","33","99","412,0,648"
"0/1","24,13","37","99","375,0,771"
"0/1","12,24","36","99","725,0,373"
"0/0","28,2","30","50","0,50,968"
"0/0","29,1","30","53","0,53,1000"
"0/0","29,2","31","56","0,56,1017"
"0/0","36,1","37","68","0,68,1199"
"1/1","0,28","28","84","1137,84,0"
"0/1","14,15","29","99","530,0,484"
"0/0","27,0","27","72","0,72,969"
"0/1","23,11","34","99","183,0,779"
"1/1","4,28","32","38","961,38,0"
"0/1","8,35","43","99","1138,0,192"
"0/1","20,14","34","99","417,0,592"
"0/1","24,17","41","99","523,0,769"
"0/1","17,11","28","99","332,0,467"
"0/1","22,7","29","99","151,0,738"
"0/1","5,23","28","83","718,0,83"
"0/1","9,21","30","99","741,0,270"
"0/1","34,9","43","99","109,0,1138"
"0/1","23,10","33","99","158,0,794"
"0/0","24,0","24","66","0,66,887"
"0/1","12,13","25","99","356,0,402"
"0/1","24,24","48","99","717,0,790"
"0/1","17,14","31","99","318,0,334"
"0/1","10,12","22","99","416,0,335"
"0/1","37,9","46","97","97,0,1197"
"0/1","7,25","33","96","885,0,96"
"0/1","20,4","24","93","93,0,679"
"0/1","12,7","19","99","230,0,423"
"1/1","0,21","21","63","848,63,0"
"0/1","10,22","32","99","768,0,311"
"1/1","0,22","22","51","687,51,0"
"0/0","38,5","43","0","0,0,1310"
"0/1","7,12","19","99","370,0,229"
"0/1","10,14","24","99","461,0,330"
"0/1","15,16","31","99","554,0,447"
"0/1","17,15","32","99","442,0,584"
"0/1","14,14","28","99","410,0,405"
"0/1","21,11","32","99","335,0,654"
"0/1","17,15","32","99","491,0,528"
"0/1","18,14","32","99","424,0,563"
"0/1","10,6","17","99","108,0,268"
"0/1","12,21","33","99","689,0,341"
"0/1","21,11","32","99","306,0,716"
"0/1","21,20","41","99","605,0,671"
"0/1","13,14","27","99","436,0,398"
"0/1","12,9","21","99","299,0,389"
"0/1","11,8","19","99","270,0,382"
"0/0","19,0","19","57","0,57,771"
"0/1","10,8","18","99","273,0,352"
"0/1","11,6","17","99","189,0,383"
"0/1","12,10","28","99","299,0,375"
"0/1","19,19","38","99","538,0,534"
"0/1","10,17","28","99","458,0,248"
"0/1","10,22","32","99","542,0,211"
"0/0","9,3","13","3","0,3,279"
"0/1","13,7","20","99","194,0,383"
"0/1","16,10","26","99","319,0,483"
"0/1","18,17","35","99","547,0,588"
"0/0","13,0","14","30","0,30,402"
"0/1","5,9","15","84","204,0,84"
"0/0","13,0","15","30","0,30,376"
"0/1","16,18","34","99","465,0,498"
"0/0","36,3","39","34","0,34,1134"
"0/0","11,0","11","33","0,33,414"
"0/1","14,15","29","99","523,0,470"
"0/1","11,19","30","99","671,0,354"
"0/0","26,0","26","75","0,75,1002"
"0/0","22,0","22","63","0,63,846"
"0/1","9,15","24","99","520,0,291"
"0/0","32,0","32","93","0,93,1236"
"0/1","42,8","50","94","94,0,1324"
"0/0","28,0","28","75","0,75,982"
"0/1","8,21","29","99","682,0,219"
"0/1","14,15","29","99","510,0,444"
"0/1","18,15","33","99","502,0,534"
"0/1","23,12","35","99","319,0,733"
"0/1","22,21","43","99","637,0,618"
"0/1","5,7","12","99","205,0,172"
"0/1","19,16","35","99","462,0,608"
"0/1","26,11","37","99","282,0,909"
"0/1","28,16","44","99","491,0,974"
"0/0","13,0","13","36","0,36,431"
"0/1","19,14","33","99","450,0,661"
"0/1","13,14","27","99","263,0,372"
"0/1","13,19","33","99","608,0,328"
"0/1","11,16","27","99","511,0,230"
"0/1","14,9","23","99","181,0,317"
"0/1","2,11","13","22","132,0,22"
"0/1","15,14","29","99","450,0,492"
"0/0","40,0","40","99","0,117,1530"
"0/0","11,1","12","24","0,24,316"
"0/1","20,18","38","99","569,0,646"
"0/1","17,18","35","99","507,0,570"
"0/1","7,12","19","99","417,0,213"
"0/1","15,19","34","99","409,0,484"
"0/1","20,15","36","99","352,0,622"
"0/1","50,18","68","99","413,0,1540"
"0/1","30,19","49","99","367,0,799"
"0/0","48,0","48","99","0,132,1628"
"0/0","22,0","22","36","0,36,444"
"0/0","22,0","22","30","0,30,360"
"0/0","26,0","26","45","0,45,534"
"0/0","21,0","21","36","0,36,441"
"0/1","10,17","27","99","597,0,278"
"0/1","21,20","41","99","616,0,705"
"0/1","7,9","16","99","316,0,236"
"0/1","10,11","21","99","378,0,336"
"0/1","10,15","25","99","473,0,251"
"0/1","6,5","11","22","22,0,112"
"0/1","23,23","46","99","678,0,754"
"0/1","18,15","33","99","491,0,585"
"0/1","22,19","41","99","506,0,709"
"0/1","19,3","22","23","23,0,579"
"0/0","18,1","24","51","0,51,662"
"0/1","16,11","27","99","324,0,501"
"0/1","8,7","15","99","240,0,284"
"0/1","17,15","32","99","454,0,464"
"0/1","20,16","36","99","483,0,615"
"0/1","15,18","33","99","596,0,468"
"0/0","21,0","21","63","0,63,834"
"0/1","21,12","33","99","338,0,708"
"0/0","29,0","29","84","0,84,1099"
"0/0","16,0","16","42","0,42,518"
"0/0","16,0","16","45","0,45,549"
"0/0","16,0","16","45","0,45,561"
"0/0","15,1","17","42","0,42,526"
"0/1","17,21","38","99","679,0,466"
"0/1","18,12","30","99","373,0,579"
"0/1","12,12","24","99","282,0,349"
"0/1","9,11","20","99","353,0,310"
"0/1","10,1","11","13","13,0,250"
"0/1","9,5","15","92","92,0,136"
"0/1","13,6","20","99","126,0,209"
"0/1","7,6","13","56","56,0,144"
"0/1","14,7","21","99","191,0,429"
"0/1","19,10","29","99","305,0,620"
"0/1","25,16","41","99","491,0,693"
"0/1","20,15","35","99","493,0,636"
"0/1","16,16","32","99","542,0,509"
"0/1","12,10","22","99","326,0,370"
"0/1","17,14","31","99","419,0,557"
"0/0","41,0","41","99","0,108,1369"
"0/1","7,6","14","99","135,0,114"
"0/1","14,17","31","99","467,0,420"
"0/1","12,11","23","99","370,0,412"
"0/1","14,13","27","99","284,0,405"
"0/1","10,18","28","99","562,0,224"
"0/1","15,20","35","99","585,0,421"
"0/0","29,0","29","84","0,84,1090"
"0/1","29,6","35","99","105,0,1002"
"0/0","51,5","56","42","0,42,1776"
"0/1","44,24","68","99","578,0,1268"
"0/1","90,17","107","34","34,0,2296"
"0/1","9,21","30","99","489,0,184"
"0/1","25,11","36","77","77,0,709"
"0/0","12,0","12","33","0,33,418"
"0/1","22,14","38","99","455,0,425"
"0/1","13,18","31","99","608,0,424"
"0/1","13,14","27","99","412,0,369"
"0/1","11,9","20","99","313,0,318"
"0/1","16,17","33","99","437,0,464"
"0/1","7,16","23","54","546,0,54"
"0/1","10,13","23","99","386,0,211"
"0/1","14,10","24","99","287,0,419"
"0/1","13,15","28","99","457,0,422"
"0/1","10,8","18","99","271,0,353"
"0/1","9,9","18","99","318,0,305"
"0/1","6,6","12","99","209,0,203"
"0/1","10,13","23","99","454,0,338"
"0/1","11,6","17","99","186,0,320"
"0/1","24,6","30","99","99,0,667"
"0/1","23,3","26","19","19,0,637"
"0/1","18,25","43","99","752,0,575"
"0/1","16,18","39","99","391,0,520"
"0/1","16,15","31","99","355,0,431"
"0/1","19,17","36","99","518,0,651"
"0/1","14,14","28","99","426,0,427"
"0/1","19,16","35","99","346,0,654"
"0/1","13,14","27","99","471,0,356"
"0/1","11,14","25","99","448,0,375"
"0/1","10,16","26","99","490,0,342"
"0/1","15,18","33","99","561,0,459"
"0/1","15,13","28","99","417,0,470"
"0/1","20,16","36","99","542,0,596"
"0/1","15,22","37","99","654,0,474"
"0/1","15,13","28","99","409,0,488"
"0/1","19,14","33","99","459,0,612"
"0/1","10,15","25","99","408,0,343"
"0/1","13,10","23","99","338,0,388"
"0/1","15,13","28","99","398,0,395"
"0/1","19,9","28","99","193,0,651"
"0/1","13,10","23","99","289,0,437"
"0/1","10,15","25","99","510,0,305"
"0/1","11,9","20","99","300,0,334"
"0/1","38,12","50","99","262,0,1257"
"0/1","45,7","52","36","36,0,1469"
"0/1","13,24","37","99","747,0,388"
"0/1","44,7","51","85","85,0,1318"
"0/1","27,28","55","99","804,0,866"
"0/1","31,20","51","99","591,0,1019"
"0/1","34,19","53","99","532,0,1100"
"0/1","35,19","54","99","545,0,1117"
"0/1","35,18","53","99","492,0,1144"
"0/1","37,18","55","99","494,0,1232"
"0/1","36,19","55","99","549,0,1206"
"0/1","38,21","59","99","616,0,1226"
"0/1","33,13","46","99","312,0,1146"
"0/1","33,13","46","99","345,0,1176"
"0/1","33,14","47","99","380,0,1189"
"0/1","32,15","47","99","427,0,1143"
"0/1","32,15","47","99","398,0,1108"
"0/1","29,15","44","99","406,0,1046"
"0/0","22,2","24","4","0,4,723"
"0/1","18,10","28","99","239,0,641"
"0/1","19,9","28","99","208,0,678"
"0/1","18,11","29","99","282,0,610"
"0/1","17,12","29","99","375,0,593"
"0/1","16,11","27","99","343,0,558"
"0/1","16,11","27","99","343,0,563"
"0/1","18,12","30","99","404,0,604"
"0/1","18,12","30","99","361,0,612"
"0/1","29,3","32","32","32,0,358"
"0/1","24,2","26","37","37,0,436"
"0/1","26,2","28","29","29,0,412"
"0/0","37,3","40","24","0,24,1194"
"0/0","36,3","39","15","0,15,1105"
"0/0","38,3","41","24","0,24,1240"
"0/1","9,10","19","99","344,0,238"
"0/1","12,12","24","99","252,0,373"
"0/1","34,6","41","47","47,0,758"
"0/1","37,5","43","30","30,0,949"
"0/1","39,6","45","76","76,0,773"
"0/1","37,6","44","73","73,0,739"
"0/1","8,12","20","99","417,0,259"
"0/1","17,13","30","99","430,0,493"
"0/1","17,16","35","99","443,0,494"
"0/1","15,10","25","99","295,0,430"
"0/1","35,9","44","99","159,0,1109"
"0/1","16,12","28","99","373,0,536"
"0/1","17,15","33","99","369,0,508"
"0/1","5,6","11","99","214,0,133"
"0/1","16,3","19","87","87,0,247"
"0/1","15,10","25","99","324,0,531"
"0/1","22,31","53","99","1018,0,675"
"0/1","22,22","44","99","633,0,714"
"0/1","14,18","32","99","625,0,382"
"0/1","14,11","25","99","354,0,437"
"0/1","6,9","15","99","272,0,190"
"0/1","20,16","36","99","525,0,592"
"0/1","10,14","24","99","489,0,307"
"0/0","12,0","12","33","0,33,448"
"0/1","16,11","27","99","296,0,414"
"0/1","19,16","35","99","501,0,622"
"0/1","12,15","27","99","395,0,326"
"0/1","11,8","19","99","222,0,387"
"0/1","13,7","20","99","227,0,432"
"0/1","5,9","14","99","278,0,129"
"0/1","9,12","21","99","415,0,301"
"0/1","12,16","28","99","532,0,343"
"0/1","19,13","32","99","412,0,665"
"0/1","16,17","33","99","499,0,437"
"0/1","9,14","23","99","429,0,283"
"0/1","18,14","32","99","443,0,623"
"0/1","8,13","21","99","417,0,262"
"0/1","12,13","25","99","404,0,412"
"0/1","13,30","43","99","811,0,389"
"0/1","18,17","35","99","510,0,579"
"0/1","16,14","30","99","447,0,509"
"0/1","11,17","28","99","552,0,316"
"0/1","16,9","25","99","285,0,478"
"0/1","13,11","24","99","375,0,415"
"0/1","12,19","31","99","646,0,376"
"0/1","12,19","31","99","675,0,351"
"0/1","11,10","22","99","127,0,278"
"0/1","17,13","30","99","446,0,479"
"0/1","13,16","29","99","511,0,408"
"0/1","10,26","37","99","593,0,287"
"0/2","18,8,25","51","99","454,356,847,0,362,460"
"0/1","43,10","54","50","50,0,775"
"0/1","22,18","41","99","255,0,561"
"0/1","12,17","29","99","517,0,384"
"0/1","12,16","28","99","492,0,357"
"0/1","17,11","28","99","313,0,507"
"0/1","13,12","25","99","394,0,434"
"0/1","12,15","27","99","504,0,348"
"0/1","14,17","31","99","542,0,412"
"0/1","14,13","27","99","399,0,439"
"0/1","15,13","29","99","346,0,446"
"0/1","8,13","21","99","466,0,258"
"0/1","16,15","31","99","495,0,482"
"0/1","15,12","27","99","349,0,523"
"0/1","16,16","32","99","443,0,553"
"0/1","10,11","21","99","352,0,342"
"0/1","13,13","26","99","452,0,375"
"0/1","13,17","30","99","568,0,437"
"0/1","15,11","26","99","364,0,466"
"0/1","15,11","26","99","364,0,471"
"0/1","9,13","22","99","446,0,259"
"0/1","11,11","22","99","354,0,263"
"0/1","7,13","20","99","466,0,149"
"0/1","14,14","28","99","398,0,393"
"0/1","20,17","37","99","541,0,544"
"0/1","13,15","28","99","510,0,413"
"0/1","17,13","30","99","392,0,517"
"0/1","15,21","36","99","581,0,500"
"0/1","12,15","27","99","496,0,344"
"0/1","13,14","27","99","431,0,397"
"0/1","12,13","25","99","433,0,375"
"0/1","11,12","23","99","414,0,375"
"0/1","18,10","28","99","288,0,527"
"0/1","13,17","32","99","403,0,239"
"0/1","7,11","19","99","225,0,239"
"0/1","13,14","27","99","443,0,422"
"0/1","17,18","35","99","510,0,435"
"0/1","20,15","35","99","442,0,631"
"0/1","16,15","32","99","469,0,547"
"0/1","18,13","31","99","425,0,496"
"0/1","17,15","32","99","510,0,563"
"0/1","14,11","25","99","362,0,480"
"0/1","17,16","33","99","547,0,524"
"0/1","16,18","34","99","616,0,475"
"0/1","17,19","36","99","641,0,510"
"0/1","14,17","31","99","576,0,423"
"0/1","12,22","34","99","703,0,250"
"0/1","14,24","38","99","728,0,378"
"0/1","24,24","48","99","769,0,689"
"0/1","41,47","91","99","950,0,387"
"0/1","29,4","33","34","34,0,952"
"0/1","37,5","43","27","27,0,1092"
"0/0","39,4","47","25","0,25,1216"
"0/1","44,4","51","4","4,0,1287"
"0/1","43,4","50","1","1,0,1349"
"0/0","44,2","50","38","0,38,1253"
"0/1","13,20","33","99","616,0,424"
"0/1","6,10","16","99","321,0,192"
"0/1","12,10","22","99","320,0,406"
"0/0","24,0","24","72","0,72,961"
"0/1","13,14","27","99","434,0,401"
"0/1","12,12","24","99","405,0,400"
"0/0","18,1","20","45","0,45,589"
"0/0","19,1","20","51","0,51,676"
"0/0","20,1","21","51","0,51,679"
"0/0","18,1","21","48","0,48,641"
"0/0","21,0","21","60","0,60,770"
"0/1","10,9","19","99","312,0,344"
"0/1","14,13","27","99","407,0,457"
"0/1","10,13","23","99","446,0,291"
"0/1","18,13","31","99","374,0,641"
"0/1","10,11","21","99","381,0,311"
"0/1","16,8","24","99","186,0,439"
"0/1","18,12","30","99","403,0,563"
"0/1","10,12","22","99","415,0,297"
"0/1","11,16","27","99","520,0,361"
"0/1","15,10","26","99","253,0,537"
"0/1","11,16","27","99","531,0,355"
"0/1","16,13","29","99","437,0,544"
"0/1","14,12","26","99","403,0,493"
"0/1","11,16","27","99","542,0,322"
"0/1","9,14","24","99","405,0,255"
"0/1","13,8","21","99","249,0,430"
"0/1","21,20","41","99","660,0,646"
"0/1","11,12","23","99","410,0,329"
"0/1","10,8","18","99","269,0,263"
"0/1","8,16","24","99","548,0,261"
"0/1","7,3","10","89","89,0,238"
"0/1","12,13","25","99","423,0,400"
"0/1","14,5","19","99","120,0,509"
"0/1","15,15","30","99","478,0,477"
"0/0","31,0","31","81","0,81,1045"
"0/1","11,10","21","99","339,0,373"
"0/1","20,12","32","99","357,0,689"
"0/1","23,7","30","99","120,0,725"
"0/1","23,7","30","91","91,0,736"
"0/1","16,4","20","54","54,0,492"
"0/1","20,5","25","42","42,0,643"
"0/1","22,5","27","63","63,0,727"
"0/0","24,2","26","0","0,0,860"
"0/1","17,6","23","99","173,0,550"
"0/1","18,6","24","99","130,0,619"
"0/1","16,6","22","99","172,0,575"
"0/1","14,8","22","99","257,0,491"
"0/1","24,4","28","78","78,0,785"
"0/1","24,4","28","75","75,0,774"
"0/1","22,4","26","84","84,0,694"
"0/1","23,3","26","45","45,0,781"
"0/1","23,6","29","99","147,0,824"
"0/1","23,12","35","99","329,0,818"
"0/1","21,13","34","99","371,0,757"
"0/1","23,9","32","99","273,0,798"
"0/1","11,5","16","99","130,0,402"
"0/1","11,5","16","99","129,0,392"
"0/1","12,6","18","99","149,0,434"
"0/1","17,4","21","85","85,0,571"
"0/1","17,4","21","84","84,0,586"
"0/1","16,4","20","90","90,0,550"
"0/1","16,4","20","88","88,0,577"
"0/1","17,4","21","87","87,0,613"
"0/1","17,4","21","85","85,0,609"
"0/0","19,0","19","57","0,57,778"
"0/1","19,4","23","38","38,0,667"
"0/1","21,4","25","35","35,0,745"
"0/1","22,4","26","35","35,0,725"
"0/1","20,5","25","36","36,0,702"
"0/1","21,5","26","32","32,0,768"
"0/1","21,5","26","35","35,0,748"
"0/1","23,6","29","61","61,0,857"
"0/1","25,5","31","27","27,0,835"
"0/1","19,5","24","13","13,0,664"
"0/1","8,13","21","99","445,0,259"
"0/1","15,9","24","99","285,0,479"
"0/1","17,9","26","99","252,0,579"
"0/1","20,13","33","99","386,0,664"
"0/1","15,17","32","99","527,0,444"
"0/1","12,18","30","99","604,0,353"
"0/1","8,14","22","99","391,0,174"
"0/1","11,20","31","99","439,0,355"
"0/1","13,17","30","99","475,0,342"
"0/1","8,6","14","99","171,0,249"
"0/1","12,16","29","99","520,0,406"
"0/1","13,16","29","99","551,0,435"
"0/1","14,14","28","99","479,0,459"
"1/1","0,15","15","42","549,42,0"
"0/1","16,18","34","99","517,0,513"
"0/1","22,15","37","99","475,0,706"
"0/1","15,15","30","99","501,0,379"
"0/1","13,10","23","99","310,0,439"
"0/1","11,10","21","99","334,0,389"
"0/1","17,13","30","99","314,0,526"
"0/1","15,15","30","99","441,0,474"
"0/1","20,11","31","99","348,0,610"
"0/1","20,15","35","99","428,0,610"
"0/1","13,11","24","99","302,0,402"
"0/1","19,15","34","99","462,0,644"
"0/1","35,9","44","73","73,0,872"
"0/1","7,1","8","16","16,0,211"
"0/1","28,9","37","99","175,0,841"
"0/1","21,8","29","99","184,0,745"
"0/1","6,9","15","99","275,0,207"
"0/1","12,11","23","99","337,0,374"
"0/1","14,12","26","99","377,0,449"
"0/1","13,10","23","99","279,0,375"
"0/1","7,11","18","99","298,0,198"
"0/1","10,16","26","99","554,0,289"
"0/1","14,18","32","99","576,0,418"
"0/1","15,20","35","99","648,0,418"
"0/1","19,11","30","99","315,0,673"
"0/1","12,18","30","99","602,0,349"
"0/1","17,8","25","99","205,0,582"
"0/1","12,10","22","99","228,0,379"
"0/1","20,15","35","99","434,0,564"
"0/1","18,14","32","99","387,0,550"
"0/1","11,14","25","99","484,0,323"
"0/1","24,3","27","48","48,0,734"
"0/1","10,9","19","67","67,0,152"
"0/0","22,0","22","60","0,60,798"
"0/0","18,0","18","42","0,42,569"
"0/1","7,11","18","99","344,0,229"
"0/1","16,15","31","99","410,0,446"
"0/1","23,8","31","99","146,0,599"
"0/1","22,8","30","99","137,0,585"
"0/1","22,11","33","99","146,0,597"
"0/1","23,10","33","99","137,0,638"
"0/1","19,9","29","99","117,0,603"
"0/1","17,13","30","99","359,0,515"
"1/1","0,25","25","69","905,69,0"
"0/1","20,16","36","99","448,0,660"
"0/1","20,13","33","99","394,0,679"
"0/1","12,25","37","99","812,0,385"
"0/1","18,15","33","99","492,0,567"
"0/1","12,16","28","99","560,0,358"
"0/1","11,17","28","99","571,0,352"
"0/1","12,9","21","99","303,0,356"
"0/1","11,10","21","99","341,0,373"
"0/1","22,14","36","99","390,0,726"
"0/1","12,20","32","99","553,0,343"
"0/1","14,13","27","99","344,0,452"
"0/1","10,15","25","99","452,0,285"
"0/1","17,17","34","99","546,0,574"
"0/1","12,19","31","99","657,0,383"
"0/0","34,0","34","99","0,99,1324"
"0/1","11,16","27","99","511,0,358"
"0/1","23,14","37","99","464,0,763"
"0/1","19,21","40","99","719,0,568"
"0/1","15,17","32","99","544,0,428"
"0/1","10,6","16","99","148,0,283"
"0/1","17,7","24","99","213,0,561"
"0/1","17,10","27","99","314,0,591"
"0/1","15,14","29","99","430,0,478"
"0/1","7,15","22","99","548,0,218"
"0/1","15,18","33","99","497,0,405"
"0/1","13,14","27","99","415,0,339"
"0/1","14,12","26","99","394,0,452"
"0/1","8,8","16","99","271,0,267"
"0/1","9,13","22","99","471,0,266"
"0/1","9,14","23","99","455,0,298"
"0/1","16,8","24","99","171,0,368"
"0/1","16,13","29","99","418,0,500"
"0/1","6,12","18","72","72,0,86"
"0/1","18,20","38","99","650,0,578"
"0/1","21,19","40","99","397,0,654"
"0/1","10,19","30","99","541,0,280"
"0/1","10,12","22","99","369,0,323"
"0/1","11,11","22","99","303,0,336"
"0/0","9,0","11","27","0,27,333"
"0/1","18,17","35","99","475,0,531"
"0/1","24,18","42","99","561,0,788"
"0/1","22,18","40","99","451,0,591"
"0/1","10,14","24","99","422,0,336"
"0/1","7,11","18","99","385,0,233"
"0/1","21,19","40","99","602,0,684"
"0/1","16,13","29","99","389,0,485"
"0/1","17,20","37","99","522,0,557"
"0/1","19,15","34","99","491,0,554"
"0/1","23,9","32","99","214,0,714"
"0/1","9,7","16","99","236,0,307"
"0/1","7,11","18","99","389,0,203"
"0/1","15,17","32","99","554,0,494"
"0/1","20,13","33","99","425,0,603"
"0/1","12,11","23","99","373,0,379"
"0/1","4,16","20","91","551,0,91"
"0/1","7,14","21","99","510,0,219"
"0/1","15,12","27","99","407,0,411"
"0/1","13,9","22","99","314,0,400"
"0/1","16,8","24","99","222,0,548"
"0/1","13,7","20","99","192,0,392"
"0/1","6,10","16","99","320,0,186"
"0/1","18,16","34","99","481,0,582"
"0/1","25,24","49","99","720,0,779"
"0/1","13,16","29","99","490,0,385"
"0/1","15,11","26","99","288,0,468"
"0/1","15,17","32","99","489,0,469"
"0/1","13,10","24","99","268,0,376"
"0/1","21,11","32","99","347,0,704"
"0/1","15,15","30","99","492,0,458"
"0/1","15,15","30","99","472,0,453"
"0/1","15,11","26","99","337,0,417"
"0/1","11,10","21","99","307,0,384"
"0/1","10,10","20","99","350,0,316"
"0/1","15,19","34","99","528,0,509"
"0/1","8,13","21","99","425,0,262"
"0/1","8,13","21","99","404,0,223"
"0/1","17,16","33","99","512,0,488"
"0/1","15,10","25","99","296,0,487"
"0/1","15,10","25","99","301,0,494"
"0/1","16,13","29","99","428,0,558"
"0/1","17,22","39","99","702,0,556"
"0/1","11,16","27","99","462,0,333"
"0/1","21,13","34","99","400,0,639"
"0/1","18,14","32","99","426,0,529"
"0/1","15,15","31","99","405,0,493"
"0/1","17,14","31","99","445,0,521"
"0/1","20,14","34","99","439,0,582"
"0/1","20,24","45","99","703,0,531"
"0/0","30,0","30","72","0,72,885"
"0/1","12,21","33","99","688,0,308"
"0/1","14,13","28","99","349,0,432"
"0/1","16,20","36","99","662,0,479"
"0/1","10,21","31","99","656,0,278"
"0/1","11,22","33","99","780,0,270"
"0/1","16,12","28","99","383,0,459"
"0/1","14,18","32","99","612,0,391"
"0/1","14,13","27","99","439,0,397"
"0/1","4,20","25","41","362,0,41"
"0/1","12,11","23","99","349,0,391"
"0/1","13,9","22","99","230,0,452"
"0/1","12,9","21","99","266,0,417"
"0/1","6,11","17","99","356,0,196"
"0/1","18,21","39","99","669,0,558"
"0/1","7,14","21","99","484,0,142"
"0/1","9,17","26","99","505,0,253"
"0/1","10,17","27","99","504,0,278"
"0/1","15,22","37","99","656,0,481"
"0/1","9,13","22","99","427,0,259"
"0/1","16,16","32","99","548,0,558"
"0/1","11,15","26","99","467,0,370"
"0/1","13,14","27","99","455,0,422"
"0/1","15,15","30","99","472,0,468"
"0/1","11,9","20","99","294,0,362"
"0/1","12,10","22","99","341,0,375"
"0/1","15,12","27","99","408,0,492"
"0/1","15,15","30","99","513,0,500"
"0/1","16,17","33","99","552,0,490"
"0/1","14,16","30","99","415,0,257"
"0/1","38,4","42","29","29,0,1249"
"0/1","13,16","29","99","527,0,366"
"0/1","18,15","33","99","501,0,542"
"0/1","9,20","29","99","678,0,276"
"0/1","10,12","22","99","413,0,343"
"0/1","10,12","22","99","414,0,346"
"0/1","10,8","18","99","273,0,347"
"0/1","15,9","24","99","288,0,518"
"0/1","4,13","17","99","425,0,109"
"0/1","4,12","16","99","397,0,106"
"0/1","9,10","19","99","276,0,302"
"0/1","9,10","19","99","346,0,294"
"0/1","14,16","30","99","511,0,468"
"0/1","18,16","34","99","556,0,483"
"0/1","20,13","33","99","439,0,525"
"0/1","16,13","29","99","422,0,476"
"0/1","25,11","36","99","313,0,823"
"0/1","21,18","39","99","575,0,688"
"0/1","20,23","43","99","703,0,587"
"0/1","23,21","44","99","628,0,693"
"0/1","16,16","32","99","416,0,430"
"0/1","19,13","32","99","364,0,503"
"0/1","22,18","40","99","561,0,652"
"0/1","10,13","23","99","293,0,276"
"0/1","10,14","24","99","365,0,312"
"0/1","7,15","22","99","541,0,203"
"0/1","10,16","26","99","550,0,307"
"0/1","11,16","27","99","457,0,334"
"0/1","11,16","27","99","486,0,354"
"0/1","12,22","34","99","657,0,349"
"0/1","10,19","29","99","631,0,280"
"0/1","21,24","45","99","747,0,646"
"0/1","19,23","42","99","686,0,610"
"0/1","20,15","35","99","485,0,693"
"0/1","20,13","33","99","420,0,699"
"0/1","13,11","24","99","366,0,448"
"0/1","24,16","40","99","497,0,754"
"0/1","11,10","21","99","332,0,339"
"0/1","13,14","27","99","436,0,364"
"0/1","9,6","17","44","44,0,278"
"0/1","10,15","25","99","448,0,213"
"0/1","7,10","17","99","281,0,167"
"0/1","10,13","23","99","376,0,325"
"0/1","14,13","27","99","410,0,421"
"0/1","10,15","26","99","421,0,296"
"0/1","24,19","43","99","577,0,772"
"0/1","9,10","19","99","338,0,247"
"0/1","13,17","30","99","503,0,361"
"0/1","13,17","30","99","589,0,423"
"0/1","18,16","34","99","458,0,619"
"0/1","7,18","26","99","559,0,139"
"0/1","11,6","17","99","124,0,390"
"0/1","9,9","18","99","230,0,266"
"0/1","9,6","15","99","164,0,286"
"0/1","8,6","14","99","164,0,253"
"0/1","9,3","12","1","1,0,327"
"0/1","10,2","12","10","10,0,333"
"0/1","1,8","9","15","290,0,15"
"0/1","8,1","9","15","15,0,290"
"0/1","14,11","25","99","312,0,459"
"0/1","9,12","21","99","379,0,212"
"0/1","18,10","28","99","252,0,520"
"0/1","17,9","26","99","222,0,565"
"0/1","14,11","25","99","292,0,436"
"0/1","14,12","26","99","405,0,441"
"0/1","17,17","34","99","353,0,533"
"0/1","18,18","36","99","555,0,465"
"0/1","19,14","33","99","393,0,481"
"0/1","32,12","44","99","259,0,945"
"0/1","14,10","24","99","165,0,425"
"0/1","14,11","25","99","220,0,418"
"0/1","14,11","25","99","216,0,461"
"0/1","15,10","25","99","179,0,494"
"0/1","20,5","25","99","99,0,622"
"0/1","11,16","27","99","528,0,263"
"0/1","20,13","33","99","353,0,687"
"0/1","24,15","39","99","342,0,750"
"0/1","21,16","37","99","342,0,633"
"0/1","19,14","33","99","285,0,491"
"0/1","18,15","33","99","461,0,567"
"0/1","25,14","39","99","406,0,744"
"0/1","24,10","34","99","139,0,706"
"0/1","22,10","32","99","114,0,589"
"0/1","23,10","33","99","113,0,640"
"0/1","18,13","31","99","264,0,461"
"0/1","18,18","36","99","552,0,566"
"0/1","19,19","38","99","593,0,584"
"0/1","19,13","32","99","405,0,483"
"0/1","24,14","40","99","360,0,590"
"0/1","11,12","23","99","357,0,363"
"0/1","18,15","33","99","419,0,578"
"0/1","18,16","34","99","502,0,562"
"0/1","22,20","42","99","583,0,611"
"0/1","16,20","36","99","658,0,430"
"0/1","14,21","35","99","748,0,380"
"0/1","18,16","34","99","500,0,566"
"0/1","17,18","36","99","576,0,514"
"0/1","19,18","37","99","505,0,609"
"0/1","10,18","28","99","534,0,317"
"0/1","17,22","39","99","772,0,511"
"0/1","17,22","39","99","761,0,540"
"0/1","17,23","40","99","788,0,522"
"0/1","22,17","39","99","494,0,770"
"0/1","17,23","40","99","791,0,537"
"0/1","12,19","31","99","624,0,372"
"0/1","11,8","19","99","258,0,393"
"0/1","9,12","21","99","424,0,300"
"0/1","10,12","22","99","353,0,302"
"0/1","9,9","19","99","245,0,275"
"0/1","8,8","16","99","273,0,157"
"0/1","6,9","16","99","286,0,129"
"0/1","8,9","17","99","317,0,225"
"0/1","10,10","20","99","347,0,333"
"0/1","11,17","28","99","550,0,341"
"0/1","14,14","28","99","395,0,405"
"0/1","15,14","29","99","419,0,383"
"0/1","15,19","35","99","628,0,372"
"0/1","17,20","37","99","657,0,457"
"0/1","17,17","34","99","531,0,508"
"0/1","10,15","25","99","495,0,334"
"0/1","8,14","22","99","465,0,261"
"0/1","16,21","37","99","629,0,510"
"0/1","22,15","37","99","500,0,720"
"0/1","20,14","34","99","459,0,670"
"0/1","19,17","36","99","464,0,617"
"0/1","17,14","31","99","351,0,555"
"0/1","17,11","29","99","310,0,545"
"0/1","10,18","28","99","557,0,277"
"0/1","16,22","38","99","617,0,421"
"0/1","22,10","33","99","229,0,721"
"0/1","10,10","20","99","259,0,318"
"0/1","15,10","25","99","293,0,474"
"0/1","15,10","25","99","279,0,469"
"0/1","16,5","21","99","109,0,521"
"0/1","16,5","21","99","108,0,528"
"0/1","15,5","20","99","102,0,503"
"0/1","16,9","26","99","243,0,540"
"0/1","20,12","32","99","347,0,660"
"0/1","21,15","36","99","492,0,619"
"0/1","21,18","39","99","599,0,675"
"0/1","23,20","43","99","662,0,759"
"0/1","25,21","46","99","610,0,852"
"0/1","25,21","46","99","602,0,799"
"0/1","26,22","48","99","546,0,821"
"0/1","23,23","46","99","677,0,779"
"0/1","22,17","39","99","548,0,740"
"0/1","27,28","55","99","864,0,910"
"0/1","26,25","51","99","785,0,819"
"0/1","25,26","51","99","761,0,796"
"0/1","23,16","41","99","384,0,592"
"0/1","25,15","40","99","245,0,644"
"0/1","24,14","39","99","269,0,544"
"0/1","16,31","47","99","998,0,455"
"0/1","16,17","33","99","498,0,481"
"0/1","17,16","33","99","475,0,523"
"0/1","6,10","16","99","340,0,199"
"0/1","7,18","25","99","571,0,220"
"0/1","10,8","18","99","268,0,312"
"0/1","13,15","28","99","486,0,397"
"0/1","14,19","33","99","659,0,423"
"0/1","9,14","23","99","428,0,280"
"0/1","11,10","21","99","294,0,317"
"0/1","5,18","23","99","585,0,127"
"0/1","17,6","23","99","142,0,474"
"0/1","29,10","39","99","276,0,1034"
"0/1","18,16","34","99","457,0,568"
"0/1","17,10","27","99","285,0,556"
"0/1","16,14","30","99","426,0,548"
"0/1","19,13","32","99","396,0,663"
"0/1","14,8","22","99","180,0,510"
"0/1","13,16","29","99","569,0,436"
"0/1","16,12","28","99","399,0,569"
"0/1","15,17","33","99","587,0,500"
"0/1","13,12","25","99","421,0,381"
"0/1","13,13","26","99","458,0,378"
"0/1","11,10","21","99","340,0,380"
"0/1","9,8","17","99","263,0,309"
"0/1","6,13","19","99","477,0,179"
"0/1","8,12","20","99","425,0,260"
"0/1","13,11","24","99","369,0,464"
"0/1","14,11","25","99","364,0,484"
"0/1","47,7","54","99","127,0,1434"
"0/1","37,5","43","80","80,0,1204"
"0/1","12,16","28","99","549,0,326"
"0/1","9,12","21","99","358,0,226"
"0/1","20,13","33","99","419,0,532"
"0/1","13,9","22","99","303,0,412"
"0/1","12,13","25","99","418,0,408"
"0/1","13,9","22","99","286,0,457"
"0/1","12,18","30","99","579,0,390"
"0/1","19,17","36","99","539,0,619"
"0/1","18,17","35","99","515,0,585"
"0/1","25,22","47","99","671,0,842"
"0/1","25,16","42","99","504,0,810"
"0/1","21,16","37","99","520,0,697"
"0/1","13,10","23","99","312,0,404"
"0/1","15,11","26","99","368,0,508"
"0/1","16,23","39","99","773,0,485"
"0/1","16,14","30","99","472,0,517"
"0/1","17,16","33","99","551,0,495"
"0/1","20,14","34","99","431,0,635"
"0/1","8,19","27","99","597,0,244"
"0/1","5,17","22","99","544,0,123"
"0/1","9,19","28","99","678,0,227"
"0/0","9,0","9","18","0,18,225"
"0/0","12,0","12","24","0,24,316"
"0/1","18,22","40","99","749,0,603"
"0/1","16,16","32","99","528,0,450"
"0/1","16,10","27","99","316,0,559"
"0/1","20,10","31","99","298,0,475"
"0/1","14,12","26","99","377,0,467"
"0/1","9,12","21","99","422,0,296"
"0/1","13,10","23","99","341,0,440"
"0/1","4,10","14","80","361,0,80"
"1/2","0,14,15","29","99","1035,527,485,507,0,465"
"0/1","11,13","24","99","452,0,328"
"0/1","13,12","25","99","417,0,411"
"0/1","12,7","19","99","183,0,399"
"0/1","10,9","19","99","279,0,288"
"0/1","7,8","15","99","240,0,238"
"0/1","7,14","21","99","441,0,171"
"0/1","13,8","21","99","239,0,301"
"0/1","13,8","21","99","234,0,373"
"0/1","9,7","16","99","239,0,303"
"0/1","10,4","14","99","124,0,335"
"0/1","10,11","21","99","386,0,271"
"0/1","12,10","22","99","332,0,423"
"0/1","8,8","16","99","275,0,275"
"0/1","12,6","18","99","188,0,425"
"0/1","8,10","18","99","324,0,259"
"0/1","15,7","22","99","215,0,428"
"0/1","14,8","22","99","250,0,395"
"0/1","13,8","21","99","268,0,350"
"0/1","11,7","18","99","195,0,357"
"0/1","6,4","10","99","113,0,204"
"0/1","15,19","34","99","634,0,487"
"0/1","13,17","30","99","539,0,435"
"0/0","24,0","24","72","0,72,937"
"0/1","3,20","23","14","656,0,14"
"0/0","1,0","1","3","0,3,37"
"0/0","16,1","17","36","0,36,472"
"0/0","16,1","17","36","0,36,448"
"0/1","8,10","18","99","314,0,269"
"0/1","12,16","28","99","537,0,373"
"0/1","12,16","28","99","562,0,398"
"0/1","18,14","32","99","352,0,558"
"0/1","12,11","23","99","335,0,389"
"0/1","20,16","36","99","465,0,670"
"1/1","0,32","32","84","1054,84,0"
"0/0","25,0","25","66","0,66,839"
"0/1","7,18","25","99","611,0,203"
"0/0","25,0","25","72","0,72,973"
"0/1","20,14","34","99","473,0,595"
"0/1","10,14","24","99","495,0,331"
"0/1","13,18","31","99","547,0,424"
"0/1","14,15","29","99","488,0,462"
"0/1","4,2","6","68","70,0,68"
"0/1","21,15","36","99","474,0,686"
"0/1","16,19","35","99","643,0,522"
"0/1","13,18","31","99","622,0,421"
"0/1","10,18","28","99","554,0,183"
"0/1","14,15","29","99","504,0,454"
"0/1","14,19","33","99","603,0,385"
"0/1","2,4","11","40","115,0,40"
"0/1","4,4","11","22","127,0,22"
"0/1","29,6","36","99","138,0,730"
"0/1","7,14","21","99","472,0,220"
"0/1","8,13","21","99","464,0,266"
"0/1","7,6","13","99","203,0,210"
"0/1","13,23","36","99","805,0,324"
"0/1","12,15","27","99","451,0,361"
"0/1","21,18","39","99","568,0,720"
"0/1","15,15","30","99","438,0,449"
"0/1","14,13","27","99","379,0,425"
"0/1","13,15","28","99","347,0,422"
"0/1","17,11","28","99","334,0,537"
"0/1","18,14","32","99","424,0,582"
"0/1","13,8","21","99","242,0,451"
"0/1","13,10","23","99","322,0,452"
"0/1","8,10","18","99","322,0,255"
"0/1","6,6","12","99","167,0,206"
"0/1","10,15","26","99","468,0,286"
"0/1","10,16","26","99","464,0,327"
"0/1","16,20","36","99","677,0,397"
"0/1","12,9","21","99","265,0,398"
"0/1","13,8","21","99","256,0,463"
"0/1","13,17","30","99","541,0,426"
"0/1","12,12","24","99","408,0,377"
"0/0","20,0","20","60","0,60,810"
"0/1","17,17","34","99","475,0,430"
"0/1","10,6","16","99","168,0,293"
"1/1","1,23","24","35","883,35,0"
"0/0","6,0","6","15","0,15,183"
"0/1","14,15","29","99","442,0,452"
"0/1","12,14","26","99","478,0,364"
"0/1","18,10","28","99","331,0,549"
"0/1","8,5","13","99","153,0,287"
"0/1","12,12","24","99","405,0,396"
"0/1","11,11","22","99","305,0,303"
"0/1","15,8","23","99","172,0,489"
"0/1","12,16","28","99","512,0,400"
"0/1","13,16","29","99","483,0,391"
"0/1","19,16","35","99","508,0,563"
"0/1","17,9","26","99","292,0,565"
"0/1","13,14","27","99","449,0,445"
"0/1","15,23","38","99","742,0,418"
"0/1","8,11","19","99","388,0,225"
"0/1","9,15","24","99","502,0,250"
"0/1","14,11","25","99","310,0,494"
"0/1","18,14","32","99","440,0,570"
"0/1","10,12","22","99","406,0,338"
"0/1","12,16","28","99","510,0,408"
"0/1","20,14","34","99","428,0,702"
"0/1","16,10","26","99","326,0,534"
"0/1","13,14","27","99","424,0,446"
"0/1","13,13","26","99","390,0,449"
"0/1","16,13","29","99","391,0,565"
"0/1","23,10","33","99","277,0,744"
"0/1","4,6","10","99","175,0,128"
"0/0","37,1","39","36","0,36,445"
"0/1","7,7","14","99","203,0,149"
"0/1","10,10","20","99","304,0,308"
"0/1","12,12","24","99","402,0,411"
"0/1","12,10","22","99","334,0,418"
"0/1","10,14","24","99","504,0,297"
"0/1","13,12","25","99","359,0,447"
"0/1","18,13","31","99","446,0,484"
"0/1","12,12","24","99","412,0,340"
"0/1","11,13","24","99","392,0,344"
"0/1","19,12","31","99","369,0,617"
"0/1","17,8","25","99","249,0,628"
"0/1","13,9","22","99","253,0,464"
"0/1","9,16","25","99","535,0,240"
"0/1","13,17","30","99","551,0,436"
"0/1","19,19","38","99","574,0,653"
"0/1","15,15","30","99","490,0,492"
"0/1","15,15","30","99","459,0,502"
"0/0","14,10","24","33","0,33,434"
"0/1","12,18","30","99","570,0,364"
"0/1","19,10","29","99","252,0,606"
"0/1","9,19","28","99","668,0,217"
"0/1","20,14","35","99","339,0,718"
"0/1","10,14","24","99","449,0,231"
"0/1","10,15","25","99","472,0,248"
"0/1","11,17","28","99","560,0,318"
"0/1","13,16","29","99","522,0,340"
"0/1","14,13","27","99","422,0,443"
"0/1","19,13","32","99","381,0,603"
"0/1","21,13","34","99","344,0,535"
"0/1","12,9","21","97","97,0,382"
"0/1","15,18","33","99","564,0,190"
"0/1","29,17","47","99","287,0,496"
"0/1","32,19","51","99","309,0,481"
"0/1","9,7","16","24","24,0,316"
"0/1","20,10","30","13","13,0,559"
"0/1","16,14","30","99","414,0,182"
"0/0","29,1","31","63","0,63,784"
"0/1","31,12","43","99","219,0,604"
"0/0","54,0","55","99","0,108,1256"
"0/1","9,13","22","99","464,0,114"
"0/1","15,9","24","99","105,0,527"
"0/1","18,17","35","99","446,0,172"
"0/1","6,21","27","31","570,0,31"
"0/1","12,25","37","99","368,0,367"
"0/1","28,6","34","99","138,0,660"
"0/1","26,6","32","35","35,0,638"
"1/1","0,13","14","36","476,36,0"
"0/1","13,19","32","99","584,0,431"
"0/1","18,9","27","99","254,0,598"
"0/1","8,12","20","99","414,0,262"
"0/1","10,10","20","99","347,0,304"
"0/1","13,14","27","99","455,0,456"
"0/1","8,13","21","99","460,0,259"
"0/1","10,13","23","99","457,0,331"
"0/1","11,11","22","99","371,0,372"
"0/1","14,13","27","99","402,0,476"
"0/1","11,17","28","99","563,0,354"
"0/1","17,12","29","99","408,0,561"
"0/1","15,20","35","99","701,0,492"
"0/1","20,20","40","99","650,0,655"
"0/1","10,14","24","99","470,0,334"
"0/1","14,10","24","99","340,0,459"
"0/1","14,9","23","99","304,0,470"
"0/1","15,6","21","99","185,0,452"
"0/1","15,6","21","99","176,0,523"
"0/1","18,9","27","99","278,0,604"
"0/1","18,10","28","99","316,0,591"
"0/1","18,12","30","99","373,0,617"
"0/1","17,14","31","99","476,0,510"
"0/1","14,16","30","99","547,0,411"
"0/1","9,15","24","99","465,0,229"
"0/1","9,15","24","99","461,0,266"
"0/1","10,15","26","99","474,0,295"
"0/1","13,15","28","99","472,0,370"
"0/1","14,13","27","99","405,0,401"
"0/1","13,13","26","99","408,0,343"
"0/1","14,15","29","99","454,0,445"
"0/1","16,14","30","99","461,0,548"
"0/1","16,13","29","99","419,0,534"
"0/1","16,14","30","99","445,0,536"
"0/1","16,14","30","99","462,0,540"
"0/1","16,14","30","99","438,0,505"
"0/1","15,19","34","99","593,0,458"
"0/1","15,18","33","99","624,0,461"
"0/1","13,19","32","99","670,0,434"
"0/1","9,21","30","99","690,0,282"
"0/1","10,19","29","99","632,0,323"
"0/1","10,21","31","99","690,0,311"
"0/1","11,18","29","99","583,0,352"
"0/1","12,19","31","99","592,0,389"
"0/1","14,15","29","99","449,0,443"
"0/1","15,18","33","99","475,0,469"
"0/1","14,18","32","99","548,0,434"
"0/1","15,20","35","99","646,0,462"
"0/1","16,24","40","99","760,0,447"
"0/1","17,23","40","99","679,0,504"
"0/1","17,23","40","99","595,0,521"
"0/1","12,20","32","99","646,0,349"
"0/1","8,18","26","99","629,0,246"
"0/1","8,16","24","99","569,0,255"
"0/1","10,15","25","99","531,0,326"
"0/1","13,14","27","99","473,0,436"
"0/1","13,13","26","99","436,0,431"
"0/1","18,15","33","99","469,0,522"
"0/1","18,15","33","99","458,0,527"
"0/1","21,13","34","99","399,0,612"
"0/1","21,14","35","99","437,0,637"
"0/1","16,18","34","99","552,0,502"
"0/1","13,18","31","99","553,0,392"
"0/1","14,17","31","99","481,0,416"
"0/1","13,16","29","99","450,0,399"
"0/1","15,14","29","99","371,0,472"
"0/1","14,14","28","99","364,0,440"
"0/1","13,14","27","99","344,0,357"
"0/1","13,15","28","99","438,0,343"
"0/1","13,15","28","99","422,0,359"
"0/1","22,4","26","5","5,0,656"
"0/0","23,7","30","35","0,35,787"
"0/1","17,7","24","99","109,0,549"
"0/1","14,17","31","99","359,0,441"
"0/1","12,13","25","99","354,0,322"
"0/1","11,13","24","99","346,0,336"
"0/1","11,14","25","99","339,0,320"
"0/1","10,14","24","99","340,0,328"
"0/1","11,7","18","99","155,0,305"
"0/1","16,7","23","99","137,0,508"
"0/1","11,3","14","44","44,0,352"
"0/1","11,10","21","99","251,0,303"
"0/1","10,9","19","99","262,0,293"
"0/1","10,9","19","99","221,0,305"
"0/1","10,10","21","99","340,0,325"
"0/1","12,6","18","99","183,0,298"
"0/1","15,9","24","99","238,0,478"
"0/1","14,12","26","99","296,0,480"
"0/1","14,15","29","99","398,0,468"
"0/1","13,13","26","99","371,0,414"
"0/1","13,11","24","99","297,0,383"
"0/1","13,12","25","99","293,0,404"
"0/1","15,13","28","99","316,0,445"
"0/1","17,22","39","99","617,0,481"
"0/1","17,22","39","99","650,0,477"
"0/1","20,22","42","99","666,0,567"
"0/1","21,22","43","99","654,0,595"
"0/1","18,22","40","99","629,0,496"
"0/1","21,17","38","99","547,0,614"
"0/1","21,13","35","99","397,0,673"
"0/1","20,14","34","99","368,0,668"
"0/1","18,14","32","99","414,0,591"
"0/1","18,13","31","99","357,0,586"
"0/1","16,14","30","99","394,0,506"
"0/1","13,18","31","99","509,0,399"
"0/1","15,10","25","99","329,0,475"
"0/1","7,16","23","99","572,0,156"
"0/1","8,16","24","99","537,0,216"
"0/1","24,18","42","99","553,0,783"
"0/1","23,10","33","99","265,0,670"
"0/1","21,25","46","99","755,0,711"
"0/1","6,8","14","99","246,0,204"
"0/1","7,9","16","99","303,0,239"
"0/1","10,6","16","99","164,0,323"
"0/1","12,6","18","99","115,0,442"
"0/1","13,7","20","99","146,0,468"
"0/1","16,7","23","99","208,0,537"
"0/1","11,13","24","99","455,0,368"
"0/1","9,10","19","99","300,0,268"
"0/1","21,16","37","99","536,0,656"
"0/1","20,15","35","99","504,0,661"
"0/1","16,9","25","99","286,0,510"
"0/1","20,6","26","96","96,0,622"
"0/1","9,5","14","99","170,0,287"
"0/1","9,12","21","99","393,0,285"
"0/1","9,11","20","99","372,0,302"
"0/1","13,15","28","99","476,0,440"
"0/1","13,12","25","99","387,0,451"
"0/1","11,14","25","99","436,0,368"
"0/1","14,17","31","99","508,0,422"
"0/1","18,12","30","99","396,0,555"
"0/1","12,18","30","99","517,0,391"
"0/1","10,15","25","99","513,0,316"
"0/1","13,6","19","99","183,0,467"
"0/1","11,11","22","99","360,0,383"
"0/1","10,8","18","99","251,0,350"
"0/1","6,14","20","99","473,0,183"
"0/1","13,11","24","99","338,0,415"
"0/1","8,9","17","99","278,0,251"
"0/1","15,9","24","99","224,0,545"
"0/1","4,11","15","97","402,0,97"
"0/1","9,6","15","99","155,0,308"
"0/1","16,15","31","99","521,0,519"
"0/1","10,17","27","99","595,0,311"
"0/1","13,11","24","99","323,0,369"
"0/1","12,11","24","99","208,0,363"
"0/1","19,9","28","99","291,0,608"
"0/1","26,15","41","99","484,0,864"
"0/1","27,15","42","99","459,0,894"
"0/1","20,15","35","99","481,0,653"
"0/1","20,13","33","99","396,0,650"
"0/1","21,12","33","99","333,0,552"
"0/1","18,16","34","99","503,0,554"
"0/1","13,17","30","99","565,0,410"
"0/1","12,11","23","99","375,0,383"
"0/1","11,11","22","99","338,0,380"
"0/1","5,9","14","99","317,0,157"
"0/1","4,8","12","99","272,0,127"
"0/1","6,7","13","99","243,0,193"
"0/1","6,5","11","99","167,0,202"
"0/1","7,5","12","99","132,0,247"
"0/1","8,12","20","99","382,0,252"
"0/1","14,10","24","99","322,0,419"
"0/1","16,15","31","99","487,0,523"
"0/1","13,13","26","99","446,0,392"
"0/1","9,13","22","99","406,0,287"
"0/1","11,13","24","99","386,0,344"
"0/1","16,13","29","99","356,0,550"
"0/1","14,23","37","99","720,0,373"
"0/1","10,16","26","99","526,0,291"
"0/1","12,9","21","99","273,0,343"
"0/1","14,13","27","99","409,0,442"
"0/1","8,10","18","99","350,0,276"
"0/1","12,18","30","99","619,0,366"
"0/1","16,16","32","99","512,0,497"
"0/1","10,6","16","99","198,0,327"
"0/1","13,6","19","99","179,0,404"
"0/1","20,14","34","99","425,0,649"
"0/0","69,2","71","99","0,187,2322"
"1/1","0,28","28","72","953,72,0"
"1/1","0,32","32","81","1041,81,0"
"0/1","12,21","33","99","685,0,370"
"0/1","14,13","27","99","440,0,437"
"0/1","14,12","26","99","406,0,369"
"0/1","21,15","36","99","412,0,655"
"0/1","20,25","45","99","820,0,612"
"0/1","15,20","35","99","675,0,440"
"0/1","21,19","40","99","622,0,637"
"1/1","0,28","28","75","1009,75,0"
"0/1","13,11","24","99","371,0,364"
"0/1","19,6","25","99","169,0,696"
"0/1","6,8","14","99","284,0,208"
"0/1","5,14","19","99","470,0,104"
"0/1","14,16","30","99","549,0,479"
"0/1","14,18","32","99","608,0,442"
"0/0","32,0","32","93","0,93,1241"
"0/1","13,17","30","99","554,0,436"
"0/1","8,14","22","99","465,0,250"
"0/1","27,17","45","99","443,0,886"
"0/1","28,16","44","99","483,0,955"
"0/1","23,15","38","99","490,0,758"
"0/1","13,12","25","99","409,0,429"
"0/1","16,12","28","99","402,0,511"
"0/1","17,24","41","99","815,0,537"
"0/1","16,21","37","99","718,0,491"
"0/1","10,18","30","99","545,0,122"
"0/1","12,24","36","99","741,0,312"
"0/1","15,15","30","99","499,0,427"
"0/1","6,11","17","99","384,0,109"
"0/1","16,8","24","99","217,0,526"
"0/1","19,21","41","99","624,0,610"
"0/1","10,16","26","99","469,0,277"
"0/1","9,13","22","99","473,0,265"
"0/1","6,14","20","99","465,0,188"
"0/1","4,10","14","99","371,0,121"
"0/1","11,14","25","99","475,0,310"
"0/1","6,5","11","99","157,0,216"
"0/1","7,7","14","99","243,0,238"
"0/1","10,4","14","99","117,0,361"
"0/1","11,9","20","99","252,0,355"
"0/1","14,10","24","99","335,0,501"
"0/1","11,10","21","99","326,0,349"
"0/1","8,9","17","99","295,0,250"
"0/1","11,9","20","99","265,0,333"
"0/1","11,12","23","99","397,0,366"
"0/1","17,14","32","99","456,0,543"
"0/1","13,18","31","99","551,0,384"
"0/1","15,15","30","99","507,0,458"
"0/1","3,21","24","63","535,0,63"
"0/0","25,0","25","66","0,66,806"
"0/1","10,6","16","99","194,0,303"
"0/1","11,22","33","99","732,0,320"
"0/1","35,9","44","92","92,0,1062"
"0/1","70,15","85","18","18,0,1948"
"0/1","32,13","46","99","209,0,941"
"0/1","78,24","103","99","123,0,1929"
"0/1","36,17","53","99","153,0,989"
"0/1","25,10","50","99","182,0,814"
"0/0","17,1","19","7","0,7,567"
"0/0","20,1","29","11","0,11,602"
"0/0","22,3","28","23","0,23,727"
"0/1","16,20","36","99","534,0,490"
"0/0","36,2","38","93","0,93,1235"
"0/1","17,16","34","99","502,0,559"
"0/1","18,10","28","99","302,0,524"
"0/1","9,14","23","99","381,0,287"
"0/1","22,16","38","99","416,0,721"
"0/1","20,13","33","99","394,0,578"
"0/1","17,13","30","99","325,0,599"
"0/1","24,12","36","99","303,0,764"
"0/0","26,0","26","75","0,75,976"
"0/0","25,0","26","72","0,72,927"
"0/0","28,0","28","78","0,78,1017"
"0/0","30,0","30","81","0,81,1039"
"0/0","32,0","32","84","0,84,1063"
"0/0","31,0","31","81","0,81,1021"
"0/0","33,0","33","78","0,78,1020"
"0/0","35,0","35","87","0,87,1102"
"0/0","34,0","34","78","0,78,1021"
"0/0","34,0","34","87","0,87,1121"
"0/1","27,3","32","44","44,0,829"
"0/0","79,0","79","99","0,202,2619"
"0/0","55,0","58","99","0,138,1814"
"0/0","60,0","60","99","0,132,1735"
"0/0","60,0","61","99","0,129,1692"
"0/0","54,0","54","99","0,135,1738"
"0/0","47,0","47","99","0,129,1662"
"0/0","38,2","40","56","0,56,1330"
"0/0","39,2","41","51","0,51,1331"
"0/0","44,0","44","99","0,120,1543"
"0/0","40,0","42","99","0,105,1386"
"0/0","42,0","42","99","0,108,1415"
"0/1","16,16","32","99","549,0,538"
"0/1","13,15","28","99","485,0,450"
"0/1","16,18","34","99","575,0,510"
"0/0","19,0","19","54","0,54,684"
"0/1","14,10","24","99","304,0,462"
"0/1","11,18","29","99","595,0,328"
"0/1","3,2","5","67","67,0,104"
"0/1","3,3","6","99","102,0,105"
"0/1","7,3","10","78","78,0,249"
"0/1","7,3","10","83","83,0,255"
"0/1","7,3","10","90","90,0,257"
"0/1","7,3","10","93","93,0,225"
"0/1","11,3","14","83","83,0,327"
"0/0","45,2","48","99","0,108,1364"
"0/0","32,3","35","56","0,56,1009"
"0/0","28,4","32","78","0,78,1003"
"0/1","13,11","24","99","252,0,335"
"0/1","11,8","19","99","188,0,310"
"0/1","15,12","27","99","372,0,531"
"0/1","11,6","17","99","181,0,396"
"0/1","7,9","16","99","306,0,234"
"0/1","7,7","14","99","240,0,230"
"0/1","14,12","26","99","403,0,480"
"0/1","11,11","22","99","335,0,323"
"0/1","17,12","29","99","343,0,577"
"0/1","30,10","40","99","136,0,972"
"0/1","29,11","40","99","139,0,950"
"0/1","19,10","29","99","301,0,602"
"0/1","12,14","26","99","472,0,316"
"0/1","9,15","24","99","458,0,280"
"0/1","11,19","30","99","575,0,349"
"0/1","13,11","24","99","360,0,391"
"0/1","11,12","23","99","345,0,331"
"0/1","6,7","14","99","153,0,132"
"0/1","11,18","29","99","595,0,342"
"0/1","10,10","20","99","316,0,336"
"0/1","23,22","45","99","649,0,701"
"0/0","25,0","25","75","0,75,1010"
"1/1","0,28","28","66","874,66,0"
"0/1","22,11","33","99","339,0,458"
"0/0","38,1","39","88","0,88,1417"
"1/1","0,17","17","48","638,48,0"
"0/1","8,9","17","99","310,0,271"
"0/1","17,17","34","99","563,0,569"
"0/1","19,15","34","99","446,0,486"
"0/1","14,24","38","99","836,0,449"
"0/1","10,17","27","99","599,0,259"
"0/1","15,9","24","99","280,0,483"
"0/1","13,12","25","99","354,0,440"
"0/1","17,14","31","99","447,0,534"
"0/1","21,11","32","99","246,0,648"
"0/1","22,15","37","99","397,0,706"
"0/1","25,18","43","99","491,0,719"
"0/1","18,25","43","99","761,0,483"
"0/1","7,17","24","99","575,0,215"
"0/1","7,10","20","99","200,0,155"
"0/1","10,10","20","99","316,0,266"
"0/1","9,9","18","99","313,0,313"
"0/1","14,11","25","99","346,0,451"
"0/1","9,17","26","99","558,0,291"
"0/1","10,3","13","41","41,0,349"
"0/1","21,12","33","99","378,0,748"
"0/1","5,18","23","99","605,0,128"
"0/1","16,18","34","99","628,0,483"
"0/1","15,13","28","99","405,0,528"
"0/1","15,9","24","99","297,0,427"
"0/1","15,10","25","99","304,0,446"
"0/1","17,17","34","99","570,0,534"
"0/1","12,26","38","99","759,0,376"
"0/1","18,13","31","99","390,0,586"
"0/1","14,16","30","99","522,0,299"
"0/1","14,18","32","99","556,0,458"
"0/1","15,14","29","99","429,0,504"
"0/1","18,21","39","99","559,0,467"
"0/1","22,17","39","99","544,0,649"
"0/0","9,0","9","27","0,27,353"
"0/1","8,19","27","99","644,0,204"
"0/1","18,18","36","99","574,0,614"
"0/1","22,19","41","99","591,0,717"
"0/1","14,17","31","99","562,0,468"
"0/1","17,12","29","99","368,0,385"
"0/1","24,22","46","99","690,0,739"
"0/1","16,20","36","99","642,0,491"
"0/1","11,24","35","99","790,0,343"
"0/1","18,25","43","99","692,0,579"
"0/1","23,13","36","99","396,0,639"
"0/1","13,20","33","99","662,0,417"
"0/1","16,19","35","99","660,0,492"
"0/1","13,18","32","99","637,0,434"
"0/1","13,17","30","99","561,0,382"
"0/1","19,19","38","99","598,0,613"
"0/1","20,20","40","99","691,0,533"
"0/1","17,21","38","99","682,0,528"
"0/1","15,16","31","99","526,0,485"
"0/1","13,11","24","99","249,0,409"
"0/1","15,11","26","99","323,0,498"
"0/1","17,11","28","99","328,0,591"
"0/1","17,17","34","99","523,0,532"
"0/1","17,18","35","99","580,0,527"
"0/1","16,18","34","99","598,0,486"
"0/1","14,17","31","99","567,0,415"
"0/1","12,16","28","99","517,0,388"
"0/1","14,13","27","99","358,0,473"
"0/1","18,15","33","99","474,0,549"
"0/1","20,19","39","99","536,0,657"
"0/1","16,23","39","99","704,0,540"
"0/1","18,23","41","99","715,0,564"
"0/1","18,24","42","99","742,0,556"
"0/1","17,22","39","99","737,0,525"
"0/1","19,17","36","99","574,0,660"
"0/1","19,17","36","99","570,0,664"
"0/1","19,14","33","99","449,0,675"
"0/1","19,10","29","99","304,0,674"
"0/1","16,10","26","99","319,0,579"
"0/1","16,11","27","99","357,0,575"
"0/1","16,11","27","99","354,0,570"
"0/1","11,15","26","99","484,0,370"
"0/1","11,15","26","99","494,0,368"
"0/1","9,16","25","99","536,0,277"
"0/1","6,16","22","99","529,0,166"
"0/1","6,15","21","99","536,0,180"
"0/1","7,14","21","99","476,0,217"
"0/1","8,13","21","99","459,0,259"
"0/1","10,17","27","99","599,0,320"
"0/1","11,18","29","99","564,0,365"
"0/1","11,17","28","99","561,0,363"
"0/1","10,17","27","99","574,0,316"
"0/1","8,10","18","99","346,0,226"
"0/1","8,9","18","99","303,0,263"
"0/1","8,8","16","99","268,0,217"
"0/1","12,9","21","99","260,0,420"
"0/1","14,6","20","99","174,0,445"
"0/1","14,7","21","99","214,0,449"
"0/1","15,8","23","99","250,0,506"
"0/1","13,12","25","99","409,0,420"
"0/1","14,11","25","99","377,0,457"
"0/1","13,17","30","99","590,0,385"
"0/1","16,9","25","99","294,0,571"
"0/1","10,13","23","99","462,0,333"
"0/1","11,7","18","99","217,0,390"
"0/1","18,13","31","99","425,0,617"
"0/1","18,13","31","99","360,0,562"
"0/1","19,11","30","99","350,0,626"
"0/1","18,11","29","99","321,0,573"
"0/1","15,12","27","99","356,0,520"
"0/1","15,9","24","99","248,0,532"
"0/1","15,9","24","99","243,0,522"
"0/1","14,6","20","99","142,0,488"
"0/1","13,6","19","99","109,0,463"
"0/1","12,6","18","97","97,0,423"
"0/1","9,7","16","99","185,0,301"
"0/1","7,11","18","99","340,0,232"
"0/1","6,10","16","99","282,0,198"
"0/1","6,12","18","99","350,0,186"
"0/1","10,10","21","99","301,0,310"
"0/1","10,12","23","99","374,0,306"
"0/1","12,12","24","99","378,0,334"
"0/1","11,16","27","99","489,0,321"
"0/1","14,18","32","99","528,0,388"
"0/1","14,18","33","99","512,0,409"
"0/1","15,19","34","99","549,0,376"
"0/1","15,17","33","99","518,0,430"
"0/1","16,18","34","99","490,0,473"
"0/1","18,15","33","99","445,0,486"
"0/1","18,19","37","99","581,0,503"
"0/1","18,16","34","99","506,0,443"
"0/1","17,19","36","99","600,0,433"
"0/1","15,18","33","99","539,0,481"
"0/1","14,16","30","99","477,0,464"
"0/1","13,16","29","99","484,0,428"
"0/1","12,16","28","99","491,0,393"
"0/1","11,16","27","99","493,0,327"
"0/1","11,13","24","99","418,0,377"
"0/1","12,13","25","99","414,0,409"
"0/1","13,15","28","99","472,0,440"
"0/1","13,18","31","99","583,0,417"
"0/1","12,17","29","99","521,0,400"
"0/1","12,17","29","99","491,0,368"
"0/1","12,17","29","99","526,0,359"
"0/1","12,16","28","99","489,0,333"
"0/1","11,14","25","99","470,0,340"
"0/1","11,19","30","99","610,0,315"
"0/1","11,19","30","99","578,0,348"
"0/1","13,16","30","99","488,0,424"
"0/1","12,13","25","99","401,0,393"
"0/1","14,10","24","99","291,0,480"
"0/1","10,8","18","99","269,0,326"
"0/1","12,11","23","99","360,0,377"
"0/1","12,11","23","99","325,0,355"
"0/1","12,11","23","99","330,0,337"
"0/1","11,11","22","99","336,0,318"
"0/1","18,13","31","99","408,0,568"
"0/1","17,16","33","99","453,0,527"
"0/1","13,18","31","99","512,0,295"
"0/1","13,19","32","99","525,0,323"
"0/1","13,23","37","99","495,0,187"
"0/1","30,34","64","99","933,0,355"
"0/1","14,33","47","99","626,0,325"
"0/1","19,30","49","99","498,0,277"
"0/1","11,22","33","99","583,0,255"
"0/1","13,20","33","99","495,0,233"
"0/1","13,22","35","99","523,0,187"
"0/1","15,8","23","62","62,0,381"
"0/1","9,12","22","99","283,0,214"
"0/1","9,13","22","99","330,0,255"
"0/1","8,14","22","99","387,0,198"
"0/1","10,17","27","99","497,0,267"
"0/1","19,10","29","99","290,0,646"
"0/1","15,16","31","99","534,0,370"
"0/1","14,16","31","99","534,0,395"
"0/1","13,10","23","99","328,0,400"
"0/1","15,15","30","99","509,0,431"
"0/1","14,15","29","99","508,0,461"
"0/1","12,15","27","99","482,0,348"
"0/1","12,15","27","99","522,0,344"
"0/1","13,11","24","99","341,0,425"
"0/1","14,11","25","99","326,0,467"
"0/1","13,12","25","99","375,0,396"
"0/1","19,13","32","99","329,0,645"
"0/1","22,13","35","99","352,0,748"
"0/1","19,17","36","99","491,0,660"
"0/1","19,18","37","99","584,0,604"
"0/1","17,19","36","99","598,0,530"
"0/1","16,16","32","99","528,0,540"
"0/1","16,15","31","99","457,0,540"
"0/1","17,13","31","99","421,0,561"
"0/1","24,23","47","99","725,0,746"
"0/1","30,25","55","99","780,0,703"
"0/1","30,27","58","99","876,0,789"
"0/1","32,26","58","99","785,0,867"
"0/1","20,15","35","99","463,0,673"
"0/1","20,20","40","99","585,0,555"
"0/1","20,19","40","99","587,0,562"
"0/1","23,23","46","99","704,0,646"
"0/1","22,21","43","99","719,0,606"
"0/1","22,21","43","99","669,0,589"
"0/1","18,19","37","99","658,0,540"
"0/1","15,17","32","99","570,0,478"
"0/1","15,18","33","99","601,0,461"
"0/1","17,16","33","99","522,0,564"
"0/1","16,15","31","99","503,0,516"
"0/1","18,15","33","99","455,0,557"
"0/1","17,15","32","99","468,0,510"
"0/1","14,15","29","99","452,0,376"
"0/1","17,16","33","99","477,0,399"
"0/1","16,16","32","99","465,0,380"
"0/1","24,13","37","99","338,0,699"
"0/1","23,12","35","99","324,0,700"
"0/1","23,13","36","99","314,0,777"
"0/1","23,15","38","99","463,0,811"
"0/1","19,19","38","99","571,0,596"
"0/1","17,20","37","99","642,0,515"
"0/1","17,20","37","99","586,0,531"
"0/1","16,17","33","99","556,0,472"
"0/1","18,20","38","99","636,0,477"
"0/1","17,15","32","99","506,0,482"
"0/1","17,15","32","99","508,0,477"
"0/1","16,15","31","99","511,0,459"
"0/1","19,16","35","99","520,0,561"
"0/1","17,18","35","99","626,0,540"
"0/1","19,19","38","99","603,0,617"
"0/1","20,14","34","99","459,0,678"
"0/1","16,14","30","99","437,0,559"
"0/1","13,12","25","99","336,0,452"
"0/1","14,9","23","99","288,0,497"
"0/1","11,9","20","99","265,0,392"
"0/1","11,9","20","99","268,0,389"
"0/1","12,12","24","99","392,0,406"
"0/1","12,12","24","99","404,0,404"
"0/1","12,13","25","99","415,0,397"
"0/1","14,13","27","99","411,0,486"
"0/1","13,16","29","99","562,0,421"
"0/1","14,17","31","99","601,0,460"
"0/1","16,20","36","99","703,0,494"
"0/1","16,20","36","99","700,0,498"
"0/1","16,18","34","99","627,0,533"
"0/1","16,12","28","99","384,0,551"
"0/1","16,8","24","99","242,0,568"
"0/1","17,8","25","99","232,0,603"
"0/1","17,7","24","99","197,0,596"
"0/1","15,6","21","99","161,0,543"
"0/1","19,7","26","99","197,0,615"
"0/1","15,9","24","99","251,0,458"
"0/1","16,9","25","99","242,0,463"
"0/1","17,10","27","99","317,0,497"
"0/1","12,15","27","99","448,0,382"
"0/1","12,19","31","99","539,0,347"
"0/1","14,18","32","99","482,0,404"
"0/1","14,18","32","99","498,0,432"
"0/1","14,17","31","99","517,0,416"
"0/1","14,18","32","99","538,0,435"
"0/1","15,19","34","99","566,0,495"
"0/1","15,19","34","99","555,0,488"
"0/1","17,14","31","99","432,0,512"
"0/1","16,14","30","99","439,0,558"
"0/1","16,14","30","99","437,0,547"
"0/1","14,21","35","99","702,0,413"
"0/1","14,16","30","99","529,0,316"
"0/1","12,17","29","99","567,0,239"
"0/1","12,17","30","99","578,0,232"
"0/1","13,20","33","99","674,0,248"
"0/1","14,14","30","99","494,0,233"
"0/1","16,16","32","99","480,0,290"
"0/1","20,13","33","99","404,0,699"
"0/1","21,11","32","99","326,0,692"
"0/1","20,11","31","99","325,0,650"
"0/1","19,10","29","99","304,0,578"
"0/1","19,10","29","99","265,0,635"
"0/1","20,8","28","99","193,0,612"
"0/1","18,12","30","99","298,0,595"
"0/1","15,18","33","99","539,0,469"
"0/1","12,20","32","99","592,0,379"
"0/1","14,19","33","99","549,0,468"
"0/1","12,15","27","99","432,0,402"
"0/1","12,15","27","99","486,0,393"
"0/1","18,13","31","99","439,0,463"
"0/1","17,11","29","99","362,0,540"
"0/1","20,12","33","99","385,0,630"
"0/1","22,11","33","99","351,0,691"
"0/1","19,16","35","99","533,0,549"
"0/1","20,16","36","99","534,0,655"
"0/1","17,15","32","99","507,0,544"
"0/1","19,18","37","99","566,0,624"
"0/1","16,18","35","99","631,0,534"
"0/1","15,20","36","99","632,0,475"
"0/1","15,15","33","99","529,0,477"
"0/1","16,12","34","99","412,0,568"
"0/1","19,17","36","99","589,0,616"
"0/1","18,17","35","99","559,0,613"
"0/1","18,18","36","99","574,0,588"
"0/1","17,19","36","99","563,0,558"
"0/1","21,17","38","99","576,0,643"
"0/1","20,16","36","99","536,0,671"
"0/1","20,17","37","99","526,0,683"
"0/1","21,25","46","99","679,0,638"
"0/1","21,23","44","99","716,0,656"
"0/1","21,24","45","99","754,0,663"
"0/1","21,21","42","99","639,0,710"
"0/1","21,15","36","99","423,0,718"
"0/1","22,13","35","99","391,0,745"
"0/1","21,13","34","99","392,0,714"
"0/1","15,14","29","99","420,0,441"
"0/1","15,16","31","99","477,0,443"
"0/1","13,18","31","99","529,0,367"
"0/1","13,19","32","99","534,0,368"
"0/1","12,19","31","99","499,0,386"
"0/1","12,19","31","99","547,0,362"
"0/1","14,19","33","99","522,0,403"
"0/1","12,20","32","99","505,0,410"
"0/1","12,19","31","99","522,0,409"
"0/1","12,20","32","99","560,0,399"
"0/1","11,20","31","99","537,0,369"
"0/1","10,18","28","99","521,0,331"
"0/1","10,19","29","99","548,0,317"
"0/1","6,13","19","99","421,0,115"
"0/1","6,11","17","99","395,0,154"
"0/1","7,11","18","99","398,0,152"
"0/1","6,8","14","99","243,0,167"
"0/1","7,8","15","99","287,0,161"
"0/1","8,6","14","99","203,0,158"
"0/1","12,8","20","99","174,0,369"
"0/1","11,9","20","99","217,0,380"
"0/1","7,9","16","99","211,0,203"
"0/1","7,9","16","99","245,0,200"
"0/1","19,12","31","99","233,0,609"
"0/1","8,10","18","99","280,0,279"
"0/1","7,10","17","99","354,0,231"
"0/1","6,10","16","99","362,0,199"
"0/1","7,10","17","99","348,0,235"
"0/1","7,9","16","99","318,0,224"
"0/1","8,10","18","99","315,0,264"
"0/1","11,12","23","99","332,0,377"
"0/1","9,11","20","99","315,0,309"
"0/1","17,3","20","57","57,0,590"
"0/1","12,3","15","75","75,0,447"
"0/1","9,4","13","99","123,0,333"
"0/1","10,5","15","99","157,0,351"
"0/1","9,5","14","99","161,0,320"
"0/1","7,5","12","99","156,0,237"
"0/1","7,5","12","99","120,0,240"
"0/1","7,6","13","99","183,0,234"
"0/1","6,7","13","99","237,0,200"
"0/1","7,7","14","99","194,0,198"
"0/1","5,7","12","99","207,0,169"
"0/1","6,7","13","99","206,0,201"
"0/1","11,6","18","99","186,0,394"
"0/1","13,7","20","99","170,0,462"
"0/1","13,7","20","99","176,0,450"
"0/1","15,7","22","99","174,0,545"
"0/1","15,7","22","99","204,0,501"
"0/1","15,6","21","99","137,0,500"
"0/1","14,6","20","99","142,0,481"
"0/1","10,6","16","99","142,0,359"
"0/1","9,6","15","99","160,0,330"
"0/1","8,7","15","99","197,0,284"
"0/1","9,5","14","99","158,0,327"
"0/1","9,5","14","99","158,0,313"
"0/1","9,5","14","99","157,0,327"
"0/1","8,5","13","99","166,0,285"
"0/1","5,4","9","99","136,0,178"
"0/1","6,4","10","99","135,0,215"
"0/1","6,5","11","99","174,0,214"
"0/1","6,7","13","99","246,0,205"
"0/1","9,6","15","99","204,0,318"
"0/1","11,6","17","99","166,0,353"
"0/1","8,7","15","99","211,0,284"
"0/1","8,6","14","99","201,0,290"
"0/1","8,6","14","99","205,0,280"
"0/1","8,6","14","99","210,0,250"
"0/1","9,5","14","99","165,0,325"
"0/1","12,10","22","99","284,0,427"
"0/1","13,10","23","99","323,0,458"
"0/1","13,10","23","99","287,0,448"
"0/1","12,10","22","99","327,0,412"
"0/1","14,7","21","99","214,0,488"
"0/1","14,8","22","99","250,0,489"
"0/1","15,6","21","99","128,0,533"
"0/1","14,7","21","99","207,0,449"
"0/1","14,6","20","99","140,0,504"
"0/1","14,5","19","99","126,0,507"
"0/1","17,5","22","99","134,0,578"
"0/1","16,5","21","99","136,0,553"
"0/1","18,5","23","99","133,0,618"
"0/1","18,9","27","99","247,0,575"
"0/1","17,11","28","99","323,0,566"
"0/1","12,7","19","99","216,0,415"
"0/1","13,8","21","99","232,0,406"
"0/1","13,8","21","99","200,0,457"
"0/1","14,10","24","99","329,0,476"
"0/1","15,11","26","99","321,0,491"
"0/1","13,10","23","99","320,0,417"
"0/1","10,10","20","99","355,0,275"
"0/1","15,14","29","99","476,0,436"
"0/1","15,14","29","99","475,0,452"
"0/1","15,13","28","99","451,0,441"
"0/1","15,14","29","99","485,0,454"
"0/1","17,17","34","99","538,0,509"
"0/1","15,17","32","99","559,0,509"
"0/1","18,16","34","99","541,0,596"
"0/1","15,14","30","99","470,0,526"
"0/1","20,7","27","99","193,0,737"
"0/1","22,7","29","99","161,0,801"
"0/1","25,6","31","99","152,0,900"
"0/1","25,6","31","99","154,0,909"
"0/1","21,11","32","99","277,0,756"
"0/1","21,15","36","99","441,0,715"
"0/1","20,22","42","99","656,0,641"
"0/1","15,26","41","99","679,0,446"
"0/1","16,23","39","99","648,0,478"
"0/1","15,21","36","99","620,0,474"
"0/1","14,22","36","99","660,0,448"
"0/1","22,18","40","99","497,0,762"
"0/1","22,18","40","99","488,0,768"
"0/1","21,17","38","99","525,0,740"
"0/1","24,10","34","99","249,0,820"
"0/1","23,11","34","99","295,0,815"
"0/1","23,11","34","99","300,0,831"
"0/1","19,10","29","99","297,0,673"
"0/1","19,10","29","99","302,0,635"
"0/1","19,10","29","99","304,0,628"
"0/1","16,11","27","99","330,0,514"
"0/1","15,12","27","99","335,0,479"
"0/1","16,12","28","99","332,0,528"
"0/1","15,12","27","99","333,0,522"
"0/1","12,13","25","99","365,0,406"
"0/1","14,11","25","99","289,0,480"
"0/1","15,12","27","99","325,0,526"
"0/1","18,11","29","99","287,0,510"
"0/1","18,9","27","99","247,0,564"
"0/1","18,9","27","99","252,0,573"
"0/1","18,9","27","99","255,0,545"
"0/1","18,14","32","99","419,0,570"
"0/1","29,5","34","81","81,0,945"
"0/1","20,13","33","99","333,0,662"
"0/1","21,13","34","99","379,0,657"
"0/1","22,15","37","99","422,0,655"
"0/1","21,15","36","99","454,0,579"
"0/1","20,16","36","99","496,0,560"
"0/1","19,16","35","99","427,0,546"
"0/1","20,14","34","99","373,0,550"
"0/1","18,9","28","91","91,0,473"
"0/1","23,12","36","99","341,0,745"
"0/1","24,13","37","99","322,0,808"
"0/1","24,13","37","99","404,0,787"
"0/1","24,11","35","99","336,0,823"
"0/1","23,11","34","99","339,0,786"
"0/1","26,12","38","99","358,0,888"
"0/1","22,12","34","99","341,0,744"
"0/1","27,14","41","99","404,0,846"
"0/1","27,14","41","99","439,0,875"
"0/1","27,12","39","99","376,0,863"
"0/1","25,12","37","99","377,0,782"
"0/1","25,12","37","99","343,0,740"
"0/1","26,10","36","99","308,0,764"
"0/1","25,13","38","99","350,0,813"
"0/1","22,16","38","99","489,0,626"
"0/1","19,16","35","99","490,0,569"
"0/1","20,14","34","99","394,0,573"
"0/1","20,14","34","99","407,0,601"
"0/1","20,14","34","99","423,0,604"
"0/1","20,15","35","99","438,0,607"
"0/1","23,15","38","99","369,0,648"
"0/1","20,18","38","99","442,0,641"
"0/1","19,17","36","99","443,0,640"
"0/1","17,17","34","99","432,0,552"
"0/1","17,16","33","99","467,0,526"
"0/1","12,13","25","99","414,0,400"
"0/1","17,11","28","99","299,0,551"
"0/1","17,11","28","99","254,0,570"
"0/1","17,10","27","99","276,0,599"
"0/1","16,11","27","99","336,0,504"
"0/1","15,15","38","99","276,0,361"
"0/1","16,23","39","99","123,0,496"
"0/1","23,21","44","99","179,0,530"
"0/1","25,21","46","99","179,0,600"
"0/1","25,23","48","99","180,0,583"
"0/1","27,24","51","99","174,0,529"
"0/1","14,37","51","99","647,0,224"
"0/1","16,35","51","99","665,0,319"
"0/1","17,30","47","99","783,0,387"
"0/1","17,24","41","99","609,0,469"
"0/1","18,26","44","99","682,0,468"
"0/1","20,27","47","99","734,0,509"
"0/1","19,18","37","99","512,0,544"
"0/1","21,18","39","99","552,0,644"
"0/1","21,13","34","99","370,0,561"
"0/1","22,12","34","99","374,0,638"
"0/1","24,14","38","99","410,0,684"
"0/1","20,17","37","99","559,0,642"
"0/1","17,7","24","99","146,0,571"
"0/1","17,7","24","99","171,0,568"
"0/1","18,6","24","99","133,0,580"
"0/1","18,6","24","99","137,0,536"
"0/1","18,7","25","99","140,0,567"
"0/1","19,6","25","99","158,0,576"
"0/1","19,11","30","99","324,0,569"
"0/1","20,13","33","99","360,0,664"
"0/1","18,10","28","99","230,0,608"
"0/1","18,10","28","99","236,0,610"
"0/1","18,10","28","99","264,0,611"
"0/1","16,11","27","99","329,0,528"
"0/1","20,20","40","99","595,0,616"
"0/1","17,20","37","99","617,0,492"
"0/1","17,18","35","99","585,0,497"
"0/1","17,18","35","99","563,0,508"
"0/1","12,17","29","99","539,0,392"
"0/1","10,16","29","99","497,0,280"
"0/1","17,13","30","99","357,0,572"
"0/1","18,6","24","99","175,0,625"
"0/1","10,11","23","99","372,0,339"
"0/1","11,13","24","99","451,0,334"
"0/1","10,13","23","99","444,0,325"
"0/1","10,14","24","99","481,0,325"
"0/1","9,9","18","99","303,0,310"
"0/1","13,7","20","99","224,0,452"
"0/1","15,4","19","99","113,0,506"
"0/1","14,5","19","99","145,0,489"
"0/1","17,5","22","99","104,0,611"
"0/1","15,6","21","99","176,0,548"
"0/1","14,6","20","99","184,0,502"
"0/1","14,7","21","99","211,0,505"
"0/1","15,8","23","99","242,0,511"
"0/1","13,8","21","99","218,0,473"
"0/1","12,8","20","99","255,0,436"
"0/1","11,8","19","99","268,0,389"
"0/1","11,8","19","99","228,0,393"
"0/1","11,7","18","99","223,0,398"
"0/1","10,7","17","99","227,0,355"
"0/1","9,7","16","99","232,0,318"
"0/1","7,6","13","99","195,0,250"
"0/1","8,5","13","99","163,0,279"
"0/1","10,3","13","89","89,0,310"
"0/1","11,4","15","99","115,0,381"
"0/1","10,3","13","86","86,0,355"
"0/1","9,3","12","87","87,0,328"
"0/1","8,4","12","99","134,0,248"
"0/1","8,6","14","99","161,0,286"
"0/1","7,5","12","99","123,0,254"
"0/1","8,5","13","95","95,0,287"
"0/1","8,5","13","99","124,0,281"
"0/1","9,4","13","99","120,0,326"
"0/1","12,4","16","87","87,0,439"
"0/1","12,4","16","57","57,0,444"
"0/1","16,7","23","99","108,0,581"
"0/1","15,6","21","99","146,0,468"
"0/1","17,6","23","99","118,0,622"
"0/1","17,6","23","99","123,0,625"
"0/1","13,7","22","99","199,0,479"
"0/1","17,9","26","99","240,0,526"
"0/1","16,8","24","99","215,0,499"
"0/1","15,8","23","99","226,0,423"
"0/1","22,2","24","10","10,0,830"
"0/1","22,2","24","10","10,0,820"
"0/1","10,10","20","99","309,0,346"
"0/1","9,8","17","99","278,0,313"
"0/1","10,8","18","99","266,0,335"
"0/1","8,13","21","99","467,0,260"
"0/1","9,13","22","99","471,0,285"
"0/1","9,13","22","99","473,0,285"
"0/1","7,13","20","99","469,0,217"
"0/1","9,8","17","99","207,0,322"
"0/1","12,10","22","99","299,0,434"
"0/1","11,9","20","99","302,0,393"
"0/1","12,9","21","99","312,0,390"
"0/1","13,8","21","99","236,0,432"
"0/1","15,2","17","32","32,0,563"
"0/1","16,3","19","66","66,0,594"
"0/1","17,4","21","83","83,0,621"
"0/1","10,9","19","99","216,0,318"
"0/1","9,8","17","99","206,0,282"
"0/1","9,8","17","99","201,0,312"
"0/1","11,9","20","99","204,0,356"
"0/1","11,6","17","99","152,0,391"
"0/1","11,4","15","80","80,0,397"
"0/1","12,4","16","77","77,0,426"
"0/1","12,2","14","35","35,0,437"
"0/1","15,5","20","99","106,0,483"
"0/1","19,5","24","99","131,0,543"
"0/1","13,6","19","99","151,0,434"
"0/1","13,6","19","99","154,0,435"
"0/1","13,10","23","99","328,0,465"
"0/1","14,10","24","99","326,0,492"
"0/1","14,10","24","99","321,0,501"
"0/1","14,9","23","99","255,0,505"
"0/1","10,6","16","99","147,0,364"
"0/1","10,7","17","99","185,0,328"
"0/1","10,7","17","99","180,0,330"
"0/1","12,7","19","99","177,0,391"
"0/1","14,14","28","99","411,0,456"
"0/1","8,11","19","99","348,0,276"
"0/1","6,10","16","99","332,0,126"
"0/1","8,11","19","99","287,0,182"
"0/1","2,11","13","50","326,0,50"
"0/1","2,10","12","52","290,0,52"
"0/1","2,10","12","53","291,0,53"
"0/1","3,9","12","73","245,0,73"
"0/1","8,2","10","50","50,0,263"
"0/1","8,2","10","48","48,0,256"
"0/1","8,2","10","48","48,0,266"
"0/1","13,7","20","99","182,0,460"
"0/1","13,7","20","99","186,0,415"
"0/1","12,8","20","99","227,0,429"
"0/1","11,7","18","99","223,0,389"
"0/1","13,6","19","99","188,0,464"
"0/1","15,7","22","99","175,0,540"
"0/1","15,6","21","99","147,0,543"
"0/1","14,6","20","99","153,0,507"
"0/1","17,8","25","99","248,0,580"
"0/1","14,8","22","99","229,0,502"
"0/1","14,8","22","99","225,0,510"
"0/1","15,9","24","99","251,0,542"
"0/1","15,9","24","99","261,0,516"
"0/1","15,8","23","99","222,0,474"
"0/1","13,8","21","99","264,0,458"
"0/1","12,8","20","99","265,0,378"
"0/1","12,7","19","99","222,0,427"
"0/1","10,6","16","99","195,0,361"
"0/1","10,7","17","99","228,0,352"
"0/1","10,7","17","99","194,0,351"
"0/1","11,4","15","81","81,0,392"
"0/1","10,4","14","90","90,0,331"
"0/1","11,5","16","90","90,0,352"
"0/1","11,7","18","99","161,0,353"
"0/1","13,7","20","99","193,0,401"
"0/1","11,5","16","99","152,0,396"
"0/1","10,5","15","99","126,0,350"
"0/1","10,5","15","99","126,0,368"
"0/1","12,6","18","99","154,0,395"
"0/1","10,6","16","99","195,0,354"
"0/1","10,9","19","99","302,0,344"
"0/1","7,11","18","99","384,0,221"
"0/1","10,12","22","99","418,0,329"
"0/1","9,13","22","99","456,0,298"
"0/1","10,15","25","99","465,0,325"
"0/1","8,16","25","99","575,0,253"
"0/1","9,15","24","99","537,0,251"
"0/1","16,10","26","99","259,0,537"
"0/1","16,10","26","99","265,0,507"
"0/1","9,13","22","99","365,0,233"
"0/1","9,10","19","99","257,0,248"
"0/1","9,13","22","99","330,0,278"
"0/1","11,11","22","99","269,0,377"
"0/1","10,11","21","99","279,0,348"
"0/1","9,9","18","99","286,0,313"
"0/1","9,12","21","99","387,0,310"
"0/1","12,12","24","99","408,0,411"
"0/1","12,11","23","99","375,0,410"
"0/1","12,10","22","99","336,0,412"
"0/1","9,15","24","99","545,0,226"
"0/1","10,13","23","99","444,0,300"
"0/1","8,11","19","99","398,0,231"
"0/1","9,11","20","99","389,0,288"
"0/1","9,11","20","99","394,0,297"
"0/1","8,14","22","99","434,0,260"
"0/1","9,12","21","99","350,0,276"
"0/1","8,10","18","99","350,0,276"
"0/1","8,10","18","99","352,0,273"
"0/1","8,9","17","99","310,0,276"
"0/1","8,8","16","99","281,0,272"
"0/1","7,7","14","99","248,0,240"
"0/1","6,7","13","99","248,0,201"
"0/1","5,7","12","99","243,0,169"
"0/1","6,6","12","99","203,0,206"
"0/1","7,4","11","99","134,0,251"
"0/1","7,4","11","99","134,0,251"
"0/1","8,6","14","99","202,0,280"
"0/1","8,7","15","99","242,0,274"
"0/1","6,6","12","99","206,0,204"
"0/1","5,7","12","99","253,0,161"
"0/1","12,5","17","99","148,0,377"
"0/1","12,10","22","99","289,0,369"
"0/1","11,11","23","99","305,0,339"
"0/1","13,11","24","99","334,0,427"
"0/1","17,10","27","99","289,0,530"
"0/1","16,11","27","99","363,0,474"
"0/1","15,12","27","99","354,0,518"
"0/1","18,13","31","99","356,0,457"
"0/1","19,12","31","99","346,0,522"
"0/1","20,14","34","99","419,0,596"
"0/1","13,23","36","99","715,0,376"
"0/1","15,16","31","99","536,0,472"
"0/1","13,16","29","99","519,0,375"
"0/1","18,17","35","99","567,0,577"
"0/1","12,7","19","99","229,0,393"
"0/1","16,14","30","99","450,0,480"
"0/1","7,12","19","99","423,0,178"
"0/1","13,13","26","99","440,0,401"
"0/1","15,13","28","99","413,0,480"
"0/1","21,15","36","99","475,0,656"
"0/1","12,11","23","99","359,0,380"
"0/1","16,16","32","99","524,0,481"
"0/1","13,19","32","99","545,0,424"
"0/1","10,20","30","99","695,0,267"
"0/1","9,12","21","99","426,0,265"
"0/1","8,12","20","99","429,0,231"
"0/1","16,16","32","99","514,0,543"
"0/1","14,14","28","99","466,0,435"
"0/0","24,2","26","4","0,4,793"
"0/1","16,13","29","99","405,0,490"
"0/1","9,12","21","99","431,0,292"
"0/1","10,12","22","99","383,0,328"
"0/1","12,15","27","99","488,0,414"
"0/1","16,10","26","99","314,0,571"
"0/1","11,13","24","99","408,0,358"
"0/1","15,16","31","99","506,0,466"
"0/1","18,12","31","99","324,0,545"
"0/1","7,11","18","99","348,0,192"
"0/1","12,16","28","99","522,0,345"
"0/1","24,26","50","99","788,0,823"
"0/1","18,8","26","99","214,0,630"
"0/1","21,15","36","99","429,0,686"
"0/0","24,3","33","64","0,64,805"
"0/0","37,0","39","81","0,81,1036"
"0/1","21,14","35","99","340,0,596"
"0/1","20,13","33","99","425,0,670"
"0/1","23,17","40","99","340,0,747"
"0/1","15,13","28","99","432,0,489"
"0/1","16,9","25","99","248,0,489"
"0/1","21,12","33","99","364,0,677"
"0/1","13,8","21","99","257,0,455"
"0/1","13,16","29","99","515,0,342"
"0/0","11,1","12","30","0,30,362"
"0/1","19,16","36","99","382,0,522"
"0/1","21,11","32","99","290,0,542"
"0/1","13,14","27","99","447,0,384"
"0/1","19,20","39","99","642,0,485"
"0/1","13,13","26","99","368,0,296"
"0/1","12,14","26","99","442,0,374"
"0/1","22,14","36","99","370,0,773"
"0/1","11,10","21","99","299,0,382"
"0/0","4,0","4","9","0,9,120"
"0/1","8,12","20","99","422,0,223"
"0/1","11,7","18","99","231,0,396"
"0/1","12,13","25","99","378,0,387"
"0/1","15,11","26","99","354,0,526"
"0/1","6,13","19","99","299,0,169"
"0/1","8,10","18","99","339,0,258"
"0/1","12,11","23","99","374,0,410"
"0/1","10,13","23","99","430,0,301"
"0/1","15,12","27","99","398,0,456"
"0/1","12,21","33","99","724,0,386"
"0/1","14,12","26","99","376,0,480"
"0/1","15,10","25","99","298,0,467"
"0/1","14,8","22","99","259,0,377"
"0/1","14,7","21","99","225,0,411"
"0/1","13,13","27","99","379,0,409"
"0/1","11,13","25","99","394,0,333"
"0/1","11,19","30","99","572,0,353"
"0/1","14,15","29","99","468,0,427"
"0/1","16,10","26","99","319,0,549"
"0/1","21,16","37","99","493,0,705"
"0/1","22,5","27","85","85,0,786"
"0/1","10,8","18","99","268,0,333"
"0/1","19,14","33","99","462,0,574"
"0/1","22,18","40","99","499,0,720"
"0/1","10,14","24","99","493,0,294"
"0/0","23,0","23","60","0,60,788"
"0/1","19,19","38","99","604,0,596"
"0/1","21,20","41","99","568,0,657"
"0/1","21,13","34","99","387,0,666"
"0/1","17,11","28","99","358,0,547"
"0/1","24,17","41","99","491,0,730"
"0/1","17,19","36","99","573,0,513"
"0/1","11,26","37","99","763,0,338"
"0/1","15,15","30","99","477,0,513"
"0/1","7,12","19","99","412,0,220"
"0/1","7,6","13","99","186,0,248"
"0/1","9,5","14","99","145,0,321"
"0/1","9,6","15","99","189,0,314"
"0/1","10,8","18","99","258,0,309"
"0/1","8,10","18","99","352,0,187"
"0/1","7,7","14","99","242,0,232"
"0/1","7,7","14","99","237,0,188"
"0/1","10,11","21","99","345,0,341"
"0/1","7,5","12","99","160,0,251"
"0/1","15,20","35","99","634,0,499"
"0/1","16,19","35","99","607,0,505"
"0/1","15,16","31","99","541,0,491"
"0/1","14,16","30","99","561,0,427"
"0/1","16,19","35","99","589,0,509"
"0/1","17,17","34","99","521,0,556"
"0/1","18,16","34","99","514,0,588"
"0/1","8,16","24","99","521,0,220"
"0/1","15,13","28","99","437,0,522"
"0/1","16,13","29","99","413,0,563"
"0/1","18,12","30","99","368,0,646"
"0/1","9,12","21","99","386,0,300"
"0/1","20,9","29","99","264,0,654"
"0/1","9,9","18","99","307,0,309"
"0/1","16,16","32","99","504,0,561"
"0/1","16,13","29","99","432,0,547"
"0/1","19,16","35","99","508,0,654"
"0/1","19,16","35","99","480,0,668"
"0/1","18,9","27","99","242,0,603"
"0/1","10,12","22","99","354,0,330"
"0/1","17,15","32","99","519,0,519"
"0/1","19,9","28","99","241,0,685"
"0/1","9,17","26","99","511,0,270"
"0/1","9,17","26","99","548,0,222"
"0/1","7,16","23","99","503,0,216"
"0/1","40,21","62","99","294,0,730"
"0/1","17,17","34","99","448,0,511"
"0/1","17,17","34","99","534,0,568"
"0/1","21,17","38","99","464,0,689"
"0/1","23,21","44","99","603,0,569"
"0/1","14,9","23","99","276,0,440"
"0/1","16,24","40","99","846,0,446"
"0/1","16,11","27","99","337,0,459"
"0/1","12,11","23","99","354,0,383"
"0/1","19,18","37","99","519,0,584"
"0/1","17,18","35","99","605,0,445"
"0/1","13,19","32","99","488,0,372"
"0/1","17,18","35","99","535,0,553"
"0/1","13,11","24","99","291,0,399"
"0/1","11,11","22","99","378,0,353"
"0/1","14,14","28","99","407,0,475"
"0/1","17,13","30","99","304,0,541"
"0/1","11,22","33","99","573,0,275"
"0/1","18,14","32","99","421,0,509"
"0/1","19,14","33","99","375,0,552"
"0/1","13,9","22","99","296,0,447"
"0/1","19,12","32","99","308,0,407"
"0/1","20,11","31","99","128,0,627"
"0/1","24,8","32","99","178,0,556"
"0/0","41,0","41","90","0,90,1144"
"0/1","33,12","45","99","102,0,985"
"0/1","11,16","27","99","450,0,315"
"0/0","31,0","31","75","0,75,998"
"0/1","25,13","38","99","369,0,752"
"0/1","25,13","38","99","287,0,818"
"0/0","36,2","38","26","0,26,1138"
"0/1","31,13","44","99","384,0,942"
"0/1","26,11","37","99","245,0,760"
"0/1","18,10","28","99","173,0,588"
"0/1","17,11","28","99","232,0,566"
"0/1","19,12","33","99","279,0,644"
"0/1","22,12","34","99","265,0,721"
"0/1","27,13","40","99","337,0,822"
"0/1","19,15","34","99","435,0,510"
"0/1","16,20","36","99","531,0,502"
"0/1","18,16","34","99","523,0,479"
"0/1","13,17","30","99","497,0,222"
"0/1","15,13","28","99","429,0,408"
"0/1","21,9","31","99","223,0,675"
"0/1","16,9","25","99","273,0,532"
"0/1","20,15","35","99","443,0,564"
"0/1","11,18","29","99","497,0,308"
"0/1","24,11","35","99","299,0,663"
"0/1","28,11","39","99","303,0,754"
"0/1","24,20","44","99","517,0,736"
"0/1","8,14","22","99","334,0,103"
"0/1","11,12","23","99","368,0,367"
"0/1","10,11","21","99","349,0,334"
"0/1","9,12","21","99","371,0,299"
"0/1","8,11","19","99","368,0,260"
"0/1","14,18","32","99","600,0,424"
"0/1","15,18","33","99","608,0,466"
"0/1","15,19","34","99","626,0,414"
"0/1","11,10","21","99","229,0,364"
"0/1","15,21","36","99","638,0,432"
"0/1","18,20","38","99","577,0,429"
"0/1","16,21","37","99","588,0,340"
"0/1","18,20","38","99","624,0,390"
"0/1","22,19","41","99","638,0,605"
"0/1","20,20","40","99","642,0,619"
"0/1","21,19","40","99","602,0,610"
"0/1","28,24","52","99","796,0,829"
"0/1","19,18","37","99","579,0,576"
"0/1","9,22","31","99","696,0,211"
"0/1","6,21","29","66","680,0,66"
"0/1","11,21","32","99","694,0,316"
"0/1","16,16","32","99","516,0,501"
"0/1","10,15","25","99","506,0,314"
"0/1","12,20","32","99","669,0,338"
"0/1","9,18","27","99","600,0,278"
"0/1","9,14","23","99","453,0,259"
"0/1","14,13","27","99","400,0,355"
"0/1","10,20","30","99","679,0,244"
"0/1","24,14","38","99","412,0,602"
"0/1","17,14","31","99","302,0,576"
"0/1","12,14","26","99","470,0,359"
"0/1","21,16","37","99","521,0,462"
"0/1","14,13","27","99","387,0,450"
"0/1","14,12","26","99","376,0,450"
"0/1","18,19","37","99","566,0,321"
"0/1","17,8","25","99","182,0,491"
"0/1","17,21","38","99","637,0,487"
"0/1","16,19","35","99","577,0,480"
"0/1","23,13","36","99","336,0,729"
"0/1","19,15","34","99","495,0,559"
"0/1","20,16","36","99","388,0,637"
"0/1","14,13","28","99","421,0,468"
"0/1","15,13","28","99","186,0,208"
"0/0","31,0","32","81","0,81,1055"
"0/1","16,9","25","99","290,0,528"
"0/1","9,16","25","99","545,0,260"
"0/1","17,13","30","99","408,0,523"
"0/1","18,18","36","99","536,0,611"
"0/1","7,11","18","99","354,0,233"
"0/1","14,7","21","99","191,0,423"
"0/1","18,11","29","99","367,0,515"
"0/0","20,0","23","54","0,54,729"
"0/1","10,13","23","99","418,0,155"
"0/1","12,11","23","99","360,0,410"
"0/1","6,13","19","99","452,0,185"
"0/1","6,12","18","99","378,0,196"
"0/1","7,12","19","99","387,0,222"
"0/1","12,7","19","99","198,0,393"
"0/1","11,22","33","99","763,0,330"
"0/1","5,13","18","99","410,0,157"
"0/1","8,11","19","99","316,0,272"
"0/1","8,10","18","99","326,0,265"
"0/1","9,6","15","99","195,0,246"
"0/1","3,12","15","77","408,0,77"
"0/1","9,8","17","99","234,0,314"
"0/1","5,9","14","99","319,0,158"
"0/1","15,8","23","99","217,0,478"
"0/1","16,7","23","99","216,0,512"
"0/1","9,8","17","99","266,0,310"
"0/1","6,14","20","99","471,0,176"
"0/1","11,13","29","99","442,0,370"
"0/0","25,1","26","30","0,30,361"
"0/1","9,11","20","99","368,0,302"
"0/1","11,12","23","99","414,0,380"
"0/1","10,9","19","99","305,0,345"
"0/1","14,11","25","99","362,0,495"
"0/1","15,12","27","99","399,0,439"
"0/1","15,11","27","99","353,0,495"
"0/1","21,14","35","99","457,0,700"
"0/1","14,13","27","99","369,0,431"
"0/1","17,22","39","99","657,0,555"
"0/1","11,15","26","99","525,0,366"
"0/1","11,15","26","99","518,0,364"
"0/1","20,13","33","99","431,0,649"
"0/1","13,16","29","99","518,0,363"
"0/1","14,5","19","99","112,0,445"
"0/1","18,12","30","99","356,0,499"
"0/1","7,11","18","99","348,0,194"
"0/1","7,13","20","99","454,0,227"
"0/1","7,11","18","99","393,0,216"
"0/1","8,11","19","99","382,0,270"
"0/1","5,12","17","99","435,0,154"
"0/1","11,10","21","99","306,0,356"
"0/1","8,9","17","99","277,0,278"
"0/1","8,14","22","99","495,0,263"
"0/1","13,17","30","99","604,0,443"
"0/1","9,16","25","99","569,0,287"
"0/1","9,15","24","99","494,0,295"
"0/1","11,12","23","99","417,0,378"
"0/1","9,16","25","99","535,0,260"
"0/1","10,10","20","99","315,0,304"
"0/1","9,7","16","99","232,0,307"
"0/1","9,8","17","99","263,0,309"
"0/1","8,8","16","99","279,0,279"
"0/1","12,7","19","99","238,0,387"
"0/1","12,5","17","99","148,0,434"
"0/1","12,4","16","99","108,0,426"
"0/1","12,9","21","99","272,0,380"
"0/1","11,8","19","99","236,0,356"
"0/1","7,6","13","99","206,0,207"
"0/1","12,6","18","99","190,0,436"
"0/1","7,6","13","99","201,0,250"
"0/1","12,15","27","99","538,0,405"
"0/1","6,10","16","99","358,0,190"
"0/1","16,12","28","99","366,0,567"
"0/1","8,6","14","99","206,0,246"
"0/1","11,7","18","99","229,0,390"
"0/1","10,10","20","99","342,0,332"
"0/1","9,8","17","99","270,0,310"
"0/1","6,13","19","99","448,0,188"
"0/1","7,9","16","99","314,0,241"
"0/1","5,9","14","99","272,0,166"
"0/1","9,8","17","99","245,0,279"
"0/1","10,7","17","99","238,0,353"
"0/1","11,6","17","99","196,0,365"
"0/1","14,8","22","99","248,0,504"
"0/1","8,7","16","99","248,0,237"
"0/1","14,12","26","99","397,0,432"
"0/1","17,11","28","99","358,0,528"
"0/1","8,14","22","99","463,0,266"
"0/1","9,9","18","99","278,0,305"
"0/1","15,11","26","99","347,0,498"
"0/1","15,9","24","99","298,0,535"
"0/1","13,9","22","99","286,0,439"
"0/1","10,10","20","99","306,0,343"
"0/1","16,6","22","99","177,0,563"
"0/1","7,10","17","99","363,0,234"
"0/1","13,12","25","99","383,0,389"
"0/1","8,12","20","99","427,0,267"
"0/1","8,14","22","99","504,0,261"
"0/1","7,15","22","99","509,0,187"
"0/1","10,5","15","99","160,0,353"
"0/1","10,9","19","99","307,0,337"
"0/1","9,10","19","99","344,0,304"
"0/1","6,9","15","99","256,0,206"
"0/1","8,14","22","99","432,0,243"
"0/1","11,13","24","99","452,0,301"
"0/1","12,4","16","99","114,0,438"
"0/1","8,8","16","99","278,0,278"
"0/1","7,8","15","99","270,0,244"
"0/1","10,10","20","99","349,0,346"
"0/1","10,10","20","99","352,0,349"
"0/1","17,15","32","99","511,0,519"
"0/1","13,26","39","99","787,0,373"
"0/1","10,21","31","99","721,0,304"
"0/1","23,11","34","99","307,0,678"
"0/1","18,13","31","99","347,0,502"
"0/1","3,3","6","56","70,0,56"
"0/1","12,15","27","99","460,0,288"
"0/1","9,13","22","99","446,0,283"
"0/0","29,1","30","72","0,72,955"
"0/1","9,12","21","99","379,0,261"
"0/0","42,0","42","99","0,117,1537"
"0/1","28,18","46","99","495,0,826"
"0/1","28,18","46","99","486,0,755"
"0/1","35,6","41","97","97,0,1124"
"0/1","29,6","35","99","137,0,810"
"0/1","28,5","33","99","116,0,815"
"0/0","22,0","23","63","0,63,816"
"1/1","0,28","28","81","1057,81,0"
"0/0","24,0","24","72","0,72,933"
"0/0","19,0","19","42","0,42,540"
"0/0","19,0","19","42","0,42,534"
"0/0","25,0","25","63","0,63,797"
"0/0","27,0","27","69","0,69,850"
"0/0","29,0","29","69","0,69,895"
"0/0","29,0","30","72","0,72,936"
"0/0","30,0","30","72","0,72,941"
"0/0","26,0","26","66","0,66,863"
"0/0","28,0","28","72","0,72,936"
"0/0","24,0","24","60","0,60,780"
"0/0","23,0","23","60","0,60,746"
"0/0","24,0","24","60","0,60,764"
"0/0","28,0","28","78","0,78,981"
"0/0","29,0","29","81","0,81,1059"
"0/0","25,0","26","63","0,63,798"
"0/0","22,0","22","57","0,57,715"
"0/0","26,0","26","75","0,75,938"
"0/0","25,0","25","72","0,72,911"
"0/0","26,0","26","75","0,75,983"
"0/0","32,0","33","75","0,75,984"
"0/0","30,0","30","81","0,81,1061"
"0/0","30,0","30","78","0,78,1044"
"0/0","29,0","29","75","0,75,986"
"0/0","29,0","29","75","0,75,975"
"0/0","26,0","26","69","0,69,885"
"0/0","27,0","27","66","0,66,874"
"0/0","24,0","24","57","0,57,744"
"0/0","21,0","23","54","0,54,676"
"0/0","25,0","25","69","0,69,846"
"0/1","14,12","26","99","305,0,386"
"0/0","22,0","22","66","0,66,861"
"0/0","24,0","24","72","0,72,939"
"0/0","25,0","25","75","0,75,969"
"0/0","24,0","24","72","0,72,927"
"0/0","27,0","27","78","0,78,984"
"0/0","27,0","27","81","0,81,1059"
"0/0","31,0","31","84","0,84,1134"
"0/0","30,0","30","81","0,81,1104"
"0/0","32,0","32","87","0,87,1174"
"0/0","35,0","35","99","0,99,1337"
"0/0","35,0","35","99","0,99,1336"
"0/0","28,0","28","78","0,78,988"
"0/0","28,0","28","75","0,75,973"
"0/0","26,0","26","75","0,75,957"
"0/0","25,0","25","75","0,75,930"
"0/1","10,17","27","99","544,0,295"
"0/1","10,15","25","99","477,0,245"
"0/1","17,19","36","99","537,0,513"
"0/0","27,0","27","81","0,81,1061"
"0/1","13,15","28","99","510,0,402"
"0/0","32,0","32","90","0,90,1136"
"0/0","8,0","8","21","0,21,253"
"0/1","21,15","37","99","484,0,709"
"0/0","14,0","14","42","0,42,553"
"0/1","19,17","36","99","538,0,645"
"0/1","21,15","36","99","450,0,653"
"0/1","21,13","34","99","379,0,721"
"0/1","2,14","16","50","104,0,50"
"0/1","5,15","20","99","550,0,109"
"0/1","11,17","28","99","531,0,359"
"0/1","22,13","35","99","345,0,759"
"0/1","11,8","21","99","136,0,244"
"0/1","16,7","23","99","213,0,545"
"0/1","24,23","47","99","709,0,758"
"0/1","8,8","16","99","240,0,243"
"0/0","4,0","4","12","0,12,150"
"0/0","3,0","3","9","0,9,108"
"0/0","14,1","16","2","0,2,435"
"0/1","7,12","19","99","423,0,220"
"0/1","15,6","21","99","151,0,479"
"0/1","14,11","25","99","338,0,483"
"0/1","13,6","19","99","188,0,472"
"0/0","9,0","9","18","0,18,220"
"0/1","14,15","29","99","448,0,477"
"0/1","25,12","37","99","360,0,628"
"0/1","16,18","35","99","550,0,529"
"0/1","20,13","33","99","345,0,633"
"0/1","33,13","46","99","282,0,887"
"0/0","26,3","29","0","0,0,954"
"0/1","6,10","16","99","359,0,195"
"0/1","8,12","20","99","401,0,233"
"0/1","8,10","18","99","356,0,265"
"0/1","15,10","25","99","341,0,397"
"0/1","12,13","25","99","441,0,401"
"0/1","10,14","24","99","427,0,331"
"0/1","15,19","34","99","589,0,417"
"0/1","19,11","30","99","323,0,597"
"0/1","18,16","34","99","502,0,584"
"0/1","10,10","20","99","284,0,315"
"0/1","7,9","16","99","322,0,228"
"0/1","20,11","31","99","326,0,628"
"0/1","14,16","30","99","530,0,415"
"0/1","11,13","24","99","386,0,371"
"0/1","17,12","29","99","332,0,554"
"0/1","12,14","26","99","446,0,387"
"0/1","12,12","24","99","346,0,418"
"0/1","16,19","35","99","567,0,510"
"0/1","16,16","32","99","477,0,559"
"0/1","11,11","22","99","310,0,376"
"0/1","22,14","36","99","461,0,735"
"0/1","13,8","21","99","253,0,444"
"0/1","12,7","19","99","209,0,426"
"0/1","16,9","25","99","254,0,408"
"0/1","13,16","29","99","525,0,437"
"0/1","8,12","20","99","401,0,205"
"0/1","13,14","27","99","492,0,410"
"0/1","10,10","20","99","317,0,333"
"0/1","15,13","28","99","451,0,480"
"0/1","12,14","26","99","414,0,408"
"0/1","12,15","27","99","508,0,398"
"0/1","14,10","24","99","326,0,459"
"0/1","11,22","33","99","693,0,347"
"0/1","12,18","30","99","477,0,375"
"0/1","8,14","22","99","455,0,222"
"0/0","41,0","41","99","0,114,1498"
"0/1","10,17","27","99","597,0,292"
"0/1","8,5","13","99","166,0,252"
"1/1","0,15","15","39","527,39,0"
"1/1","0,15","15","42","576,42,0"
"0/1","12,23","35","99","642,0,297"
"0/1","14,24","38","99","798,0,453"
"0/1","11,9","20","99","309,0,387"
"0/1","12,8","20","99","259,0,395"
"0/1","14,12","26","99","391,0,486"
"0/1","15,10","25","99","330,0,502"
"0/1","14,15","29","99","511,0,479"
"0/1","18,13","31","99","397,0,582"
"0/1","18,11","29","99","371,0,572"
"0/1","14,14","28","99","359,0,478"
"0/1","14,9","23","99","263,0,508"
"0/1","32,14","46","99","308,0,979"
"0/1","30,14","44","99","282,0,978"
"0/1","11,11","22","99","238,0,347"
"0/1","11,11","22","99","208,0,353"
"0/1","14,17","31","99","404,0,443"
"0/1","12,18","30","99","520,0,394"
"0/1","8,12","20","99","417,0,231"
"0/1","14,9","23","99","264,0,424"
"0/1","14,9","23","99","286,0,445"
"0/1","14,16","30","99","557,0,341"
"0/1","26,12","38","99","343,0,612"
"0/1","13,10","23","99","234,0,389"
"0/1","17,15","32","99","460,0,475"
"0/1","16,13","29","99","393,0,520"
"0/1","20,14","34","99","422,0,656"
"0/1","17,16","33","99","507,0,549"
"0/1","13,16","29","99","551,0,429"
"0/1","22,18","40","99","476,0,692"
"0/1","21,13","34","99","352,0,590"
"0/1","15,16","31","99","515,0,480"
"0/1","18,15","34","99","403,0,531"
"0/1","13,12","25","99","409,0,403"
"0/1","18,19","37","99","624,0,579"
"0/1","5,9","15","99","250,0,126"
"0/1","10,17","27","99","539,0,289"
"0/1","26,20","46","99","584,0,914"
"0/1","8,6","14","99","195,0,275"
"0/0","15,1","16","36","0,36,435"
"0/1","11,9","20","99","281,0,361"
"0/1","6,10","16","99","364,0,201"
"0/1","10,6","16","99","199,0,361"
"0/1","9,8","17","99","273,0,312"
"0/1","6,11","17","99","352,0,197"
"0/1","8,11","19","99","324,0,271"
"0/1","9,12","21","99","426,0,296"
"0/1","13,14","27","99","489,0,446"
"0/1","16,10","26","99","325,0,568"
"0/1","7,14","21","99","511,0,180"
"0/1","14,14","28","99","432,0,377"
"0/1","11,11","22","99","371,0,349"
"0/1","13,14","27","99","456,0,449"
"0/1","10,11","21","99","394,0,281"
"0/1","6,12","18","99","433,0,183"
"0/1","16,10","26","99","289,0,568"
"0/1","10,7","17","99","224,0,351"
"0/1","10,10","20","99","353,0,313"
"0/1","6,9","15","99","325,0,168"
"0/1","10,8","18","99","236,0,348"
"0/1","7,10","17","99","320,0,217"
"0/1","14,10","24","99","267,0,489"
"0/1","10,9","19","99","299,0,343"
"0/1","10,7","17","99","229,0,345"
"0/1","15,12","27","99","373,0,439"
"0/1","16,12","28","99","372,0,465"
"0/1","15,8","23","99","249,0,446"
"0/1","15,7","22","99","217,0,482"
"0/1","13,14","28","99","342,0,386"
"0/1","24,22","46","99","571,0,733"
"0/1","12,6","18","99","195,0,419"
"0/1","9,11","20","99","344,0,271"
"0/1","17,10","27","99","331,0,609"
"0/1","10,6","16","99","197,0,361"
"0/1","10,11","21","99","383,0,315"
"0/1","12,13","25","99","428,0,409"
"0/1","8,7","15","99","232,0,269"
"0/1","12,11","23","99","385,0,417"
"0/1","18,10","28","99","315,0,644"
"0/1","18,8","26","99","230,0,606"
"0/1","14,9","23","99","293,0,491"
"0/1","12,12","24","99","414,0,363"
"0/1","21,13","34","99","322,0,736"
"0/1","17,12","29","99","314,0,543"
"0/1","13,19","32","99","662,0,364"
"0/1","12,11","23","99","365,0,388"
"0/1","7,7","14","99","246,0,210"
"0/1","13,5","18","99","149,0,469"
"0/1","7,8","15","99","241,0,234"
"0/1","8,9","17","99","311,0,276"
"0/1","9,13","22","99","419,0,302"
"0/1","17,12","29","99","354,0,606"
"0/1","12,8","20","99","262,0,395"
"0/1","11,21","32","99","639,0,350"
"0/1","18,25","43","99","593,0,525"
"0/1","23,20","43","99","579,0,671"
"0/1","18,12","30","99","305,0,610"
"0/1","16,26","42","99","879,0,511"
"0/1","21,21","42","99","707,0,656"
"0/1","18,14","32","99","452,0,544"
"0/1","16,13","29","99","353,0,528"
"0/1","28,15","43","99","403,0,668"
"0/1","10,13","23","99","415,0,285"
"0/1","13,10","23","99","263,0,420"
"0/1","21,11","32","99","335,0,569"
"0/1","22,7","29","99","157,0,773"
"0/1","28,7","35","64","64,0,913"
"0/1","27,11","38","99","273,0,898"
"0/1","33,16","49","99","272,0,1102"
"0/1","34,8","43","95","95,0,1025"
"0/1","40,22","62","99","630,0,1357"
"0/1","46,17","64","99","391,0,1532"
"0/1","70,18","88","99","256,0,2256"
"0/1","42,39","81","99","1295,0,1403"
"0/1","37,18","55","99","558,0,1222"
"0/1","25,43","68","99","1456,0,752"
"0/1","50,13","63","99","328,0,1738"
"0/1","43,25","68","99","801,0,1356"
"0/1","42,24","66","99","734,0,1378"
"0/1","35,8","43","99","165,0,1218"
"0/1","32,8","40","99","177,0,1094"
"0/1","82,16","98","99","305,0,2879"
"0/1","10,4","14","99","109,0,355"
"0/1","13,6","19","99","182,0,462"
"0/1","6,8","14","99","278,0,193"
"0/1","14,9","23","99","302,0,392"
"0/1","15,16","31","99","540,0,474"
"0/1","36,5","41","19","19,0,1330"
"0/1","18,35","53","99","1255,0,568"
"0/1","8,8","16","99","271,0,234"
"0/1","20,12","32","99","396,0,671"
"0/1","11,16","27","99","521,0,334"
"0/1","8,22","30","99","777,0,206"
"0/1","17,19","36","99","601,0,561"
"0/1","17,8","25","99","235,0,541"
"0/1","16,32","48","99","1033,0,440"
"0/1","19,20","39","99","625,0,541"
"0/1","16,18","34","99","539,0,495"
"0/1","17,20","37","99","693,0,537"
"0/1","19,18","37","99","533,0,654"
"0/1","19,18","37","99","552,0,657"
"0/1","23,21","44","99","656,0,725"
"0/1","11,9","20","99","309,0,291"
"0/1","12,11","23","99","370,0,414"
"0/1","11,9","20","99","307,0,387"
"0/1","7,5","12","99","167,0,247"
"0/1","11,10","21","99","335,0,350"
"0/1","12,7","19","99","191,0,417"
"0/1","6,7","13","99","250,0,200"
"0/1","6,9","15","99","322,0,198"
"0/1","7,8","15","99","280,0,235"
"0/1","3,8","11","55","263,0,55"
"0/1","6,13","19","99","474,0,192"
"0/1","10,9","19","99","272,0,341"
"0/1","16,8","24","99","253,0,540"
"0/1","10,9","19","99","302,0,319"
"0/1","5,6","11","99","217,0,140"
"0/1","8,6","14","99","206,0,217"
"0/1","10,8","18","99","276,0,324"
"0/1","12,7","19","99","225,0,420"
"0/1","10,8","18","99","268,0,316"
"0/1","9,7","16","99","229,0,317"
"0/1","9,8","17","99","282,0,277"
"0/1","10,7","17","99","238,0,309"
"0/1","17,7","24","99","140,0,629"
"0/1","15,10","25","99","297,0,531"
"0/1","10,9","19","99","278,0,345"
"0/1","10,11","21","99","347,0,341"
"0/1","13,11","24","99","371,0,403"
"0/1","19,15","34","99","427,0,570"
"0/1","11,20","31","99","691,0,309"
"0/1","11,15","26","99","490,0,329"
"0/1","20,20","41","99","538,0,609"
"0/1","24,23","47","99","731,0,793"
"0/1","11,7","18","99","209,0,351"
"0/1","18,10","28","99","318,0,576"
"0/1","12,13","25","99","399,0,394"
"0/1","12,13","26","99","347,0,360"
"0/1","14,15","29","99","514,0,339"
"0/1","14,16","30","99","415,0,459"
"0/1","13,21","34","99","672,0,418"
"0/1","15,22","37","99","771,0,488"
"0/1","5,11","16","99","353,0,149"
"0/1","15,11","26","99","338,0,493"
"0/1","11,12","23","99","389,0,380"
"0/1","10,9","19","99","299,0,312"
"0/1","17,6","23","94","94,0,549"
"0/1","8,13","21","99","361,0,268"
"0/1","17,12","29","99","363,0,563"
"0/1","14,7","21","99","206,0,477"
"0/1","13,17","30","99","474,0,443"
"0/1","24,10","34","99","305,0,858"
"0/1","10,12","22","99","417,0,340"
"0/1","17,9","26","99","229,0,544"
"0/1","15,10","25","99","328,0,532"
"0/1","46,12","58","99","145,0,1465"
"0/1","45,12","57","99","215,0,1394"
"0/1","16,14","30","99","469,0,542"
"0/1","15,11","26","99","343,0,531"
"0/1","8,9","17","99","311,0,276"
"0/1","15,10","26","99","188,0,291"
"0/1","6,7","13","99","239,0,203"
"0/1","21,13","34","99","370,0,682"
"0/1","12,16","29","99","459,0,276"
"0/1","13,11","24","99","374,0,329"
"0/1","5,13","18","99","470,0,143"
"0/1","12,10","22","99","274,0,416"
"0/1","13,12","25","99","410,0,422"
"0/1","7,12","19","99","400,0,225"
"0/1","13,11","24","99","312,0,427"
"0/1","14,12","26","99","368,0,499"
"0/0","22,0","22","66","0,66,860"
"0/1","23,14","37","99","430,0,751"
"0/1","14,22","36","99","682,0,430"
"0/1","8,11","19","99","393,0,255"
"0/1","16,6","22","35","35,0,345"
"0/1","13,23","36","99","678,0,407"
"0/1","15,15","30","99","508,0,499"
"0/1","11,12","23","99","376,0,321"
"0/0","68,0","68","99","0,181,2340"
"0/1","16,16","32","99","479,0,540"
"0/1","21,18","39","99","613,0,688"
"0/1","9,19","28","99","643,0,233"
"0/1","18,18","37","99","503,0,509"
"0/1","10,9","19","99","297,0,345"
"0/1","10,8","18","99","241,0,340"
"0/1","21,22","43","99","657,0,722"
"0/1","13,15","28","99","414,0,319"
"0/1","20,18","39","99","508,0,657"
"0/1","19,17","36","99","566,0,467"
"0/1","18,22","40","99","615,0,529"
"0/1","15,8","23","99","256,0,469"
"0/1","8,9","17","99","269,0,273"
"0/1","12,16","28","99","511,0,374"
"0/1","43,10","53","69","69,0,1192"
"0/1","3,13","16","74","470,0,74"
"0/1","9,11","20","99","353,0,300"
"0/1","7,14","21","99","461,0,220"
"0/1","14,6","20","99","183,0,457"
"0/1","19,10","29","99","328,0,613"
"0/1","13,15","28","99","433,0,415"
"0/1","12,9","21","99","285,0,421"
"0/1","10,12","22","99","390,0,271"
"1/1","0,21","21","57","772,57,0"
"1/1","0,13","13","36","485,36,0"
"0/1","9,13","22","99","471,0,280"
"0/1","23,20","44","99","587,0,723"
"0/1","11,7","18","99","231,0,380"
"0/1","9,4","13","99","120,0,327"
"0/1","15,18","33","99","583,0,406"
"0/0","21,3","24","2","0,2,341"
"0/1","13,12","25","99","316,0,454"
"0/1","13,15","28","99","456,0,443"
"0/0","23,1","24","63","0,63,784"
"0/1","13,9","22","99","264,0,430"
"0/1","13,12","25","99","399,0,400"
"0/1","16,8","24","99","213,0,515"
"0/1","18,16","35","99","457,0,564"
"0/1","11,15","26","99","519,0,312"
"0/1","18,14","32","99","413,0,571"
"0/1","21,17","40","99","414,0,543"
"0/0","28,2","30","54","0,54,938"
"0/0","27,0","27","69","0,69,893"
"0/1","12,23","35","99","640,0,335"
"0/1","11,23","34","99","717,0,336"
"0/1","21,21","42","99","692,0,688"
"0/1","10,13","23","99","466,0,298"
"0/1","19,15","34","99","382,0,662"
"0/1","20,18","38","99","443,0,521"
"0/1","13,20","33","99","689,0,401"
"0/1","18,15","33","99","508,0,501"
"0/1","16,18","34","99","544,0,516"
"0/1","22,10","32","99","310,0,659"
"0/1","21,11","32","99","279,0,582"
"0/1","21,10","31","99","308,0,612"
"0/1","24,10","34","99","275,0,782"
"0/1","21,15","36","99","444,0,624"
"0/1","17,14","31","99","462,0,500"
"0/1","12,16","28","99","547,0,398"
"0/1","23,18","41","99","592,0,626"
"0/1","23,20","43","99","669,0,667"
"0/1","11,12","24","99","277,0,317"
"0/1","18,18","36","99","631,0,550"
"0/1","14,16","30","99","505,0,443"
"0/1","8,10","18","99","309,0,270"
"0/1","8,6","14","99","130,0,251"
"0/1","12,8","20","99","264,0,386"
"0/1","23,12","35","99","341,0,806"
"0/1","9,10","19","99","348,0,298"
"0/1","12,12","24","99","397,0,375"
"0/1","13,23","36","99","755,0,388"
"0/1","20,20","40","99","556,0,630"
"0/1","11,25","36","99","697,0,339"
"0/1","15,12","27","99","398,0,511"
"0/1","22,25","47","99","877,0,684"
"0/1","12,12","24","99","412,0,380"
"0/0","4,0","4","12","0,12,157"
"0/1","4,14","18","81","460,0,81"
"0/1","15,19","34","99","537,0,407"
"0/1","22,19","41","99","627,0,532"
"0/1","22,19","41","99","620,0,537"
"0/1","22,22","44","99","652,0,604"
"0/1","7,11","18","99","390,0,223"
"0/1","15,10","25","99","327,0,471"
"0/1","11,14","25","99","450,0,321"
"0/1","16,18","34","99","597,0,545"
"0/1","17,15","32","99","437,0,572"
"0/1","10,15","25","99","529,0,332"
"0/1","15,18","34","99","612,0,458"
"0/1","11,14","25","99","479,0,361"
"0/1","10,6","16","99","190,0,353"
"0/1","19,14","33","99","423,0,654"
"0/1","16,13","29","99","439,0,524"
"0/1","15,15","30","99","302,0,495"
"0/1","25,9","34","99","256,0,793"
"0/1","18,22","40","99","614,0,576"
"0/1","17,12","29","99","395,0,389"
"0/0","6,0","6","18","0,18,232"
"0/0","6,0","6","18","0,18,235"
"0/0","6,0","6","18","0,18,233"
"0/1","6,12","18","99","365,0,169"
"0/1","11,9","20","99","307,0,387"
"0/1","6,12","18","99","435,0,185"
"0/1","17,5","22","99","131,0,584"
"0/1","10,9","19","99","276,0,348"
"0/1","11,6","17","99","192,0,398"
"0/1","7,2","9","55","55,0,258"
"0/0","7,0","7","15","0,15,159"
"0/1","8,2","10","37","37,0,250"
"0/1","12,15","28","99","510,0,388"
"0/1","12,12","24","99","387,0,341"
"1/1","0,30","30","87","1140,87,0"
"0/1","16,11","27","99","344,0,533"
"0/1","14,15","29","99","519,0,433"
"0/1","13,12","25","99","399,0,456"
"0/1","7,14","21","99","492,0,219"
"0/1","9,11","23","99","378,0,264"
"0/1","12,4","16","99","111,0,438"
"0/1","8,9","17","99","311,0,271"
"0/1","10,9","19","99","218,0,365"
"0/1","10,9","19","99","310,0,349"
"0/1","8,10","18","99","282,0,221"
"0/1","9,9","18","99","313,0,305"
"0/1","11,13","24","99","445,0,341"
"0/1","14,15","29","99","488,0,465"
"0/1","7,13","20","99","427,0,217"
"0/1","14,9","23","99","269,0,462"
"0/1","12,10","22","99","337,0,376"
"0/1","8,13","21","99","463,0,259"
"0/1","6,8","14","99","285,0,196"
"0/1","15,21","36","99","671,0,440"
"0/1","9,8","17","99","268,0,311"
"0/1","11,13","24","99","425,0,375"
"0/1","7,14","21","99","476,0,224"
"0/1","7,8","15","99","254,0,204"
"0/1","16,8","24","99","251,0,544"
"0/1","12,8","20","99","258,0,402"
"0/1","13,8","21","99","261,0,435"
"0/1","12,6","18","99","170,0,416"
"0/1","11,8","19","99","223,0,390"
"0/1","13,9","22","99","228,0,442"
"0/1","15,9","24","99","300,0,448"
"0/1","13,8","21","99","217,0,421"
"0/1","13,8","21","99","214,0,430"
"0/1","11,10","21","99","346,0,381"
"0/1","12,10","22","99","341,0,412"
"0/1","7,9","16","99","319,0,241"
"0/1","7,8","15","99","290,0,200"
"0/1","17,11","28","99","348,0,578"
"0/1","17,13","30","99","397,0,519"
"0/1","13,11","24","99","375,0,465"
"0/1","13,10","23","99","336,0,385"
"0/1","2,4","6","62","138,0,62"
"0/1","6,4","10","99","133,0,217"
"0/1","9,10","19","99","311,0,271"
"0/1","7,13","20","99","454,0,219"
"0/1","12,19","31","99","683,0,352"
"0/1","10,13","23","99","449,0,326"
"0/0","24,0","24","72","0,72,956"
"0/1","10,12","22","99","378,0,341"
"0/1","8,16","24","99","498,0,246"
"0/1","9,13","22","99","417,0,309"
"0/1","13,7","20","99","223,0,474"
"0/1","8,13","21","99","458,0,263"
"0/1","7,10","17","99","368,0,200"
"0/1","8,9","17","99","313,0,265"
"0/1","14,4","18","99","109,0,496"
"0/1","12,8","20","99","270,0,383"
"0/1","18,9","27","99","291,0,562"
"0/1","13,22","35","99","729,0,393"
"0/1","14,9","23","99","229,0,401"
"0/1","13,16","29","99","488,0,379"
"0/1","17,8","25","99","248,0,566"
"0/1","7,14","21","99","490,0,202"
"0/1","6,11","17","99","369,0,172"
"0/1","8,14","22","99","505,0,255"
"0/1","14,10","24","99","337,0,420"
"0/1","14,16","30","99","507,0,470"
"0/1","9,9","18","99","316,0,306"
"0/1","21,21","42","99","699,0,663"
"0/1","9,10","19","99","318,0,282"
"0/1","13,9","22","99","293,0,417"
"0/1","10,8","18","99","234,0,351"
"0/1","12,12","24","99","363,0,400"
"0/1","17,11","28","99","372,0,537"
"0/1","14,17","31","99","598,0,457"
"0/1","12,20","32","99","660,0,386"
"0/1","9,11","20","99","332,0,309"
"0/1","26,14","40","99","404,0,782"
"0/1","13,10","23","99","336,0,420"
"0/1","13,14","27","99","448,0,436"
"0/0","37,7","52","13","0,13,926"
"0/0","30,1","31","81","0,81,1055"
"0/1","9,11","20","99","382,0,299"
"0/1","14,6","20","99","180,0,483"
"0/1","6,15","21","99","481,0,180"
"0/1","8,12","20","62","98,0,62"
"0/1","12,14","26","99","464,0,408"
"0/0","28,1","29","50","0,50,1038"
"0/1","25,5","30","70","70,0,713"
"0/0","25,0","25","63","0,63,807"
"0/0","34,0","34","90","0,90,1162"
"0/0","29,0","30","78","0,78,1025"
"0/0","28,0","28","75","0,75,988"
"1/1","1,22","23","57","716,57,0"
"0/0","25,0","25","63","0,63,785"
"0/1","20,7","27","71","71,0,665"
"0/1","19,8","27","99","108,0,583"
"0/0","28,0","28","69","0,69,863"
"0/0","26,0","26","78","0,78,1008"
"0/0","24,0","24","66","0,66,832"
"0/0","29,0","29","84","0,84,1078"
"0/1","10,15","25","99","465,0,335"
"0/1","10,10","20","99","308,0,296"
"0/0","28,0","28","81","0,81,1024"
"0/1","6,10","16","99","351,0,194"
"0/1","13,18","31","99","537,0,375"
"0/1","11,24","35","99","725,0,334"
"0/0","20,0","20","57","0,57,766"
"0/0","21,0","21","60","0,60,805"
"0/1","7,9","16","99","303,0,229"
"1/1","0,27","27","75","1024,75,0"
"1/1","0,14","14","42","568,42,0"
"0/0","15,1","16","8","0,8,556"
"1/1","1,32","33","47","1012,47,0"
"0/1","15,10","25","99","249,0,493"
"0/1","9,12","21","34","34,0,265"
"0/1","12,13","25","99","456,0,401"
"0/1","21,23","44","99","690,0,622"
"0/1","7,13","20","99","463,0,193"
"0/1","20,17","37","99","522,0,624"
"0/1","11,12","23","99","363,0,375"
"0/1","6,11","17","99","315,0,189"
"0/1","9,14","23","99","467,0,266"
"0/1","25,15","40","99","411,0,840"
"0/1","13,7","20","99","228,0,398"
"0/1","14,8","22","99","263,0,488"
"0/1","17,16","33","99","548,0,504"
"0/1","8,16","24","99","540,0,257"
"0/1","14,21","35","99","685,0,418"
"0/0","33,1","34","93","0,93,1217"
"0/0","34,1","35","93","0,93,1205"
"0/0","31,1","32","84","0,84,1069"
"0/0","30,1","31","84","0,84,1097"
"0/0","30,5","35","65","0,65,1100"
"0/0","39,5","44","98","0,98,1501"
"0/1","10,14","24","99","460,0,327"
"0/1","13,14","27","99","438,0,406"
"0/1","14,9","23","99","282,0,500"
"0/1","15,20","35","99","629,0,459"
"0/1","18,19","37","99","649,0,595"
"0/1","10,15","25","99","522,0,336"
"0/1","2,16","18","35","497,0,35"
"0/1","11,6","17","99","189,0,392"
"0/1","8,9","17","99","322,0,242"
"0/1","11,13","24","99","458,0,333"
"0/1","17,16","33","99","468,0,554"
"0/1","12,24","36","99","855,0,376"
"0/0","11,1","12","33","0,33,419"
"0/1","14,20","34","99","676,0,437"
"0/1","9,12","21","99","418,0,249"
"0/1","19,17","36","99","536,0,600"
"0/1","15,15","30","99","469,0,451"
"0/0","27,0","27","78","0,78,1049"
"0/1","13,12","25","99","323,0,418"
"0/0","25,2","28","47","0,47,869"
"0/1","21,25","46","99","719,0,620"
"0/1","26,8","34","99","170,0,615"
"0/1","9,5","14","99","155,0,235"
"0/1","5,9","14","99","236,0,145"
"0/0","6,4","10","15","0,15,179"
"0/1","9,13","22","99","224,0,239"
"0/1","8,7","15","99","234,0,281"
"0/1","14,15","29","99","520,0,455"
"0/1","12,13","25","99","452,0,412"
"0/1","11,20","31","99","605,0,345"
"0/1","12,8","20","99","259,0,425"
"0/1","10,17","27","99","534,0,316"
"0/1","7,9","17","99","269,0,115"
"0/0","29,0","29","84","0,84,1136"
"1/1","0,22","22","63","843,63,0"
"0/1","8,8","16","99","281,0,204"
"0/1","7,5","12","99","167,0,206"
"0/1","9,6","15","99","167,0,284"
"0/0","11,0","11","27","0,27,351"
"0/1","25,7","32","99","124,0,634"
"0/1","29,5","34","67","67,0,741"
"0/1","19,18","37","99","475,0,539"
"0/1","22,16","38","99","494,0,653"
"0/1","11,12","23","99","331,0,331"
"0/1","19,11","31","99","302,0,590"
"0/1","19,12","31","99","365,0,584"
"0/1","15,12","29","99","272,0,447"
"0/1","12,8","20","99","266,0,374"
"0/1","7,14","21","99","394,0,227"
"0/1","10,12","22","99","378,0,347"
"0/1","1,8","9","15","295,0,15"
"0/1","9,12","21","99","414,0,229"
"0/1","19,12","31","99","329,0,609"
"0/1","11,7","18","99","233,0,395"
"0/1","10,11","21","99","384,0,340"
"0/1","8,13","21","99","437,0,221"
"0/1","18,13","31","99","360,0,560"
"0/1","12,24","36","99","812,0,359"
"0/1","26,9","35","99","234,0,793"
"0/1","13,20","33","99","534,0,443"
"0/1","10,10","20","99","352,0,342"
"0/1","14,15","29","99","519,0,443"
"0/1","11,13","24","99","418,0,363"
"0/1","15,8","23","99","262,0,467"
"0/1","6,7","13","99","250,0,204"
"0/1","7,6","13","99","200,0,231"
"0/0","15,0","15","45","0,45,608"
"0/0","15,0","15","45","0,45,603"
"0/0","16,0","16","48","0,48,639"
"0/1","9,7","16","99","240,0,244"
"0/1","8,7","15","99","170,0,249"
"0/1","13,10","23","99","306,0,436"
"0/0","13,0","13","39","0,39,520"
"0/1","9,15","24","99","497,0,295"
"0/1","12,7","19","99","227,0,393"
"0/1","12,13","25","99","452,0,388"
"0/1","10,10","20","99","313,0,330"
"0/1","8,8","16","99","251,0,251"
"0/1","13,23","36","99","692,0,395"
"0/1","18,13","31","99","422,0,561"
"0/1","15,18","33","99","568,0,488"
"0/0","31,1","32","57","0,57,1022"
"1/1","0,12","12","36","488,36,0"
"0/0","30,0","30","87","0,87,1176"
"0/1","4,22","26","16","765,0,16"
"0/1","5,9","14","99","291,0,160"
"0/1","10,9","19","99","291,0,303"
"0/1","8,9","17","99","279,0,240"
"0/1","4,12","16","99","438,0,117"
"0/1","17,14","31","99","335,0,542"
"0/1","16,22","38","99","723,0,501"
"0/1","23,21","45","99","504,0,664"
"0/1","15,19","34","99","485,0,474"
"0/1","11,15","27","99","509,0,290"
"0/1","18,16","34","99","466,0,535"
"0/1","21,20","41","99","627,0,605"
"0/1","11,18","29","99","631,0,321"
"0/1","9,9","18","99","313,0,269"
"0/1","14,24","38","99","785,0,452"
"0/1","16,21","37","99","745,0,406"
"0/1","23,19","42","99","633,0,736"
"0/1","11,16","27","99","567,0,361"
"0/1","14,16","30","99","536,0,432"
"0/1","14,16","30","99","491,0,453"
"0/1","14,15","29","99","474,0,440"
"0/1","14,15","29","99","488,0,426"
"0/1","16,10","26","99","335,0,513"
"0/1","17,14","31","99","406,0,540"
"0/1","6,18","24","99","600,0,136"
"0/1","7,11","18","99","392,0,233"
"0/1","9,9","18","99","297,0,310"
"0/1","10,9","19","99","285,0,345"
"0/1","6,8","14","99","288,0,166"
"0/1","17,10","27","99","305,0,508"
"0/1","18,19","37","99","639,0,603"
"0/1","10,13","23","99","381,0,334"
"0/0","27,0","27","78","0,78,1039"
"0/1","10,18","28","99","561,0,262"
"0/1","5,16","21","99","581,0,105"
"0/0","17,0","17","48","0,48,657"
"0/0","15,0","15","42","0,42,577"
"0/1","9,10","19","99","311,0,303"
"0/1","11,8","19","99","265,0,390"
"0/1","16,9","25","99","255,0,525"
"0/1","8,9","17","99","305,0,279"
"0/1","14,11","25","99","377,0,458"
"0/1","14,20","34","99","657,0,427"
"0/1","15,17","32","99","555,0,477"
"0/1","12,22","34","99","767,0,379"
"0/1","15,17","32","99","573,0,505"
"0/1","12,16","28","99","561,0,402"
"0/1","11,8","19","99","253,0,378"
"0/1","8,12","20","99","429,0,230"
"0/1","9,8","17","99","285,0,204"
"0/1","9,17","26","99","548,0,258"
"0/1","8,11","19","99","367,0,270"
"0/1","18,9","27","99","250,0,597"
"0/1","23,9","32","99","277,0,757"
"0/1","11,22","33","99","754,0,285"
"0/1","14,11","25","99","323,0,479"
"0/1","14,22","36","99","780,0,429"
"0/1","14,12","26","99","406,0,471"
"0/1","14,14","28","99","455,0,482"
"0/1","5,6","11","99","175,0,163"
"0/1","10,5","15","99","151,0,364"
"0/1","14,16","30","99","577,0,416"
"0/1","8,11","19","99","393,0,233"
"0/1","13,15","28","99","496,0,411"
"0/1","12,11","23","99","340,0,347"
"0/1","6,11","17","99","354,0,195"
"0/1","31,9","40","95","95,0,1034"
"0/1","16,15","31","99","481,0,545"
"0/1","13,16","29","99","513,0,385"
"0/1","8,17","25","99","547,0,251"
"0/1","10,11","21","99","375,0,313"
"0/1","16,15","31","99","489,0,532"
"0/1","14,4","18","99","109,0,520"
"0/1","6,13","19","99","441,0,190"
"0/1","10,7","17","99","232,0,354"
"0/1","13,11","24","99","370,0,458"
"0/1","10,7","17","99","223,0,355"
"0/0","12,1","13","18","0,18,224"
"0/0","9,0","9","24","0,24,313"
"0/1","17,13","30","99","401,0,437"
"0/1","17,12","29","99","385,0,563"
"0/1","9,22","31","99","532,0,250"
"0/1","17,24","42","99","742,0,516"
"0/1","8,3","11","90","90,0,284"
"0/1","15,7","22","99","160,0,541"
"0/1","14,9","23","99","300,0,498"
"0/0","42,2","44","94","0,94,1581"
"0/1","16,12","28","99","397,0,538"
"0/1","13,12","25","99","415,0,456"
"0/1","20,12","32","99","376,0,663"
"0/1","22,14","37","99","451,0,677"
"0/1","19,10","29","99","324,0,634"
"0/1","21,6","29","50","50,0,208"
"0/1","20,7","29","99","123,0,116"
"0/1","12,13","25","99","351,0,284"
"0/1","13,9","22","99","299,0,405"
"0/1","15,14","29","99","400,0,498"
"0/1","17,9","26","99","244,0,572"
"0/1","19,8","27","99","192,0,655"
"0/1","14,13","27","99","377,0,460"
"0/1","11,6","17","99","157,0,349"
"0/1","17,13","30","99","401,0,601"
"0/1","17,18","35","99","561,0,498"
"0/1","10,16","26","99","528,0,296"
"0/1","17,27","44","99","921,0,555"
"0/1","30,17","48","99","423,0,998"
"0/1","8,13","21","99","412,0,223"
"0/1","9,13","22","99","325,0,275"
"0/1","17,11","29","99","339,0,519"
"0/1","10,21","31","99","668,0,301"
"0/1","15,10","25","99","332,0,529"
"0/1","7,12","19","99","362,0,235"
"0/1","12,5","17","99","151,0,396"
"0/1","16,9","25","99","253,0,574"
"0/1","10,8","18","99","278,0,347"
"0/1","16,13","29","99","406,0,572"
"0/1","29,12","41","99","143,0,693"
"0/0","12,0","12","30","0,30,375"
"0/1","12,11","23","99","292,0,384"
"0/1","17,25","42","99","610,0,518"
"0/1","9,16","25","99","491,0,282"
"0/1","17,10","27","99","281,0,477"
"0/1","15,11","26","99","322,0,525"
"0/1","17,16","33","99","533,0,576"
"0/1","10,11","21","99","395,0,276"
"0/1","17,8","25","99","213,0,606"
"0/1","15,10","25","99","298,0,497"
"0/1","8,18","26","99","652,0,251"
"0/0","16,3","19","3","0,3,558"
"0/1","40,10","50","99","137,0,1084"
"0/1","29,19","48","99","586,0,524"
"0/0","27,2","29","54","0,54,706"
"0/1","4,13","17","99","379,0,118"
"0/1","11,6","17","99","186,0,350"
"0/1","22,14","36","99","372,0,527"
"0/1","41,11","52","99","257,0,954"
"0/1","35,17","54","99","126,0,724"
"0/0","80,5","86","99","0,152,2019"
"0/1","35,13","49","99","122,0,538"
"0/1","25,10","35","99","102,0,542"
"0/1","22,6","28","3","3,0,420"
"0/1","20,6","26","69","69,0,342"
"0/1","17,12","29","99","297,0,440"
"0/1","9,12","21","99","380,0,284"
"0/1","12,11","23","99","367,0,334"
"0/1","43,16","59","99","109,0,1221"
"0/1","15,19","34","99","465,0,441"
"0/1","15,13","28","99","382,0,454"
"0/1","17,12","29","99","388,0,591"
"0/1","13,11","24","99","347,0,424"
"0/1","19,14","33","99","369,0,626"
"0/1","20,14","34","99","440,0,640"
"0/1","22,16","38","99","475,0,765"
"0/1","6,19","25","99","699,0,168"
"0/1","6,19","25","99","704,0,170"
"0/1","7,13","22","99","464,0,214"
"0/1","8,9","17","99","282,0,271"
"0/1","9,12","21","99","411,0,265"
"0/1","6,4","10","99","130,0,217"
"0/0","15,0","15","45","0,45,599"
"0/0","18,0","18","51","0,51,685"
"0/1","17,17","34","99","533,0,508"
"0/1","21,19","40","99","637,0,607"
"0/1","7,6","13","99","194,0,232"
"0/1","9,5","14","99","127,0,324"
"0/1","15,15","30","99","519,0,482"
"0/1","12,13","25","99","411,0,398"
"0/1","8,9","17","99","300,0,273"
"0/1","9,15","24","99","489,0,303"
"0/1","11,8","19","99","235,0,356"
"0/1","19,17","36","99","552,0,634"
"0/1","19,20","39","99","609,0,626"
"0/1","16,17","33","99","592,0,503"
"0/1","12,10","22","99","332,0,376"
"0/1","6,7","13","99","217,0,164"
"0/1","12,18","30","99","572,0,368"
"0/0","26,0","26","75","0,75,984"
"0/0","25,0","25","72","0,72,939"
"0/0","25,0","25","69","0,69,921"
"0/0","25,0","25","72","0,72,973"
"0/0","26,0","26","72","0,72,970"
"0/0","27,0","27","75","0,75,995"
"0/0","24,0","24","69","0,69,922"
"0/0","23,0","23","63","0,63,837"
"0/0","22,0","22","63","0,63,848"
"0/0","23,0","23","66","0,66,882"
"0/1","16,6","22","99","173,0,561"
"0/1","12,17","29","99","595,0,366"
"0/1","18,22","40","99","709,0,552"
"0/1","13,23","36","99","651,0,367"
"0/1","14,17","31","99","537,0,437"
"0/1","24,10","34","99","281,0,820"
"0/1","20,10","30","99","272,0,679"
"0/1","11,13","24","99","379,0,294"
"0/1","8,13","21","99","464,0,224"
"0/1","12,15","28","99","482,0,390"
"0/1","11,19","30","99","619,0,326"
"0/1","5,6","11","9","219,0,9"
"0/1","8,15","23","99","542,0,224"
"0/1","11,10","21","99","271,0,387"
"0/1","10,10","20","99","335,0,347"
"0/1","13,6","19","99","178,0,452"
"0/1","7,11","18","99","385,0,230"
"0/1","8,12","20","99","433,0,270"
"0/1","17,12","29","99","387,0,550"
"1/1","0,33","34","96","1248,96,0"
"0/1","20,12","32","99","334,0,663"
"0/1","9,14","23","99","452,0,212"
"0/1","12,19","31","99","608,0,317"
"0/1","13,14","27","99","446,0,424"
"0/1","12,8","20","99","272,0,426"
"0/1","8,22","30","99","752,0,188"
"0/1","7,22","29","99","764,0,179"
"0/1","15,15","30","99","509,0,509"
"0/1","19,23","42","99","729,0,532"
"0/1","12,9","21","99","299,0,358"
"0/1","9,9","18","99","233,0,276"
"0/1","11,9","20","99","307,0,386"
"0/1","16,5","21","99","110,0,560"
"0/1","10,9","19","99","272,0,355"
"0/1","8,11","19","99","347,0,273"
"0/1","12,10","22","99","292,0,370"
"0/1","18,15","33","99","451,0,587"
"0/1","12,15","27","99","499,0,413"
"0/1","10,17","27","99","542,0,322"
"0/1","13,9","22","99","307,0,429"
"0/1","5,12","17","99","402,0,159"
"0/1","10,9","19","99","270,0,285"
"0/1","13,7","20","99","215,0,430"
"0/1","13,16","29","99","525,0,305"
"0/1","18,10","28","99","276,0,627"
"0/1","66,15","81","99","114,0,1347"
"0/1","47,24","73","99","416,0,1034"
"0/1","12,14","26","99","451,0,378"
"0/1","14,9","23","99","286,0,453"
"0/1","14,9","23","99","158,0,305"
"0/1","15,6","21","94","94,0,503"
"0/1","28,8","36","99","144,0,946"
"0/1","20,18","38","99","521,0,634"
"0/0","40,0","40","99","0,120,1574"
"0/1","14,10","24","99","329,0,385"
"0/1","12,24","36","99","787,0,289"
"0/1","12,11","23","99","363,0,369"
"0/1","6,10","16","99","357,0,165"
"0/1","6,8","14","99","275,0,166"
"0/1","9,8","17","99","271,0,261"
"0/1","8,9","17","99","275,0,229"
"0/1","7,14","21","99","501,0,190"
"0/1","13,12","25","99","370,0,391"
"0/1","9,7","16","99","239,0,287"
"0/1","10,9","19","99","310,0,352"
"0/1","11,8","19","99","237,0,316"
"0/1","7,14","21","99","442,0,193"
"0/1","17,17","34","99","499,0,561"
"0/1","12,11","23","99","343,0,392"
"0/1","11,15","26","99","529,0,369"
"0/1","17,11","28","99","360,0,616"
"0/1","11,18","29","99","609,0,318"
"0/1","13,12","25","99","370,0,447"
"0/1","12,18","30","99","546,0,351"
"0/1","17,11","28","99","353,0,566"
"0/1","18,10","28","99","311,0,608"
"0/1","12,13","25","99","443,0,380"
"0/1","14,7","21","99","165,0,466"
"0/1","16,14","30","99","439,0,559"
"0/1","18,18","36","99","614,0,553"
"0/1","18,16","34","99","484,0,608"
"0/1","10,8","18","99","263,0,347"
"0/1","6,10","16","99","343,0,162"
"0/1","10,14","24","99","455,0,330"
"0/1","11,10","21","99","355,0,316"
"0/1","15,14","29","99","460,0,508"
"0/1","9,14","24","99","487,0,298"
"0/1","10,11","21","99","337,0,341"
"0/1","5,22","27","84","742,0,84"
"0/1","16,9","25","99","290,0,578"
"0/1","19,12","31","99","374,0,674"
"0/0","29,2","31","30","0,30,1094"
"0/1","21,20","41","99","668,0,614"
"0/1","11,11","22","99","363,0,388"
"0/1","11,6","17","99","186,0,391"
"0/1","8,12","20","99","395,0,265"
"0/1","11,11","22","99","346,0,378"
"0/1","17,17","34","99","568,0,540"
"0/1","11,23","34","99","795,0,319"
"0/1","16,14","30","99","462,0,496"
"0/1","19,12","31","99","360,0,654"
"0/1","17,7","24","99","213,0,516"
"0/1","12,17","29","99","594,0,388"
"0/1","18,12","30","99","355,0,586"
"0/0","26,0","26","72","0,72,969"
"0/1","13,6","19","99","152,0,430"
"0/0","19,0","19","54","0,54,717"
"0/1","9,8","17","99","277,0,268"
"0/1","17,23","40","99","748,0,577"
"0/1","18,23","41","99","653,0,506"
"0/1","21,11","32","99","334,0,640"
"0/1","13,17","30","99","521,0,424"
"0/1","23,10","33","99","312,0,660"
"0/1","25,217","242","99","7574,0,319"
"0/1","29,219","248","99","7731,0,385"
"0/1","28,218","246","99","7610,0,384"
"0/1","30,219","250","99","7670,0,493"
"0/1","32,218","250","99","7685,0,495"
"0/1","29,221","250","99","7773,0,368"
"0/1","33,217","250","99","7042,0,479"
"0/1","31,217","248","99","7522,0,474"
"0/0","96,0","96","99","0,265,3444"
"0/1","52,11","63","99","280,0,1297"
"0/1","52,18","71","99","135,0,1296"
"0/1","20,29","49","99","830,0,506"
"0/1","13,14","27","99","452,0,443"
"0/1","24,192","216","99","6396,0,367"
"0/1","25,199","225","99","6487,0,353"
"0/0","153,0","153","99","0,391,5014"
"0/1","115,17","132","99","217,0,3260"
"0/1","83,37","120","99","935,0,2650"
"0/1","83,43","126","99","896,0,2560"
"0/1","33,120","153","99","3641,0,766"
"0/1","24,21","45","99","589,0,771"
"0/1","18,22","40","99","615,0,387"
"0/1","21,22","43","99","572,0,566"
"0/1","20,20","40","99","623,0,604"
"0/1","19,19","38","99","638,0,531"
"0/1","11,18","29","99","621,0,342"
"0/1","13,15","28","99","509,0,391"
"0/1","10,19","29","99","598,0,305"
"0/1","16,7","23","99","199,0,563"
"0/1","8,16","24","99","539,0,192"
"0/1","6,16","22","99","572,0,163"
"0/1","14,5","19","99","138,0,460"
"0/1","12,11","23","99","352,0,342"
"0/1","14,13","27","99","412,0,420"
"0/1","10,7","17","99","233,0,294"
"0/1","8,8","16","99","276,0,236"
"0/1","7,12","19","99","354,0,216"
"0/1","12,10","22","99","295,0,387"
"0/1","17,13","30","99","437,0,561"
"0/1","6,9","15","99","237,0,200"
"0/1","14,4","18","99","115,0,425"
"0/1","5,9","14","99","318,0,152"
"0/1","11,10","21","99","299,0,353"
"0/1","18,14","32","99","420,0,590"
"0/1","15,11","26","99","257,0,499"
"0/1","13,15","28","99","431,0,364"
"0/1","13,13","26","99","394,0,359"
"0/1","5,11","16","99","389,0,151"
"0/1","17,11","28","99","322,0,563"
"0/1","9,7","16","99","239,0,310"
"0/1","6,13","19","99","436,0,152"
"0/1","19,15","34","99","434,0,677"
"0/1","8,6","14","99","200,0,241"
"0/1","18,9","27","99","285,0,580"
"0/1","14,14","28","99","451,0,456"
"0/1","20,14","34","99","440,0,657"
"0/1","6,13","19","99","416,0,171"
"0/1","12,20","32","99","413,0,321"
"0/1","20,14","34","99","425,0,680"
"0/1","13,14","27","99","431,0,411"
"0/1","16,20","36","99","592,0,454"
"0/1","23,16","39","99","501,0,663"
"0/1","9,6","15","99","199,0,314"
"0/1","6,12","19","99","340,0,158"
"0/1","12,4","16","99","117,0,399"
"0/1","10,12","22","99","349,0,344"
"0/1","11,9","20","99","256,0,374"
"0/1","5,7","12","99","183,0,138"
"0/1","6,13","19","99","423,0,195"
"0/1","12,16","28","99","498,0,367"
"0/1","13,15","28","99","529,0,408"
"0/1","18,16","35","99","368,0,573"
"0/1","14,17","31","99","571,0,411"
"0/1","18,27","45","99","796,0,576"
"0/1","20,15","35","99","465,0,659"
"0/1","16,15","31","99","416,0,481"
"0/1","17,14","31","99","404,0,484"
"0/1","14,19","33","99","650,0,394"
"0/1","20,22","42","99","676,0,564"
"0/1","11,11","22","99","363,0,359"
"0/1","15,11","26","99","363,0,525"
"0/1","17,13","30","99","421,0,603"
"0/1","19,13","32","99","411,0,667"
"0/1","18,15","33","99","493,0,608"
"0/1","13,8","21","99","181,0,425"
"0/1","15,10","25","99","217,0,486"
"0/1","6,10","16","99","319,0,197"
"0/1","17,15","32","99","421,0,516"
"0/1","10,10","20","99","346,0,268"
"0/1","12,7","19","99","195,0,376"
"0/1","13,7","20","99","197,0,322"
"0/1","10,7","17","99","165,0,210"
"0/1","12,9","21","99","310,0,383"
"0/1","12,14","26","99","486,0,379"
"0/1","13,20","33","99","691,0,393"
"0/1","15,18","33","99","586,0,479"
"0/1","24,16","40","99","504,0,783"
"0/1","13,14","27","99","452,0,440"
"0/1","11,16","27","99","499,0,310"
"0/1","15,13","28","99","414,0,526"
"0/1","47,14","61","99","218,0,733"
"0/1","27,15","42","99","232,0,692"
"0/1","14,11","25","99","342,0,422"
"0/1","14,10","24","99","309,0,431"
"0/1","21,20","41","99","513,0,647"
"0/1","22,16","38","99","446,0,703"
"0/1","13,17","30","99","502,0,404"
"0/1","8,12","20","99","340,0,273"
"0/1","10,15","25","99","541,0,256"
"0/1","9,8","17","99","229,0,279"
"0/1","13,15","28","99","513,0,446"
"0/1","9,10","19","99","309,0,282"
"0/1","16,12","28","99","392,0,436"
"0/1","12,9","21","99","254,0,389"
"0/1","17,13","30","99","430,0,558"
"0/1","18,24","42","99","845,0,553"
"0/1","28,9","37","62","62,0,922"
"0/1","34,13","47","52","52,0,1047"
"0/1","57,13","70","99","232,0,1282"
"0/1","8,8","16","99","194,0,271"
"0/1","22,9","31","99","275,0,683"
"0/1","18,3","21","23","23,0,547"
"0/1","4,9","13","93","293,0,93"
"0/1","20,21","41","99","532,0,648"
"0/1","16,4","20","87","87,0,504"
"0/1","28,5","33","93","93,0,911"
"0/1","106,16","122","99","212,0,2745"
"0/1","106,21","127","99","326,0,2739"
"0/1","100,27","130","99","384,0,2750"
"0/1","97,22","119","99","449,0,2729"
"0/1","94,22","116","99","456,0,2596"
"0/1","30,4","34","27","27,0,939"
"0/1","11,3","15","78","78,0,393"
"0/1","16,15","31","99","457,0,511"
"0/1","6,20","26","99","690,0,164"
"0/1","19,13","32","99","338,0,505"
"0/1","19,13","32","99","337,0,588"
"0/1","15,13","28","99","404,0,456"
"0/1","12,13","25","99","384,0,424"
"0/1","13,11","24","99","340,0,455"
"0/1","13,19","32","99","572,0,428"
"0/1","16,15","31","99","512,0,538"
"0/1","23,17","40","99","468,0,704"
"0/0","24,0","24","72","0,72,976"
"0/0","26,0","26","75","0,75,1008"
"0/1","15,9","24","99","244,0,483"
"0/1","203,32","235","99","538,0,6762"
"0/1","104,145","250","99","4628,0,3252"
"0/1","203,31","234","99","464,0,6821"
"0/1","201,30","231","99","528,0,7065"
"0/1","119,112","231","99","3487,0,3721"
"0/1","15,12","27","99","405,0,503"
"0/1","15,16","31","99","526,0,455"
"0/1","16,13","29","99","431,0,539"
"0/1","15,16","31","99","502,0,516"
"0/1","14,12","26","99","349,0,455"
"0/1","16,11","27","99","354,0,565"
"0/1","14,4","18","99","112,0,461"
"0/1","11,16","27","99","574,0,301"
"0/1","12,11","23","99","325,0,405"
"0/1","12,10","22","99","322,0,382"
"0/1","11,11","22","99","334,0,342"
"0/1","11,11","22","99","346,0,349"
"0/1","17,15","32","99","481,0,589"
"0/1","12,11","23","99","381,0,403"
"0/1","21,11","32","99","351,0,673"
"0/1","12,15","27","99","475,0,399"
"0/1","16,6","22","99","171,0,572"
"0/1","13,11","24","99","306,0,321"
"0/1","9,9","18","99","318,0,310"
"0/1","12,11","23","99","380,0,374"
"0/1","17,18","35","99","602,0,582"
"0/1","10,12","22","99","389,0,307"
"0/1","13,19","32","99","654,0,415"
"0/1","11,7","18","99","189,0,392"
"0/1","13,11","24","99","382,0,457"
"0/1","9,17","26","99","572,0,285"
"0/1","11,9","20","99","310,0,387"
"0/1","8,15","23","99","490,0,217"
"0/1","19,9","28","99","292,0,588"
"0/1","15,12","27","99","357,0,481"
"0/1","11,7","18","99","228,0,346"
"0/1","15,13","28","99","371,0,521"
"0/1","23,14","37","99","410,0,719"
"0/1","11,14","26","99","450,0,356"
"0/1","17,6","23","99","142,0,565"
"0/1","4,13","17","99","478,0,109"
"0/1","10,11","21","99","331,0,335"
"0/1","4,8","12","99","245,0,123"
"0/1","6,10","16","99","313,0,199"
"0/1","7,6","13","99","201,0,241"
"0/1","6,9","15","99","291,0,198"
"0/1","22,19","41","99","601,0,734"
"0/1","17,15","32","99","461,0,591"
"0/1","10,10","20","99","311,0,349"
"0/1","11,13","24","99","398,0,346"
"0/1","22,13","35","99","429,0,713"
"0/1","15,19","34","99","557,0,428"
"0/1","5,14","19","99","495,0,150"
"0/1","23,25","48","99","817,0,722"
"0/1","20,11","31","99","328,0,664"
"0/1","11,6","17","99","196,0,383"
"0/1","8,8","16","99","216,0,242"
"0/1","12,15","27","99","527,0,305"
"0/1","6,19","25","99","651,0,154"
"0/1","11,16","27","99","532,0,334"
"0/1","9,16","25","99","537,0,249"
"0/1","11,9","20","99","309,0,356"
"0/1","14,19","33","99","627,0,452"
"0/1","18,16","34","99","466,0,593"
"0/0","11,0","11","24","0,24,310"
"0/1","10,8","18","99","264,0,340"
"0/1","5,9","14","99","288,0,161"
"0/1","9,9","18","99","294,0,302"
"0/1","8,11","19","99","388,0,220"
"0/1","25,24","49","99","746,0,794"
"0/1","15,7","22","99","222,0,510"
"0/1","5,12","17","99","393,0,155"
"0/1","7,7","14","99","250,0,167"
"0/1","15,22","37","99","675,0,457"
"0/1","15,20","35","99","622,0,458"
"0/1","18,13","31","99","392,0,596"
"0/1","10,16","26","99","486,0,329"
"0/1","18,16","34","99","484,0,614"
"0/1","15,14","29","99","438,0,514"
"0/1","10,14","24","99","484,0,313"
"0/1","11,19","30","99","551,0,304"
"0/1","14,3","17","69","69,0,509"
"0/1","15,14","29","99","408,0,474"
"0/1","11,18","29","99","630,0,315"
"0/1","13,14","27","99","454,0,420"
"0/1","12,13","25","99","330,0,274"
"0/0","32,0","32","93","0,93,1236"
"0/1","7,26","33","74","634,0,74"
"0/1","13,11","24","99","359,0,449"
"0/1","18,19","37","99","579,0,543"
"0/1","18,13","31","99","403,0,631"
"0/1","14,10","24","99","321,0,450"
"0/1","10,15","25","99","503,0,329"
"0/1","17,22","39","99","610,0,485"
"0/1","16,13","29","99","437,0,520"
"0/1","5,11","16","99","401,0,139"
"0/1","11,14","25","99","485,0,371"
"0/1","18,14","32","99","461,0,546"
"0/1","18,24","42","99","706,0,517"
"0/0","31,5","36","48","0,48,1051"
"0/1","8,15","23","99","472,0,258"
"0/0","22,0","22","66","0,66,885"
"0/1","11,11","22","99","380,0,357"
"0/1","11,8","19","99","273,0,345"
"0/1","23,20","43","99","658,0,778"
"0/1","13,7","20","99","214,0,466"
"0/1","16,12","28","99","371,0,566"
"0/1","11,12","23","99","404,0,375"
"0/1","10,15","25","99","529,0,292"
"0/1","8,8","16","99","276,0,269"
"0/1","16,13","29","99","395,0,549"
"0/1","12,17","29","99","536,0,375"
"0/1","13,14","27","99","418,0,370"
"0/1","5,9","14","99","325,0,156"
"0/1","6,12","18","99","435,0,144"
"0/1","7,18","25","99","593,0,186"
"0/1","16,14","30","99","469,0,512"
"0/1","8,5","13","99","154,0,285"
"0/1","14,18","32","99","557,0,475"
"0/1","11,11","22","99","375,0,379"
"0/1","24,10","35","99","249,0,806"
"0/1","13,17","30","99","457,0,391"
"0/1","19,21","40","99","587,0,647"
"0/1","11,11","22","99","308,0,378"
"0/0","42,0","44","99","0,117,1568"
"0/0","44,0","44","99","0,120,1584"
"0/1","8,10","18","99","288,0,237"
"0/1","14,8","22","99","255,0,473"
"0/1","15,18","34","99","593,0,493"
"0/1","11,13","24","99","421,0,339"
"0/1","10,16","26","99","557,0,282"
"0/1","19,10","29","99","305,0,681"
"0/1","5,10","15","99","362,0,154"
"0/1","6,13","19","99","432,0,186"
"0/1","17,16","33","99","518,0,571"
"0/1","6,15","21","99","551,0,184"
"0/1","6,15","21","99","553,0,184"
"0/1","7,7","14","99","237,0,235"
"0/1","12,12","24","99","414,0,381"
"0/1","13,17","30","99","499,0,345"
"0/1","15,7","22","99","200,0,507"
"0/1","15,26","41","99","827,0,395"
"0/1","8,16","24","99","566,0,233"
"0/1","16,12","28","99","408,0,489"
"0/1","16,15","31","99","518,0,498"
"0/1","10,9","19","99","251,0,342"
"0/1","18,14","32","99","413,0,612"
"0/1","12,10","22","99","290,0,348"
"0/1","14,14","28","99","411,0,496"
"0/1","11,9","20","99","265,0,385"
"0/1","11,15","26","99","466,0,270"
"0/1","9,15","24","99","525,0,276"
"0/1","11,8","19","99","224,0,390"
"0/1","18,16","34","99","524,0,635"
"0/1","12,14","26","99","504,0,338"
"0/1","7,11","18","99","359,0,205"
"0/1","4,10","14","99","365,0,120"
"0/1","12,10","22","99","346,0,393"
"0/1","7,10","17","99","322,0,205"
"0/1","13,15","28","99","454,0,436"
"0/1","13,11","24","99","333,0,452"
"0/1","16,18","34","99","494,0,365"
"0/1","14,12","26","99","377,0,431"
"0/1","8,17","25","99","514,0,258"
"0/1","21,16","37","99","445,0,691"
"0/1","15,14","29","99","455,0,444"
"0/1","26,16","42","99","529,0,823"
"0/1","8,15","23","99","532,0,246"
"0/1","13,18","31","99","563,0,388"
"0/1","9,16","25","99","537,0,257"
"0/1","7,14","22","99","443,0,212"
"0/1","17,12","29","99","351,0,548"
"0/1","10,13","23","99","421,0,340"
"0/1","10,14","24","99","486,0,301"
"0/1","8,10","19","99","351,0,241"
"0/1","6,12","18","99","433,0,149"
"0/1","5,12","17","99","349,0,154"
"0/1","12,12","24","99","415,0,420"
"0/1","8,6","14","99","204,0,277"
"0/1","10,7","17","99","239,0,361"
"0/1","8,18","26","99","576,0,257"
"0/1","15,10","25","99","311,0,505"
"0/1","16,13","29","99","426,0,518"
"0/1","13,9","22","99","236,0,458"
"0/1","18,9","27","99","247,0,641"
"0/1","11,15","26","99","534,0,355"
"0/1","14,16","31","99","512,0,468"
"0/1","13,13","27","99","436,0,408"
"0/1","13,9","22","99","300,0,446"
"0/1","17,12","29","99","357,0,599"
"0/1","10,16","26","99","528,0,316"
"0/1","10,9","19","99","284,0,322"
"0/1","4,7","11","99","210,0,133"
"0/1","13,13","26","99","443,0,445"
"0/1","12,20","32","99","649,0,354"
"0/1","17,21","38","99","595,0,544"
"0/1","17,28","45","99","916,0,392"
"0/1","40,5","45","31","31,0,1413"
"0/1","8,10","18","99","284,0,279"
"0/1","12,10","22","99","349,0,347"
"0/1","13,4","17","99","112,0,470"
"0/1","16,8","24","99","261,0,495"
"0/1","12,11","23","99","381,0,413"
"0/1","8,22","30","99","740,0,200"
"1/1","0,26","26","75","1009,75,0"
"0/1","10,14","24","99","435,0,294"
"0/1","10,15","25","99","471,0,327"
"0/1","16,13","29","99","411,0,559"
"0/1","19,22","41","99","753,0,632"
"0/1","14,16","30","99","516,0,467"
"0/1","12,17","29","99","564,0,278"
"0/1","15,17","32","99","573,0,395"
"0/1","18,19","37","99","609,0,566"
"0/1","14,12","26","99","372,0,474"
"0/1","19,13","32","99","341,0,636"
"0/1","14,17","31","99","505,0,413"
"0/1","12,12","24","99","371,0,359"
"0/1","12,12","24","99","317,0,357"
"0/1","5,12","17","99","393,0,154"
"0/0","17,0","17","48","0,48,637"
"0/1","18,18","36","99","624,0,568"
"0/1","13,19","32","99","690,0,388"
"0/1","27,11","38","99","288,0,870"
"0/1","14,16","30","99","551,0,474"
"0/1","16,13","29","99","439,0,538"
"0/1","13,17","30","99","585,0,437"
"0/1","16,14","30","99","430,0,528"
"0/1","16,16","32","99","540,0,440"
"0/1","8,12","20","99","423,0,267"
"0/1","15,19","34","99","625,0,456"
"0/1","15,21","36","99","691,0,434"
"0/1","17,25","42","99","883,0,520"
"0/1","16,20","36","99","699,0,485"
"0/1","17,8","25","99","243,0,571"
"0/1","13,16","29","99","485,0,446"
"0/1","16,13","29","99","430,0,459"
"0/1","14,21","36","99","581,0,465"
"0/1","14,20","34","99","603,0,460"
"0/1","7,10","17","99","352,0,238"
"0/1","9,14","23","99","464,0,296"
"0/1","10,10","20","99","311,0,336"
"0/1","6,15","21","99","535,0,182"
"0/1","13,10","23","99","335,0,452"
"0/1","13,9","22","99","306,0,434"
"0/1","11,10","21","99","306,0,392"
"0/1","10,12","22","99","415,0,338"
"0/1","12,7","19","99","186,0,430"
"0/1","11,8","19","99","261,0,353"
"0/1","9,11","20","99","382,0,297"
"0/1","8,17","25","99","581,0,216"
"0/1","16,7","23","99","229,0,483"
"0/1","7,16","23","99","515,0,185"
"0/1","9,9","18","99","318,0,301"
"0/1","11,8","19","99","247,0,324"
"0/1","11,8","19","99","245,0,327"
"0/1","14,9","23","99","257,0,459"
"0/1","7,12","19","99","387,0,230"
"0/1","5,5","10","99","175,0,167"
"0/1","9,8","17","99","268,0,280"
"0/1","6,8","14","99","251,0,206"
"0/1","7,7","14","99","240,0,242"
"0/1","5,11","16","99","367,0,145"
"0/1","10,8","18","99","261,0,345"
"0/1","19,16","35","99","528,0,622"
"0/1","21,14","35","99","414,0,714"
"0/1","15,14","29","99","393,0,480"
"0/1","14,12","26","99","417,0,396"
"0/1","12,10","22","99","263,0,381"
"0/1","10,8","18","99","235,0,329"
"0/1","9,12","21","99","390,0,271"
"0/1","16,10","26","99","334,0,539"
"0/1","12,14","26","99","406,0,387"
"0/1","12,5","17","99","162,0,371"
"0/1","20,16","37","99","536,0,626"
"0/1","19,15","34","99","422,0,608"
"0/1","19,17","36","99","569,0,569"
"0/1","12,17","29","99","558,0,367"
"0/1","17,22","39","99","733,0,492"
"0/1","13,12","25","99","366,0,452"
"0/1","11,11","22","99","386,0,318"
"0/1","12,12","24","99","404,0,419"
"0/1","14,9","23","99","288,0,452"
"0/1","10,12","22","99","423,0,268"
"0/1","14,11","25","99","343,0,461"
"0/1","15,14","29","99","433,0,465"
"0/1","20,24","44","99","651,0,655"
"0/1","16,20","36","99","657,0,462"
"0/1","16,20","36","99","661,0,529"
"0/1","12,7","19","99","184,0,383"
"0/1","12,9","21","99","261,0,415"
"0/1","17,20","37","99","632,0,568"
"0/1","16,15","31","99","464,0,563"
"0/1","18,14","32","99","426,0,573"
"0/1","16,17","33","99","557,0,473"
"0/1","25,17","42","99","540,0,813"
"0/1","15,20","35","99","704,0,467"
"0/1","10,14","24","99","493,0,314"
"0/1","6,9","15","99","235,0,200"
"0/1","15,15","30","99","522,0,484"
"0/1","12,18","30","99","639,0,352"
"0/1","11,12","23","99","394,0,345"
"0/1","17,9","26","99","240,0,559"
"0/1","5,11","16","99","368,0,149"
"0/1","13,17","30","99","517,0,423"
"0/1","15,5","20","99","111,0,552"
"0/1","16,13","29","99","390,0,549"
"0/1","14,12","26","99","382,0,449"
"0/1","7,7","14","99","228,0,228"
"0/1","8,6","14","99","197,0,275"
"0/1","8,6","14","99","203,0,277"
"0/1","9,9","18","99","303,0,274"
"0/1","17,19","36","99","566,0,540"
"0/1","15,17","32","99","588,0,402"
"0/1","12,18","30","99","554,0,386"
"0/1","17,23","40","99","770,0,551"
"0/1","14,11","25","99","337,0,471"
"0/1","16,19","35","99","657,0,492"
"0/1","17,5","22","99","108,0,537"
"0/1","14,12","26","99","412,0,440"
"0/1","4,8","12","99","278,0,129"
"0/1","16,13","29","99","445,0,533"
"0/1","8,15","23","99","540,0,216"
"0/1","9,16","25","99","576,0,291"
"0/1","10,14","24","99","498,0,325"
"0/1","13,12","25","99","314,0,456"
"0/1","13,17","30","99","555,0,403"
"0/1","16,23","39","99","659,0,540"
"0/1","20,15","35","99","449,0,565"
"0/1","6,19","25","99","618,0,180"
"0/1","16,8","24","99","221,0,545"
"0/1","10,13","23","99","459,0,296"
"0/1","6,6","12","99","202,0,172"
"0/1","13,9","22","99","289,0,398"
"0/1","14,6","20","99","190,0,473"
"0/1","17,13","30","99","445,0,548"
"0/1","21,13","34","99","440,0,715"
"0/1","8,13","21","99","393,0,267"
"0/1","17,12","29","99","360,0,557"
"0/1","16,9","25","99","285,0,544"
"0/1","16,18","34","99","556,0,463"
"0/1","16,15","31","99","499,0,487"
"0/1","17,11","28","99","324,0,594"
"0/0","22,0","22","66","0,66,888"
"0/1","13,10","23","99","301,0,463"
"0/1","7,12","19","99","432,0,210"
"0/1","13,14","27","99","489,0,443"
"0/1","12,11","23","99","375,0,418"
"0/1","9,19","28","99","492,0,250"
"0/1","14,12","26","99","351,0,486"
"0/1","14,7","21","99","182,0,507"
"0/1","10,5","15","99","162,0,359"
"0/1","32,5","37","99","111,0,337"
"0/1","14,20","34","99","655,0,423"
"0/1","12,13","25","99","457,0,341"
"0/1","8,11","19","99","366,0,194"
"0/1","32,16","48","99","397,0,1088"
"0/1","12,14","26","99","437,0,397"
"0/1","15,18","33","99","615,0,452"
"0/1","11,18","29","99","600,0,200"
"0/1","16,26","42","99","814,0,497"
"0/0","34,3","37","25","0,25,1152"
"0/0","38,2","40","74","0,74,1360"
"0/0","36,2","38","65","0,65,1273"
"0/0","35,2","37","65","0,65,1237"
"0/0","35,2","37","68","0,68,1278"
"0/1","18,13","31","99","323,0,562"
"0/1","17,15","32","99","439,0,537"
"0/1","8,8","16","99","268,0,267"
"0/1","16,20","36","99","646,0,538"
"0/1","11,10","21","99","349,0,341"
"0/1","5,13","18","99","463,0,134"
"0/1","6,8","14","99","261,0,190"
"0/1","6,5","11","99","173,0,167"
"0/1","12,15","27","99","499,0,354"
"0/1","12,5","17","99","146,0,438"
"0/1","7,13","20","99","466,0,220"
"0/1","19,10","29","99","295,0,595"
"0/1","18,6","24","99","137,0,607"
"0/1","27,7","34","99","110,0,980"
"0/1","31,5","36","54","54,0,1094"
"0/1","25,7","32","99","108,0,838"
"0/1","28,4","32","4","4,0,881"
"0/1","16,8","24","99","224,0,567"
"0/1","17,9","26","99","255,0,580"
"0/1","6,10","16","99","354,0,192"
"0/1","14,18","32","99","605,0,279"
"0/1","22,11","33","99","305,0,745"
"0/0","28,2","30","63","0,63,814"
"0/1","22,14","36","99","410,0,749"
"0/1","15,12","27","99","348,0,447"
"0/1","16,10","26","99","326,0,530"
"0/1","18,16","34","99","543,0,627"
"0/1","13,12","25","99","416,0,452"
"0/1","9,7","16","99","234,0,312"
"0/1","14,19","33","99","509,0,419"
"0/1","6,14","20","99","467,0,183"
"0/1","7,13","20","99","457,0,220"
"0/1","8,10","18","99","356,0,265"
"0/1","12,12","24","99","412,0,409"
"0/1","10,19","29","99","586,0,318"
"0/1","10,5","15","99","160,0,371"
"0/1","14,11","25","99","364,0,490"
"0/1","11,11","22","99","390,0,282"
"0/1","11,16","27","99","493,0,370"
"0/1","12,15","27","99","436,0,374"
"0/1","17,19","36","99","661,0,580"
"0/1","8,15","23","99","450,0,257"
"0/1","14,8","22","99","256,0,445"
"0/1","13,8","21","99","262,0,377"
"0/1","9,8","17","99","266,0,311"
"0/1","11,16","27","99","550,0,230"
"0/0","31,0","31","81","0,81,1069"
"0/1","13,6","19","99","123,0,354"
"0/1","14,6","20","99","180,0,435"
"0/1","19,6","25","47","47,0,637"
"0/1","18,7","25","69","69,0,603"
"0/1","20,15","35","99","405,0,563"
"0/1","11,14","25","99","313,0,391"
"0/1","15,13","28","99","408,0,481"
"0/1","15,13","28","99","397,0,525"
"0/1","13,12","25","99","377,0,411"
"0/1","8,9","17","99","323,0,275"
"0/1","6,11","17","99","406,0,160"
"0/1","3,10","13","81","368,0,81"
"0/1","16,11","27","99","336,0,560"
"0/1","9,8","17","99","269,0,310"
"0/1","13,15","28","99","480,0,422"
"0/1","10,11","21","99","381,0,332"
"0/1","28,12","40","99","370,0,935"
"0/1","8,9","17","99","274,0,266"
"0/1","35,10","45","99","244,0,1119"
"0/1","16,10","26","99","319,0,553"
"0/1","7,13","20","99","407,0,194"
"0/1","15,16","31","99","513,0,516"
"0/1","15,16","31","99","529,0,508"
"0/1","6,10","17","99","347,0,186"
"0/1","14,12","26","99","406,0,406"
"0/1","12,16","29","99","367,0,403"
"0/1","15,6","21","99","185,0,478"
"0/1","8,11","19","99","373,0,273"
"0/1","11,18","29","99","609,0,356"
"0/1","12,12","24","99","380,0,408"
"0/1","15,17","32","99","577,0,510"
"0/1","6,10","16","99","358,0,191"
"0/1","29,12","41","99","284,0,995"
"0/1","7,13","20","99","415,0,216"
"0/0","47,0","47","69","0,69,802"
"0/0","6,0","6","18","0,18,231"
"0/0","6,0","6","18","0,18,231"
"0/1","14,17","31","99","597,0,472"
"0/1","18,17","35","99","548,0,585"
"0/1","7,11","18","99","340,0,146"
"0/1","14,16","31","99","472,0,170"
"0/1","17,17","34","99","551,0,581"
"0/1","14,16","30","99","527,0,471"
"0/1","11,13","24","99","431,0,367"
"0/1","17,18","35","99","578,0,585"
"0/1","18,18","36","99","582,0,542"
"0/1","9,23","32","99","751,0,230"
"0/1","15,21","37","99","703,0,444"
"0/1","14,25","39","99","856,0,399"
"0/1","11,15","26","99","436,0,349"
"0/0","13,0","13","27","0,27,359"
"0/1","17,18","35","99","611,0,545"
"0/1","15,15","30","99","463,0,400"
"0/1","16,21","37","99","694,0,486"
"0/1","8,2","10","53","53,0,295"
"0/1","8,3","11","89","89,0,290"
"0/1","4,9","13","99","331,0,118"
"0/1","10,10","20","99","300,0,335"
"0/1","6,7","13","99","228,0,199"
"0/1","9,15","24","99","512,0,281"
"0/1","21,15","36","99","412,0,665"
"0/1","19,21","40","99","712,0,593"
"0/1","23,22","45","99","671,0,715"
"0/1","13,9","22","99","294,0,444"
"0/1","19,17","36","99","539,0,555"
"0/1","14,13","27","99","397,0,405"
"0/1","12,19","31","99","568,0,360"
"0/1","14,16","30","99","546,0,473"
"0/1","19,9","28","99","273,0,642"
"0/1","9,6","15","99","203,0,290"
"0/1","11,5","16","99","154,0,399"
"0/1","65,11","76","99","146,0,2062"
"0/1","9,8","17","99","266,0,319"
"0/1","12,9","21","99","309,0,392"
"0/1","16,20","36","99","692,0,488"
"0/1","13,13","26","99","423,0,428"
"0/0","33,2","35","93","0,93,1233"
"0/1","10,9","19","99","262,0,345"
"0/1","22,22","44","99","665,0,680"
"0/1","11,24","35","99","764,0,324"
"0/1","20,13","33","99","428,0,644"
"0/1","20,13","33","99","428,0,640"
"0/1","18,24","42","99","781,0,598"
"0/0","40,0","40","99","0,105,1393"
"0/1","20,17","37","99","508,0,638"
"0/1","9,20","29","99","696,0,288"
"0/1","8,9","17","99","296,0,271"
"0/1","11,14","25","99","463,0,370"
"0/1","8,18","26","99","601,0,244"
"0/1","8,9","17","99","312,0,245"
"0/1","8,10","18","99","321,0,232"
"0/1","18,12","30","99","402,0,559"
"0/1","15,16","31","99","442,0,474"
"0/1","18,26","44","99","927,0,532"
"0/1","5,8","13","99","253,0,161"
"0/1","11,9","20","99","307,0,355"
"0/1","7,11","18","99","311,0,203"
"0/1","19,23","42","99","737,0,631"
"0/1","23,13","36","99","414,0,811"
"0/1","6,19","25","99","637,0,173"
"0/1","12,10","22","99","329,0,377"
"0/1","22,21","43","99","719,0,748"
"0/1","22,21","43","99","680,0,745"
"0/1","10,14","24","99","463,0,256"
"0/0","30,0","30","87","0,87,1164"
"0/1","13,14","27","99","447,0,445"
"0/1","11,15","26","99","519,0,285"
"0/1","5,7","12","99","237,0,164"
"0/1","5,7","12","99","192,0,169"
"0/1","9,6","15","99","195,0,321"
"0/1","13,13","26","99","396,0,449"
"0/1","12,12","24","99","415,0,369"
"0/1","17,9","26","99","282,0,522"
"0/1","13,7","20","99","225,0,417"
"0/1","16,15","31","99","454,0,541"
"0/1","3,7","10","92","246,0,92"
"0/1","8,15","23","99","492,0,250"
"0/1","21,18","39","99","618,0,653"
"0/1","19,3","23","27","27,0,464"
"0/1","14,15","29","99","510,0,448"
"0/1","10,10","20","99","347,0,332"
"0/1","9,11","20","99","387,0,292"
"0/1","12,6","18","99","170,0,157"
"0/1","9,4","16","90","90,0,131"
"0/1","9,9","18","99","194,0,243"
"0/1","7,9","16","99","280,0,149"
"0/1","5,7","12","99","254,0,171"
"0/1","5,9","14","99","281,0,166"
"0/1","6,6","12","99","165,0,212"
"0/2","15,0,8","23","99","215,257,778,0,521,500"
"0/1","12,11","23","99","372,0,403"
"0/1","10,7","17","99","185,0,298"
"0/1","12,12","24","99","407,0,389"
"0/1","12,13","25","99","395,0,417"
"0/0","9,0","9","27","0,27,355"
"0/1","9,18","27","99","589,0,211"
"0/1","11,12","23","99","371,0,375"
"0/1","8,7","15","99","235,0,243"
"0/1","12,10","22","99","346,0,390"
"0/1","12,18","30","99","536,0,324"
"0/1","10,10","20","99","353,0,316"
"0/1","7,13","20","99","467,0,229"
"0/1","16,7","23","99","220,0,548"
"0/1","14,13","27","99","386,0,416"
"0/1","8,9","17","99","270,0,240"
"0/1","21,2","23","14","14,0,741"
"0/1","33,5","38","32","32,0,1113"
"0/1","29,8","37","99","112,0,930"
"0/1","31,8","39","99","148,0,965"
"0/0","22,1","23","33","0,33,863"
"0/0","21,1","22","30","0,30,825"
"0/0","20,1","21","27","0,27,785"
"0/0","18,1","19","21","0,21,684"
"0/0","16,1","17","12","0,12,583"
"0/0","17,1","18","15","0,15,613"
"0/0","18,1","19","18","0,18,654"
"0/0","17,1","18","15","0,15,618"
"0/0","13,1","14","6","0,6,488"
"0/0","13,1","14","6","0,6,488"
"0/1","10,12","22","99","389,0,344"
"0/1","10,13","23","99","198,0,287"
"0/1","13,15","29","99","504,0,422"
"0/0","12,0","12","36","0,36,480"
"0/1","13,11","24","99","353,0,339"
"0/1","8,15","23","99","409,0,191"
"0/1","4,17","21","99","578,0,100"
"0/1","16,15","31","99","369,0,517"
"0/1","27,18","45","99","567,0,822"
"0/1","14,7","21","99","221,0,496"
"0/1","14,10","24","99","267,0,467"
"0/1","23,19","42","99","601,0,698"
"0/1","16,11","27","99","324,0,549"
"0/1","7,11","18","99","357,0,163"
"0/1","9,12","21","99","389,0,300"
"0/0","20,0","20","54","0,54,739"
"0/1","11,11","22","99","315,0,384"
"0/1","13,8","21","99","244,0,418"
"0/1","7,6","13","99","189,0,235"
"0/1","10,4","14","99","123,0,331"
"0/1","5,11","16","99","398,0,121"
"0/1","14,14","28","99","452,0,485"
"0/1","4,7","11","99","215,0,132"
"0/1","4,9","13","99","331,0,112"
"0/1","10,2","12","47","47,0,356"
"0/1","12,13","25","99","376,0,408"
"0/1","14,10","24","99","334,0,416"
"0/1","5,8","13","99","283,0,158"
"0/1","6,9","15","99","311,0,202"
"0/1","8,10","18","99","304,0,267"
"0/1","8,11","19","99","387,0,262"
"0/1","12,14","26","99","405,0,402"
"0/1","9,12","21","99","397,0,270"
"0/0","20,0","20","60","0,60,798"
"0/1","12,11","23","99","381,0,402"
"0/1","17,13","30","99","436,0,556"
"0/1","15,14","29","99","436,0,512"
"0/1","7,12","19","99","416,0,207"
"0/1","13,16","29","99","510,0,427"
"0/1","11,16","27","99","560,0,372"
"0/1","15,17","32","99","551,0,482"
"0/1","9,18","27","99","554,0,295"
"0/1","18,6","24","99","166,0,590"
"0/1","7,10","17","99","351,0,191"
"0/1","13,14","27","99","465,0,407"
"0/1","16,17","33","99","511,0,439"
"0/1","7,13","20","99","456,0,210"
"0/1","10,8","18","99","275,0,354"
"0/1","11,12","23","99","418,0,344"
"0/1","17,16","33","99","521,0,551"
"0/1","18,15","33","99","508,0,582"
"0/1","15,12","27","99","335,0,506"
"0/1","17,7","24","99","213,0,578"
"0/1","18,10","28","99","311,0,609"
"0/1","18,11","29","99","357,0,603"
"0/1","12,16","28","99","555,0,397"
"0/1","8,19","27","99","550,0,242"
"0/1","12,13","25","99","454,0,363"
"0/1","7,20","27","99","656,0,179"
"0/1","5,17","22","99","579,0,127"
"0/1","4,17","21","48","579,0,48"
"0/1","14,15","29","99","524,0,438"
"0/1","16,14","30","99","485,0,532"
"0/1","5,10","15","99","325,0,163"
"0/1","12,17","29","99","597,0,390"
"0/1","6,12","18","99","381,0,191"
"0/1","9,11","20","99","352,0,305"
"0/1","12,11","23","99","365,0,381"
"0/1","11,13","24","99","429,0,370"
"0/1","18,9","27","99","281,0,618"
"0/1","9,20","29","99","675,0,275"
"0/1","12,19","31","99","653,0,389"
"0/1","24,12","36","99","391,0,717"
"0/1","17,23","40","99","668,0,490"
"0/1","12,16","29","99","459,0,344"
"0/1","18,24","43","99","663,0,469"
"0/1","16,11","27","99","207,0,512"
"0/1","13,15","28","99","504,0,393"
"0/1","12,19","32","99","666,0,311"
"0/1","15,16","31","99","550,0,507"
"0/1","9,10","19","99","353,0,276"
"0/1","10,7","17","99","200,0,364"
"0/1","14,4","18","99","112,0,472"
"0/1","19,5","24","99","120,0,690"
"0/1","20,9","29","99","270,0,642"
"0/1","13,16","29","99","566,0,428"
"0/1","6,10","16","99","352,0,196"
"0/1","8,11","19","99","380,0,258"
"0/1","15,12","27","99","409,0,523"
"0/1","6,9","15","99","315,0,187"
"0/1","8,10","18","99","348,0,266"
"0/1","11,18","29","99","599,0,315"
"0/1","9,18","27","99","585,0,294"
"0/1","9,18","27","99","549,0,268"
"0/1","10,18","28","99","549,0,310"
"0/1","13,7","20","99","232,0,427"
"0/1","14,13","28","99","352,0,418"
"0/1","12,11","23","99","363,0,391"
"0/1","10,14","25","99","438,0,251"
"0/1","15,10","25","99","272,0,511"
"0/1","12,13","25","99","316,0,357"
"0/1","22,13","35","99","414,0,648"
"0/1","20,14","34","99","449,0,629"
"0/1","12,23","35","99","766,0,371"
"0/1","13,11","24","99","375,0,443"
"0/1","10,9","19","99","307,0,344"
"0/1","12,8","20","99","262,0,415"
"0/1","22,15","37","99","450,0,751"
"0/1","16,21","37","99","694,0,531"
"0/1","16,13","30","99","397,0,556"
"0/1","13,15","28","99","479,0,438"
"0/1","22,17","39","99","536,0,763"
"0/1","10,17","27","99","435,0,287"
"0/1","15,15","30","99","493,0,452"
"0/1","9,13","22","99","460,0,284"
"0/1","9,10","19","99","217,0,272"
"0/1","17,6","23","99","136,0,600"
"0/1","9,19","28","99","615,0,278"
"0/1","10,18","28","99","606,0,316"
"0/1","9,17","26","99","605,0,268"
"0/1","12,20","32","99","647,0,362"
"0/1","15,9","24","99","295,0,501"
"0/1","14,20","34","99","660,0,452"
"0/1","8,12","20","99","421,0,269"
"0/1","9,15","24","99","515,0,295"
"0/1","15,16","31","99","519,0,454"
"0/1","10,17","27","99","579,0,321"
"0/1","15,17","32","99","556,0,500"
"0/1","16,15","31","99","477,0,545"
"0/1","12,20","32","99","645,0,388"
"0/1","18,8","26","99","231,0,583"
"0/1","15,17","32","99","499,0,483"
"0/1","21,29","50","99","1023,0,641"
"0/1","26,20","46","99","636,0,832"
"0/1","12,15","27","99","462,0,401"
"0/1","14,11","25","99","320,0,487"
"0/1","10,13","23","99","423,0,343"
"0/1","15,14","29","99","431,0,479"
"0/1","15,15","30","99","495,0,475"
"0/1","14,13","27","99","454,0,430"
"0/1","7,10","17","99","348,0,236"
"0/1","12,18","30","99","510,0,376"
"0/1","11,6","17","99","192,0,330"
"0/1","11,7","18","99","224,0,364"
"0/1","18,8","26","99","207,0,609"
"0/1","21,9","30","99","267,0,713"
"0/1","7,11","18","99","382,0,228"
"0/1","12,12","24","99","350,0,360"
"0/1","20,24","44","99","751,0,624"
"0/1","23,14","37","99","479,0,598"
"0/1","18,17","35","99","513,0,556"
"0/1","8,16","24","99","545,0,260"
"0/1","8,6","14","99","167,0,285"
"0/1","16,17","33","99","465,0,435"
"0/1","21,23","44","99","747,0,719"
"0/0","37,0","37","99","0,102,1353"
"0/0","35,0","35","96","0,96,1271"
"0/0","40,0","40","99","0,111,1449"
"0/0","37,0","37","99","0,105,1354"
"0/0","26,0","26","75","0,75,993"
"0/0","29,0","29","81","0,81,1019"
"0/0","29,0","29","87","0,87,1080"
"0/0","28,0","28","81","0,81,1046"
"0/0","30,0","30","87","0,87,1124"
"0/0","30,0","30","87","0,87,1134"
"0/1","19,22","41","99","591,0,555"
"0/1","15,15","30","99","478,0,456"
"0/1","13,22","35","99","771,0,414"
"0/1","16,17","33","99","494,0,524"
"0/1","12,19","31","99","592,0,361"
"0/1","22,15","37","99","365,0,634"
"0/1","16,17","33","99","521,0,513"
"0/1","9,12","21","99","410,0,287"
"0/1","11,13","24","99","376,0,362"
"0/1","20,12","32","99","376,0,678"
"0/1","25,15","40","99","451,0,795"
"0/1","22,23","45","99","749,0,652"
"0/1","14,14","28","99","470,0,458"
"0/1","17,9","26","99","292,0,604"
"0/1","16,8","24","99","254,0,492"
"0/1","13,17","30","99","588,0,363"
"0/1","10,20","30","99","644,0,323"
"0/1","9,10","19","99","300,0,269"
"0/1","11,10","21","99","337,0,302"
"0/1","16,13","29","99","424,0,551"
"0/1","18,11","29","99","362,0,647"
"0/1","19,11","30","99","355,0,645"
"0/1","18,10","28","99","329,0,619"
"0/1","6,11","17","99","365,0,191"
"0/1","9,10","19","99","349,0,307"
"0/1","8,10","18","99","355,0,261"
"0/1","12,11","23","99","364,0,411"
"0/1","14,9","23","99","291,0,499"
"0/1","9,14","23","99","462,0,292"
"0/1","15,13","28","99","439,0,522"
"0/1","5,13","18","99","412,0,156"
"0/1","6,13","19","99","445,0,193"
"0/1","12,8","20","99","202,0,395"
"0/1","8,10","18","99","306,0,274"
"0/1","13,13","26","99","458,0,374"
"0/1","7,12","19","99","430,0,218"
"0/1","14,11","25","99","377,0,492"
"0/1","8,7","15","99","242,0,279"
"0/1","8,9","17","99","315,0,271"
"0/1","16,13","29","99","443,0,567"
"0/1","15,7","22","99","189,0,464"
"0/1","15,12","27","99","394,0,494"
"0/1","15,18","33","99","580,0,508"
"0/1","25,19","44","99","631,0,831"
"0/1","11,12","23","99","368,0,350"
"0/1","10,18","28","99","537,0,317"
"0/1","7,6","13","99","201,0,211"
"0/1","10,14","24","99","466,0,345"
"0/1","10,22","32","99","649,0,260"
"0/1","15,18","34","99","516,0,404"
"0/1","25,15","40","99","395,0,832"
"0/1","10,9","19","99","269,0,356"
"0/1","18,15","33","99","509,0,403"
"0/1","16,15","31","99","459,0,514"
"0/1","22,20","42","99","656,0,604"
"0/1","15,12","27","99","408,0,512"
"0/1","19,8","27","99","233,0,652"
"0/1","18,17","35","99","544,0,563"
"0/0","31,0","31","87","0,87,1162"
"0/1","18,13","31","99","419,0,554"
"0/1","23,25","48","99","723,0,768"
"0/0","26,0","26","75","0,75,977"
"0/1","14,13","27","99","418,0,445"
"0/1","17,21","38","99","699,0,561"
"0/1","8,15","23","99","456,0,256"
"0/1","14,11","26","99","338,0,451"
"0/1","14,13","27","99","461,0,414"
"0/1","19,21","40","99","704,0,611"
"0/1","14,14","28","99","480,0,451"
"0/1","12,8","20","99","270,0,406"
"0/1","9,9","18","99","300,0,312"
"0/1","25,9","34","65","65,0,710"
"0/1","26,3","29","36","36,0,767"
"0/1","22,17","39","99","529,0,737"
"0/1","25,19","44","99","557,0,722"
"0/1","22,16","38","99","460,0,663"
"0/0","22,1","23","29","0,29,815"
"0/0","24,1","25","32","0,32,837"
"0/0","31,1","32","50","0,50,1079"
"0/0","30,1","31","47","0,47,1040"
"0/1","31,5","36","76","76,0,1037"
"0/1","21,18","39","99","574,0,728"
"0/1","20,13","33","99","384,0,660"
"0/1","15,16","31","99","554,0,476"
"0/1","13,9","22","99","242,0,389"
"0/0","30,0","30","90","0,90,1197"
"0/1","13,19","32","99","579,0,357"
"0/1","8,14","22","99","434,0,248"
"0/0","18,0","18","48","0,48,643"
"0/0","18,0","18","51","0,51,696"
"0/0","17,1","18","14","0,14,615"
"0/0","18,1","19","14","0,14,654"
"0/0","19,1","20","15","0,15,668"
"0/1","10,10","20","99","342,0,311"
"0/1","16,9","25","99","296,0,461"
"0/1","13,14","27","99","483,0,405"
"0/1","11,8","19","99","265,0,392"
"0/1","17,16","33","99","511,0,566"
"0/1","18,12","30","99","393,0,551"
"0/1","21,9","31","99","278,0,691"
"0/1","21,13","34","99","356,0,755"
"0/1","20,15","35","99","499,0,667"
"0/1","17,13","30","99","434,0,603"
"0/1","38,5","43","78","78,0,1250"
"0/0","38,4","44","17","0,17,1342"
"0/1","20,16","36","99","489,0,652"
"0/1","11,19","30","99","582,0,328"
"0/1","17,13","30","99","405,0,594"
"0/1","22,7","29","99","188,0,756"
"0/1","9,10","19","99","332,0,310"
"0/1","17,13","30","99","431,0,483"
"0/1","18,17","35","99","551,0,559"
"0/1","11,11","22","99","367,0,379"
"0/1","19,18","37","99","618,0,608"
"0/1","21,15","36","99","501,0,734"
"0/1","17,18","35","99","502,0,554"
"0/1","11,12","23","99","405,0,368"
"0/1","17,15","32","99","485,0,534"
"0/1","12,13","25","99","439,0,399"
"0/1","7,12","19","99","414,0,225"
"1/1","0,22","22","66","877,66,0"
"0/1","17,24","41","99","765,0,522"
"0/1","17,12","29","99","402,0,542"
"0/1","20,12","32","99","370,0,688"
"0/1","15,21","36","99","662,0,452"
"0/1","25,11","36","99","331,0,880"
"0/1","9,9","18","99","297,0,284"
"0/1","20,13","33","99","424,0,586"
"0/1","10,8","18","99","271,0,313"
"0/1","18,13","31","99","283,0,468"
"0/1","35,5","40","85","85,0,1122"
"0/1","53,7","60","73","73,0,1590"
"0/1","55,16","76","99","376,0,1669"
"0/1","36,12","48","99","292,0,948"
"0/1","13,22","35","99","742,0,375"
"0/1","28,7","36","90","90,0,912"
"0/1","27,14","41","99","373,0,827"
"1/1","0,31","31","87","1137,87,0"
"0/1","27,3","30","37","37,0,896"
"0/1","44,15","59","99","242,0,1330"
"0/0","34,6","40","27","0,27,1136"
"0/0","31,0","31","63","0,63,847"
"0/0","30,1","31","26","0,26,747"
"0/1","17,20","37","99","633,0,547"
"0/1","28,19","48","99","499,0,664"
"0/1","32,19","51","99","528,0,740"
"0/1","38,19","57","94","94,0,927"
"1/1","0,30","30","69","855,69,0"
"0/1","12,4","17","63","63,0,336"
"0/1","6,11","17","99","396,0,186"
"0/1","28,3","31","40","40,0,770"
"0/1","12,16","28","99","500,0,346"
"0/1","13,15","28","99","467,0,378"
"0/1","12,9","21","99","280,0,431"
"0/1","13,9","22","99","294,0,381"
"0/1","10,9","19","99","303,0,338"
"0/1","8,9","17","99","316,0,251"
"0/1","57,12","69","99","215,0,1506"
"0/1","61,8","69","85","85,0,1894"
"0/1","62,16","79","99","357,0,1771"
"0/1","94,25","119","99","454,0,2306"
"0/1","40,9","49","99","197,0,999"
"0/1","8,6","14","99","198,0,238"
"0/1","15,13","28","99","388,0,463"
"0/1","7,16","23","99","564,0,182"
"0/1","6,2","9","59","59,0,185"
"0/1","15,16","31","99","540,0,239"
"0/1","23,7","30","99","136,0,664"
"0/1","13,10","23","99","322,0,344"
"0/0","27,2","29","54","0,54,1029"
"0/1","16,21","37","99","651,0,509"
"0/1","14,8","22","99","190,0,513"
"0/1","12,15","27","99","518,0,388"
"0/1","14,8","22","99","238,0,508"
"0/1","20,10","30","99","315,0,669"
"0/1","4,22","26","84","778,0,84"
"0/1","12,10","22","99","336,0,411"
"0/1","12,5","17","99","157,0,399"
"0/1","8,6","14","99","197,0,272"
"0/1","8,9","17","99","306,0,263"
"0/1","13,10","23","99","307,0,395"
"0/1","11,16","27","99","468,0,340"
"0/1","9,13","22","99","445,0,267"
"0/1","10,14","24","99","453,0,326"
"0/1","14,18","32","99","556,0,376"
"0/1","14,19","33","99","601,0,372"
"0/1","12,4","16","99","114,0,411"
"0/1","15,13","28","99","428,0,359"
"0/1","20,10","31","99","274,0,516"
"0/1","15,10","25","99","331,0,349"
"0/1","12,14","26","99","468,0,339"
"0/1","5,17","22","94","540,0,94"
"0/1","11,13","24","99","397,0,363"
"0/1","26,16","42","99","476,0,711"
"0/1","20,13","33","99","393,0,680"
"0/0","41,1","42","82","0,82,1366"
"0/0","34,0","34","99","0,99,1316"
"0/1","16,6","22","99","136,0,568"
"0/1","16,9","25","99","242,0,536"
"0/1","12,15","27","99","368,0,369"
"0/1","12,14","28","87","208,0,87"
"0/1","17,16","33","99","244,0,235"
"0/1","8,13","22","99","370,0,152"
"0/1","15,6","21","59","59,0,386"
"0/1","25,7","32","99","153,0,843"
"0/1","33,11","44","99","288,0,1028"
"0/1","56,8","64","72","72,0,1916"
"0/0","64,0","64","99","0,172,2286"
"0/1","65,17","83","99","447,0,2237"
"0/1","32,14","46","99","323,0,1108"
"0/1","74,9","84","99","119,0,2326"
"0/1","32,65","97","99","2071,0,894"
"0/1","23,60","83","99","1940,0,637"
"1/1","5,72","78","99","2495,107,0"
"0/1","20,22","42","99","715,0,590"
"0/1","14,13","27","99","398,0,427"
"0/1","21,25","46","99","789,0,565"
"0/1","12,16","28","99","512,0,398"
"0/1","12,21","33","99","710,0,390"
"0/1","11,21","32","99","669,0,354"
"0/1","10,17","27","99","576,0,289"
"0/1","8,13","21","99","454,0,256"
"0/1","13,9","22","99","286,0,458"
"0/1","19,11","30","99","337,0,676"
"0/1","13,19","32","99","639,0,422"
"0/1","12,22","34","99","769,0,382"
"0/1","11,26","37","99","897,0,342"
"0/1","11,25","36","99","816,0,338"
"0/1","12,27","39","99","882,0,376"
"0/1","14,24","38","99","786,0,417"
"0/1","15,28","43","99","968,0,462"
"0/1","16,21","37","99","695,0,485"
"0/1","16,19","35","99","674,0,512"
"0/1","10,15","25","99","499,0,337"
"0/1","12,16","28","99","552,0,339"
"0/0","21,0","21","60","0,60,777"
"0/0","19,0","19","51","0,51,668"
"0/1","9,11","20","99","378,0,275"
"0/1","11,12","23","99","350,0,209"
"0/1","10,13","23","99","350,0,248"
"0/1","10,12","22","99","309,0,253"
"1/1","5,134","139","99","3298,192,0"
"0/1","18,21","39","99","704,0,590"
"0/1","53,10","63","99","210,0,1188"
"0/0","42,3","45","9","0,9,1288"
"0/1","21,18","39","99","595,0,663"
"1/1","0,31","31","87","1166,87,0"
"0/1","22,15","37","99","494,0,671"
"0/1","14,19","33","99","620,0,431"
"0/1","23,18","41","99","615,0,696"
"0/1","19,21","40","99","636,0,641"
"0/1","14,18","32","99","549,0,473"
"0/1","12,20","32","99","665,0,346"
"0/1","21,22","43","99","733,0,623"
"0/1","19,25","44","99","837,0,540"
"0/1","20,26","46","99","834,0,636"
"0/1","22,29","51","99","770,0,688"
"0/1","21,30","52","99","894,0,566"
"0/1","19,20","39","99","630,0,608"
"0/1","14,24","38","99","825,0,394"
"0/1","17,23","40","99","751,0,556"
"0/1","19,20","39","99","698,0,568"
"0/1","17,19","36","99","670,0,464"
"0/1","16,18","34","99","554,0,481"
"0/1","21,20","41","99","648,0,672"
"0/1","17,15","32","99","508,0,585"
"0/1","11,16","27","99","576,0,348"
"0/1","24,19","43","99","649,0,760"
"0/1","14,10","24","99","237,0,438"
"0/1","15,13","28","99","200,0,302"
"0/1","12,5","17","51","51,0,351"
"0/1","13,6","19","86","86,0,397"
"0/1","13,6","19","86","86,0,391"
"0/1","14,7","21","99","163,0,486"
"0/1","13,8","21","99","189,0,450"
"0/1","27,9","36","99","157,0,778"
"0/0","25,3","28","17","0,17,597"
"0/1","4,10","14","99","343,0,117"
"0/1","4,8","12","99","293,0,128"
"0/1","8,4","12","99","126,0,291"
"0/1","8,4","12","99","121,0,296"
"0/1","8,4","12","99","123,0,296"
"1/1","0,21","21","60","788,60,0"
"1/1","0,19","20","57","727,57,0"
"1/1","0,16","16","45","602,45,0"
"0/1","7,7","14","99","175,0,194"
"0/1","7,11","18","99","322,0,182"
"0/1","7,10","17","99","284,0,185"
"0/1","7,10","17","99","295,0,220"
"0/1","7,10","17","99","290,0,220"
"0/1","7,12","19","99","326,0,216"
"0/1","7,10","17","99","231,0,219"
"0/1","10,4","14","99","115,0,309"
"1/1","0,15","15","33","419,33,0"
"0/1","11,10","21","99","289,0,312"
"0/1","10,12","22","99","348,0,287"
"0/1","12,13","25","99","390,0,366"
"0/1","12,13","25","99","390,0,350"
"0/1","22,25","47","99","717,0,536"
"0/1","23,23","46","99","645,0,704"
"0/1","22,22","44","99","646,0,513"
"0/1","21,21","42","99","605,0,640"
"0/1","15,16","31","99","376,0,398"
"0/1","19,8","27","99","202,0,567"
"0/1","19,6","26","99","111,0,619"
"0/1","20,7","27","99","141,0,660"
"0/1","24,5","29","99","115,0,747"
"0/1","21,11","32","99","244,0,670"
"0/1","20,13","33","99","344,0,681"
"0/1","10,15","25","99","534,0,327"
"0/1","12,11","23","99","378,0,380"
"0/1","19,16","35","99","533,0,658"
"0/1","20,22","42","99","725,0,569"
"0/1","10,8","18","99","278,0,311"
"0/1","12,9","21","99","296,0,431"
"0/1","7,13","20","99","430,0,225"
"0/1","6,15","21","99","527,0,176"
"0/1","17,10","27","99","264,0,463"
"0/0","26,0","26","75","0,75,962"
"0/1","10,20","30","99","585,0,279"
"0/1","15,19","34","99","537,0,480"
"0/1","15,13","28","99","443,0,481"
"0/1","9,10","19","99","298,0,301"
"0/1","16,15","31","99","455,0,514"
"0/1","9,11","20","99","383,0,304"
"0/1","5,23","28","67","703,0,67"
"0/1","18,17","35","99","564,0,574"
"0/1","16,19","35","99","639,0,534"
"0/1","21,21","42","99","498,0,659"
"0/1","18,15","33","99","468,0,574"
"0/1","10,9","19","99","263,0,341"
"0/1","9,13","22","99","426,0,270"
"0/1","11,14","25","99","496,0,372"
"0/1","15,13","28","99","443,0,450"
"0/1","12,10","22","99","347,0,353"
"0/1","14,29","43","99","995,0,394"
"0/1","13,14","27","99","489,0,431"
"0/1","11,7","18","99","230,0,391"
"0/1","10,11","21","99","352,0,349"
"0/1","7,11","18","99","359,0,234"
"0/1","12,19","31","99","638,0,389"
"0/1","12,5","17","99","120,0,428"
"0/0","33,0","33","99","0,99,1316"
"0/1","13,15","28","99","410,0,425"
"0/1","11,21","32","99","644,0,352"
"0/1","10,22","32","99","702,0,270"
"0/1","21,14","35","99","368,0,673"
"0/1","20,9","29","99","267,0,706"
"0/1","14,10","24","99","343,0,429"
"0/1","11,10","21","99","324,0,340"
"0/1","14,8","22","99","262,0,461"
"0/1","5,8","13","99","281,0,163"
"0/1","14,8","22","99","218,0,493"
"0/1","10,7","17","99","231,0,333"
"0/1","10,11","21","99","334,0,327"
"0/1","14,10","24","99","334,0,481"
"0/1","9,6","15","99","198,0,319"
"0/1","10,13","23","99","423,0,321"
"0/1","10,5","15","99","152,0,359"
"0/1","19,9","28","99","284,0,588"
"0/1","14,12","26","99","404,0,482"
"0/1","12,11","23","99","343,0,388"
"0/1","12,8","20","99","267,0,398"
"0/1","11,11","22","99","353,0,318"
"0/1","12,8","20","99","268,0,379"
"0/1","5,11","16","99","369,0,155"
"0/1","9,11","20","99","348,0,266"
"0/1","14,11","25","99","372,0,456"
"0/1","17,6","23","99","169,0,595"
"0/1","22,15","37","99","430,0,757"
"0/1","20,13","33","99","338,0,656"
"0/1","11,22","33","99","679,0,325"
"0/1","10,18","28","99","571,0,292"
"0/1","17,12","29","99","369,0,505"
"0/1","11,11","22","99","374,0,309"
"0/1","4,12","16","84","410,0,84"
"0/1","11,21","32","99","726,0,308"
"0/1","14,10","24","99","343,0,461"
"0/1","8,16","24","99","542,0,260"
"0/1","7,14","21","99","404,0,199"
"0/1","16,7","23","99","227,0,510"
"0/1","7,8","15","99","272,0,235"
"0/1","16,15","31","99","459,0,546"
"0/1","8,14","24","99","483,0,129"
"0/1","9,13","22","99","414,0,304"
"0/1","10,12","22","99","340,0,297"
"0/1","14,9","23","99","295,0,468"
"0/1","8,6","14","99","205,0,280"
"0/1","26,25","52","99","797,0,829"
"0/0","4,0","5","9","0,9,117"
"0/0","9,0","9","21","0,21,267"
"0/1","12,22","34","99","737,0,318"
"0/0","15,0","15","42","0,42,526"
"0/1","11,11","22","99","367,0,333"
"0/1","10,6","16","99","194,0,330"
"0/1","10,10","20","99","307,0,353"
"0/1","13,8","21","99","177,0,479"
"0/1","10,14","24","99","431,0,341"
"0/0","17,0","17","51","0,51,683"
"0/0","17,0","17","48","0,48,660"
"0/1","17,11","28","99","336,0,579"
"0/1","20,22","45","99","766,0,577"
"0/1","10,9","19","99","304,0,352"
"0/0","34,1","35","38","0,38,919"
"0/1","6,9","15","99","283,0,198"
"0/1","24,22","46","99","693,0,726"
"0/1","3,6","9","65","172,0,65"
"0/1","6,7","13","99","121,0,169"
"0/1","5,7,2","14","99","235,0,171,179,121,365"
"0/1","13,18","31","99","628,0,401"
"0/1","13,19","32","99","594,0,422"
"0/1","15,16","31","99","499,0,464"
"0/1","11,13","24","99","413,0,353"
"0/1","20,11","31","99","298,0,666"
"0/1","22,13","35","99","391,0,701"
"0/1","17,23","40","99","665,0,438"
"0/1","11,8","19","99","263,0,374"
"0/1","17,16","33","99","532,0,526"
"0/1","7,7","14","99","248,0,203"
"0/1","26,12","41","99","347,0,390"
"0/1","14,11","25","99","285,0,464"
"0/1","17,9","26","99","274,0,600"
"0/1","9,13","22","99","427,0,294"
"0/1","14,17","31","99","588,0,399"
"0/1","24,18","42","99","573,0,832"
"0/1","13,24","37","99","744,0,379"
"0/1","15,15","30","99","502,0,430"
"0/1","17,19","36","99","653,0,522"
"0/1","16,17","33","99","435,0,546"
"0/1","23,16","39","99","496,0,721"
"0/1","16,25","41","99","833,0,463"
"0/1","23,14","37","99","447,0,753"
"0/0","13,1","15","33","0,33,378"
"0/0","14,1","15","36","0,36,440"
"0/0","15,1","17","36","0,36,419"
"0/1","14,19","33","99","591,0,419"
"0/1","6,6","12","99","170,0,211"
"0/1","3,11","14","78","370,0,78"
"0/1","9,10","19","99","349,0,279"
"0/1","11,14","25","99","409,0,378"
"0/1","4,6","10","87","119,0,87"
"0/1","10,12","22","99","418,0,325"
"0/0","47,0","47","99","0,132,1763"
"0/1","9,15","24","99","486,0,224"
"0/1","15,10","25","99","289,0,463"
"0/1","24,13","37","99","348,0,760"
"0/1","12,11","23","99","389,0,352"
"0/1","20,14","34","99","463,0,536"
"0/1","15,14","29","99","474,0,465"
"0/1","23,19","42","99","551,0,743"
"0/1","16,13","29","99","432,0,511"
"0/1","21,9","31","99","139,0,112"
"0/1","14,19","33","99","613,0,409"
"0/1","15,18","33","99","544,0,514"
"0/1","16,19","35","99","642,0,511"
"0/1","15,17","32","99","547,0,474"
"0/1","9,10","19","99","344,0,288"
"0/1","7,13","20","99","464,0,217"
"0/1","15,20","35","99","659,0,505"
"0/1","16,19","35","99","624,0,536"
"0/1","23,24","47","99","821,0,696"
"0/1","18,18","36","99","586,0,586"
"0/1","14,16","30","99","465,0,442"
"0/1","17,13","30","99","429,0,539"
"0/1","11,12","23","99","398,0,310"
"0/1","13,11","24","99","286,0,460"
"0/1","12,11","23","99","367,0,374"
"0/1","13,18","31","99","620,0,416"
"0/1","13,10","23","99","323,0,419"
"0/1","13,14","27","99","478,0,387"
"0/1","7,7","14","99","240,0,238"
"0/1","14,9","23","99","279,0,498"
"0/1","12,13","25","99","443,0,362"
"0/1","17,17","34","99","588,0,529"
"0/1","14,16","30","99","540,0,484"
"0/1","25,17","42","99","464,0,824"
"0/1","13,13","26","99","388,0,448"
"0/1","13,14","27","99","468,0,443"
"0/1","6,9","15","99","317,0,198"
"1/1","0,31","31","87","1156,87,0"
"1/1","0,32","32","87","1151,87,0"
"1/1","0,28","28","75","975,75,0"
"0/1","9,11","20","99","384,0,299"
"0/1","8,12","20","99","390,0,229"
"0/1","12,19","31","99","620,0,351"
"0/1","8,16","24","99","565,0,243"
"0/1","19,17","36","99","550,0,557"
"0/1","21,23","44","99","804,0,522"
"0/1","16,9","25","99","290,0,442"
"0/1","15,14","29","99","479,0,469"
"0/1","16,13","29","99","421,0,421"
"0/1","16,11","27","99","329,0,541"
"0/1","17,13","30","99","435,0,560"
"0/1","11,7","18","99","226,0,362"
"0/1","11,11","22","99","367,0,371"
"0/1","11,14","26","99","446,0,344"
"0/1","14,13","27","99","415,0,405"
"0/1","14,17","31","99","590,0,442"
"0/1","16,10","26","99","325,0,576"
"0/1","14,19","33","99","584,0,385"
"0/1","14,13","27","99","440,0,480"
"0/1","11,11","22","99","346,0,344"
"0/1","8,9","17","99","282,0,282"
"0/1","12,17","29","99","503,0,396"
"0/1","8,9","17","99","246,0,238"
"0/1","11,10","21","99","343,0,371"
"0/1","15,12","27","99","409,0,439"
"0/1","16,16","32","99","543,0,553"
"0/1","7,13","20","99","431,0,220"
"0/1","11,15","26","99","496,0,374"
"0/1","7,11","18","99","364,0,231"
"0/0","60,2","63","58","0,58,1430"
"0/1","51,12","66","49","49,0,1190"
"0/0","64,0","66","99","0,141,1773"
"0/1","20,32","59","99","832,0,234"
"0/0","60,1","61","99","0,99,1254"
"0/1","14,14","28","99","480,0,451"
"0/1","18,20","38","99","632,0,519"
"0/1","13,17","30","99","550,0,396"
"0/1","10,19","29","99","690,0,319"
"0/1","12,13","25","99","448,0,400"
"0/1","15,19","34","99","644,0,503"
"0/1","16,12","28","99","382,0,545"
"0/0","14,0","14","42","0,42,568"
"0/0","14,0","14","42","0,42,563"
"0/0","23,2","26","57","0,57,717"
"0/1","7,13","20","99","469,0,220"
"0/1","14,10","24","99","307,0,392"
"0/1","10,11","21","99","374,0,338"
"0/0","27,0","27","72","0,72,971"
"0/0","27,0","27","72","0,72,961"
"0/0","26,0","26","69","0,69,941"
"0/0","26,0","26","66","0,66,907"
"0/1","8,7","15","99","244,0,272"
"0/1","8,4","12","99","101,0,135"
"0/0","18,0","18","48","0,48,656"
"0/0","22,0","22","60","0,60,806"
"0/0","22,0","22","60","0,60,814"
"0/0","23,0","23","60","0,60,824"
"0/0","20,0","20","57","0,57,756"
"0/0","22,0","22","63","0,63,830"
"0/1","7,9","16","99","291,0,205"
"0/1","13,14","27","99","438,0,455"
"0/0","25,0","25","69","0,69,943"
"0/0","29,0","29","84","0,84,1122"
"0/0","23,0","23","66","0,66,895"
"0/0","26,0","26","75","0,75,1014"
"0/0","27,0","27","78","0,78,1052"
"0/0","25,0","25","72","0,72,968"
"0/0","25,0","25","75","0,75,996"
"0/0","24,0","24","72","0,72,967"
"0/0","24,0","24","72","0,72,964"
"0/0","24,0","24","72","0,72,967"
"0/0","24,0","24","72","0,72,952"
"0/0","26,0","26","75","0,75,989"
"0/0","25,0","25","72","0,72,974"
"0/0","25,0","25","72","0,72,960"
"0/0","21,0","21","60","0,60,808"
"0/0","23,0","23","69","0,69,896"
"0/0","26,0","26","75","0,75,1004"
"0/0","23,0","23","66","0,66,880"
"0/1","15,18","33","99","594,0,484"
"0/1","17,11","28","99","309,0,594"
"0/1","7,10","17","99","352,0,231"
"0/1","11,16","27","99","532,0,361"
"0/1","17,11","28","99","372,0,516"
"0/1","11,11","22","99","367,0,365"
"0/1","7,9","16","99","322,0,163"
"0/1","15,11","26","99","341,0,439"
"0/1","21,13","34","99","437,0,591"
"0/1","8,15","23","99","550,0,179"
"0/1","10,13","23","99","380,0,303"
"0/1","47,13","60","99","305,0,1169"
"0/1","27,9","36","99","239,0,764"
"0/1","13,8","21","99","249,0,467"
"0/1","19,7","26","99","209,0,629"
"0/1","18,10","28","99","324,0,589"
"0/0","20,3","30","16","0,16,699"
"0/1","2,3","5","28","111,0,28"
"0/1","19,8","27","99","171,0,665"
"0/1","19,8","27","99","174,0,630"
"0/0","21,2","23","21","0,21,685"
"0/1","22,3","26","10","10,0,673"
"0/1","30,3","33","27","27,0,941"
"0/1","13,13","26","99","370,0,449"
"0/1","8,8","16","99","265,0,206"
"0/1","5,11","16","99","350,0,157"
"0/1","16,11","27","99","363,0,570"
"0/1","12,9","21","99","294,0,403"
"0/1","28,25","53","99","375,0,325"
"0/1","21,7","37","63","63,0,568"
"0/1","16,13","29","99","429,0,479"
"0/1","15,20","35","99","592,0,428"
"0/1","15,18","33","99","526,0,471"
"0/1","13,13","26","99","448,0,380"
"0/1","19,15","34","99","415,0,562"
"0/1","13,14","27","99","429,0,379"
"0/1","11,16","27","99","453,0,255"
"0/1","9,19","29","99","602,0,254"
"0/1","19,18","37","99","485,0,531"
"0/1","13,16","29","99","508,0,326"
"0/1","16,18","34","99","497,0,449"
"0/1","13,15","28","99","523,0,406"
"0/1","7,15","22","99","522,0,213"
"0/1","15,18","33","99","632,0,457"
"0/1","12,10","22","99","320,0,385"
"0/1","9,9","18","99","311,0,271"
"0/1","13,11","24","99","347,0,395"
"0/1","13,14","27","99","478,0,428"
"0/1","14,13","27","99","417,0,460"
"0/1","11,14","25","99","470,0,329"
"0/1","14,13","27","99","449,0,478"
"0/1","15,12","27","99","357,0,454"
"0/1","13,10","23","99","340,0,458"
"0/1","17,11","28","99","360,0,575"
"0/1","16,9","25","99","290,0,562"
"0/1","11,8","19","99","260,0,369"
"0/1","14,14","28","99","415,0,453"
"0/1","13,8","21","99","196,0,465"
"0/1","22,12","35","99","339,0,779"
"0/1","26,9","35","99","265,0,910"
"0/1","14,11","25","99","364,0,481"
"0/1","6,7","13","99","240,0,198"
"0/1","3,3","6","95","104,0,95"
"0/1","9,11","20","99","346,0,310"
"0/1","9,3","12","89","89,0,328"
"0/1","18,11","29","99","354,0,632"
"0/1","15,11","26","99","371,0,494"
"0/1","9,10","19","99","348,0,305"
"0/1","16,15","31","99","457,0,458"
"0/1","17,9","26","99","273,0,561"
"0/1","9,12","21","99","408,0,303"
"0/1","7,14","21","99","477,0,220"
"0/1","16,15","31","99","488,0,523"
"0/1","9,13","22","99","466,0,301"
"0/1","11,7","18","99","219,0,396"
"0/1","10,12","22","99","420,0,334"
"0/1","11,15","26","99","488,0,337"
"0/1","6,8","14","99","288,0,195"
"0/1","9,15","24","99","535,0,297"
"0/1","11,12","23","99","389,0,383"
"0/1","9,11","20","99","389,0,241"
"0/1","2,10","12","44","316,0,44"
"0/1","2,12","14","40","398,0,40"
"0/1","2,14","16","37","467,0,37"
"0/1","12,11","23","99","356,0,322"
"0/1","10,9","19","99","312,0,323"
"0/1","9,9","18","99","311,0,276"
"0/1","9,11","20","99","383,0,270"
"0/1","14,6","20","99","192,0,480"
"0/1","14,12","26","99","368,0,492"
"0/1","9,10","19","99","311,0,273"
"0/1","7,9","16","99","318,0,200"
"0/1","9,3","12","90","90,0,291"
"0/1","12,3","15","77","77,0,436"
"0/1","16,9","25","99","295,0,507"
"0/1","10,17","27","99","588,0,292"
"0/1","12,11","23","99","320,0,338"
"0/1","11,11","22","99","379,0,298"
"0/1","11,15","26","99","534,0,295"
"0/1","8,18","26","99","626,0,252"
"0/1","8,15","23","99","507,0,263"
"0/1","9,13","22","99","387,0,276"
"0/1","10,13","23","99","424,0,297"
"0/1","10,13","23","99","466,0,270"
"0/1","10,13","23","99","383,0,291"
"0/1","4,19","23","91","647,0,91"
"0/1","3,16","19","68","555,0,68"
"0/1","16,13","29","99","401,0,539"
"0/1","19,12","31","99","353,0,634"
"0/1","10,11","21","99","349,0,330"
"0/1","7,13","20","99","421,0,223"
"0/1","19,19","38","99","565,0,582"
"0/1","18,19","37","99","597,0,533"
"0/1","26,20","46","99","591,0,663"
"0/1","37,9","46","99","144,0,1228"
"0/1","65,12","77","99","138,0,2002"
"0/1","55,14","70","99","348,0,1507"
"0/1","83,9","93","72","72,0,2346"
"0/1","79,12","91","99","172,0,2474"
"0/1","78,13","91","99","185,0,2474"
"0/1","71,15","87","99","170,0,2192"
"0/1","82,10","92","99","142,0,2500"
"0/1","49,9","58","99","184,0,1533"
"0/1","12,15","27","99","463,0,400"
"0/1","24,20","44","99","619,0,745"
"0/1","17,13","30","99","415,0,566"
"0/1","18,15","33","99","479,0,566"
"0/1","17,15","32","99","485,0,519"
"0/1","18,14","32","99","440,0,597"
"0/1","19,10","29","99","252,0,638"
"0/1","20,11","31","99","339,0,725"
"0/1","12,8","20","99","233,0,393"
"0/1","15,5","20","99","156,0,433"
"0/1","8,7","15","99","235,0,282"
"0/1","8,7","15","99","235,0,284"
"0/1","8,8","16","99","286,0,279"
"0/1","10,6","16","99","132,0,291"
"0/1","10,6","16","99","134,0,294"
"0/1","14,6","20","99","140,0,488"
"0/1","11,9","20","99","238,0,375"
"0/1","10,10","20","99","233,0,347"
"0/1","11,8","19","99","228,0,379"
"0/1","15,22","37","99","748,0,505"
"0/0","38,0","38","96","0,96,1269"
"0/1","18,27","45","99","736,0,558"
"0/1","21,19","40","99","560,0,634"
"0/1","14,30","44","99","826,0,362"
"0/1","13,28","41","99","773,0,306"
"0/1","18,15","33","99","481,0,542"
"0/1","11,18","29","99","640,0,357"
"0/1","11,19","30","99","610,0,358"
"0/1","12,12","24","99","378,0,404"
"0/1","14,29","43","99","870,0,358"
"0/1","14,28","42","99","932,0,352"
"0/1","14,25","39","99","859,0,419"
"0/1","11,18","29","99","603,0,359"
"0/1","13,16","29","99","509,0,377"
"0/1","6,10","16","99","346,0,191"
"0/1","10,6","16","99","195,0,321"
"0/1","16,15","31","99","459,0,513"
"0/1","17,14","31","99","439,0,513"
"0/1","18,11","29","99","328,0,572"
"0/1","8,17","25","99","570,0,247"
"0/1","8,13","21","99","466,0,256"
"0/1","12,18","30","99","547,0,343"
"0/1","11,8","19","99","233,0,386"
"0/1","10,9","19","99","224,0,352"
"0/1","11,16","27","99","538,0,292"
"0/1","10,4","14","99","120,0,361"
"0/1","8,15","23","99","534,0,219"
"0/1","8,6","14","99","160,0,287"
"0/1","7,8","15","99","274,0,198"
"0/1","5,9","14","99","288,0,156"
"0/1","6,19","25","99","640,0,168"
"0/1","16,7","24","99","193,0,488"
"0/1","35,12","47","99","358,0,588"
"0/0","63,0","63","99","0,129,1524"
"0/1","42,16","58","99","252,0,973"
"0/1","29,13","42","99","188,0,637"
"0/1","23,13","36","99","300,0,736"
"0/1","15,23","38","99","824,0,446"
"0/1","18,22","40","99","679,0,568"
"0/1","21,18","39","99","599,0,640"
"0/1","21,19","40","99","571,0,654"
"0/1","14,14","28","99","439,0,342"
"0/1","16,15","31","99","320,0,405"
"0/1","13,9","22","99","214,0,438"
"0/1","15,10","25","99","298,0,430"
"0/1","15,15","30","99","365,0,383"
"0/1","11,14","25","99","494,0,317"
"0/1","6,9","15","99","316,0,160"
"0/1","7,1","8","16","16,0,255"
"0/1","14,11","25","99","354,0,459"
"0/1","11,12","23","99","397,0,371"
"0/1","11,12","23","99","402,0,375"
"0/1","6,11","17","99","288,0,198"
"0/1","6,5","11","99","174,0,216"
"0/1","5,8","13","99","275,0,166"
"0/1","11,14","25","99","463,0,372"
"0/1","13,10","23","99","333,0,424"
"0/1","14,10","24","99","307,0,461"
"0/1","15,10","25","99","295,0,534"
"0/1","7,14","21","99","504,0,183"
"0/1","7,8","15","99","245,0,235"
"0/1","15,14","29","99","439,0,417"
"0/1","9,12","21","99","304,0,239"
"0/1","8,15","23","99","440,0,247"
"0/1","10,19","29","99","636,0,298"
"0/1","19,23","42","99","739,0,653"
"0/1","15,12","27","99","351,0,489"
"0/1","12,13","25","99","445,0,345"
"0/1","17,8","25","99","254,0,532"
"0/1","13,13","26","99","420,0,344"
"0/1","17,11","28","99","354,0,532"
"0/1","7,9","16","99","316,0,234"
"0/1","10,7","17","99","230,0,359"
"0/1","15,8","23","99","238,0,497"
"0/1","12,11","23","99","364,0,412"
"0/1","16,11","27","99","334,0,502"
"0/1","16,9","25","99","285,0,566"
"0/1","14,8","22","99","223,0,438"
"0/1","9,12","21","99","401,0,258"
"0/1","16,12","28","99","405,0,514"
"0/1","18,9","27","99","300,0,491"
"0/1","10,14","24","99","488,0,308"
"0/1","9,17","26","99","608,0,253"
"0/1","9,11","20","99","350,0,310"
"0/1","10,9","19","99","278,0,335"
"0/1","11,7","18","99","228,0,359"
"0/1","6,11","17","99","359,0,194"
"0/1","6,12","18","99","398,0,191"
"0/1","2,7","10","53","252,0,53"
"0/1","13,9","22","99","198,0,359"
"0/1","9,13","22","99","462,0,305"
"0/1","6,14","20","99","467,0,185"
"0/1","10,12","22","99","426,0,346"
"0/1","9,7","16","99","205,0,317"
"0/1","13,14","27","99","484,0,411"
"0/1","14,14","28","99","466,0,455"
"0/1","14,20","34","99","591,0,445"
"0/1","18,8","26","99","252,0,585"
"0/1","9,13","22","99","386,0,304"
"0/1","10,8","18","99","278,0,314"
"0/1","13,13","26","99","451,0,438"
"0/1","13,11","24","99","372,0,457"
"0/1","6,15","21","99","465,0,190"
"0/1","14,21","35","99","694,0,403"
"0/1","13,21","34","99","727,0,339"
"0/1","15,18","33","99","622,0,512"
"0/1","17,17","34","99","579,0,562"
"0/1","16,16","32","99","557,0,514"
"0/1","20,11","31","99","342,0,680"
"0/1","20,9","29","99","234,0,702"
"0/1","22,13","35","99","402,0,755"
"0/1","19,16","35","99","520,0,630"
"0/1","19,16","35","99","525,0,604"
"0/1","19,15","34","99","499,0,659"
"0/1","19,16","35","99","534,0,648"
"0/1","20,14","34","99","470,0,691"
"0/1","17,11","28","99","362,0,579"
"0/1","15,17","32","99","593,0,505"
"0/1","10,21","31","99","756,0,301"
"0/1","8,22","30","99","810,0,227"
"0/1","8,21","29","99","777,0,190"
"0/1","9,25","34","99","872,0,263"
"0/1","9,24","33","99","828,0,264"
"0/1","9,15","24","99","511,0,292"
"0/1","9,16","25","99","549,0,294"
"0/1","17,17","34","99","554,0,591"
"0/1","11,20","31","99","696,0,297"
"0/1","11,20","31","99","717,0,304"
"0/1","11,16","27","99","565,0,276"
"0/1","13,15","29","99","525,0,389"
"0/1","17,20","37","99","652,0,571"
"0/1","27,12","39","99","321,0,911"
"0/1","18,13","31","99","379,0,576"
"0/1","17,13","30","99","212,0,494"
"0/1","17,14","31","99","422,0,581"
"0/1","17,17","34","99","513,0,583"
"0/1","16,17","33","99","479,0,524"
"0/1","15,20","35","99","617,0,497"
"0/1","19,16","35","99","517,0,600"
"0/1","14,16","30","99","480,0,453"
"0/1","12,12","24","99","381,0,423"
"0/1","10,8","18","99","238,0,309"
"0/1","9,11","20","99","356,0,310"
"0/1","10,11","21","99","303,0,340"
"0/1","12,15","27","99","411,0,381"
"0/1","17,14","31","99","351,0,562"
"0/1","18,14","32","99","353,0,580"
"0/1","13,19","32","99","565,0,354"
"0/0","34,0","34","87","0,87,1153"
"0/1","20,11","31","99","290,0,576"
"0/1","20,15","35","99","386,0,569"
"0/1","19,14","33","99","403,0,579"
"0/1","9,12","21","99","436,0,272"
"0/1","2,10","12","44","373,0,44"
"0/1","6,8","14","99","282,0,203"
"0/1","4,7","11","99","200,0,132"
"0/1","9,8","17","99","263,0,315"
"0/1","9,8","17","99","261,0,319"
"0/1","12,8","20","99","230,0,422"
"0/1","12,17","29","99","563,0,362"
"0/1","9,19","28","99","672,0,278"
"0/1","13,20","33","99","666,0,400"
"0/1","13,19","32","99","622,0,394"
"0/1","17,16","33","99","553,0,512"
"0/1","16,16","32","99","548,0,487"
"0/1","16,16","32","99","548,0,492"
"0/1","14,14","28","99","477,0,452"
"0/1","15,13","28","99","433,0,483"
"0/1","13,6","19","99","189,0,420"
"0/1","13,19","32","99","641,0,437"
"0/1","17,17","34","99","509,0,594"
"0/1","11,12","23","99","369,0,380"
"0/1","15,7","22","99","187,0,511"
"0/1","9,16","25","99","513,0,302"
"0/1","9,17","26","99","610,0,271"
"0/1","10,17","27","99","525,0,319"
"0/1","14,4","18","75","75,0,483"
"0/1","15,8","23","99","173,0,513"
"0/1","15,8","23","99","173,0,514"
"0/1","17,21","38","99","672,0,529"
"0/1","19,11","30","99","357,0,599"
"0/1","12,18","30","99","618,0,370"
"0/1","17,17","34","99","575,0,466"
"0/1","22,17","39","99","464,0,708"
"0/1","15,15","30","99","419,0,512"
"0/1","14,9","23","99","157,0,504"
"0/1","23,11","34","99","201,0,717"
"0/1","22,12","34","99","204,0,656"
"0/1","22,12","34","99","182,0,745"
"0/1","24,8","32","84","84,0,748"
"0/1","18,8","26","83","83,0,570"
"0/1","17,8","25","78","78,0,561"
"1/1","1,23","24","57","714,57,0"
"0/1","34,9","43","72","72,0,932"
"0/1","53,25","82","99","333,0,1253"
"0/1","49,21","70","99","331,0,1048"
"0/1","43,11","54","99","281,0,887"
"0/1","48,14","62","99","207,0,1426"
"0/1","36,11","47","99","163,0,1215"
"0/1","13,15","28","99","372,0,386"
"0/1","22,7","29","99","106,0,525"
"0/1","11,9","20","99","233,0,347"
"0/1","12,16","28","99","458,0,401"
"0/1","11,13","24","99","417,0,370"
"0/1","12,7","19","99","220,0,401"
"0/1","11,10","21","99","346,0,383"
"0/1","15,14","29","99","463,0,518"
"0/1","17,11","28","99","345,0,546"
"0/1","15,13","28","99","372,0,472"
"0/1","14,16","30","99","444,0,479"
"0/1","14,20","34","99","609,0,414"
"0/1","10,17","27","99","582,0,316"
"0/1","11,17","28","99","605,0,269"
"0/1","12,19","31","99","604,0,385"
"0/1","21,21","42","99","685,0,641"
"0/1","22,19","41","99","628,0,654"
"0/1","11,15","26","99","502,0,345"
"0/1","8,13","21","99","455,0,242"
"0/1","12,13","25","99","387,0,348"
"0/1","12,18","30","99","592,0,389"
"0/1","19,17","36","99","563,0,577"
"0/1","13,10","23","99","344,0,407"
"0/1","10,19","29","99","598,0,282"
"0/1","9,12","21","99","352,0,313"
"0/1","9,10","19","99","340,0,273"
"0/1","13,7","20","99","196,0,374"
"0/1","6,8","15","99","282,0,205"
"0/1","15,10","25","99","332,0,488"
"0/1","9,18","27","99","615,0,275"
"0/1","11,14","25","99","420,0,295"
"0/1","1,5","6","22","184,0,22"
"0/1","7,10","17","99","251,0,156"
"0/1","5,4","9","65","65,0,116"
"0/1","8,6","14","99","210,0,242"
"0/1","11,6","17","99","198,0,285"
"0/1","16,8","24","99","248,0,510"
"0/1","13,11","24","99","357,0,452"
"0/1","11,13","24","99","452,0,381"
"0/1","12,10","22","99","333,0,418"
"0/0","15,0","15","42","0,42,558"
"0/0","18,1","19","42","0,42,513"
"0/0","22,0","22","60","0,60,740"
"0/0","23,0","23","60","0,60,764"
"0/1","13,14","27","99","428,0,365"
"0/1","11,13","25","99","320,0,351"
"0/1","13,26","39","99","826,0,385"
"0/1","11,9","20","99","293,0,316"
"0/1","16,13","29","99","418,0,309"
"0/1","14,16","30","99","388,0,454"
"0/1","9,13","22","99","442,0,255"
"0/1","14,8","22","99","222,0,247"
"0/1","13,7","20","99","223,0,427"
"0/1","34,10","44","99","275,0,1098"
"0/1","18,11","29","99","345,0,561"
"0/1","20,15","35","99","413,0,688"
"0/1","22,14","36","99","457,0,774"
"0/1","22,15","37","99","490,0,782"
"0/1","18,21","39","99","635,0,600"
"0/1","14,13","28","99","402,0,480"
"0/1","14,6","20","99","168,0,493"
"0/1","14,8","22","99","253,0,498"
"0/1","14,17","31","99","574,0,474"
"0/1","14,10","24","99","268,0,502"
"0/1","13,8","21","99","225,0,472"
"0/1","8,13","21","99","469,0,264"
"0/1","9,5","14","99","158,0,315"
"0/1","7,4","11","99","132,0,251"
"0/1","7,4","11","99","132,0,251"
"0/1","12,16","28","99","514,0,368"
"0/1","8,16","24","99","573,0,252"
"0/1","10,14","24","99","428,0,350"
"0/1","11,10","21","99","343,0,369"
"0/1","19,20","39","99","686,0,589"
"0/1","14,11","25","99","354,0,493"
"0/1","9,9","18","99","311,0,297"
"0/1","12,9","21","99","304,0,355"
"0/1","10,7","17","99","235,0,319"
"0/1","7,12","19","99","425,0,222"
"0/1","10,9","19","99","308,0,316"
"0/1","11,12","23","99","366,0,334"
"0/1","13,9","22","99","255,0,441"
"0/0","22,1","24","29","0,29,797"
"0/0","23,1","25","27","0,27,845"
"0/0","25,2","28","30","0,30,858"
"0/0","26,1","28","27","0,27,824"
"0/0","26,1","29","33","0,33,920"
"0/0","27,1","29","33","0,33,921"
"0/0","27,2","29","28","0,28,876"
"0/0","27,2","29","18","0,18,876"
"0/0","27,1","28","33","0,33,937"
"0/0","25,2","27","17","0,17,812"
"0/1","19,21","40","99","658,0,629"
"0/1","8,18","26","99","640,0,251"
"0/1","15,11","26","99","365,0,453"
"0/1","11,12","24","99","339,0,343"
"0/1","14,20","34","99","590,0,457"
"0/1","16,13","29","99","433,0,560"
"0/1","8,13","21","99","449,0,214"
"0/1","17,20","37","99","668,0,546"
"0/1","23,27","50","99","906,0,741"
"0/1","13,14","27","99","472,0,372"
"0/1","12,11","23","99","303,0,380"
"0/1","22,16","38","99","360,0,756"
"1/1","0,31","31","84","1099,84,0"
"0/1","12,13","25","99","405,0,378"
"0/0","23,1","24","43","0,43,845"
"0/1","12,17","29","99","404,0,401"
"0/1","9,15","25","99","456,0,279"
"0/1","7,20","27","99","683,0,205"
"0/1","20,10","30","99","292,0,684"
"0/1","19,14","33","99","468,0,500"
"0/1","18,20","38","99","606,0,592"
"0/1","15,15","30","99","506,0,508"
"0/1","22,15","37","99","466,0,714"
"0/1","15,16","31","99","490,0,457"
"0/1","13,18","31","99","587,0,354"
"0/1","20,15","35","99","468,0,630"
"0/1","14,13","27","99","367,0,482"
"0/1","14,7","21","99","214,0,483"
"0/1","21,13","34","99","389,0,675"
"0/1","27,14","41","99","426,0,901"
"0/1","18,27","45","99","864,0,551"
"0/1","11,14","25","99","489,0,333"
"0/1","15,19","34","99","580,0,477"
"0/1","14,9","23","99","176,0,461"
"0/1","7,10","18","99","361,0,225"
"0/1","15,16","31","99","542,0,502"
"0/1","39,15","54","99","370,0,1226"
"0/1","49,15","64","99","432,0,1539"
"0/1","14,10","24","99","340,0,484"
"0/1","14,10","24","99","337,0,495"
"0/1","9,19","28","99","690,0,282"
"0/1","13,17","30","99","521,0,375"
"0/1","4,8","12","99","276,0,129"
"0/1","14,12","26","99","338,0,301"
"0/1","10,10","20","99","323,0,331"
"0/1","13,16","29","99","425,0,432"
"0/1","38,12","50","99","219,0,1209"
"0/1","21,12","35","99","379,0,673"
"0/1","3,25","28","30","869,0,30"
"1/1","2,25","27","10","897,10,0"
"0/1","12,12","24","99","336,0,387"
"0/1","15,17","32","99","591,0,465"
"0/1","14,19","33","99","498,0,350"
"0/1","19,16","35","99","532,0,560"
"0/1","8,12","20","99","359,0,226"
"0/1","14,9","23","99","196,0,457"
"0/1","13,18","31","99","554,0,406"
"0/1","6,11","17","99","391,0,192"
"0/1","6,9","15","99","283,0,200"
"0/1","12,13","25","99","423,0,388"
"0/1","8,7","15","99","229,0,277"
"0/1","9,17","26","99","566,0,291"
"0/1","11,17","28","99","612,0,360"
"0/1","16,8","24","99","261,0,510"
"0/1","13,19","32","99","640,0,434"
"0/1","8,9","17","99","319,0,239"
"0/1","9,12","21","99","420,0,299"
"0/1","10,9","19","99","317,0,350"
"0/1","11,13","24","99","436,0,301"
"0/1","10,10","20","99","324,0,336"
"0/1","15,9","24","99","291,0,497"
"0/1","18,13","31","99","385,0,587"
"0/1","20,24","47","99","594,0,145"
"0/1","11,13","24","99","423,0,333"
"0/1","22,11","33","99","324,0,709"
"0/1","15,15","30","99","495,0,452"
"0/1","3,3","6","67","96,0,67"
"0/1","12,14","26","99","485,0,410"
"0/1","15,11","26","99","373,0,534"
"0/1","9,12","21","99","294,0,247"
"0/1","20,11","31","99","348,0,691"
"0/1","9,14","23","99","505,0,276"
"0/1","9,4","13","99","120,0,319"
"0/1","15,13","28","99","311,0,511"
"0/0","15,0","15","39","0,39,487"
"0/1","19,11","31","99","247,0,524"
"0/1","9,6","15","99","200,0,317"
"0/1","12,18","30","99","506,0,393"
"0/0","39,0","39","99","0,108,1411"
"0/1","16,9","25","99","277,0,490"
"0/1","15,10","25","99","335,0,482"
"0/1","13,12","25","99","411,0,453"
"0/1","15,11","26","99","368,0,490"
"0/1","22,17","39","99","529,0,649"
"0/1","14,13","27","99","438,0,470"
"0/1","15,18","33","99","592,0,461"
"0/1","17,19","36","99","619,0,540"
"0/1","13,17","31","99","520,0,444"
"0/1","14,16","30","99","454,0,443"
"0/1","11,11","22","99","358,0,346"
"0/1","11,17","28","99","564,0,363"
"1/1","0,31","31","90","1199,90,0"
"0/1","19,15","34","99","478,0,506"
"0/1","14,11","25","99","267,0,456"
"0/1","14,19","33","99","597,0,421"
"0/1","11,20","31","99","705,0,314"
"0/1","13,19","32","99","657,0,428"
"0/1","15,19","34","99","658,0,464"
"0/1","17,15","32","99","457,0,550"
"0/1","14,25","39","99","753,0,360"
"0/1","6,11","18","99","334,0,105"
"0/1","16,12","28","99","400,0,502"
"0/1","9,7","16","99","239,0,304"
"0/1","7,6","13","99","201,0,203"
"0/1","5,7","12","99","207,0,147"
"0/1","14,14","28","99","468,0,471"
"0/1","17,13","30","99","386,0,544"
"0/1","23,9","32","99","277,0,714"
"0/1","10,13","23","99","447,0,329"
"0/1","13,12","25","99","356,0,444"
"0/1","19,9","28","99","289,0,630"
"0/1","20,9","29","99","278,0,678"
"0/1","13,14","27","99","448,0,442"
"0/1","8,11","19","99","395,0,202"
"0/1","5,11","16","99","359,0,142"
"0/1","14,7","21","99","217,0,465"
"0/1","9,10","19","99","350,0,271"
"0/1","11,9","20","99","263,0,350"
"0/1","10,8","18","99","205,0,330"
"0/1","12,8","20","99","231,0,364"
"0/1","6,7","13","99","246,0,208"
"0/1","13,8","21","99","261,0,471"
"0/1","8,8","16","99","271,0,243"
"0/1","9,3","12","89","89,0,299"
"0/1","8,3","11","52","52,0,289"
"0/1","9,6","15","99","192,0,310"
"0/1","10,7","17","99","193,0,311"
"0/1","12,8","20","99","242,0,389"
"0/1","10,4","14","90","90,0,328"
"0/1","11,5","16","99","118,0,354"
"0/1","10,4","14","99","121,0,351"
"0/1","11,6","17","99","194,0,369"
"0/1","15,14","30","99","448,0,525"
"0/1","18,16","34","99","540,0,578"
"0/1","20,20","40","99","685,0,617"
"0/1","17,21","38","99","746,0,538"
"0/1","14,19","33","99","686,0,389"
"0/1","10,22","32","99","756,0,314"
"0/1","14,17","31","99","554,0,446"
"0/1","15,15","30","99","428,0,505"
"0/1","12,12","24","99","391,0,410"
"0/1","12,13","25","99","440,0,369"
"0/1","13,11","24","99","338,0,410"
"0/1","9,14","23","99","437,0,223"
"0/1","10,14","24","99","467,0,249"
"0/1","10,20","30","99","721,0,302"
"0/1","8,17","25","99","613,0,251"
"0/1","8,15","23","99","530,0,239"
"0/1","16,11","27","99","314,0,580"
"0/1","16,10","26","99","282,0,566"
"0/1","8,11","19","99","390,0,239"
"0/1","10,10","20","99","313,0,352"
"0/1","11,11","22","99","316,0,352"
"0/1","18,11","29","99","362,0,538"
"0/1","18,8","26","99","250,0,550"
"0/1","13,12","25","99","410,0,409"
"0/1","11,11","22","99","350,0,315"
"0/1","12,9","21","99","270,0,338"
"0/1","7,12","19","99","412,0,183"
"0/1","5,12","17","99","435,0,154"
"0/1","6,13","19","99","430,0,182"
"0/1","4,13","17","99","460,0,112"
"0/1","5,13","18","99","454,0,146"
"0/1","6,12","18","99","443,0,186"
"0/1","6,12","18","99","442,0,180"
"0/1","6,13","19","99","458,0,177"
"0/1","5,14","19","99","434,0,148"
"0/1","4,10","14","99","361,0,121"
"0/1","4,12","16","99","401,0,115"
"0/1","4,11","15","99","367,0,118"
"0/1","4,11","15","99","361,0,118"
"0/1","5,13","18","99","420,0,152"
"0/1","6,15","21","99","539,0,186"
"0/1","9,16","25","99","579,0,273"
"0/1","14,19","33","99","491,0,487"
"0/1","15,15","30","99","440,0,439"
"0/1","12,18","30","99","566,0,393"
"0/1","12,18","30","99","597,0,386"
"0/1","12,16","28","99","564,0,405"
"0/1","13,21","34","99","704,0,422"
"0/1","15,22","37","99","674,0,459"
"0/1","14,17","31","99","603,0,464"
"0/1","14,15","29","99","484,0,468"
"0/1","16,11","27","99","366,0,543"
"0/1","16,13","29","99","430,0,519"
"0/1","17,12","29","99","386,0,506"
"0/1","16,11","27","99","360,0,440"
"0/1","18,9","27","99","276,0,562"
"0/1","14,7","21","99","188,0,474"
"0/1","11,17","28","99","508,0,293"
"0/1","11,16","28","99","475,0,296"
"0/1","10,16","26","99","487,0,259"
"0/1","18,14","32","99","431,0,564"
"0/1","8,11","19","99","306,0,237"
"0/1","13,10","23","99","283,0,416"
"0/1","13,9","22","99","260,0,425"
"0/1","11,9","20","99","271,0,353"
"0/1","12,19","31","99","598,0,363"
"0/1","14,17","31","99","540,0,463"
"0/1","15,18","33","99","618,0,422"
"0/1","14,19","33","99","628,0,422"
"0/1","18,19","37","99","642,0,574"
"0/1","18,20","38","99","621,0,575"
"0/1","19,18","37","99","561,0,611"
"0/1","19,18","37","99","519,0,653"
"0/1","11,15","26","99","491,0,294"
"0/1","13,14","27","99","440,0,377"
"0/1","14,14","28","99","434,0,405"
"0/1","19,14","33","99","431,0,578"
"0/1","9,17","26","99","605,0,284"
"0/1","11,17","28","99","544,0,352"
"0/1","10,11","21","99","377,0,322"
"0/1","14,12","26","99","372,0,470"
"0/1","14,13","27","99","378,0,447"
"0/1","13,10","23","99","338,0,451"
"0/1","13,12","25","99","361,0,438"
"0/1","14,13","27","99","402,0,461"
"0/1","14,13","27","99","350,0,477"
"0/1","18,12","30","99","362,0,623"
"0/1","18,12","30","99","392,0,633"
"0/1","20,11","31","99","359,0,684"
"0/1","19,13","32","99","391,0,648"
"0/1","19,12","31","99","338,0,609"
"0/1","20,12","32","99","360,0,690"
"0/1","18,15","33","99","474,0,535"
"0/1","20,15","35","99","473,0,648"
"0/1","18,14","32","99","461,0,622"
"0/1","18,15","33","99","465,0,607"
"0/1","15,19","34","99","622,0,501"
"0/1","12,21","33","99","664,0,394"
"0/1","13,17","30","99","556,0,431"
"0/1","20,20","40","99","619,0,645"
"0/1","11,21","32","99","717,0,354"
"0/1","15,20","35","99","702,0,502"
"0/1","13,17","30","99","550,0,424"
"0/1","11,19","30","99","669,0,351"
"0/1","14,9","23","99","302,0,430"
"0/1","8,11","19","99","355,0,275"
"0/1","8,12","20","99","414,0,262"
"0/1","6,11","17","99","402,0,154"
"0/1","6,12","18","99","416,0,188"
"0/1","8,15","23","99","529,0,256"
"0/1","7,15","22","99","529,0,217"
"0/1","11,16","27","99","529,0,347"
"0/1","18,15","33","99","510,0,627"
"0/1","16,12","28","99","410,0,553"
"0/1","18,12","30","99","351,0,600"
"0/1","19,16","35","99","515,0,566"
"0/1","18,16","34","99","497,0,620"
"0/1","18,16","34","99","505,0,608"
"0/1","16,16","32","99","462,0,507"
"0/1","13,19","32","99","561,0,439"
"0/1","13,15","28","99","508,0,438"
"0/1","11,7","18","99","222,0,351"
"0/1","9,10","19","99","346,0,276"
"0/1","8,11","19","99","352,0,267"
"0/1","9,10","20","99","342,0,301"
"0/1","9,7","16","99","235,0,285"
"0/1","9,7","16","99","221,0,285"
"0/1","8,8","16","99","270,0,240"
"0/1","10,8","18","99","234,0,308"
"0/1","12,11","23","99","339,0,413"
"0/1","19,10","29","99","281,0,606"
"0/1","11,11","22","99","381,0,339"
"0/1","6,12","18","99","425,0,186"
"0/1","11,14","25","99","485,0,350"
"0/1","11,15","26","99","509,0,366"
"0/1","15,16","31","99","534,0,495"
"0/1","12,25","37","99","869,0,305"
"0/1","19,27","46","99","935,0,512"
"0/1","20,26","46","99","875,0,636"
"0/1","13,24","37","99","830,0,408"
"0/1","20,24","44","99","735,0,597"
"0/1","15,19","34","99","629,0,497"
"0/1","12,19","31","99","662,0,391"
"0/1","18,21","39","99","656,0,586"
"0/1","18,19","37","99","642,0,565"
"0/1","20,19","39","99","630,0,644"
"0/1","19,26","45","99","849,0,558"
"0/1","17,22","39","99","687,0,526"
"0/1","21,8","29","99","235,0,678"
"0/1","20,8","28","99","225,0,656"
"0/1","18,10","28","99","291,0,617"
"0/1","18,10","28","99","322,0,606"
"0/1","15,16","31","99","517,0,501"
"0/1","27,17","44","99","528,0,862"
"0/1","29,17","46","99","510,0,921"
"0/1","28,16","44","99","506,0,925"
"0/1","27,19","46","99","600,0,867"
"0/1","20,16","36","99","509,0,629"
"0/1","19,15","34","99","492,0,646"
"0/1","16,13","29","99","425,0,545"
"0/1","15,10","25","99","327,0,514"
"0/1","17,26","43","99","902,0,482"
"0/1","21,19","40","99","586,0,723"
"0/1","25,17","42","99","537,0,801"
"0/1","24,15","39","99","490,0,823"
"0/1","24,17","41","99","525,0,816"
"0/1","8,13","21","99","420,0,266"
"0/1","26,17","43","99","420,0,873"
"0/1","28,16","44","99","474,0,900"
"0/1","24,24","48","99","819,0,779"
"0/1","21,23","44","99","743,0,651"
"0/1","22,12","34","99","307,0,702"
"0/1","16,15","31","99","510,0,551"
"0/1","16,16","32","99","508,0,550"
"0/1","9,11","20","99","311,0,299"
"0/1","11,22","33","99","647,0,278"
"0/1","11,15","26","99","469,0,330"
"0/1","16,20","36","99","721,0,466"
"0/0","20,0","20","60","0,60,795"
"0/1","23,10","33","99","245,0,595"
"0/1","18,16","34","99","381,0,574"
"0/1","11,16","27","99","458,0,354"
"0/1","13,15","30","99","362,0,371"
"0/1","13,14","28","99","363,0,360"
"0/0","20,0","20","60","0,60,797"
"0/0","20,0","20","60","0,60,788"
"0/0","23,0","23","69","0,69,928"
"0/0","26,0","26","75","0,75,986"
"0/1","17,8","25","99","237,0,580"
"0/1","11,12","23","99","408,0,343"
"0/1","9,16","25","99","566,0,205"
"0/1","5,12","17","99","401,0,157"
"0/1","9,14","23","99","494,0,295"
"0/1","6,9","15","99","308,0,191"
"0/1","10,13","23","99","418,0,338"
"0/1","11,15","26","99","524,0,343"
"0/1","10,14","24","99","499,0,320"
"0/1","13,17","30","99","595,0,394"
"0/1","14,17","31","99","592,0,417"
"0/1","18,14","32","99","477,0,574"
"0/1","18,14","32","99","473,0,584"
"0/1","17,13","30","99","413,0,578"
"0/1","18,13","31","99","407,0,591"
"0/1","17,12","30","99","346,0,570"
"0/1","16,11","27","99","351,0,511"
"0/1","14,11","25","99","362,0,452"
"0/1","9,7","16","99","235,0,316"
"0/1","8,11","20","99","393,0,232"
"0/1","10,11","21","99","321,0,268"
"0/1","17,25","42","99","870,0,563"
"0/1","33,16","49","99","482,0,1062"
"0/1","17,14","32","99","134,0,408"
"0/1","12,6","18","99","139,0,433"
"0/1","8,9","17","99","304,0,272"
"0/1","14,11","25","99","328,0,499"
"0/1","10,9","19","99","263,0,338"
"0/1","16,8","24","99","223,0,547"
"0/1","18,9","27","99","244,0,609"
"0/1","7,8","15","99","283,0,167"
"0/1","7,5","12","99","167,0,246"
"0/1","12,7","19","99","232,0,390"
"0/1","7,15","22","99","531,0,182"
"0/1","9,14","23","99","498,0,224"
"0/1","8,12","20","99","427,0,235"
"0/1","11,11","22","99","350,0,341"
"0/1","19,9","28","99","285,0,657"
"0/1","15,10","25","99","301,0,424"
"0/1","15,6","21","99","169,0,426"
"0/1","13,16","29","99","439,0,427"
"0/1","21,13","34","99","412,0,597"
"0/1","11,7","18","99","233,0,390"
"0/1","9,14","23","99","442,0,280"
"0/1","14,10","24","99","334,0,455"
"0/1","10,17","27","99","607,0,322"
"0/1","16,14","30","99","472,0,509"
"0/1","11,11","23","99","302,0,362"
"0/1","16,7","23","99","188,0,409"
"0/0","23,0","23","57","0,57,755"
"0/1","16,8","24","99","239,0,523"
"0/1","12,14","26","99","421,0,411"
"0/1","7,9","16","99","280,0,235"
"0/1","11,14","25","99","447,0,363"
"0/1","16,21","37","99","709,0,522"
"0/1","16,15","31","99","476,0,507"
"0/1","16,15","31","99","476,0,397"
"0/1","11,13","24","99","399,0,336"
"0/1","16,10","26","99","321,0,526"
"0/1","19,2","24","59","59,0,141"
"0/1","18,3","23","59","59,0,142"
"0/1","18,2","20","22","22,0,145"
"0/1","18,10","29","99","293,0,521"
"0/1","18,15","34","99","398,0,501"
"0/1","10,12","22","99","390,0,300"
"0/1","7,10","17","99","347,0,217"
"0/1","12,14","26","99","472,0,396"
"0/1","7,13","20","99","430,0,233"
"0/1","8,12","20","99","433,0,269"
"0/1","10,13","23","99","354,0,274"
"0/1","12,16","28","99","433,0,347"
"0/1","14,14","28","99","393,0,417"
"0/1","13,14","27","99","415,0,408"
"0/1","15,14","29","99","490,0,493"
"0/1","10,9","19","99","268,0,349"
"0/1","10,17","27","99","594,0,309"
"0/1","11,17","28","99","489,0,348"
"0/1","11,10","21","99","310,0,281"
"0/1","13,13","26","99","378,0,427"
"0/1","14,13","27","99","405,0,483"
"0/1","10,10","20","99","315,0,349"
"0/1","11,13","24","99","458,0,346"
"0/1","13,13","26","99","406,0,425"
"0/1","7,12","19","99","392,0,230"
"0/1","11,10","21","99","341,0,373"
"0/1","10,11","21","99","375,0,326"
"0/1","9,6","16","99","198,0,318"
"0/1","9,12","21","99","341,0,236"
"0/1","10,18","28","99","450,0,262"
"0/1","5,8","13","99","285,0,146"
"0/1","5,9","14","99","307,0,99"
"0/1","12,12","24","99","377,0,375"
"0/1","12,14","26","99","423,0,392"
"0/1","11,3","14","75","75,0,311"
"0/1","9,6","15","99","155,0,227"
"0/1","16,14","30","99","468,0,546"
"0/1","16,12","28","99","400,0,507"
"0/1","8,8","16","99","237,0,282"
"0/1","6,26","32","99","508,0,115"
"0/1","19,24","43","99","716,0,613"
"0/1","13,17","30","99","536,0,421"
"0/1","13,19","32","99","623,0,399"
"0/1","10,16","26","99","573,0,276"
"0/1","14,7","21","99","174,0,516"
"0/1","7,5","12","99","161,0,241"
"0/1","15,13","28","99","434,0,482"
"0/1","17,12","29","99","366,0,566"
"0/1","15,11","26","99","335,0,533"
"0/1","23,19","42","99","611,0,754"
"0/1","17,18","35","99","565,0,520"
"0/1","12,10","22","99","343,0,415"
"0/1","14,20","34","99","691,0,449"
"0/1","10,17","28","99","592,0,285"
"0/1","9,16","25","99","564,0,271"
"0/1","14,16","31","99","488,0,355"
"0/1","9,14","23","99","430,0,255"
"0/1","21,13","34","99","396,0,692"
"0/1","52,20","73","99","538,0,894"
"0/1","16,10","26","99","273,0,573"
"0/1","17,20","40","99","611,0,480"
"0/1","8,16","24","99","453,0,254"
"0/1","19,18","37","99","568,0,647"
"0/1","5,10","15","99","362,0,126"
"0/1","10,7","17","99","216,0,316"
"0/1","16,10","26","99","324,0,529"
"0/1","5,9","14","99","309,0,158"
"0/1","12,12","24","99","415,0,409"
"0/1","13,12","25","99","391,0,461"
"0/0","22,0","22","63","0,63,823"
"0/0","23,0","23","69","0,69,892"
"0/0","22,0","22","63","0,63,834"
"0/0","21,0","21","63","0,63,837"
"0/0","21,0","21","63","0,63,831"
"0/0","21,0","21","63","0,63,814"
"0/0","26,0","26","78","0,78,1041"
"0/0","28,0","28","84","0,84,1114"
"0/0","29,0","29","87","0,87,1138"
"0/0","29,0","29","78","0,78,1052"
"0/0","28,0","29","84","0,84,1095"
"0/0","31,0","31","90","0,90,1200"
"0/0","32,0","32","93","0,93,1229"
"0/0","31,0","31","90","0,90,1200"
"0/0","31,0","31","93","0,93,1247"
"0/0","32,0","32","96","0,96,1276"
"0/1","24,12","37","99","341,0,753"
"0/1","17,19","36","99","574,0,573"
"0/0","22,0","22","63","0,63,859"
"0/1","9,13","22","99","417,0,298"
"0/1","16,15","31","99","448,0,550"
"0/1","12,11","23","99","304,0,399"
"0/0","30,2","32","77","0,77,939"
"0/1","39,10","53","99","206,0,1073"
"0/0","60,5","69","0","0,0,1786"
"0/1","35,6","42","78","78,0,1139"
"0/1","14,10","24","99","290,0,477"
"0/1","20,19","39","99","638,0,679"
"0/1","22,14","36","99","429,0,657"
"0/1","11,13","24","99","433,0,336"
"0/1","12,14","26","99","445,0,406"
"0/1","10,8","18","99","258,0,342"
"0/1","11,11","22","99","347,0,375"
"0/1","19,18","38","99","577,0,587"
"0/1","17,18","35","99","538,0,543"
"0/1","12,11","23","99","362,0,386"
"0/1","12,11","23","99","386,0,349"
"0/1","14,7","21","99","201,0,504"
"0/1","15,13","28","99","443,0,494"
"0/1","11,11","22","99","365,0,379"
"0/1","11,17","28","99","604,0,316"
"0/1","5,9","14","99","313,0,124"
"0/1","10,8","18","99","271,0,321"
"0/1","13,15","28","99","513,0,409"
"0/1","12,15","27","99","520,0,369"
"0/1","15,11","26","99","377,0,489"
"0/1","9,9","18","99","312,0,294"
"0/1","17,7","24","99","186,0,580"
"0/1","14,9","23","99","230,0,503"
"0/1","14,11","25","99","309,0,492"
"0/1","13,10","23","99","309,0,448"
"0/1","4,15","19","99","406,0,120"
"0/1","15,10","25","99","328,0,534"
"0/1","12,9","21","99","302,0,340"
"0/1","14,21","35","99","695,0,455"
"0/1","10,20","31","99","622,0,310"
"0/1","10,19","29","99","614,0,284"
"0/1","13,13","26","99","434,0,446"
"0/1","14,16","30","99","382,0,417"
"0/1","12,17","29","99","436,0,341"
"0/1","12,16","29","99","363,0,373"
"0/1","15,9","24","99","250,0,465"
"0/1","14,18","32","99","632,0,347"
"0/1","9,6","15","99","187,0,317"
"0/1","31,5","38","89","89,0,1001"
"0/1","10,11","21","99","352,0,297"
"0/1","20,17","37","99","525,0,668"
"0/1","12,11","23","99","366,0,376"
"0/1","9,3","12","86","86,0,331"
"0/1","9,8","17","99","278,0,281"
"0/1","5,7","13","99","205,0,166"
"0/1","13,10","23","99","284,0,458"
"0/1","15,9","24","99","226,0,540"
"0/1","9,10","19","99","329,0,290"
"0/1","7,13","20","99","426,0,220"
"0/1","15,13","28","99","441,0,448"
"0/1","19,12","31","99","347,0,638"
"0/1","12,17","29","99","570,0,410"
"0/1","7,10","17","99","277,0,233"
"0/1","19,20","39","99","663,0,542"
"0/1","12,12","24","99","401,0,383"
"0/1","12,15","27","99","498,0,317"
"0/1","13,15","28","99","476,0,441"
"0/1","14,12","26","99","411,0,454"
"0/1","7,11","18","99","358,0,228"
"0/1","11,26","37","99","845,0,327"
"0/1","13,26","39","99","826,0,409"
"0/1","14,10","24","99","301,0,429"
"0/1","8,15","23","99","532,0,216"
"0/1","9,9","18","99","318,0,310"
"0/1","14,16","30","99","543,0,480"
"0/1","18,16","34","99","376,0,492"
"0/1","23,10","35","99","214,0,517"
"0/0","29,0","29","81","0,81,1097"
"0/1","9,13","22","99","427,0,297"
"0/1","16,11","27","99","338,0,538"
"0/1","14,11","25","99","377,0,486"
"0/1","17,21","38","99","667,0,567"
"0/1","19,21","40","99","584,0,583"
"0/1","17,29","46","99","929,0,486"
"0/0","45,0","45","99","0,126,1637"
"0/1","21,13","34","99","429,0,568"
"0/0","27,0","28","78","0,78,1012"
"0/1","46,13","59","99","190,0,1279"
"0/1","11,14","25","99","443,0,357"
"0/1","13,10","23","99","330,0,433"
"0/1","23,26","49","99","835,0,735"
"0/1","10,5","15","99","157,0,315"
"0/1","3,14","17","52","515,0,52"
"0/1","16,9","25","99","295,0,520"
"0/1","7,10","17","99","350,0,230"
"0/1","9,6","15","99","195,0,324"
"0/1","9,6","15","99","194,0,321"
"0/1","12,3","15","75","75,0,400"
"0/1","8,17","25","99","593,0,179"
"0/1","12,13","25","99","420,0,403"
"0/1","14,10","24","99","336,0,406"
"0/1","10,9","19","99","307,0,347"
"0/1","11,9","20","99","275,0,387"
"0/1","7,6","13","99","197,0,243"
"0/1","13,9","22","99","298,0,439"
"0/1","9,8","17","99","244,0,273"
"0/1","19,15","34","99","517,0,630"
"0/1","10,14","24","99","467,0,300"
"0/1","13,18","31","99","597,0,404"
"0/1","13,10","23","99","320,0,381"
"0/1","17,18","35","99","557,0,509"
"0/1","19,19","38","99","576,0,574"
"0/1","28,18","46","99","569,0,998"
"0/1","18,15","33","99","497,0,562"
"0/1","28,21","49","99","563,0,739"
"0/1","17,16","33","99","482,0,579"
"0/1","21,25","46","99","841,0,562"
"0/1","26,23","49","99","625,0,801"
"0/1","23,8","31","99","211,0,650"
"0/1","15,17","32","99","535,0,477"
"0/1","13,11","24","99","369,0,437"
"0/1","17,18","35","99","598,0,503"
"0/1","20,8","30","99","208,0,482"
"0/1","16,24","40","99","830,0,469"
"0/1","21,27","48","99","868,0,654"
"0/1","9,9","18","99","293,0,304"
"0/1","12,20","32","99","705,0,388"
"0/1","14,15","29","99","452,0,446"
"0/1","13,10","23","99","310,0,382"
"0/1","13,12","25","99","378,0,450"
"0/1","11,11","22","99","387,0,343"
"0/1","14,10","24","99","303,0,389"
"0/1","14,11","25","99","341,0,416"
"0/1","16,9","25","99","292,0,498"
"0/1","13,3","16","75","75,0,472"
"0/1","15,8","23","99","143,0,526"
"0/1","17,11","28","99","291,0,526"
"0/1","14,13","27","99","381,0,344"
"0/1","8,10","18","99","345,0,256"
"0/1","9,14","23","99","507,0,301"
"0/1","9,10","19","99","352,0,317"
"0/1","11,10","21","99","339,0,379"
"0/1","14,11","25","99","368,0,486"
"0/1","9,10","19","99","332,0,304"
"0/1","16,11","27","99","332,0,521"
"0/1","18,18","36","99","581,0,536"
"0/1","16,16","33","99","423,0,509"
"0/1","14,17","31","99","559,0,396"
"0/1","14,17","31","99","538,0,443"
"0/1","16,15","31","99","521,0,555"
"0/1","12,13","25","99","440,0,400"
"0/1","13,13","26","99","449,0,409"
"0/1","9,17","26","99","609,0,286"
"0/1","13,19","32","99","598,0,343"
"0/1","11,15","26","99","517,0,367"
"0/1","19,12","31","99","394,0,582"
"0/1","16,9","25","99","280,0,468"
"0/1","7,9","16","99","302,0,232"
"0/1","7,9","16","99","314,0,232"
"0/1","10,15","25","99","534,0,288"
"0/1","13,15","28","99","346,0,445"
"0/1","15,20","35","99","608,0,472"
"0/1","17,14","31","99","439,0,573"
"0/1","12,13","25","99","417,0,356"
"0/1","17,16","33","99","446,0,564"
"0/1","18,18","36","99","539,0,583"
"0/1","17,13","30","99","431,0,486"
"0/1","23,20","43","99","611,0,668"
"0/0","14,0","14","36","0,36,476"
"0/0","14,0","14","39","0,39,493"
"0/0","14,0","14","39","0,39,507"
"0/1","14,13","27","99","310,0,463"
"0/1","14,11","25","99","185,0,406"
"0/1","19,12","31","99","356,0,653"
"0/1","23,13","36","99","356,0,700"
"0/1","20,20","40","99","640,0,688"
"0/1","23,17","40","99","528,0,773"
"0/1","13,15","28","99","478,0,431"
"0/1","24,14","38","99","456,0,820"
"0/1","10,15","25","99","471,0,315"
"0/1","20,24","44","99","796,0,549"
"0/1","21,17","38","99","514,0,511"
"0/1","18,18","36","99","590,0,532"
"0/1","11,15","27","99","470,0,326"
"1/1","4,27","31","53","898,53,0"
"1/1","0,22","22","51","683,51,0"
"0/1","13,13","26","99","397,0,415"
"0/1","18,11","29","99","350,0,531"
"0/1","13,7","20","99","212,0,406"
"0/0","37,0","37","99","0,99,1308"
"0/0","38,0","38","99","0,102,1314"
"0/1","13,18","31","99","608,0,396"
"0/1","16,9","25","99","227,0,519"
"0/1","10,12","22","99","424,0,291"
"0/1","22,8","30","99","194,0,744"
"0/1","13,17","30","99","594,0,382"
"0/1","11,13","24","99","426,0,383"
"0/1","14,14","28","99","471,0,426"
"0/1","13,15","28","99","473,0,229"
"0/0","22,0","22","54","0,54,678"
"0/1","7,13","20","99","464,0,194"
"0/1","5,8","13","99","278,0,158"
"0/1","5,6","11","99","219,0,138"
"0/1","4,8","12","99","290,0,117"
"0/1","5,5","10","99","175,0,138"
"0/1","12,5","17","99","122,0,433"
"0/1","6,13","19","99","469,0,154"
"0/1","11,5","16","99","152,0,393"
"0/1","8,3","11","86","86,0,292"
"0/1","16,18","34","99","545,0,459"
"0/1","18,12","30","99","415,0,536"
"0/1","9,13","22","99","429,0,230"
"0/1","10,10","20","99","341,0,313"
"0/1","14,11","25","99","369,0,412"
"0/1","8,15","23","99","479,0,254"
"0/1","4,8","12","89","286,0,89"
"0/1","15,12","27","99","407,0,522"
"0/1","12,10","22","99","242,0,354"
"0/1","14,12","26","99","401,0,426"
"0/1","11,8","19","99","257,0,353"
"0/1","16,13","29","99","431,0,479"
"0/0","32,0","32","93","0,93,1249"
"0/0","33,0","33","96","0,96,1274"
"0/1","30,4","34","32","32,0,1039"
"0/1","26,17","43","99","315,0,743"
"0/1","18,22","40","99","724,0,536"
"0/1","15,22","37","99","747,0,420"
"0/1","7,8","15","99","287,0,166"
"0/1","9,7","16","99","178,0,314"
"0/1","9,7","16","99","188,0,314"
"0/1","10,8","18","99","210,0,353"
"0/1","10,7","17","99","227,0,319"
"0/1","5,11","16","99","397,0,118"
"0/1","11,18","29","99","645,0,326"
"0/1","10,8","18","99","281,0,304"
"0/1","17,9","26","99","293,0,435"
"0/1","15,15","30","99","464,0,472"
"0/1","15,10","25","99","270,0,535"
"0/1","9,10","19","99","319,0,278"
"0/1","7,11","18","99","320,0,221"
"0/1","17,12","29","99","383,0,512"
"0/1","18,23","42","99","732,0,577"
"0/1","34,5","39","67","67,0,1127"
"0/1","18,7","26","99","205,0,623"
"0/0","32,2","34","30","0,30,1104"
"0/0","29,2","31","24","0,24,1025"
"0/0","24,2","26","7","0,7,789"
"0/1","6,17","23","99","527,0,180"
"0/1","19,19","38","99","603,0,611"
"0/1","13,7","21","99","142,0,195"
"0/1","15,15","30","99","457,0,414"
"0/1","19,9","28","99","288,0,624"
"0/1","23,10","33","99","309,0,763"
"0/1","9,26","36","99","690,0,187"
"0/1","8,11","19","99","395,0,224"
"0/1","19,12","31","99","383,0,573"
"0/1","15,16","31","99","543,0,509"
"0/1","15,17","32","99","549,0,475"
"0/1","16,11","27","99","372,0,505"
"0/1","16,15","31","99","484,0,519"
"0/1","16,10","27","99","313,0,487"
"0/1","8,13","21","99","445,0,251"
"0/1","10,11","21","99","343,0,278"
"0/1","6,8","14","99","269,0,193"
"0/1","10,2","12","50","50,0,333"
"0/1","11,12","23","99","417,0,341"
"0/1","16,7","23","99","217,0,581"
"0/1","9,12","21","99","294,0,276"
"0/0","37,3","40","40","0,40,1362"
"0/1","11,16","27","99","566,0,368"
"0/1","10,16","26","99","520,0,337"
"0/1","16,15","31","99","469,0,528"
"0/1","15,12","27","99","399,0,504"
"0/1","14,16","30","99","455,0,405"
"0/1","17,9","26","99","274,0,552"
"0/1","14,11","25","99","297,0,399"
"0/1","18,17","35","99","506,0,561"
"0/1","22,17","39","99","549,0,700"
"0/1","10,22","32","99","787,0,304"
"0/1","7,5","12","83","83,0,93"
"0/1","11,13","24","99","454,0,354"
"0/1","11,18","29","99","565,0,361"
"0/0","23,1","24","69","0,69,938"
"0/0","24,1","25","72","0,72,974"
"0/1","15,17","32","99","589,0,435"
"0/1","7,18","25","99","536,0,221"
"0/1","9,3","12","81","81,0,325"
"0/1","15,17","32","99","536,0,487"
"0/0","7,0","7","21","0,21,274"
"0/0","8,0","8","24","0,24,319"
"0/0","9,0","9","27","0,27,345"
"0/0","14,1","15","2","0,2,485"
"0/0","20,0","21","51","0,51,669"
"0/1","14,14","28","99","408,0,480"
"0/1","11,10","21","99","300,0,368"
"0/1","16,11","27","99","325,0,560"
"0/1","17,10","27","99","284,0,616"
"0/1","25,16","41","99","346,0,819"
"0/1","31,16","47","99","309,0,1046"
"0/1","8,9","17","99","296,0,273"
"0/1","14,8","22","99","254,0,461"
"0/1","19,16","35","99","481,0,677"
"0/1","11,16","27","99","519,0,356"
"0/1","9,20","31","99","590,0,119"
"0/1","3,12","15","81","392,0,81"
"0/1","16,13","29","99","409,0,438"
"0/1","17,13","30","99","275,0,499"
"0/1","5,7","12","99","218,0,121"
"0/1","15,14","29","99","428,0,413"
"0/1","14,13","27","99","385,0,446"
"1/1","1,15","16","8","544,8,0"
"0/1","9,4","13","99","121,0,310"
"0/1","19,17","36","99","541,0,629"
"0/1","30,12","42","99","359,0,1082"
"0/1","30,5","35","60","60,0,991"
"0/1","47,15","63","99","405,0,1601"
"0/1","28,23","51","99","766,0,965"
"0/1","6,11","17","99","309,0,182"
"0/0","30,3","33","4","0,4,776"
"0/0","61,8","69","4","0,4,2002"
"0/1","66,10","76","75","75,0,2244"
"0/1","18,13","31","99","394,0,531"
"0/1","20,12","32","99","305,0,706"
"0/0","32,0","32","96","0,96,1268"
"1/1","0,15","15","42","565,42,0"
"0/1","11,15","26","99","505,0,315"
"0/1","12,13","25","99","442,0,372"
"0/1","15,10","25","99","330,0,448"
"0/1","13,18","31","99","579,0,366"
"0/1","12,15","27","99","513,0,374"
"0/0","27,0","27","81","0,81,1070"
"0/1","13,9","22","99","288,0,457"
"0/0","22,2","26","42","0,42,518"
"0/1","10,13","23","99","458,0,337"
"0/1","16,18","34","99","589,0,481"
"0/1","9,14","23","99","454,0,296"
"0/1","14,11","25","99","340,0,494"
"0/1","12,13","25","99","424,0,418"
"0/1","17,12","29","99","390,0,533"
"0/1","10,18","28","99","582,0,315"
"0/1","5,23","28","99","738,0,113"
"0/1","9,10","19","99","277,0,237"
"0/1","12,12","24","99","398,0,365"
"0/1","14,14","28","99","479,0,475"
"0/1","17,14","32","99","388,0,592"
"0/1","10,14","24","99","471,0,253"
"0/1","15,13","28","99","422,0,472"
"0/1","23,20","43","99","599,0,734"
"0/1","16,11","27","99","348,0,531"
"0/1","15,7","22","99","202,0,516"
"0/1","14,15","29","99","527,0,443"
"0/1","19,15","34","99","500,0,552"
"0/1","22,12","34","99","379,0,738"
"0/1","7,14","21","99","465,0,185"
"0/1","17,8","25","99","239,0,585"
"0/1","13,11","24","99","364,0,381"
"0/1","8,12","20","99","386,0,258"
"0/1","61,21","82","99","279,0,1291"
"0/1","62,21","83","99","242,0,1246"
"0/1","47,36","83","99","686,0,882"
"0/1","67,24","91","99","331,0,1387"
"0/1","39,12","51","73","73,0,1065"
"0/1","16,23","39","99","768,0,495"
"0/1","13,12","25","99","357,0,441"
"0/1","24,15","39","99","439,0,738"
"0/1","21,18","39","99","486,0,619"
"0/1","13,17","30","99","520,0,431"
"0/1","9,12","21","99","428,0,293"
"0/1","21,23","44","99","727,0,664"
"0/1","25,15","40","99","491,0,755"
"0/1","17,16","33","99","543,0,577"
"0/1","17,16","33","99","440,0,481"
"0/1","10,14","24","99","494,0,332"
"0/1","6,11","17","99","388,0,183"
"0/1","6,7","13","99","210,0,214"
"0/1","8,14","22","99","428,0,263"
"0/1","11,12","23","99","420,0,377"
"0/1","8,11","19","99","353,0,253"
"0/1","11,12","23","99","406,0,380"
"0/1","12,12","25","99","337,0,405"
"0/1","10,11","21","99","381,0,313"
"0/1","9,15","24","99","513,0,237"
"0/1","6,11","17","99","359,0,196"
"0/1","15,13","28","99","443,0,532"
"0/1","16,10","26","99","331,0,540"
"0/1","12,8","20","99","270,0,380"
"0/1","12,8","20","99","265,0,387"
"0/1","10,10","20","99","312,0,335"
"0/1","10,10","20","99","338,0,339"
"0/1","5,7","12","99","241,0,164"
"0/1","42,21","63","99","660,0,1260"
"0/1","36,11","47","99","263,0,1238"
"0/1","11,12","23","99","426,0,295"
"0/1","18,9","27","99","278,0,595"
"0/1","14,9","23","99","277,0,491"
"0/1","14,13","27","99","461,0,419"
"0/1","10,8","18","99","264,0,343"
"0/1","13,6","21","99","191,0,387"
"0/1","10,5","15","99","160,0,349"
"0/1","13,17","30","99","585,0,405"
"0/1","10,20","30","99","720,0,296"
"0/1","15,22","37","99","737,0,453"
"0/0","28,0","28","75","0,75,976"
"0/1","17,15","32","99","443,0,504"
"0/1","12,13","25","99","441,0,400"
"0/1","11,14","25","99","437,0,336"
"0/1","19,14","33","99","413,0,624"
"0/1","12,12","24","99","400,0,416"
"0/1","12,12","24","99","372,0,418"
"0/1","19,13","32","99","393,0,636"
"0/1","13,10","23","99","309,0,398"
"0/1","8,6","15","99","201,0,243"
"0/1","14,4","18","99","108,0,511"
"0/1","6,6","12","99","198,0,206"
"0/1","11,12","23","99","376,0,347"
"0/1","15,16","31","99","489,0,452"
"0/1","16,10","26","99","256,0,522"
"0/1","9,6","15","99","132,0,200"
"0/1","19,16","35","99","527,0,376"
"0/1","23,14","37","99","422,0,682"
"0/1","18,17","35","99","572,0,535"
"0/1","22,17","39","99","557,0,683"
"0/1","12,18","30","99","610,0,361"
"0/0","15,0","15","42","0,42,527"
"0/0","11,0","12","33","0,33,430"
"0/1","20,19","39","99","516,0,628"
"0/1","11,12","23","99","356,0,349"
"0/1","10,10","20","99","260,0,347"
"0/1","9,13","22","99","382,0,260"
"0/1","5,14","19","99","474,0,147"
"0/1","6,12","18","99","429,0,191"
"0/1","5,13","18","99","409,0,159"
"0/1","12,16","28","99","531,0,393"
"0/1","22,16","38","99","433,0,724"
"0/1","15,10","25","99","330,0,523"
"0/0","20,2","22","12","0,12,637"
"0/1","19,11","31","99","250,0,563"
"0/1","28,23","51","99","687,0,881"
"0/1","16,24","40","99","832,0,509"
"0/1","18,22","40","99","721,0,611"
"0/1","7,25","32","99","922,0,191"
"0/1","24,15","39","99","469,0,859"
"0/1","26,20","46","99","681,0,857"
"0/1","25,22","47","99","708,0,801"
"0/1","22,25","47","99","860,0,742"
"0/1","24,17","41","99","518,0,846"
"0/1","9,13","22","99","449,0,298"
"0/1","16,9","25","99","284,0,533"
"0/1","16,12","28","99","323,0,445"
"0/1","16,12","28","99","365,0,469"
"0/1","13,19","32","99","644,0,410"
"0/1","24,22","46","99","677,0,665"
"0/1","13,32","45","99","885,0,283"
"0/1","18,14","32","99","461,0,596"
"0/1","16,11","27","99","334,0,532"
"0/1","12,21","33","99","740,0,348"
"0/1","7,13","20","99","461,0,207"
"0/1","14,11","25","99","368,0,458"
"0/1","14,12","26","99","377,0,459"
"0/1","14,16","30","99","432,0,448"
"0/1","9,11","21","99","375,0,305"
"0/1","12,14","27","99","461,0,401"
"0/1","14,14","28","99","437,0,454"
"0/1","16,14","30","99","340,0,496"
"0/1","5,10","15","99","366,0,152"
"0/1","15,12","27","99","376,0,516"
"0/1","14,12","26","99","396,0,483"
"0/1","13,15","28","99","477,0,357"
"0/1","13,15","28","99","452,0,438"
"0/1","7,15","22","99","505,0,182"
"0/1","12,13","25","99","440,0,299"
"0/1","11,11","22","99","381,0,313"
"0/1","12,12","24","99","400,0,415"
"0/1","16,14","30","99","404,0,494"
"0/1","9,12","21","99","427,0,295"
"0/1","12,18","30","99","583,0,399"
"0/1","14,14","28","99","448,0,443"
"0/1","6,7","13","99","242,0,201"
"0/1","6,6","12","99","206,0,196"
"0/1","6,3","9","90","90,0,171"
"0/1","10,5","15","99","157,0,333"
"0/1","15,8","23","99","258,0,532"
"0/1","11,15","26","99","508,0,368"
"0/1","13,14","27","99","485,0,455"
"0/1","25,10","35","99","238,0,809"
"0/1","23,19","42","99","630,0,786"
"0/1","21,15","36","99","469,0,703"
"0/1","23,15","38","99","485,0,755"
"0/1","14,19","33","99","535,0,463"
"0/1","9,8","17","99","266,0,271"
"0/1","7,8","15","99","277,0,194"
"0/1","9,7","16","99","234,0,278"
"0/0","26,0","26","78","0,78,1050"
"0/1","12,15","27","99","479,0,408"
"0/1","17,11","28","99","359,0,589"
"0/1","16,10","26","99","325,0,564"
"0/1","6,16","22","99","580,0,177"
"0/1","6,15","21","99","551,0,176"
"0/1","11,15","26","99","531,0,365"
"0/1","16,9","25","99","297,0,527"
"0/1","13,7","20","99","232,0,430"
"0/1","8,11","19","99","382,0,233"
"0/1","10,7","17","99","227,0,358"
"0/1","14,14","28","99","473,0,487"
"0/1","12,13","25","99","462,0,382"
"0/1","13,13","26","99","443,0,422"
"0/1","11,10","21","99","234,0,402"
"0/1","10,12","22","99","374,0,337"
"0/1","20,11","31","99","328,0,596"
"0/1","20,12","32","99","349,0,661"
"0/1","18,13","31","99","431,0,523"
"0/1","14,12","26","99","331,0,491"
"0/1","14,10","24","99","295,0,480"
"0/1","11,10","21","99","307,0,380"
"0/1","12,18","30","99","634,0,369"
"0/1","9,21","30","99","726,0,264"
"0/1","9,21","30","99","714,0,280"
"0/1","11,18","29","99","644,0,354"
"0/1","10,14","24","99","423,0,307"
"0/1","16,9","25","99","292,0,578"
"0/1","10,16","26","99","561,0,311"
"0/1","14,12","26","99","326,0,460"
"0/1","10,15","25","99","463,0,340"
"0/1","11,17","28","99","535,0,364"
"0/1","7,13","20","99","455,0,230"
"0/1","10,14","24","99","474,0,311"
"0/1","10,13","23","99","457,0,340"
"0/1","10,13","23","99","460,0,337"
"0/1","7,12","19","99","425,0,223"
"0/1","7,11","18","99","394,0,228"
"0/1","7,10","17","99","363,0,232"
"0/1","11,11","23","99","361,0,270"
"0/1","11,12","23","99","414,0,275"
"0/1","12,13","25","99","417,0,415"
"0/1","11,14","25","99","479,0,369"
"0/1","7,9","16","99","304,0,236"
"0/1","7,7","14","99","241,0,227"
"0/1","10,8","18","99","276,0,307"
"0/1","6,11","17","99","364,0,186"
"0/1","3,9","12","84","327,0,84"
"0/1","4,9","13","99","323,0,121"
"0/1","7,9","16","99","272,0,220"
"0/1","9,11","20","99","352,0,275"
"0/1","9,8","17","99","232,0,278"
"0/1","9,12","21","99","387,0,284"
"0/1","12,17","29","99","535,0,379"
"0/1","12,6","18","99","186,0,430"
"0/1","12,9","21","99","306,0,423"
"0/1","6,17","23","99","619,0,176"
"0/1","7,16","23","99","551,0,177"
"0/1","4,16","20","99","535,0,103"
"0/1","6,14","20","99","517,0,174"
"0/1","7,15","22","99","542,0,212"
"0/1","15,12","27","99","401,0,510"
"0/1","8,16","24","99","526,0,214"
"0/1","13,14","27","99","417,0,344"
"0/1","10,18","28","99","593,0,181"
"0/1","15,19","34","99","633,0,408"
"0/1","14,14","28","99","449,0,414"
"0/1","13,9","22","99","306,0,410"
"0/1","12,12","24","99","388,0,387"
"0/1","11,8","19","99","276,0,356"
"0/1","11,19","30","99","610,0,357"
"0/1","15,13","28","99","371,0,534"
"0/1","19,20","39","99","586,0,628"
"0/1","16,12","28","99","320,0,533"
"0/1","16,11","27","99","366,0,572"
"0/1","13,11","24","99","378,0,403"
"0/1","18,16","34","99","404,0,585"
"0/1","8,8","16","99","229,0,271"
"0/1","8,8","16","99","278,0,237"
"0/1","5,13","18","99","442,0,115"
"0/1","16,16","32","99","529,0,518"
"0/1","13,10","23","99","334,0,382"
"0/1","13,10","23","99","300,0,340"
"0/1","14,14","28","99","403,0,423"
"0/1","21,26","47","99","729,0,578"
"0/1","10,21","31","99","610,0,295"
"0/0","32,3","35","56","0,56,1199"
"0/1","26,19","45","99","624,0,868"
"0/1","8,9","17","99","224,0,111"
"0/1","4,13","17","12","277,0,12"
"0/1","19,9","29","32","32,0,473"
"0/1","15,16","31","99","486,0,486"
"0/1","20,13","33","99","391,0,606"
"0/1","5,9","14","99","322,0,167"
"0/1","6,13","19","99","436,0,186"
"0/1","12,7","19","99","160,0,409"
"0/1","9,9","18","99","274,0,279"
"0/1","8,9","17","99","243,0,282"
"0/1","7,10","17","99","290,0,240"
"0/1","7,12","19","99","403,0,235"
"0/1","6,10","16","99","361,0,194"
"0/1","6,10","16","99","325,0,192"
"0/1","9,10","19","99","266,0,314"
"0/1","10,6","16","99","182,0,347"
"0/1","3,16","19","69","548,0,69"
"0/1","14,12","26","99","401,0,493"
"0/1","12,8","20","99","264,0,429"
"0/1","8,10","18","99","356,0,275"
"0/1","13,12","25","99","415,0,425"
"0/1","16,11","27","99","334,0,570"
"0/1","12,16","28","99","523,0,329"
"0/1","11,17","28","99","525,0,298"
"0/1","9,18","27","99","516,0,262"
"0/1","16,9","25","99","264,0,507"
"0/1","10,15","25","99","495,0,300"
"0/1","10,8","18","99","277,0,285"
"0/1","5,8","13","99","293,0,166"
"0/1","12,6","18","99","193,0,395"
"0/1","13,11","24","99","372,0,439"
"0/1","14,14","28","99","458,0,486"
"0/1","13,11","24","99","337,0,447"
"0/1","6,8","14","99","288,0,146"
"0/1","9,9","18","99","311,0,302"
"0/1","7,8","15","99","278,0,237"
"0/1","6,11","17","99","401,0,162"
"0/1","10,9","19","99","260,0,312"
"0/1","8,11","19","99","381,0,258"
"0/1","2,7","9","55","263,0,55"
"0/1","2,8","10","50","299,0,50"
"0/1","12,14","26","99","455,0,381"
"0/1","9,8","17","99","276,0,272"
"0/1","9,10","19","99","310,0,309"
"0/1","12,14","26","99","491,0,411"
"0/1","10,17","27","99","544,0,328"
"0/1","10,10","20","99","344,0,306"
"0/1","10,12","22","99","415,0,303"
"0/1","11,6","17","99","188,0,368"
"0/1","10,12","22","99","362,0,341"
"0/1","6,14","20","99","467,0,149"
"0/1","7,10","17","99","317,0,234"
"0/1","7,12","19","99","386,0,230"
"0/1","5,5","10","99","141,0,177"
"0/1","12,12","24","99","419,0,386"
"0/1","8,11","19","99","355,0,273"
"0/1","11,8","19","99","273,0,359"
"0/1","7,13","20","99","401,0,236"
"0/1","9,12","21","99","392,0,270"
"0/1","10,11","21","99","387,0,307"
"0/1","15,10","25","99","334,0,536"
"0/1","17,13","30","99","374,0,584"
"0/1","7,10","17","99","348,0,228"
"0/1","6,8","14","99","278,0,207"
"0/1","9,6","15","99","158,0,321"
"0/1","10,6","16","99","188,0,327"
"0/1","2,11","13","44","370,0,44"
"0/1","9,12","21","99","426,0,300"
"0/1","13,12","25","99","373,0,443"
"0/1","13,16","29","99","495,0,411"
"0/1","12,11","23","99","340,0,410"
"0/1","17,15","32","99","460,0,484"
"0/1","17,14","31","99","468,0,564"
"0/1","12,15","27","99","469,0,299"
"0/1","11,5","16","99","115,0,292"
"0/1","12,15","27","99","206,0,284"
"0/1","8,16","24","99","440,0,135"
"0/1","69,17","87","99","238,0,1783"
"0/1","12,7","19","99","189,0,392"
"0/1","12,14","26","99","368,0,405"
"0/1","11,19","30","99","645,0,336"
"0/1","8,8","16","99","239,0,278"
"0/1","11,12","23","99","380,0,377"
"0/1","18,17","35","99","540,0,587"
"0/1","19,15","34","99","382,0,571"
"0/1","20,16","36","99","472,0,666"
"0/0","30,0","30","81","0,81,1112"
"0/0","3,1","4","9","0,9,103"
"0/1","7,4","11","99","129,0,209"
"1/1","3,36","40","96","1270,96,0"
"0/0","26,0","26","66","0,66,871"
"0/1","22,11","33","99","302,0,730"
"0/1","6,11","17","99","284,0,200"
"0/1","21,20","41","99","647,0,645"
"0/1","17,19","36","99","623,0,491"
"0/1","16,10","26","99","329,0,569"
"0/1","15,12","27","99","392,0,517"
"0/1","17,10","27","99","314,0,472"
"0/1","14,11","25","99","264,0,473"
"0/0","36,0","36","81","0,81,972"
"0/0","26,3","29","41","0,41,947"
"0/1","17,16","33","99","527,0,435"
"0/1","9,8","17","99","173,0,121"
"0/1","8,1","9","22","22,0,178"
"0/1","9,9","18","99","314,0,239"
"0/1","12,16","28","99","493,0,408"
"0/1","18,10","28","99","321,0,579"
"0/1","19,14","33","99","474,0,545"
"0/1","8,15","24","99","473,0,220"
"0/0","29,1","35","36","0,36,476"
"0/1","23,23","46","99","705,0,712"
"0/1","9,8","17","99","137,0,303"
"0/1","13,22","35","99","778,0,396"
"0/1","19,10","29","99","220,0,629"
"0/1","13,9","22","99","303,0,433"
"0/1","12,12","24","99","412,0,412"
"0/1","19,9","28","99","284,0,561"
"0/1","6,4","10","99","133,0,200"
"0/1","7,8","15","99","274,0,240"
"0/1","13,9","22","99","273,0,402"
"0/0","16,0","16","39","0,39,476"
"0/1","15,8","23","99","137,0,306"
"1/1","2,30","32","66","800,66,0"
"0/1","19,11","30","99","358,0,568"
"0/1","18,14","32","99","406,0,592"
"0/1","11,13","24","99","438,0,358"
"0/0","25,0","25","75","0,75,966"
"0/0","21,0","23","54","0,54,705"
"0/0","22,0","25","54","0,54,711"
"0/0","24,0","26","54","0,54,708"
"0/1","12,11","23","99","353,0,388"
"0/1","21,14","35","99","412,0,641"
"1/1","1,27","28","21","265,21,0"
"0/1","18,15","33","99","400,0,560"
"0/1","25,12","37","99","258,0,803"
"0/1","15,15","30","99","526,0,512"
"0/1","16,15","31","99","515,0,507"
"0/1","11,13","24","99","454,0,375"
"0/1","18,22","40","99","669,0,515"
"0/1","11,16","27","99","426,0,286"
"0/1","10,17","27","99","514,0,276"
"0/1","13,19","32","99","605,0,350"
"0/1","12,18","30","99","581,0,386"
"0/1","21,20","41","99","654,0,624"
"0/0","31,0","31","90","0,90,1207"
"0/1","4,6","10","61","148,0,61"
"0/1","8,4","12","98","98,0,159"
"0/1","5,8","13","99","233,0,163"
"0/1","18,11","29","99","312,0,572"
"0/1","19,15","34","99","460,0,662"
"0/1","9,7","16","99","200,0,325"
"0/1","10,9","19","99","266,0,275"
"0/1","7,5","12","99","148,0,202"
"0/1","22,12","35","99","366,0,689"
"1/1","0,22","22","66","880,66,0"
"0/1","3,9","12","86","321,0,86"
"0/1","14,15","29","99","528,0,398"
"0/1","13,11","24","99","322,0,428"
"0/1","14,17","31","99","584,0,431"
"0/1","12,15","27","99","464,0,369"
"0/1","14,21","35","99","663,0,382"
"0/1","14,19","33","99","619,0,449"
"0/1","18,27","45","99","927,0,569"
"0/1","11,9","20","99","302,0,372"
"0/1","13,16","29","99","486,0,435"
"0/1","12,13","25","99","457,0,378"
"0/1","16,17","33","99","529,0,516"
"0/1","14,10","24","99","323,0,470"
"0/1","20,11","31","99","351,0,698"
"0/1","11,21","32","99","682,0,344"
"0/1","12,11","23","99","378,0,382"
"0/1","12,10","22","99","292,0,346"
"0/1","16,11","27","99","369,0,542"
"0/1","8,15","23","99","532,0,246"
"0/1","14,16","30","99","524,0,463"
"0/1","14,13","27","99","426,0,489"
"0/1","13,12","25","99","272,0,399"
"0/1","8,9","18","99","240,0,240"
"0/1","17,18","35","99","540,0,568"
"0/1","10,10","20","99","326,0,261"
"0/1","10,16","26","99","498,0,334"
"0/1","8,13","21","99","456,0,256"
"0/1","9,9","18","99","310,0,301"
"0/1","14,10","24","99","343,0,426"
"0/1","13,12","25","99","414,0,417"
"0/1","16,9","27","99","248,0,406"
"0/1","10,12","22","99","408,0,295"
"0/1","9,15","24","99","530,0,237"
"0/1","18,12","30","99","401,0,551"
"0/1","25,10,0","35","99","261,0,587,312,614,927"
"0/1","22,6","28","99","123,0,708"
"1/1","3,19","23","10","550,10,0"
"0/0","19,0","19","57","0,57,783"
"0/1","15,15","31","99","445,0,491"
"0/1","14,19","33","99","646,0,465"
"0/1","15,13","28","99","407,0,523"
"0/1","10,8","18","99","263,0,350"
"0/1","13,8","21","99","267,0,427"
"0/1","13,8","21","99","270,0,393"
"0/1","12,11","23","99","388,0,414"
"0/1","11,11","22","99","346,0,384"
"0/1","15,10","25","99","298,0,526"
"0/1","14,6","20","99","151,0,436"
"0/1","16,12","28","99","387,0,560"
"0/1","14,12","26","99","403,0,487"
"0/1","12,12","24","99","408,0,410"
"0/1","13,18","31","99","520,0,401"
"0/1","13,16","29","99","521,0,428"
"0/1","16,13","29","99","429,0,469"
"0/1","12,12","24","99","389,0,334"
"0/1","19,14","33","99","387,0,636"
"0/1","14,13","27","99","399,0,434"
"0/1","7,9","16","99","321,0,228"
"0/1","9,8","17","99","245,0,282"
"0/1","7,9","16","99","311,0,188"
"0/1","9,8","17","99","213,0,293"
"0/1","12,15","27","99","529,0,405"
"0/1","8,12","20","99","415,0,236"
"0/0","25,0","25","72","0,72,980"
"1/1","0,24","24","66","886,66,0"
"0/1","9,14","23","99","464,0,300"
"0/1","11,10","21","99","331,0,378"
"0/1","9,8","17","99","281,0,308"
"0/1","11,19","30","99","619,0,327"
"0/1","7,11","18","99","359,0,236"
"1/1","24,13","37","2","417,2,0"
"1/1","0,8","8","24","290,24,0"
"0/1","16,16","32","99","428,0,518"
"1/1","0,26","26","75","1015,75,0"
"0/1","8,7","15","99","229,0,268"
"0/1","14,14","28","99","497,0,456"
"0/1","16,13","29","99","396,0,547"
"0/1","19,15","34","99","473,0,681"
"0/1","11,12","23","99","408,0,368"
"0/1","16,14","30","99","443,0,551"
"0/1","16,16","32","99","508,0,522"
"0/1","14,14","28","99","378,0,426"
"0/1","20,14","34","99","405,0,664"
"0/1","22,19","41","99","543,0,630"
"0/1","17,15","32","99","431,0,526"
"0/1","16,28","44","99","980,0,506"
"0/1","16,23","39","99","761,0,474"
"0/1","10,19","29","99","666,0,304"
"1/1","3,5","8","6","72,6,0"
"0/1","14,10","25","99","188,0,240"
"0/1","8,14","23","99","354,0,253"
"0/1","11,14","25","99","488,0,354"
"0/1","10,13","23","99","441,0,320"
"0/0","9,0","9","12","0,12,154"
"0/0","24,0","24","72","0,72,956"
"0/1","8,7","15","99","225,0,269"
"0/1","19,8","27","99","174,0,600"
"0/1","18,8","26","99","164,0,598"
"0/0","19,7","26","13","0,13,665"
"0/0","19,7","26","32","0,32,702"
"0/1","29,10","39","99","266,0,789"
"0/1","28,10","38","99","268,0,823"
"0/1","24,45","69","99","1364,0,690"
"0/1","44,20","64","99","558,0,1504"
"0/1","38,17","55","99","520,0,1195"
"0/1","31,9","40","99","239,0,1115"
"0/1","10,33","43","99","1187,0,207"
"0/1","18,24","42","99","847,0,565"
"0/1","45,30","77","99","823,0,1408"
"0/1","46,30","76","99","798,0,1405"
"0/1","21,21","42","99","693,0,649"
"0/1","13,12","25","99","411,0,438"
"0/1","16,15","31","99","517,0,561"
"0/1","8,15","23","99","532,0,249"
"0/1","20,15","35","99","390,0,666"
"0/1","21,23","44","99","756,0,645"
"0/0","46,0","46","99","0,132,1760"
"0/0","29,0","29","81","0,81,1072"
"0/1","22,6","28","99","136,0,786"
"0/1","21,9","30","99","241,0,737"
"0/1","34,22","56","99","639,0,1123"
"0/1","18,9","27","99","248,0,605"
"0/1","12,10","22","99","299,0,378"
"0/1","12,10","22","99","330,0,380"
"0/1","9,9","18","99","302,0,312"
"0/1","8,5","13","99","122,0,236"
"0/1","12,10","22","99","304,0,413"
"0/1","15,8","23","99","255,0,544"
"0/1","13,9","22","99","267,0,469"
"0/1","20,18","38","99","536,0,624"
"0/1","11,11","22","99","324,0,349"
"0/1","5,12","17","99","340,0,136"
"0/1","7,12","19","99","196,0,200"
"0/1","16,6","22","99","107,0,534"
"0/1","9,8","17","99","276,0,315"
"0/1","53,11","64","99","116,0,1544"
"0/1","36,4","40","38","38,0,1171"
"0/1","8,7","15","99","234,0,276"
"0/0","17,1","18","39","0,39,502"
"0/0","23,2","25","35","0,35,799"
"0/1","11,13","24","99","383,0,370"
"0/1","11,9","20","99","306,0,343"
"0/1","15,9","24","99","256,0,525"
"0/1","5,20","25","88","610,0,88"
"0/1","6,10","16","99","324,0,199"
"0/1","12,20","32","99","693,0,373"
"0/1","28,11","39","99","151,0,932"
"0/1","25,6","31","99","106,0,778"
"0/1","32,6","38","84","84,0,1003"
"0/1","29,5","34","73","73,0,953"
"0/1","46,11","57","99","233,0,1232"
"0/1","11,14","25","99","412,0,355"
"0/1","20,8","28","99","169,0,685"
"0/1","30,3","33","24","24,0,1006"
"0/1","12,11","23","99","372,0,383"
"0/1","11,9","20","99","313,0,347"
"0/1","21,12","33","99","367,0,719"
"0/1","16,14","30","99","444,0,502"
"0/1","19,18","37","99","621,0,588"
"0/1","11,19","30","99","654,0,232"
"0/1","27,7","35","63","63,0,825"
"0/1","5,9","14","99","325,0,163"
"0/1","6,12","18","99","418,0,188"
"0/1","11,3","14","74","74,0,355"
"0/1","13,11","24","99","358,0,455"
"0/1","12,11","23","99","374,0,417"
"0/1","14,17","31","99","570,0,462"
"0/1","5,19","24","81","653,0,81"
"0/1","8,15","23","99","475,0,245"
"0/0","23,0","23","63","0,63,847"
"0/1","16,24","40","99","859,0,463"
"0/1","15,17","32","99","456,0,409"
"0/1","21,12","33","99","334,0,698"
"0/0","17,1","19","36","0,36,460"
"0/0","15,1","18","36","0,36,448"
"0/1","19,8","27","99","114,0,493"
"0/1","7,27","34","99","859,0,132"
"0/1","8,9","17","99","316,0,279"
"0/1","11,8","19","99","248,0,345"
"0/1","14,15","29","99","452,0,433"
"0/0","36,0","36","99","0,102,1314"
"0/0","36,0","36","99","0,105,1334"
"0/1","25,5","31","79","79,0,620"
"0/0","20,0","20","54","0,54,742"
"0/1","6,16","22","99","562,0,176"
"0/1","4,2","6","52","52,0,100"
"0/1","37,5","42","10","10,0,1106"
"0/1","42,10","52","91","91,0,1237"
"0/1","10,9","19","99","274,0,313"
"0/1","16,17","33","99","576,0,464"
"0/1","19,15","34","99","488,0,621"
"0/1","13,21","34","99","744,0,424"
"0/1","9,6","15","99","192,0,306"
"0/1","19,14","33","99","415,0,609"
"0/1","13,13","26","99","416,0,433"
"0/1","18,11","29","99","287,0,503"
"0/1","12,15","27","99","505,0,394"
"0/1","20,24","44","99","773,0,640"
"0/1","15,22","37","99","690,0,437"
"0/1","17,14","31","99","434,0,556"
"0/1","13,11","24","99","373,0,370"
"0/0","27,2","32","28","0,28,668"
"0/0","31,1","32","31","0,31,731"
"0/1","11,11","22","99","187,0,290"
"0/1","10,18","28","99","613,0,326"
"0/1","11,14","25","99","427,0,333"
"0/1","17,24","41","99","649,0,456"
"0/1","20,15","35","99","478,0,679"
"0/1","13,9","22","99","293,0,443"
"0/1","14,11","25","99","374,0,499"
"0/1","9,13","22","99","452,0,289"
"0/1","7,7","14","99","234,0,240"
"0/1","14,13","27","99","418,0,430"
"0/1","14,9","23","99","293,0,463"
"0/1","11,12","23","99","410,0,336"
"0/1","10,8","18","99","262,0,349"
"0/1","13,10","23","99","328,0,457"
"0/1","16,13","29","99","446,0,482"
"0/1","18,18","36","99","617,0,622"
"0/1","21,21","42","99","679,0,716"
"0/1","21,21","42","99","585,0,652"
"0/1","13,21","34","99","695,0,396"
"0/1","11,13","24","99","439,0,369"
"0/1","10,12","22","99","421,0,294"
"0/1","7,12","19","99","416,0,189"
"0/1","14,11","25","99","360,0,460"
"0/1","15,8","23","99","214,0,530"
"0/1","19,11","30","99","351,0,650"
"0/1","12,8","20","99","220,0,362"
"0/1","17,9","26","99","274,0,611"
"0/1","7,4","11","65","65,0,83"
"0/1","20,18","38","99","579,0,567"
"0/1","17,15","32","99","411,0,526"
"0/1","17,27","44","99","826,0,442"
"0/1","20,15","35","99","502,0,687"
"0/1","14,16","30","99","472,0,440"
"0/1","7,9","16","99","251,0,247"
"0/1","12,16","28","99","545,0,401"
"0/1","13,14","28","99","461,0,285"
"0/1","9,10","19","99","309,0,313"
"0/1","15,9","24","99","259,0,538"
"0/1","11,6","17","99","194,0,358"
"0/1","12,20","32","99","689,0,381"
"0/1","6,8","14","99","233,0,158"
"0/1","17,14","31","99","417,0,555"
"0/1","14,19","33","99","621,0,447"
"0/1","14,13","27","99","411,0,496"
"0/1","15,12","27","99","405,0,487"
"0/1","10,8","18","99","231,0,299"
"0/1","18,8","26","99","237,0,650"
"0/1","14,14","28","99","398,0,488"
"0/1","14,15","29","99","467,0,434"
"0/1","14,11","26","99","345,0,468"
"0/1","17,19","36","99","572,0,559"
"0/1","9,11","20","99","344,0,307"
"0/1","12,14","26","99","422,0,372"
"0/1","12,11","23","99","372,0,413"
"0/1","6,16","22","99","540,0,177"
"0/1","18,9","27","99","188,0,616"
"0/1","10,16","26","99","522,0,324"
"0/1","14,11","25","99","350,0,485"
"0/1","16,12","28","99","389,0,514"
"0/1","13,12","25","99","382,0,462"
"0/1","12,10","22","99","340,0,387"
"0/1","10,12","22","99","417,0,330"
"0/1","10,8","18","99","278,0,321"
"0/1","13,6","19","99","165,0,459"
"0/1","7,9","18","77","145,0,77"
"0/1","7,16","23","99","533,0,179"
"0/1","15,10","25","99","334,0,476"
"0/1","18,5","26","89","89,0,399"
"0/1","17,7","26","99","121,0,399"
"0/0","27,0","27","72","0,72,971"
"0/1","18,16","35","99","464,0,575"
"0/0","27,0","27","72","0,72,930"
"0/1","18,6","25","72","72,0,654"
"0/1","17,6","24","79","79,0,626"
"0/1","14,3","17","54","54,0,480"
"0/1","12,6","18","99","155,0,401"
"0/1","13,5","18","99","117,0,418"
"0/1","9,5","14","99","126,0,285"
"0/1","11,5","17","99","150,0,232"
"0/1","21,17","38","99","427,0,471"
"0/1","25,9","35","99","141,0,760"
"0/1","12,23","35","99","766,0,362"
"0/1","17,19","36","99","649,0,474"
"0/1","14,15","29","99","446,0,464"
"0/1","17,16","33","99","506,0,502"
"0/1","14,14","28","99","375,0,412"
"0/0","23,0","23","69","0,69,912"
"0/1","14,8","22","99","251,0,469"
"0/1","8,9","17","99","310,0,251"
"0/1","7,8","15","99","284,0,231"
"0/1","17,8","25","99","251,0,553"
"0/1","6,12","18","99","429,0,186"
"0/0","30,0","30","84","0,84,1120"
"0/1","32,4","36","67","67,0,1018"
"0/1","9,22","31","99","620,0,210"
"0/1","25,13","39","99","208,0,664"
"0/1","20,13","33","99","223,0,559"
"0/1","19,9","28","99","153,0,390"
"0/1","9,12","21","99","388,0,302"
"0/1","15,11","26","99","367,0,407"
"0/1","11,16","27","99","520,0,372"
"0/1","17,12","29","99","359,0,592"
"0/1","14,19","33","99","635,0,402"
"0/1","24,5","29","99","111,0,836"
"0/1","18,7","25","99","134,0,551"
"1/1","0,10","10","27","329,27,0"
"0/0","18,0","18","45","0,45,597"
"0/1","19,14","33","99","360,0,640"
"0/1","48,14","63","99","253,0,1450"
"0/1","15,14","29","99","413,0,508"
"0/1","17,16","33","99","505,0,489"
"0/1","15,19","34","99","509,0,498"
"0/1","24,4","28","50","50,0,707"
"0/1","9,16","25","99","518,0,293"
"0/1","11,17","28","99","563,0,318"
"0/1","18,11","29","99","345,0,595"
"0/0","17,0","17","42","0,42,522"
"0/1","12,15","27","99","497,0,330"
"0/1","29,16","46","99","151,0,721"
"0/1","30,11","42","99","139,0,817"
"0/1","16,10","26","99","275,0,487"
"0/1","9,10","19","99","346,0,303"
"0/1","23,12","35","99","212,0,737"
"0/0","21,0","21","51","0,51,646"
"0/1","7,12","19","99","421,0,226"
"0/1","7,15","22","99","426,0,225"
"0/1","12,19","31","99","579,0,357"
"0/1","14,17","31","99","546,0,368"
"0/1","14,14","28","99","258,0,380"
"0/1","13,18","31","99","595,0,377"
"0/1","48,4","52","29","29,0,1355"
"0/1","29,15","45","99","349,0,962"
"0/1","24,20","44","99","556,0,698"
"0/1","38,7","45","99","117,0,1204"
"0/1","15,7","22","99","171,0,525"
"0/1","23,9","32","99","202,0,260"
"0/1","21,9","31","99","169,0,194"
"0/1","12,11","23","99","378,0,418"
"0/1","14,13","27","99","426,0,374"
"0/1","6,9","15","99","310,0,202"
"0/1","6,12","18","99","412,0,190"
"0/1","8,6","14","99","198,0,241"
"0/1","12,8","20","99","259,0,424"
"0/1","6,10","16","99","351,0,194"
"0/1","14,14","28","99","434,0,448"
"0/1","8,9","17","99","246,0,240"
"0/1","11,9","20","99","297,0,389"
"0/1","14,9","41","65","93,0,65"
"1/1","1,11","14","27","326,27,0"
"1/1","2,12","14","36","447,36,0"
"0/0","16,3","19","14","0,14,565"
"0/1","9,3","12","87","87,0,290"
"0/1","5,17","22","99","547,0,142"
"0/1","6,13","19","99","467,0,183"
"0/1","13,13","26","99","446,0,416"
"0/1","15,13","28","99","425,0,497"
"0/1","12,10","22","99","292,0,396"
"0/0","29,2","31","50","0,50,1102"
"1/1","0,11","11","30","391,30,0"
"0/0","11,0","11","33","0,33,442"
"0/0","36,0","36","99","0,102,1338"
"0/1","10,10","23","99","179,0,218"
"0/1","20,14","34","99","386,0,660"
"0/1","12,16","28","99","513,0,369"
"0/1","3,25","28","39","869,0,39"
"0/1","11,16","27","99","515,0,330"
"0/1","9,15","24","99","530,0,282"
"0/1","14,15","29","99","519,0,463"
"0/1","11,15","26","99","487,0,329"
"0/1","16,21","38","99","688,0,478"
"0/1","14,18","32","99","570,0,466"
"0/1","14,12","26","99","406,0,416"
"0/1","15,18","33","99","560,0,496"
"0/1","18,16","34","99","434,0,580"
"0/1","14,17","31","99","548,0,458"
"0/1","4,18","22","99","668,0,99"
"0/1","15,10","25","99","328,0,429"
"0/1","14,15","29","99","483,0,488"
"0/1","10,8","18","99","270,0,335"
"0/1","19,9","28","99","224,0,672"
"0/1","19,11","30","99","265,0,637"
"0/1","19,11","30","99","271,0,633"
"0/1","38,6","46","64","64,0,968"
"0/1","29,11","40","99","157,0,691"
"0/1","52,11","63","99","247,0,1722"
"0/1","44,12","56","99","261,0,1186"
"0/1","22,16","38","99","476,0,545"
"0/1","15,17","34","99","503,0,324"
"0/0","25,1","26","66","0,66,831"
"1/1","0,15","15","42","541,42,0"
"0/0","24,1","25","42","0,42,866"
"0/0","25,0","25","72","0,72,960"
"0/1","11,11","22","99","347,0,337"
"0/1","15,16","31","99","503,0,467"
"0/1","16,11","27","99","351,0,563"
"0/1","13,9","22","99","287,0,360"
"0/0","40,0","40","99","0,114,1521"
"0/1","20,9","29","99","276,0,598"
"0/1","16,16","32","99","451,0,492"
"0/1","15,16","31","99","431,0,491"
"0/1","35,13","49","99","265,0,1198"
"0/1","18,22","40","99","707,0,552"
"0/1","7,4","13","99","129,0,173"
"0/0","11,3","16","15","0,15,194"
"0/1","9,11","20","99","279,0,250"
"0/1","6,6","12","99","148,0,189"
"0/1","9,6","15","99","197,0,318"
"0/1","14,11","25","99","341,0,434"
"0/1","12,8","20","99","255,0,340"
"0/1","16,18","34","99","490,0,419"
"0/1","15,20","35","99","647,0,438"
"0/1","17,21","39","99","484,0,520"
"0/1","16,15","31","99","414,0,523"
"0/1","9,8","17","99","263,0,303"
"0/1","15,9","24","99","260,0,455"
"0/1","15,11","26","99","371,0,491"
"0/1","8,16","24","99","577,0,221"
"0/1","8,10","18","99","309,0,232"
"0/1","15,11","26","99","369,0,483"
"0/1","8,13","21","99","327,0,105"
"0/1","16,19","35","99","525,0,498"
"1/1","0,28","28","81","1073,81,0"
"0/1","12,7","19","99","227,0,429"
"0/1","8,17","25","99","570,0,250"
"0/1","10,9","19","99","263,0,347"
"0/1","19,9","28","99","265,0,689"
"0/1","20,18","38","99","594,0,620"
"0/0","6,0","7","12","0,12,159"
"0/0","9,0","9","24","0,24,303"
"0/1","12,21","33","99","760,0,341"
"0/1","3,6","9","46","146,0,46"
"0/1","15,11","26","99","356,0,517"
"0/1","9,7","16","99","242,0,316"
"0/1","13,13","26","99","368,0,417"
"0/1","15,14","29","99","465,0,473"
"0/1","9,6","15","99","155,0,320"
"0/1","20,15","35","99","501,0,647"
"0/1","15,19","34","99","573,0,475"
"0/1","13,18","31","99","499,0,300"
"0/1","17,15","33","99","333,0,474"
"0/1","10,17","27","99","603,0,252"
"0/1","5,24","29","99","826,0,113"
"0/1","10,16","26","99","511,0,272"
"0/1","15,16","32","99","498,0,450"
"0/1","14,12","26","99","398,0,474"
"0/1","10,15","25","99","473,0,319"
"0/1","11,14","25","99","489,0,332"
"0/1","15,15","30","99","418,0,477"
"0/1","8,11","19","99","339,0,259"
"0/1","7,11","18","99","339,0,217"
"0/1","20,6","26","97","97,0,429"
"0/1","11,12","23","99","414,0,134"
"0/1","12,18","30","99","569,0,354"
"0/0","16,1","18","39","0,39,514"
"0/1","13,15","28","99","452,0,428"
"0/1","11,16","27","99","512,0,323"
"0/1","19,18","37","99","570,0,413"
"0/1","16,21","37","99","716,0,489"
"0/1","11,14","25","99","348,0,245"
"0/1","22,21","43","99","561,0,704"
"0/1","4,11","15","99","404,0,118"
"0/1","16,11","27","99","363,0,507"
"0/1","17,18","35","99","521,0,496"
"0/1","12,13","25","99","387,0,372"
"0/1","11,16","27","99","581,0,297"
"0/0","42,2","44","71","0,71,1310"
"0/0","41,0","41","99","0,105,1364"
"0/1","20,12","32","99","387,0,664"
"0/1","15,19","34","99","672,0,494"
"0/1","3,6","10","59","87,0,59"
"0/1","15,19","34","99","626,0,473"
"0/1","10,21","31","99","604,0,249"
"0/0","28,0","29","72","0,72,909"
"0/1","21,18","39","99","525,0,727"
"0/1","74,18","93","99","429,0,761"
"0/1","8,7","15","99","244,0,203"
"0/1","7,9","16","99","277,0,245"
"0/1","17,8","25","99","213,0,617"
"1/1","0,28","28","75","957,75,0"
"0/1","16,20","36","99","634,0,456"
"0/0","5,0","5","12","0,12,154"
"0/0","25,0","25","72","0,72,954"
"0/1","15,22","37","99","703,0,444"
"0/1","10,21","31","99","721,0,271"
"0/1","13,11","24","99","334,0,363"
"0/1","7,14","21","99","433,0,181"
"0/1","7,10","17","99","347,0,199"
"0/1","10,8","18","99","226,0,348"
"0/1","8,17","25","99","522,0,212"
"0/1","10,12","22","99","415,0,306"
"0/1","11,17","28","99","578,0,360"
"0/1","11,10","21","99","337,0,381"
"0/1","14,17","31","99","596,0,437"
"0/1","14,6","20","99","194,0,402"
"0/1","49,6","55","34","34,0,1679"
"0/1","46,11","57","99","200,0,1672"
"0/1","34,16","50","99","464,0,1062"
"0/1","23,7","31","99","186,0,707"
"0/1","22,7","29","99","201,0,640"
"0/1","38,12","50","99","333,0,1273"
"0/1","25,13","38","99","410,0,899"
"0/1","17,14","31","99","443,0,596"
"0/0","34,0","34","90","0,90,1189"
"1/1","0,5","6","12","159,12,0"
"0/1","8,10","18","99","260,0,172"
"0/1","9,9","18","99","272,0,206"
"0/1","53,16","69","99","229,0,1215"
"0/1","14,16","30","99","525,0,435"
"0/1","11,18","29","99","584,0,362"
"0/1","12,14","26","99","481,0,403"
"0/1","4,5","9","99","170,0,135"
"0/1","8,9","17","99","291,0,241"
"0/1","22,20","42","99","652,0,717"
"0/1","20,18","38","99","580,0,687"
"0/1","21,21","42","99","676,0,586"
"0/1","19,20","39","99","611,0,648"
"0/1","8,12","20","99","416,0,257"
"0/0","20,0","20","57","0,57,759"
"0/1","6,11","17","99","358,0,192"
"0/1","15,7","22","99","188,0,519"
"0/1","11,14","25","99","455,0,373"
"0/1","7,10","17","99","357,0,198"
"0/1","9,9","18","99","307,0,292"
"0/1","8,19","27","99","644,0,244"
"0/1","15,15","30","99","490,0,493"
"0/1","17,23","40","99","768,0,515"
"0/1","18,21","39","99","635,0,570"
"0/0","32,0","32","93","0,93,1226"
"0/1","17,13","30","99","316,0,529"
"0/1","4,11","15","84","402,0,84"
"0/1","10,5","15","99","109,0,296"
"0/1","8,16","26","99","542,0,258"
"0/1","20,8","28","99","202,0,682"
"0/0","20,0","21","51","0,51,636"
"0/0","20,0","21","45","0,45,533"
"0/0","24,0","24","63","0,63,818"
"0/0","22,1","24","63","0,63,820"
"0/0","27,0","27","72","0,72,940"
"0/0","27,2","29","41","0,41,938"
"0/0","29,0","30","81","0,81,1064"
"0/0","28,0","29","78","0,78,1024"
"0/1","10,7","17","99","234,0,324"
"0/0","7,0","9","21","0,21,262"
"0/0","9,1","10","27","0,27,341"
"0/0","4,0","4","12","0,12,143"
"0/1","5,4","9","62","62,0,82"
"0/0","18,0","18","45","0,45,522"
"0/1","18,9","27","99","270,0,611"
"0/1","10,13","23","99","402,0,308"
"0/0","37,0","37","99","0,111,1393"
"0/0","54,0","54","99","0,153,1981"
"0/1","15,15","30","99","524,0,445"
"0/1","15,13","28","99","424,0,507"
"0/1","6,7","13","99","248,0,181"
"0/1","5,7","12","99","253,0,171"
"0/1","17,15","32","99","457,0,546"
"0/0","22,0","22","66","0,66,877"
"0/0","22,0","22","66","0,66,886"
"0/0","13,0","13","33","0,33,431"
"0/0","12,0","12","30","0,30,393"
"0/0","12,0","12","27","0,27,336"
"0/0","11,0","11","27","0,27,343"
"0/0","11,0","11","24","0,24,322"
"0/0","8,4","12","15","0,15,197"
"0/0","18,1","19","42","0,42,487"
"0/1","29,13","43","99","194,0,700"
"0/0","32,7","39","6","0,6,894"
"0/1","26,10","36","99","254,0,582"
"0/0","7,0","8","15","0,15,184"
"0/0","15,0","21","12","0,12,144"
"0/1","10,12","22","99","387,0,341"
"0/1","5,6","11","99","216,0,163"
"0/1","15,14","29","99","457,0,494"
"0/1","17,21","39","99","506,0,435"
"0/1","12,12","24","99","398,0,337"
"0/1","6,15","21","99","532,0,105"
"0/1","12,10","22","99","254,0,367"
"0/1","12,9","21","99","303,0,379"
"0/1","11,9","20","99","304,0,374"
"0/1","8,14","22","99","504,0,253"
"0/1","6,12","18","99","425,0,181"
"0/1","8,13","21","99","434,0,230"
"0/1","12,5","17","99","144,0,398"
"0/1","6,5","11","99","172,0,211"
"0/1","13,15","28","99","535,0,413"
"0/1","12,15","27","99","498,0,372"
"0/0","24,0","25","45","0,45,601"
"0/1","12,7","19","99","233,0,340"
"1/1","1,41","42","99","1343,105,0"
"0/1","15,15","30","99","456,0,465"
"1/1","0,28","28","78","1041,78,0"
"0/1","11,16","28","99","495,0,162"
"0/1","19,13","32","99","383,0,646"
"0/1","11,14","25","99","452,0,353"
"0/1","23,6","30","16","16,0,621"
"1/1","0,27","27","78","1008,78,0"
"0/1","22,10","32","99","259,0,679"
"0/1","11,9","20","99","257,0,306"
"0/1","7,8","15","99","220,0,247"
"0/1","11,9","20","99","275,0,346"
"0/1","14,17","31","99","599,0,403"
"0/1","27,8","35","99","183,0,980"
"0/1","15,21","36","99","646,0,471"
"0/1","18,20","38","99","572,0,566"
"0/1","18,17","35","99","558,0,508"
"0/1","11,3","14","81","81,0,313"
"0/1","12,3","19","90","90,0,260"
"0/1","49,8","57","99","108,0,1606"
"0/1","14,15","29","99","477,0,457"
"0/1","9,17","26","99","606,0,248"
"0/1","17,11","28","99","362,0,591"
"0/1","11,14","25","99","420,0,359"
"0/1","25,3","28","47","47,0,747"
"0/1","20,18","38","99","535,0,650"
"0/1","19,17","37","99","513,0,664"
"0/1","15,27","42","99","801,0,440"
"0/1","9,9","18","99","296,0,308"
"0/1","8,11","19","99","393,0,269"
"0/1","14,14","28","99","445,0,433"
"0/1","2,20","22","14","656,0,14"
"0/1","21,24","45","99","696,0,559"
"0/1","13,29","42","99","978,0,123"
"0/1","18,6","24","99","100,0,578"
"0/1","12,14","26","99","482,0,338"
"0/1","10,8","18","99","236,0,352"
"0/1","15,9","24","99","258,0,527"
"0/1","10,17","27","99","608,0,269"
"0/1","7,7","14","99","223,0,185"
"0/1","16,12","29","99","390,0,521"
"0/0","13,0","13","27","0,27,346"
"0/0","18,0","18","51","0,51,690"
"0/1","11,16","27","99","532,0,323"
"0/1","11,11","22","99","338,0,315"
"0/1","9,9","18","99","305,0,315"
"0/1","15,9","24","99","289,0,488"
"0/1","14,9","23","99","297,0,492"
"0/1","18,14","32","99","474,0,558"
"0/1","18,12","30","99","342,0,586"
"0/1","14,8","22","99","264,0,503"
"0/1","13,11","24","99","380,0,424"
"0/1","13,15","28","99","514,0,436"
"0/1","12,5","17","99","123,0,359"
"0/1","15,11","26","99","329,0,494"
"0/1","12,8","20","99","262,0,393"
"1/1","2,34","36","90","1126,90,0"
"0/1","14,18","32","99","482,0,382"
"0/1","14,14","28","99","489,0,482"
"0/1","12,23","35","99","600,0,334"
"0/1","8,4","12","99","130,0,214"
"0/1","9,7","16","99","244,0,254"
"0/1","12,7","19","99","238,0,361"
"0/1","11,13","24","99","383,0,301"
"0/1","4,9","13","99","327,0,128"
"0/1","14,13","27","99","453,0,444"
"0/1","12,11","23","99","346,0,406"
"0/1","17,7","24","99","221,0,559"
"0/1","5,12","17","99","425,0,148"
"0/1","7,14","21","99","376,0,191"
"0/1","5,9","14","99","312,0,163"
"0/1","13,9","22","99","296,0,465"
"0/1","14,14","28","99","449,0,424"
"0/1","20,18","38","99","517,0,697"
"0/1","17,15","32","99","385,0,583"
"0/1","13,11","24","99","361,0,422"
"0/1","32,15","47","99","256,0,973"
"0/1","30,19","49","99","328,0,849"
"0/1","13,19","32","99","562,0,347"
"0/1","16,16","32","99","479,0,539"
"0/1","7,11","18","99","393,0,220"
"0/1","9,10","19","99","345,0,305"
"0/1","12,8","23","99","191,0,303"
"0/1","13,14","28","99","397,0,399"
"0/1","10,13","24","99","390,0,312"
"0/1","8,10","18","99","316,0,275"
"0/1","12,3","15","44","44,0,442"
"0/0","31,0","31","90","0,90,1183"
"0/0","15,0","15","45","0,45,612"
"0/1","8,6","14","99","201,0,285"
"0/1","17,13","31","99","222,0,334"
"0/1","7,9","16","99","321,0,200"
"0/1","24,16","40","99","272,0,661"
"0/1","15,8","23","99","248,0,548"
"0/1","36,10","46","99","130,0,1151"
"0/1","15,13","28","99","436,0,485"
"0/1","9,13","23","99","411,0,296"
"0/1","9,9","18","99","307,0,315"
"0/1","14,19","33","99","626,0,428"
"0/1","13,9","22","99","227,0,463"
"0/1","7,18","25","99","649,0,197"
"0/1","12,18","30","99","521,0,393"
"0/1","15,18","33","99","591,0,502"
"0/1","16,14","30","99","432,0,519"
"0/1","9,17","26","99","498,0,186"
"0/1","15,12","27","99","346,0,494"
"0/1","11,10","21","99","287,0,307"
"0/1","9,11","20","99","394,0,307"
"0/1","12,13","25","99","452,0,412"
"0/1","8,6","14","99","182,0,169"
"0/1","12,2","14","55","55,0,188"
"0/1","16,24","40","99","810,0,457"
"0/1","14,28","42","99","944,0,392"
"0/1","15,12","27","99","338,0,526"
"0/1","11,16","27","99","522,0,310"
"0/1","11,17","29","99","563,0,329"
"0/1","14,8","22","99","248,0,503"
"0/1","14,13","27","99","404,0,478"
"1/1","4,12","16","30","395,30,0"
"0/1","12,22","34","99","749,0,372"
"0/1","7,11","18","99","349,0,233"
"0/1","1,9","10","7","335,0,7"
"0/1","5,4","9","99","133,0,178"
"0/1","9,8","17","99","276,0,316"
"0/1","9,13","22","99","468,0,269"
"0/1","8,11","19","99","393,0,255"
"0/1","17,18","35","99","633,0,490"
"0/0","14,0","18","24","0,24,301"
"0/1","14,11","25","99","299,0,470"
"0/1","15,11","27","99","336,0,530"
"0/1","22,18","40","99","573,0,739"
"0/1","14,12","26","99","402,0,484"
"0/1","7,37","44","99","1148,0,171"
"0/1","17,14","34","99","276,0,426"
"0/1","32,154","189","99","4785,0,732"
"0/1","29,147","176","99","4508,0,472"
"0/1","7,24","31","99","491,0,154"
"0/1","23,5","31","99","122,0,616"
"0/1","20,28","48","99","850,0,592"
"0/0","77,0","77","99","0,223,2960"
"0/1","46,38","84","99","1237,0,1528"
"0/0","90,0","90","99","0,253,3316"
"0/1","56,11","67","99","237,0,2037"
"0/1","37,63","100","99","2118,0,1173"
"0/0","89,0","89","99","0,256,3397"
"0/1","92,26","118","99","692,0,3172"
"0/1","66,26","92","99","711,0,2311"
"0/1","105,13","118","33","33,0,3433"
"1/1","0,15","15","39","532,39,0"
"0/1","21,15","36","99","484,0,682"
"0/1","11,12","23","99","384,0,383"
"0/1","14,20","34","99","689,0,454"
"0/1","26,14","40","99","421,0,718"
"0/1","27,4","31","77","77,0,826"
"0/1","21,6","27","99","103,0,754"
"0/1","24,5","29","39","39,0,858"
"0/1","8,11","19","99","392,0,176"
"0/1","9,13","22","99","439,0,254"
"0/1","12,15","27","99","460,0,411"
"0/1","13,7","20","99","184,0,443"
"0/1","17,13","30","99","392,0,546"
"0/1","16,9","25","99","280,0,538"
"0/1","8,12","20","99","413,0,270"
"0/1","5,10","15","99","320,0,150"
"0/1","13,8","21","99","219,0,440"
"0/0","40,1","41","69","0,69,887"
"0/1","18,21","39","99","576,0,512"
"0/1","16,16","32","99","508,0,504"
"0/1","13,17","30","99","350,0,377"
"0/1","17,24","41","99","658,0,490"
"0/1","18,10","28","99","318,0,545"
"0/1","21,17","38","99","536,0,540"
"0/1","16,13","29","99","432,0,434"
"0/1","9,3","12","87","87,0,323"
"0/1","9,3","12","87","87,0,333"
"0/1","9,3","12","87","87,0,331"
"0/1","10,3","13","86","86,0,359"
"0/1","11,3","14","80","80,0,399"
"1/1","0,17","17","51","657,51,0"
"0/1","6,7","13","99","239,0,172"
"0/1","5,13","18","99","436,0,148"
"0/1","14,3","17","72","72,0,512"
"0/1","17,11","28","99","361,0,579"
"0/1","9,15","25","99","520,0,295"
"0/1","10,7","18","99","201,0,320"
"0/1","16,10","26","99","292,0,573"
"0/1","18,19","37","99","569,0,529"
"0/1","12,10","22","99","316,0,318"
"0/1","25,12","37","99","283,0,805"
"0/1","10,9","19","99","297,0,340"
"0/1","20,20","41","99","633,0,475"
"0/1","19,5","26","95","95,0,469"
"0/0","24,1","28","51","0,51,660"
"0/1","6,4","10","99","123,0,171"
"0/1","5,4","10","59","138,0,59"
"0/1","26,17","43","99","223,0,634"
"0/0","34,1","35","50","0,50,1078"
"0/1","20,21","41","99","680,0,688"
"0/1","22,14","36","99","460,0,715"
"0/1","16,19","35","99","622,0,540"
"0/1","16,14","30","99","453,0,512"
"0/1","17,17","34","99","576,0,512"
"0/1","13,7","20","99","222,0,439"
"0/1","13,15","28","99","515,0,424"
"0/1","11,12","23","99","350,0,259"
"0/1","12,19","31","99","622,0,314"
"0/1","9,11","20","99","351,0,299"
"0/1","9,21","30","99","696,0,277"
"0/1","16,15","31","99","507,0,508"
"0/1","11,20","31","99","657,0,346"
"0/1","12,15","27","99","492,0,373"
"0/1","18,10","28","99","318,0,600"
"0/0","17,0","17","51","0,51,685"
"0/1","10,5","15","99","158,0,364"
"0/1","10,5","15","99","126,0,358"
"0/1","5,7","12","99","246,0,169"
"0/1","11,8","19","99","267,0,392"
"0/1","14,15","29","99","462,0,441"
"0/1","8,24","32","99","730,0,146"
"0/1","11,14","25","99","424,0,373"
"0/1","13,22","35","99","784,0,376"
"0/1","15,14","29","99","431,0,471"
"0/1","13,13","26","99","414,0,424"
"0/1","11,10","21","99","316,0,338"
"0/1","10,5","15","99","161,0,300"
"0/1","13,15","28","99","526,0,399"
"0/1","18,14","32","99","432,0,590"
"0/1","14,9","23","99","264,0,469"
"0/1","7,10","17","99","356,0,191"
"0/1","9,9","18","99","303,0,306"
"0/1","22,12","34","99","298,0,782"
"0/1","10,19","29","99","559,0,287"
"0/0","40,0","40","99","0,108,1436"
"0/1","7,5","12","99","164,0,250"
"0/1","9,13","22","99","450,0,304"
"0/1","21,26","47","99","861,0,664"
"0/1","12,15","27","99","461,0,409"
"0/1","13,11","24","99","374,0,381"
"0/1","8,12","20","99","414,0,251"
"0/1","4,13","17","99","460,0,114"
"0/1","15,13","28","99","452,0,450"
"0/1","16,17","33","99","498,0,522"
"0/1","6,9","15","99","293,0,207"
"0/1","15,7","22","99","219,0,482"
"0/1","12,8","20","99","233,0,402"
"0/1","7,7","14","99","211,0,211"
"0/1","11,12","24","99","374,0,386"
"0/1","16,25","41","99","827,0,525"
"0/1","8,12","20","99","427,0,264"
"0/1","7,14","21","99","463,0,191"
"0/1","17,10","27","99","283,0,578"
"0/1","11,9","20","52","52,0,273"
"0/0","32,0","32","90","0,90,1181"
"0/1","10,8","18","99","259,0,346"
"0/1","16,17","34","99","408,0,470"
"0/1","11,14","25","99","457,0,362"
"0/1","11,13","24","99","445,0,377"
"0/1","17,13","30","99","429,0,578"
"0/1","3,18","21","25","615,0,25"
"0/1","8,6","14","99","202,0,274"
"0/1","15,11","26","99","303,0,497"
"1/1","0,22","22","57","787,57,0"
"0/1","7,9","16","99","285,0,240"
"0/0","26,1","27","35","0,35,939"
"0/0","25,0","27","75","0,75,1010"
"0/1","10,4","14","64","64,0,356"
"0/1","31,12","43","99","203,0,1033"
"0/1","30,12","42","99","170,0,1079"
"0/1","34,12","46","99","160,0,1187"
"0/1","11,12","23","99","410,0,377"
"0/1","8,13","21","99","384,0,239"
"0/1","14,12","26","99","354,0,419"
"0/0","29,1","30","40","0,40,988"
"0/1","10,20","30","99","616,0,323"
"0/1","9,10","19","99","318,0,312"
"0/1","10,12","22","99","397,0,305"
"0/1","18,14","32","99","360,0,570"
"0/1","17,9","26","99","163,0,475"
"0/1","12,12","24","99","362,0,296"
"0/0","15,1","17","39","0,39,499"
"0/0","15,1","17","36","0,36,453"
"0/1","15,18","33","99","519,0,417"
"0/1","14,5","19","99","137,0,492"
"0/1","8,5","13","99","146,0,274"
"0/1","11,13","24","99","463,0,293"
"0/1","14,17","32","99","561,0,408"
"0/1","17,9","26","99","281,0,573"
"0/1","9,11","20","99","376,0,306"
"0/1","14,9","23","99","258,0,504"
"0/1","11,4","15","99","117,0,409"
"0/1","10,15","25","99","416,0,346"
"0/1","6,13","19","99","440,0,186"
"0/1","4,16","20","99","556,0,108"
"0/1","14,13","27","99","406,0,480"
"0/1","8,17","25","99","543,0,216"
"0/1","12,16","28","99","558,0,397"
"0/1","13,7","20","99","229,0,393"
"0/1","17,14","32","99","351,0,543"
"0/1","16,21","37","99","700,0,491"
"0/1","13,26","39","99","889,0,412"
"0/1","5,5","10","99","170,0,175"
"0/1","12,11","23","99","380,0,353"
"0/1","13,17","30","99","545,0,364"
"0/1","11,6","17","99","188,0,361"
"0/1","13,13","26","99","464,0,367"
"0/1","13,9","22","99","172,0,308"
"0/1","13,9","22","99","240,0,306"
"0/1","17,11","28","99","313,0,474"
"0/1","30,12","42","99","237,0,686"
"0/0","30,0","30","81","0,81,1069"
"0/1","21,15","36","99","455,0,669"
"0/1","18,17","35","99","517,0,578"
"0/1","5,12","17","99","426,0,117"
"0/1","27,3","32","31","31,0,407"
"0/1","21,7","31","99","138,0,165"
"0/1","23,10","33","99","241,0,153"
"0/1","8,5","13","99","165,0,278"
"0/1","18,12","30","99","332,0,657"
"0/1","11,8","26","99","207,0,296"
"0/1","28,16","44","99","482,0,960"
"0/1","8,4","12","53","53,0,151"
"0/1","13,11","24","99","303,0,417"
"0/1","12,8","20","99","232,0,418"
"0/1","7,15","22","99","509,0,190"
"0/1","6,14","20","99","446,0,185"
"0/0","22,0","22","66","0,66,880"
"0/1","21,13","34","99","402,0,616"
"0/1","14,11","25","99","375,0,468"
"0/1","12,17","29","99","558,0,351"
"0/1","10,6","16","99","192,0,325"
"0/1","11,7","18","99","194,0,399"
"0/1","6,7","13","99","209,0,209"
"0/1","12,5","17","99","136,0,436"
"0/1","11,16","27","99","498,0,329"
"0/1","16,8","24","99","251,0,513"
"0/1","13,11","24","99","340,0,417"
"0/1","18,15","33","99","493,0,566"
"0/1","13,16","29","99","475,0,400"
"0/1","14,6","20","99","188,0,462"
"0/1","19,17","36","99","526,0,635"
"0/1","15,19","34","99","583,0,429"
"0/1","15,21","36","99","658,0,431"
"0/1","23,8","31","99","220,0,754"
"0/1","19,12","32","99","374,0,639"
"0/1","22,16","38","99","474,0,759"
"0/1","23,16","39","99","478,0,720"
"0/1","24,19","43","99","613,0,770"
"0/1","23,16","39","99","522,0,738"
"0/1","21,16","37","99","463,0,670"
"0/1","18,13","31","99","402,0,576"
"0/1","11,5","16","99","158,0,342"
"0/1","12,7","19","99","205,0,419"
"0/1","9,7","16","99","210,0,280"
"0/1","12,11","23","99","355,0,412"
"0/1","11,9","20","99","265,0,332"
"0/1","12,13","25","99","426,0,375"
"0/1","10,11","21","99","382,0,303"
"0/1","13,7","20","99","229,0,419"
"0/1","8,9","17","99","308,0,229"
"0/1","14,11","25","99","367,0,451"
"0/1","14,14","28","99","440,0,485"
"0/1","21,12","33","99","383,0,657"
"0/1","27,11","38","99","265,0,817"
"0/1","14,15","29","99","518,0,375"
"0/0","5,0","5","12","0,12,154"
"0/1","9,5","14","99","170,0,291"
"0/1","5,4","9","99","143,0,136"
"0/1","10,16","26","99","501,0,303"
"0/1","17,11","28","99","356,0,569"
"0/1","7,12","19","99","356,0,219"
"0/1","12,15","27","99","524,0,411"
"0/1","13,5","18","99","151,0,442"
"0/1","4,10","14","77","355,0,77"
"0/0","13,0","13","30","0,30,409"
"0/1","13,9","22","99","260,0,461"
"0/1","13,26","39","99","814,0,391"
"0/1","11,34","45","99","1093,0,273"
"0/1","8,12","20","99","426,0,269"
"0/1","7,13","20","99","459,0,156"
"0/1","20,16","36","99","422,0,392"
"0/1","16,12","28","99","361,0,476"
"0/1","21,13","34","99","344,0,696"
"0/1","22,13","35","99","361,0,695"
"0/1","13,24","37","99","810,0,370"
"0/1","11,19","30","99","633,0,355"
"0/1","13,18","31","99","591,0,385"
"0/1","8,15","23","99","477,0,266"
"0/1","15,12","27","99","383,0,406"
"0/1","10,10","20","99","309,0,350"
"0/1","8,8","18","99","271,0,237"
"0/1","14,15","29","99","523,0,409"
"1/1","0,27","27","81","1088,81,0"
"0/1","12,14","26","99","399,0,402"
"0/1","21,15","36","99","422,0,692"
"0/1","17,15","32","99","485,0,519"
"0/1","10,13","23","99","392,0,341"
"0/1","17,10","27","99","318,0,568"
"0/1","14,15","29","99","471,0,440"
"0/1","13,11","24","99","380,0,412"
"0/1","8,8","16","99","273,0,247"
"0/1","24,24","48","99","690,0,784"
"0/0","7,1","8","18","0,18,213"
"0/1","15,22","37","99","710,0,462"
"0/1","19,15","34","99","457,0,439"
"0/1","13,8","21","99","246,0,449"
"0/0","10,1","11","24","0,24,281"
"0/1","10,10","29","99","311,0,270"
"0/1","10,4","14","99","120,0,321"
"0/1","15,11","26","99","363,0,504"
"0/1","12,3","15","83","83,0,374"
"0/1","15,10","26","99","293,0,410"
"0/1","16,21","37","99","720,0,488"
"0/1","19,19","39","99","613,0,583"
"0/1","19,23","42","99","731,0,639"
"0/1","15,14","29","99","348,0,479"
"0/0","32,0","32","93","0,93,1216"
"0/1","5,18","23","71","475,0,71"
"0/1","8,7","15","99","225,0,237"
"0/1","7,8","15","99","256,0,195"
"0/1","8,7","15","99","222,0,243"
"0/1","10,12","22","99","339,0,347"
"0/1","18,23","41","99","760,0,485"
"0/1","11,9","20","99","293,0,362"
"0/1","12,9","21","99","256,0,399"
"0/1","11,15","26","99","484,0,368"
"0/1","15,22","37","99","760,0,479"
"0/1","2,9","11","55","269,0,55"
"0/1","13,17","30","99","537,0,447"
"0/1","22,8","30","99","228,0,729"
"0/1","18,20","39","99","658,0,584"
"0/1","17,17","34","99","583,0,551"
"0/1","16,13","29","99","383,0,453"
"0/1","17,16","33","99","534,0,544"
"0/1","18,15","33","99","468,0,628"
"0/1","15,16","31","99","516,0,485"
"0/1","15,18","33","99","592,0,518"
"0/1","13,13","26","99","439,0,441"
"0/1","16,17","33","99","552,0,544"
"0/1","18,14","32","99","420,0,612"
"0/1","7,11","18","99","387,0,213"
"0/1","17,15","32","99","441,0,571"
"0/1","18,17","35","99","445,0,520"
"1/2","0,15,18","33","99","1069,586,544,483,0,435"
"0/0","14,3","17","2","0,2,475"
"0/1","42,5","47","22","22,0,1424"
"0/1","42,5","47","25","25,0,1438"
"0/1","14,17","31","99","539,0,440"
"0/1","8,12","20","99","378,0,255"
"0/1","17,18","35","99","543,0,568"
"0/1","18,23","41","99","681,0,573"
"0/1","27,17","44","99","535,0,911"
"0/1","23,17","40","99","551,0,812"
"0/1","20,10","30","99","279,0,582"
"0/1","15,16","31","99","519,0,497"
"0/1","13,11","24","99","380,0,409"
"0/1","12,14","26","99","468,0,364"
"0/1","14,9","23","99","297,0,415"
"0/1","12,13","25","99","350,0,417"
"0/1","11,15","26","99","495,0,329"
"0/1","19,19","38","99","610,0,658"
"0/1","17,20","37","99","655,0,505"
"0/1","18,18","36","99","558,0,595"
"0/1","11,3","14","84","84,0,362"
"0/1","7,9","16","99","278,0,226"
"0/1","7,9","16","99","242,0,247"
"0/1","12,14","26","99","502,0,329"
"0/1","7,12","19","99","420,0,213"
"0/1","7,19","26","99","653,0,199"
"0/1","10,15","25","99","495,0,280"
"0/1","8,17","25","99","578,0,240"
"0/1","15,15","30","99","485,0,460"
"0/1","20,19","39","99","650,0,584"
"0/1","25,7","32","99","107,0,876"
"0/1","23,4","27","31","31,0,795"
"0/1","14,12","26","99","325,0,420"
"0/1","16,12","28","99","358,0,548"
"0/1","10,12","22","99","353,0,269"
"0/1","7,8","15","99","272,0,232"
"0/1","12,6","18","99","192,0,389"
"0/1","17,7","24","99","205,0,583"
"0/1","8,10","18","99","293,0,278"
"0/1","12,10","22","99","336,0,387"
"0/1","16,14","30","99","451,0,558"
"0/1","16,12","28","99","392,0,543"
"0/1","13,13","26","99","437,0,410"
"0/1","19,5","24","99","133,0,603"
"0/1","10,8","18","99","169,0,321"
"0/1","6,4","10","65","65,0,223"
"0/1","8,6","14","99","204,0,253"
"0/1","18,14","32","99","362,0,618"
"0/1","19,14","33","99","447,0,676"
"0/1","12,12","24","99","362,0,405"
"0/1","10,11","21","99","349,0,347"
"0/1","13,14","27","99","464,0,409"
"0/1","18,12","30","99","400,0,641"
"0/1","9,23","32","99","820,0,268"
"0/1","18,17","35","99","555,0,559"
"0/1","14,12","26","99","412,0,475"
"0/1","12,13","25","99","456,0,378"
"0/1","9,9","18","99","313,0,265"
"0/1","11,11","22","99","353,0,352"
"0/1","16,19","35","99","623,0,539"
"0/1","17,17","34","99","576,0,550"
"0/1","14,19","33","99","670,0,431"
"0/1","19,15","34","99","444,0,626"
"0/1","19,15","34","99","457,0,629"
"0/1","16,16","32","99","532,0,551"
"0/1","22,16","39","99","445,0,696"
"0/1","17,14","31","99","418,0,549"
"0/1","14,10","24","99","297,0,461"
"0/1","16,9","25","99","254,0,500"
"0/1","12,15","27","99","483,0,411"
"0/1","9,14","23","99","486,0,289"
"0/1","10,12","22","99","410,0,315"
"0/1","18,19","37","99","652,0,615"
"0/1","14,20","34","99","622,0,458"
"0/1","13,19","32","99","608,0,408"
"0/1","10,11","21","99","380,0,297"
"0/1","16,10","26","99","325,0,533"
"0/1","9,11","20","99","356,0,269"
"0/1","11,12","23","99","397,0,325"
"0/1","18,19","37","99","603,0,592"
"0/1","18,19","37","99","605,0,594"
"0/1","17,16","33","99","491,0,471"
"0/0","13,4","20","24","0,24,316"
"0/1","16,7","23","99","209,0,570"
"0/1","16,3","19","65","65,0,553"
"0/1","10,11","21","99","354,0,272"
"0/1","14,15","29","99","482,0,424"
"0/1","15,14","29","99","477,0,511"
"0/1","15,7","22","99","227,0,502"
"0/0","15,1","18","9","0,9,114"
"0/1","8,13","21","99","432,0,251"
"0/1","15,11","26","99","362,0,486"
"0/1","17,9","26","99","274,0,600"
"0/1","16,11","27","99","325,0,539"
"0/1","12,12","24","99","413,0,349"
"0/1","20,26","46","99","824,0,643"
"0/0","18,0","19","42","0,42,504"
"0/1","11,22","33","99","551,0,313"
"0/1","13,10","23","99","289,0,463"
"0/1","7,8","15","99","274,0,237"
"0/1","11,10","21","99","312,0,334"
"0/1","10,14","24","99","436,0,321"
"0/1","9,13","22","99","395,0,305"
"0/1","18,15","33","99","522,0,623"
"0/1","13,10","23","99","331,0,369"
"0/1","17,16","33","99","539,0,494"
"0/1","12,10","22","99","306,0,423"
"0/1","10,10","20","99","316,0,346"
"0/1","13,9","22","99","310,0,349"
"0/1","13,7","20","99","173,0,466"
"0/1","12,15","27","99","493,0,393"
"0/1","18,10","28","99","319,0,637"
"0/1","18,14","32","99","471,0,604"
"0/1","16,19","35","99","611,0,518"
"0/1","14,20","34","99","713,0,470"
"0/1","6,7","13","99","217,0,176"
"0/1","7,5","12","99","179,0,178"
"0/1","14,18","32","99","591,0,413"
"0/1","13,16","29","99","559,0,360"
"0/1","19,16","35","99","540,0,627"
"0/1","12,13","25","99","421,0,416"
"0/1","8,13","21","99","450,0,216"
"0/1","11,12","23","99","399,0,370"
"0/1","10,8","18","99","191,0,359"
"0/1","8,8","16","99","278,0,272"
"0/1","12,10","22","99","339,0,374"
"0/1","13,8","21","99","258,0,359"
"0/1","8,10","18","99","301,0,272"
"0/1","9,13","22","99","423,0,304"
"0/1","15,8","23","99","260,0,460"
"0/1","11,12","23","99","387,0,352"
"0/1","24,14","38","99","446,0,756"
"0/1","13,14","27","99","448,0,445"
"0/1","17,8","25","99","250,0,579"
"0/1","11,9","20","99","302,0,375"
"0/1","8,10","18","99","341,0,271"
"0/1","7,11","18","99","358,0,236"
"0/1","6,9","15","99","316,0,199"
"0/1","12,16","28","99","483,0,399"
"0/1","20,13","34","99","422,0,667"
"0/1","17,13","30","99","371,0,610"
"0/1","9,3","12","92","92,0,276"
"0/1","16,24","40","99","843,0,495"
"0/1","29,16","45","99","463,0,913"
"0/1","8,9","19","84","84,0,134"
"0/1","6,4","10","99","130,0,199"
"0/1","23,11","34","99","303,0,640"
"0/1","14,18","32","99","596,0,465"
"0/1","32,12","44","99","157,0,247"
"0/1","17,18","35","99","554,0,582"
"0/1","8,4","12","99","126,0,283"
"0/1","21,16","37","99","533,0,607"
"0/1","23,17","40","99","517,0,769"
"0/1","12,21","33","99","708,0,379"
"0/1","15,17","32","99","514,0,508"
"0/1","10,9","19","99","267,0,309"
"0/1","6,11","17","99","395,0,177"
"0/1","10,10","20","99","352,0,283"
"0/1","22,9","31","99","283,0,684"
"0/1","21,15","36","99","455,0,715"
"0/1","19,12","31","99","348,0,632"
"0/1","14,5","19","99","147,0,509"
"0/1","11,9","20","99","297,0,361"
"0/1","17,13","30","99","405,0,554"
"0/1","9,13","22","99","411,0,289"
"0/1","18,9","27","99","280,0,564"
"0/1","11,13","24","99","418,0,363"
"0/1","12,8","20","99","225,0,420"
"0/1","18,21","39","99","671,0,545"
"0/1","15,12","27","99","370,0,506"
"0/1","11,15","26","99","474,0,338"
"0/1","24,14","38","99","445,0,752"
"0/1","10,12","22","99","418,0,341"
"0/1","9,11","20","99","390,0,301"
"0/1","10,12","22","99","420,0,338"
"0/1","16,14","30","99","478,0,563"
"0/1","15,15","30","99","473,0,509"
"0/1","12,9","21","99","310,0,397"
"0/1","11,21","32","99","681,0,285"
"0/1","15,14","29","99","414,0,524"
"0/1","16,6","22","99","179,0,577"
"0/1","22,18","40","99","523,0,701"
"0/0","75,1","76","99","0,113,1822"
"0/1","16,22","38","99","719,0,529"
"0/1","11,20","31","99","702,0,352"
"0/1","20,8","28","99","234,0,651"
"0/1","14,8","22","99","244,0,456"
"0/1","12,10","22","99","324,0,384"
"0/1","14,17","31","99","566,0,443"
"0/1","15,12","27","99","361,0,529"
"0/1","10,5","15","99","152,0,353"
"0/1","6,5","11","99","172,0,167"
"0/1","13,8","21","99","272,0,393"
"0/1","7,11","18","99","384,0,217"
"0/1","8,18","26","99","646,0,216"
"0/1","7,7","14","99","223,0,206"
"0/1","10,8","18","99","260,0,343"
"0/1","5,9","14","99","330,0,114"
"0/1","4,16","20","99","589,0,102"
"0/1","15,5","20","99","145,0,420"
"0/1","15,16","31","99","553,0,469"
"0/1","19,10","29","99","320,0,628"
"0/1","6,18","24","99","650,0,137"
"0/1","17,10","27","99","295,0,483"
"0/1","13,7","20","99","227,0,458"
"0/1","16,12","28","99","375,0,524"
"0/1","11,13","24","99","449,0,367"
"0/1","1,8","9","15","287,0,15"
"0/0","24,0","24","72","0,72,973"
"0/0","24,0","24","72","0,72,974"
"0/1","16,14","30","99","405,0,507"
"0/1","16,14","30","99","483,0,490"
"0/1","16,13","29","99","430,0,557"
"0/1","13,18","31","99","548,0,388"
"0/1","7,9","16","99","248,0,244"
"0/1","6,11","17","99","309,0,161"
"0/1","9,15","24","99","541,0,250"
"0/1","13,19","32","99","610,0,420"
"0/1","13,19","32","99","660,0,418"
"0/1","13,20","33","99","692,0,390"
"0/1","15,21","36","99","697,0,453"
"0/1","17,11","28","99","330,0,592"
"0/1","14,8","22","99","171,0,455"
"0/1","17,7","24","99","211,0,570"
"0/1","12,10","22","99","306,0,426"
"0/1","12,17","29","99","513,0,393"
"0/1","15,11","26","99","361,0,541"
"0/1","11,18","29","99","622,0,361"
"0/0","12,0","12","33","0,33,447"
"0/1","10,9","19","99","288,0,315"
"0/1","15,7","22","99","223,0,524"
"0/1","8,10","18","99","311,0,271"
"0/1","14,11","25","99","363,0,489"
"0/1","13,11","24","99","307,0,445"
"0/1","12,7","19","99","218,0,395"
"0/1","8,10","18","99","358,0,192"
"0/1","8,12","20","99","362,0,221"
"0/1","16,10","26","99","229,0,292"
"0/1","9,12","21","99","353,0,306"
"0/1","23,13","36","99","382,0,681"
"0/1","11,15","26","99","490,0,330"
"0/1","12,8","20","99","233,0,409"
"0/1","39,13","52","99","189,0,1172"
"0/1","22,3","25","29","29,0,762"
"0/1","21,3","24","40","40,0,684"
"0/1","20,4","24","81","81,0,620"
"0/1","18,3","21","50","50,0,538"
"0/1","14,19","33","99","593,0,447"
"0/1","23,7","30","99","192,0,813"
"0/1","13,10","23","99","318,0,389"
"0/1","11,22","33","99","684,0,323"
"0/0","28,1","29","52","0,52,1079"
"0/0","25,1","26","43","0,43,980"
"0/1","7,9","16","99","277,0,244"
"0/1","8,10","18","99","282,0,282"
"0/1","10,19","29","99","650,0,306"
"0/1","12,23","35","99","815,0,371"
"0/1","19,16","36","99","462,0,678"
"0/1","9,12","21","99","409,0,286"
"0/1","6,11","17","99","363,0,195"
"0/1","7,10","17","99","345,0,229"
"0/0","17,2","19","14","0,14,650"
"0/2","8,6,9","23","99","318,204,472,0,142,253"
"0/1","13,8","21","99","267,0,429"
"0/1","10,13","23","99","426,0,329"
"0/1","12,15","27","99","392,0,409"
"0/1","14,13","27","99","402,0,444"
"0/1","13,24","37","99","661,0,379"
"0/1","10,9","19","99","299,0,304"
"0/1","11,9","20","99","294,0,335"
"0/1","11,12","23","99","417,0,310"
"0/1","12,16","28","99","531,0,353"
"0/1","14,16","30","99","429,0,403"
"0/1","27,12","39","98","98,0,853"
"0/0","37,3","40","0","0,0,1256"
"0/1","39,11","50","77","77,0,1362"
"0/1","48,14","62","99","313,0,1330"
"0/1","43,10","53","99","169,0,881"
"0/1","14,13","27","99","415,0,386"
"0/1","8,4","12","99","123,0,245"
"0/1","16,12","28","99","382,0,540"
"0/1","19,15","34","99","474,0,652"
"0/1","9,15","24","99","503,0,251"
"0/1","16,11","27","99","369,0,529"
"0/1","19,20","39","99","567,0,583"
"0/1","20,20","40","99","640,0,556"
"0/0","27,1","28","39","0,39,977"
"0/1","10,13","23","99","453,0,333"
"0/1","7,8","15","99","266,0,234"
"0/1","13,6","19","99","186,0,475"
"0/1","14,13","27","99","446,0,387"
"0/1","8,16","24","99","495,0,257"
"0/1","12,13","25","99","420,0,381"
"0/1","23,23","46","99","593,0,764"
"0/1","16,6","22","99","177,0,586"
"0/1","10,9","19","99","318,0,310"
"0/1","10,10","20","99","267,0,338"
"0/1","8,8","16","99","279,0,274"
"0/1","18,15","33","99","501,0,582"
"0/1","17,8","25","99","240,0,600"
"0/1","15,21","36","99","648,0,492"
"0/1","8,13","21","99","422,0,186"
"0/1","18,15","33","99","429,0,625"
"0/1","21,14","35","99","457,0,669"
"0/1","26,15","41","99","436,0,810"
"0/1","23,19","42","99","639,0,767"
"1/1","0,20","20","57","776,57,0"
"0/1","19,11","30","99","300,0,615"
"0/1","14,15","29","99","421,0,474"
"0/1","20,19","39","99","543,0,654"
"0/1","13,6","19","99","159,0,424"
"0/1","17,5","22","99","129,0,613"
"0/1","8,11","19","99","390,0,273"
"0/1","14,15","29","99","358,0,419"
"0/1","9,14","23","99","408,0,253"
"0/1","11,10","21","99","297,0,377"
"0/0","20,0","20","54","0,54,667"
"0/1","9,8","17","99","236,0,285"
"0/1","10,15","25","99","538,0,302"
"0/1","9,15","24","99","537,0,291"
"0/1","15,14","29","99","474,0,482"
"0/0","22,0","22","57","0,57,785"
"0/1","9,4","13","1","1,0,337"
"0/1","10,4","14","99","121,0,350"
"0/1","6,13","19","99","452,0,180"
"0/1","5,8","13","99","293,0,123"
"0/1","6,9","15","99","315,0,194"
"0/1","21,13","34","99","363,0,633"
"1/1","0,32","32","87","1141,87,0"
"0/1","24,19","43","99","485,0,495"
"0/1","52,8","60","36","36,0,1285"
"0/1","15,9","24","99","294,0,499"
"0/1","25,7","32","99","210,0,466"
"0/1","13,13","26","99","443,0,386"
"0/1","20,6","26","99","181,0,229"
"0/1","19,6","25","99","148,0,370"
"0/1","11,15","26","99","320,0,200"
"0/1","11,11","22","99","224,0,308"
"0/1","18,9","27","99","237,0,473"
"0/1","12,11","23","99","306,0,414"
"0/1","14,7","21","99","174,0,513"
"0/1","19,10","29","99","332,0,412"
"0/1","18,16","34","99","547,0,508"
"0/1","12,11","23","99","384,0,384"
"0/1","13,15","28","99","510,0,443"
"0/1","15,10","25","99","242,0,508"
"0/1","16,4","20","99","100,0,539"
"0/1","21,10","31","99","275,0,750"
"0/1","9,10","19","99","305,0,193"
"0/1","15,13","28","99","388,0,486"
"0/1","23,11","34","99","349,0,559"
"0/1","11,14","25","99","406,0,363"
"0/1","17,11","28","99","335,0,497"
"0/1","7,11","18","99","393,0,220"
"0/1","13,7","20","99","222,0,463"
"0/1","16,16","32","99","458,0,488"
"0/1","17,16","33","99","437,0,559"
"0/1","12,5","17","99","142,0,419"
"0/1","13,8","21","99","261,0,464"
"0/1","9,9","18","99","310,0,312"
"0/1","9,11","20","99","389,0,231"
"0/1","7,9","16","99","285,0,193"
"0/1","10,16","26","99","557,0,292"
"0/1","15,28","43","99","957,0,470"
"0/1","14,9","23","99","296,0,431"
"0/1","10,21","31","99","465,0,306"
"0/1","7,10","17","99","361,0,228"
"0/1","17,16","33","99","489,0,491"
"0/1","10,12","22","99","380,0,302"
"0/1","6,6","12","99","207,0,204"
"0/1","24,10","34","99","300,0,848"
"0/1","20,10","30","99","305,0,646"
"0/1","13,13","26","99","383,0,325"
"0/1","12,19","31","99","639,0,367"
"0/1","13,10","23","99","326,0,423"
"0/1","18,12","30","99","349,0,566"
"0/1","15,15","30","99","506,0,438"
"0/1","13,21","34","99","720,0,407"
"0/1","6,3","9","93","93,0,210"
"0/1","10,7","17","99","220,0,324"
"0/1","14,9","23","99","293,0,457"
"0/1","13,7","20","99","231,0,374"
"0/1","10,7","17","99","202,0,334"
"0/1","25,8","33","99","144,0,842"
"0/1","25,8","33","99","157,0,808"
"0/1","16,15","31","99","464,0,552"
"0/1","8,7","15","99","208,0,207"
"0/0","26,0","26","69","0,69,924"
"0/1","10,13","23","99","455,0,330"
"0/1","18,18","36","99","578,0,555"
"0/1","8,14","22","99","443,0,256"
"0/0","2,0","2","6","0,6,77"
"0/1","33,9","42","94","94,0,1027"
"0/1","41,12","53","99","191,0,1102"
"0/1","49,11","61","99","187,0,1275"
"0/1","55,11","66","58","58,0,1365"
"0/1","36,13","49","99","176,0,1013"
"0/1","28,14","42","99","150,0,821"
"0/1","25,13","38","99","133,0,733"
"0/1","14,12","26","99","321,0,449"
"0/1","14,9","23","99","277,0,460"
"0/1","8,9","17","99","316,0,226"
"0/1","13,20","33","99","670,0,424"
"0/1","11,7","18","99","225,0,358"
"0/1","12,11","23","99","362,0,403"
"0/1","16,21","37","99","649,0,486"
"0/1","13,11","24","99","340,0,404"
"0/1","8,13","21","99","473,0,231"
"0/1","11,13","24","99","421,0,343"
"0/1","8,6","14","99","203,0,276"
"0/1","13,13","26","99","446,0,421"
"0/1","12,16","28","99","489,0,402"
"0/1","16,17","33","99","550,0,539"
"0/1","9,11","20","99","392,0,276"
"0/1","17,10","27","99","304,0,456"
"0/1","9,13","22","99","426,0,275"
"0/1","10,6","16","99","187,0,315"
"0/1","22,15","37","99","454,0,704"
"0/1","17,13","31","99","358,0,571"
"0/1","12,8","20","99","258,0,385"
"0/1","21,18","39","99","581,0,637"
"0/1","14,17","31","99","554,0,424"
"0/1","4,8","12","99","283,0,127"
"0/1","13,10","23","99","335,0,453"
"0/1","7,9","16","99","312,0,232"
"0/1","12,5","17","99","149,0,442"
"0/1","19,12","31","99","402,0,627"
"0/1","4,7","11","99","249,0,130"
"0/1","8,5","13","99","166,0,282"
"0/1","9,11","20","99","355,0,305"
"0/1","5,15","20","99","441,0,156"
"0/1","13,12","25","99","380,0,464"
"0/1","22,12","34","99","364,0,698"
"0/1","22,12","34","99","374,0,683"
"0/1","21,13","34","99","360,0,680"
"0/1","14,19","33","99","613,0,409"
"0/1","14,13","27","99","410,0,455"
"0/0","26,0","26","75","0,75,1012"
"0/1","16,11","27","99","368,0,515"
"0/1","11,12","23","99","418,0,372"
"0/1","9,13","22","99","437,0,269"
"0/1","9,23","32","99","813,0,266"
"0/1","22,10","32","99","303,0,728"
"0/1","11,17","28","99","596,0,326"
"0/1","12,11","23","99","372,0,421"
"0/1","8,9","17","99","274,0,279"
"0/1","11,13","24","99","444,0,374"
"0/1","10,10","20","99","352,0,304"
"1/1","1,18","19","23","626,23,0"
"0/1","10,10","20","99","339,0,340"
"0/1","10,9","19","99","274,0,352"
"0/1","17,10","27","99","263,0,459"
"0/1","17,21","38","99","624,0,404"
"0/1","21,5","26","89","89,0,681"
"0/1","19,5","24","92","92,0,614"
"0/1","14,4","18","99","105,0,463"
"0/1","16,4","20","99","99,0,537"
"0/1","17,5","22","96","96,0,539"
"0/1","18,4","22","90","90,0,635"
"0/1","22,9","31","99","261,0,763"
"0/1","11,9","20","99","266,0,334"
"0/1","8,13","21","99","437,0,266"
"0/1","8,13","21","99","439,0,265"
"0/1","18,14","32","99","438,0,623"
"0/1","15,16","31","99","478,0,503"
"0/1","11,11","22","99","389,0,312"
"0/1","12,11","23","99","307,0,420"
"0/1","12,5","17","99","137,0,392"
"0/1","27,14","41","99","413,0,880"
"0/1","54,23","77","99","671,0,1797"
"0/1","62,24","86","99","698,0,2100"
"0/1","75,27","102","99","686,0,2578"
"0/1","46,18","64","99","484,0,1613"
"0/1","53,13","66","99","288,0,1864"
"0/1","43,18","61","99","515,0,1563"
"0/1","44,19","63","99","556,0,1526"
"0/1","55,7","62","88","88,0,1998"
"0/1","38,17","56","99","469,0,1337"
"0/1","52,26","78","99","790,0,1745"
"0/1","49,26","75","99","813,0,1614"
"0/1","51,28","79","99","869,0,1628"
"0/1","50,28","78","99","829,0,1586"
"0/1","60,24","84","99","690,0,1994"
"0/1","58,18","76","99","519,0,1919"
"0/0","61,0","61","99","0,178,2390"
"0/1","47,19","66","99","557,0,1643"
"0/1","17,45","62","99","1594,0,472"
"0/1","42,16","58","99","389,0,1362"
"0/1","43,17","60","99","500,0,1426"
"0/1","38,12","50","99","243,0,1348"
"0/1","55,16","71","99","446,0,1769"
"0/1","55,17","72","99","480,0,1769"
"0/1","14,65","80","99","2298,0,335"
"0/1","62,22","84","99","581,0,2130"
"0/1","72,25","97","99","704,0,2385"
"0/1","69,28","97","99","771,0,2467"
"0/1","69,29","98","99","810,0,2407"
"0/1","72,45","117","99","1366,0,2270"
"0/1","58,41","99","99","1309,0,1869"
"0/1","59,23","82","99","653,0,1980"
"0/1","56,32","88","99","916,0,1870"
"0/1","55,28","83","99","845,0,1875"
"0/1","59,31","90","99","929,0,2047"
"0/1","74,30","104","99","889,0,2467"
"0/1","59,21","80","99","577,0,1763"
"0/1","53,28","81","99","838,0,1620"
"0/1","80,9","89","96","96,0,2902"
"0/1","48,33","81","99","1024,0,1563"
"0/1","54,37","91","99","1196,0,1717"
"0/1","9,88","97","71","2641,0,71"
"0/1","56,25","81","99","653,0,1725"
"0/1","50,25","77","99","743,0,1561"
"0/1","45,25","70","99","797,0,1361"
"0/1","47,11","62","99","213,0,1304"
"0/1","10,13","23","99","183,0,306"
"0/1","44,23","67","99","310,0,1468"
"0/0","56,0","56","99","0,129,1664"
"0/0","68,0","68","99","0,172,2252"
"0/1","73,23","96","99","621,0,1904"
"0/1","22,15","37","99","433,0,722"
"0/1","7,13","20","95","322,0,95"
"0/1","13,14","27","99","407,0,323"
"0/1","20,5","25","39","39,0,609"
"0/1","6,5","11","93","93,0,190"
"0/1","18,23","42","99","778,0,395"
"0/1","12,12","24","99","336,0,335"
"0/1","13,17","32","99","410,0,371"
"0/1","8,15","23","99","451,0,247"
"0/1","17,10","27","99","287,0,553"
"0/1","22,24","46","99","748,0,683"
"0/1","25,13","38","99","394,0,841"
"0/1","12,12","24","99","402,0,409"
"0/1","10,11","21","99","383,0,344"
"0/1","14,11","25","99","368,0,473"
"0/1","10,18","28","99","593,0,313"
"0/1","21,12","33","99","379,0,691"
"0/1","24,17","41","99","555,0,697"
"0/1","19,16","35","99","502,0,617"
"0/1","15,11","26","99","367,0,502"
"0/1","8,9","17","99","280,0,268"
"0/1","13,15","28","99","452,0,446"
"0/1","12,23","35","99","715,0,351"
"0/1","13,13","26","99","452,0,455"
"0/1","10,2","12","49","49,0,327"
"0/0","28,0","28","84","0,84,1113"
"0/1","15,9","24","99","180,0,533"
"0/1","14,7","21","99","149,0,508"
"0/1","9,13","22","99","391,0,255"
"0/1","9,19","28","99","603,0,272"
"0/0","35,0","35","96","0,96,1272"
"0/0","35,0","35","99","0,99,1304"
"0/0","32,0","32","90","0,90,1180"
"0/0","33,0","33","96","0,96,1239"
"0/0","39,0","39","99","0,111,1471"
"0/0","42,0","42","99","0,117,1542"
"0/0","42,0","42","99","0,120,1510"
"0/1","10,9","19","99","313,0,314"
"0/0","34,2","36","29","0,29,1168"
"0/1","13,19","32","99","640,0,438"
"0/1","20,22","42","99","760,0,663"
"0/1","19,27","46","99","935,0,636"
"0/1","17,23","40","99","686,0,559"
"0/1","16,23","39","99","723,0,536"
"0/1","22,22","44","99","769,0,617"
"0/1","18,20","38","99","648,0,476"
"0/1","12,15","27","99","479,0,406"
"0/1","10,10","20","99","316,0,312"
"0/1","27,4","31","41","41,0,897"
"0/1","10,14","24","99","427,0,343"
"0/1","16,18","34","99","581,0,536"
"0/1","13,11","24","99","378,0,456"
"0/1","13,12","25","99","409,0,440"
"0/1","8,13","21","99","386,0,265"
"0/1","9,7","16","99","232,0,321"
"0/1","12,9","21","99","306,0,410"
"0/1","6,16","22","99","543,0,167"
"0/1","5,6","12","99","166,0,169"
"0/1","12,10","22","99","240,0,401"
"0/1","14,8","22","99","211,0,491"
"0/1","25,20","45","99","581,0,810"
"0/1","15,18","33","99","626,0,460"
"0/1","15,19","34","99","590,0,481"
"0/1","17,12","29","99","363,0,510"
"0/1","8,7","15","99","242,0,276"
"0/1","8,7","15","99","239,0,277"
"0/1","5,4","9","99","130,0,170"
"0/0","26,6","32","1","0,1,839"
"0/1","14,6","20","99","208,0,249"
"0/1","5,17","22","99","515,0,140"
"0/1","25,7","32","99","126,0,792"
"0/1","20,8","28","99","193,0,561"
"0/1","20,9","29","99","230,0,522"
"0/1","21,15","37","99","368,0,671"
"0/1","10,14","24","99","483,0,325"
"0/1","14,12","26","99","401,0,476"
"0/1","14,11","25","99","334,0,489"
"0/1","15,18","33","99","613,0,492"
"0/1","17,16","33","99","517,0,496"
"0/1","10,15","25","99","467,0,293"
"0/1","16,8","24","99","145,0,518"
"0/1","22,18","40","99","424,0,670"
"0/1","18,14","32","99","447,0,568"
"0/1","22,18","40","99","538,0,674"
"0/0","26,0","26","72","0,72,978"
"0/0","25,0","25","66","0,66,897"
"1/1","2,23","25","54","722,54,0"
"0/1","24,11","35","99","148,0,761"
"0/1","30,13","43","99","389,0,767"
"0/1","6,8","14","99","189,0,147"
"0/1","10,7","17","99","238,0,324"
"0/1","11,9","20","99","300,0,374"
"0/1","12,11","23","99","362,0,411"
"0/1","11,8","19","99","133,0,398"
"0/1","9,6","15","99","167,0,270"
"0/1","14,11","25","99","290,0,433"
"0/1","4,7","11","99","240,0,124"
"0/1","10,7","17","99","226,0,260"
"0/1","14,7","21","99","226,0,393"
"0/1","7,5","12","99","163,0,210"
"0/1","10,7","17","99","213,0,264"
"0/1","10,8","18","99","210,0,265"
"1/1","0,9","9","24","308,24,0"
"0/1","4,5","9","99","169,0,99"
"0/1","9,7","16","99","144,0,293"
"0/1","9,12","21","99","386,0,224"
"0/1","24,6","30","99","166,0,545"
"0/1","36,8","44","99","231,0,660"
"0/1","11,15","26","99","352,0,288"
"0/1","5,18","23","63","637,0,63"
"0/1","16,23","39","99","740,0,470"
"0/1","12,19","31","99","590,0,294"
"0/1","11,10","21","99","316,0,363"
"0/1","9,12","21","99","351,0,296"
"0/1","9,8","17","99","219,0,278"
"0/1","19,17","36","99","429,0,590"
"0/1","14,15","29","99","441,0,418"
"0/1","19,12","31","99","382,0,621"
"0/1","26,12","38","99","353,0,735"
"0/1","20,22","42","99","711,0,561"
"0/1","21,22","43","99","686,0,677"
"0/1","17,17","34","99","575,0,463"
"0/1","16,17","33","99","511,0,495"
"0/1","15,14","29","99","446,0,504"
"0/1","15,9","24","99","250,0,538"
"0/1","10,11","21","99","387,0,310"
"0/1","16,3","19","75","75,0,494"
"0/1","11,12","23","99","406,0,388"
"0/1","10,12","22","99","418,0,338"
"0/1","13,17","30","99","563,0,371"
"0/1","18,16","35","99","501,0,515"
"0/1","19,14","33","99","464,0,605"
"0/0","26,0","26","63","0,63,800"
"0/1","6,6","12","99","203,0,206"
"0/1","16,8","24","99","251,0,582"
"0/1","42,14","56","99","363,0,1174"
"0/1","13,14","28","99","411,0,439"
"0/1","19,15","34","99","434,0,586"
"0/1","7,11","18","99","374,0,228"
"0/1","9,11","20","99","392,0,294"
"0/1","13,14","27","99","459,0,438"
"0/1","20,17","37","99","558,0,690"
"0/1","21,10","31","99","295,0,706"
"0/1","12,13","26","99","214,0,163"
"0/1","9,11","20","99","322,0,315"
"0/1","14,11","25","99","351,0,460"
"0/1","6,11","17","99","358,0,191"
"0/1","4,13","17","99","448,0,111"
"0/1","9,8","17","99","278,0,316"
"0/1","17,11","28","99","359,0,565"
"0/1","13,9","23","99","291,0,458"
"0/1","36,5","41","36","36,0,1099"
"0/1","37,7","44","23","23,0,1243"
"0/1","35,7","42","22","22,0,1189"
"0/1","12,12","24","99","401,0,414"
"0/1","14,11","25","99","355,0,489"
"0/1","12,12","24","99","375,0,398"
"0/1","11,9","20","99","299,0,387"
"0/1","20,10","30","99","268,0,619"
"0/1","9,7","16","99","235,0,282"
"0/1","9,22","32","99","726,0,262"
"0/1","15,21","36","99","662,0,426"
"0/1","5,10","15","99","360,0,157"
"0/1","9,12","21","99","393,0,305"
"0/1","10,14","24","99","463,0,337"
"0/1","6,9","15","99","319,0,202"
"0/1","6,16","22","99","578,0,174"
"0/1","12,20","32","99","672,0,396"
"0/1","12,12","24","99","364,0,404"
"0/1","16,21","37","99","702,0,437"
"0/1","20,17","37","99","496,0,657"
"0/1","3,6","9","96","212,0,96"
"0/1","11,7","18","99","230,0,387"
"0/1","14,15","29","99","475,0,465"
"0/1","7,13","20","99","438,0,232"
"0/1","7,7","14","99","245,0,240"
"0/1","21,11","32","99","349,0,694"
"0/1","15,12","27","99","373,0,420"
"0/1","9,22","31","99","678,0,281"
"0/1","14,12","26","99","377,0,440"
"1/1","0,17","17","45","622,45,0"
"0/1","10,6","16","99","191,0,353"
"0/1","6,10","16","99","352,0,198"
"0/1","8,5","13","99","169,0,256"
"0/1","20,13","33","99","419,0,660"
"0/1","9,11","20","99","350,0,275"
"0/1","22,24","46","99","794,0,649"
"0/1","5,20","25","99","551,0,115"
"0/1","9,14","23","99","439,0,299"
"0/1","5,7","12","94","94,0,107"
"0/0","28,0","28","69","0,69,894"
"0/1","11,12","23","99","344,0,371"
"0/1","12,12","24","99","418,0,405"
"0/1","17,11","29","99","186,0,357"
"0/1","8,3","11","93","93,0,257"
"0/1","13,7","20","99","225,0,462"
"0/1","20,19","39","99","639,0,660"
"0/1","20,16","36","99","540,0,715"
"0/1","23,27","50","99","763,0,750"
"0/1","14,10","24","99","344,0,393"
"0/1","10,12","22","99","385,0,302"
"0/0","27,0","27","78","0,78,1020"
"0/1","10,16","26","99","565,0,322"
"0/1","16,19","35","99","561,0,532"
"0/1","22,12","34","99","356,0,764"
"0/1","13,18","31","99","610,0,402"
"0/1","12,13","25","99","403,0,403"
"0/1","16,21","37","99","675,0,527"
"0/0","18,1","19","54","0,54,715"
"0/1","10,15","25","99","487,0,337"
"0/1","11,13","24","99","451,0,372"
"0/1","23,6","29","87","87,0,849"
"0/1","21,23","44","99","787,0,664"
"0/1","12,23","35","99","729,0,357"
"0/1","13,16","29","99","442,0,397"
"0/1","15,12","27","99","353,0,481"
"0/1","10,12","22","99","390,0,275"
"0/0","26,0","26","72","0,72,974"
"0/1","7,14","21","99","497,0,180"
"0/1","5,12","17","99","426,0,123"
"0/1","21,14","35","99","431,0,646"
"0/1","7,10","17","99","324,0,234"
"0/1","11,17","28","99","467,0,360"
"0/0","25,5","36","26","0,26,539"
"0/1","21,16","37","99","485,0,670"
"0/1","21,15","36","99","474,0,718"
"0/1","14,16","30","99","445,0,423"
"0/1","12,7","19","99","179,0,344"
"0/1","8,11","19","99","379,0,264"
"0/1","9,14","23","99","458,0,297"
"0/1","18,10","28","99","310,0,592"
"0/1","18,8","26","99","220,0,601"
"0/1","14,17","31","99","538,0,482"
"0/1","15,17","32","99","590,0,472"
"0/1","8,15","23","99","534,0,254"
"0/1","16,12","28","99","406,0,499"
"0/1","13,10","23","99","316,0,440"
"0/1","14,12","26","99","378,0,498"
"0/1","7,14","21","99","436,0,232"
"0/1","10,16","26","99","528,0,317"
"0/1","18,19","37","99","634,0,460"
"0/1","13,17","30","99","530,0,365"
"0/1","13,7","20","87","87,0,408"
"0/0","20,1","21","29","0,29,715"
"0/1","10,12","22","99","421,0,310"
"0/1","13,7","20","99","225,0,459"
"0/1","5,7","12","99","180,0,138"
"0/1","19,12","31","99","376,0,617"
"0/1","15,8","23","99","258,0,480"
"0/1","15,15","30","99","496,0,517"
"0/1","10,8","18","99","275,0,337"
"0/1","19,21","40","99","667,0,640"
"0/1","9,13","22","99","431,0,294"
"0/1","18,15","33","99","438,0,566"
"0/1","5,11","16","99","363,0,154"
"0/1","14,22","37","99","703,0,381"
"0/1","13,12","25","99","380,0,426"
"0/1","18,5","23","99","126,0,659"
"0/0","54,0","55","99","0,141,1789"
"0/0","29,2","31","57","0,57,740"
"0/0","31,2","33","57","0,57,734"
"0/0","37,0","37","90","0,90,1182"
"0/0","34,0","34","90","0,90,1192"
"0/0","30,0","30","84","0,84,1082"
"0/1","17,16","33","99","455,0,514"
"0/0","35,0","35","96","0,96,1244"
"0/0","40,0","40","99","0,108,1389"
"0/0","32,1","33","56","0,56,1181"
"0/0","35,0","35","99","0,102,1327"
"0/0","25,0","25","69","0,69,905"
"0/1","15,10","25","99","312,0,511"
"0/0","15,0","17","33","0,33,425"
"0/1","8,8","16","99","269,0,273"
"0/1","12,15","27","99","522,0,334"
"0/1","7,11","18","99","374,0,230"
"0/1","15,11","26","99","375,0,502"
"0/1","10,9","19","99","288,0,330"
"0/1","15,12","27","99","402,0,478"
"0/1","9,16","25","99","562,0,287"
"0/1","8,17","25","99","560,0,239"
"0/1","13,8","21","99","252,0,466"
"0/1","18,14","32","99","415,0,582"
"0/1","20,14","34","99","378,0,628"
"0/1","12,13","26","99","357,0,365"
"0/1","17,15","32","99","508,0,574"
"0/1","9,5","14","99","163,0,330"
"0/1","16,8","24","99","253,0,491"
"0/1","18,26","44","99","825,0,514"
"0/1","14,16","30","99","567,0,386"
"0/1","10,12","22","99","344,0,323"
"0/1","9,12","21","99","419,0,277"
"0/1","9,19","28","99","520,0,258"
"0/1","11,14","25","99","411,0,382"
"0/1","8,10","18","99","361,0,224"
"0/1","16,11","27","99","335,0,540"
"0/1","9,12","21","99","374,0,259"
"0/1","11,13","24","99","413,0,365"
"0/1","11,12","23","99","417,0,347"
"0/1","14,9","23","99","281,0,446"
"0/1","13,12","25","99","405,0,455"
"0/1","15,6","21","99","177,0,513"
"0/1","10,10","20","99","356,0,347"
"0/1","7,9","16","99","316,0,239"
"0/1","7,6","13","99","204,0,241"
"0/1","10,6","16","99","197,0,361"
"0/1","12,16","28","99","491,0,401"
"0/1","22,16","38","99","502,0,611"
"0/1","21,15","36","99","466,0,600"
"0/1","11,14","25","99","468,0,374"
"0/1","14,8","22","99","259,0,497"
"0/1","14,11","25","99","337,0,495"
"0/1","19,9","28","99","275,0,557"
"0/1","17,11","28","99","356,0,541"
"0/1","7,11","18","99","346,0,236"
"0/1","5,6","11","99","212,0,172"
"0/1","10,14","24","99","455,0,341"
"0/1","4,15","19","99","532,0,100"
"0/1","8,14","22","99","464,0,225"
"0/1","9,15","24","99","462,0,299"
"0/1","11,11","22","99","373,0,372"
"0/1","12,11","23","99","341,0,376"
"0/1","12,12","24","99","411,0,374"
"0/1","17,27","44","99","521,0,449"
"0/1","15,18","33","99","593,0,496"
"0/1","20,25","45","99","827,0,552"
"0/1","13,9","22","99","270,0,440"
"0/1","19,26","45","99","809,0,541"
"0/1","21,17","38","99","491,0,727"
"0/1","17,22","39","99","631,0,553"
"0/1","12,26","38","99","827,0,373"
"0/1","10,7","17","99","226,0,353"
"0/1","9,14","28","99","111,0,191"
"1/1","0,26","26","24","294,24,0"
"0/1","11,8","19","99","267,0,392"
"0/1","10,15","25","99","541,0,252"
"0/1","9,16","25","99","541,0,255"
"0/1","16,13","30","99","363,0,521"
"0/1","15,13","28","99","331,0,262"
"0/1","17,12","29","99","357,0,465"
"0/0","34,1","35","35","0,35,834"
"0/0","15,0","15","39","0,39,519"
"0/1","7,8","15","99","247,0,239"
"0/1","12,13","25","99","418,0,378"
"0/1","20,18","38","99","544,0,698"
"0/1","10,12","22","99","412,0,320"
"0/1","12,20","32","99","650,0,349"
"0/1","21,26","47","99","821,0,641"
"0/1","19,18","37","99","615,0,587"
"0/1","11,12","23","99","415,0,325"
"0/1","21,13","34","99","419,0,727"
"0/1","7,12","19","99","394,0,206"
"0/1","18,20","38","99","605,0,587"
"0/1","12,13","25","99","408,0,407"
"0/1","12,25","37","99","898,0,371"
"0/1","9,16","25","99","570,0,251"
"0/1","17,13","30","99","405,0,559"
"0/1","14,16","30","99","483,0,443"
"0/1","23,17","40","99","527,0,788"
"0/1","16,15","32","99","403,0,491"
"0/1","12,13","25","99","396,0,359"
"0/1","13,11","24","99","311,0,388"
"0/1","5,9","14","86","273,0,86"
"0/1","10,18","29","99","383,0,149"
"0/0","5,0","5","9","0,9,120"
"0/0","8,0","8","15","0,15,199"
"0/0","7,0","9","15","0,15,200"
"0/0","8,0","10","18","0,18,228"
"0/0","11,0","13","24","0,24,295"
"0/1","13,11","24","99","356,0,363"
"0/1","13,20","33","99","625,0,438"
"0/1","9,10","19","99","328,0,312"
"0/1","13,11","24","99","332,0,455"
"0/1","13,10","23","99","340,0,396"
"0/1","11,13","24","99","418,0,377"
"0/1","13,16","29","99","557,0,399"
"0/1","14,10","24","99","337,0,495"
"0/1","12,13","25","99","443,0,352"
"0/1","16,13","29","99","430,0,512"
"0/1","18,16","34","99","521,0,563"
"0/1","10,12","22","99","408,0,333"
"0/1","19,17","36","99","546,0,643"
"0/1","11,10","21","99","338,0,380"
"0/1","19,21","40","99","659,0,629"
"0/1","19,21","40","99","734,0,609"
"0/1","12,12","24","99","345,0,407"
"0/1","18,18","37","99","599,0,480"
"0/1","40,10","51","99","266,0,1310"
"0/1","46,12","58","99","245,0,1500"
"0/1","15,17","33","99","553,0,511"
"0/1","15,14","29","99","453,0,462"
"0/1","25,16","41","99","472,0,825"
"0/1","11,12","23","99","289,0,333"
"0/1","19,14","33","99","446,0,536"
"0/1","18,19","37","99","615,0,584"
"0/0","26,0","26","75","0,75,1018"
"0/1","12,13","25","99","407,0,414"
"0/0","21,0","24","42","0,42,523"
"0/1","17,16","33","99","513,0,589"
"0/1","9,13","22","99","452,0,300"
"0/1","16,22","38","99","734,0,439"
"0/1","13,22","36","99","728,0,295"
"0/1","9,12","21","99","380,0,228"
"0/1","15,13","28","99","440,0,500"
"0/1","11,8","20","99","262,0,389"
"0/1","18,14","32","99","457,0,616"
"0/0","27,0","27","78","0,78,1041"
"0/1","21,13","34","99","315,0,681"
"0/1","13,7","20","99","172,0,434"
"0/1","6,12","18","99","429,0,190"
"0/1","46,10","56","72","72,0,1104"
"0/1","2,5","10","65","152,0,65"
"0/1","8,19","27","99","592,0,202"
"0/1","23,10","33","99","314,0,762"
"1/1","2,27","29","75","988,75,0"
"0/1","15,12","27","99","342,0,459"
"0/1","11,9","20","99","270,0,387"
"0/1","9,9","19","99","281,0,308"
"0/1","17,14","31","99","420,0,556"
"0/1","23,15","38","99","450,0,641"
"0/1","9,6","15","99","189,0,302"
"0/1","8,7","15","99","161,0,274"
"0/1","9,9","18","99","298,0,236"
"0/0","12,0","12","33","0,33,457"
"0/0","30,0","30","78","0,78,1055"
"0/1","15,6","21","99","180,0,486"
"0/1","8,10","18","99","325,0,275"
"0/1","10,14","24","99","460,0,304"
"0/0","19,0","19","51","0,51,677"
"0/1","13,7","20","99","222,0,459"
"0/1","6,8","14","99","291,0,121"
"0/1","11,3","14","30","30,0,310"
"0/1","12,14","26","99","416,0,337"
"0/1","11,9","20","99","189,0,349"
"0/1","23,6","29","99","128,0,657"
"0/1","9,16","25","99","537,0,280"
"0/1","12,15","27","99","525,0,374"
"0/1","10,16","26","99","500,0,338"
"0/1","9,12","21","99","417,0,291"
"0/1","10,12","22","99","409,0,307"
"0/1","13,9","22","99","291,0,380"
"0/1","73,15","89","99","226,0,1851"
"0/1","88,17","106","99","292,0,2548"
"0/1","19,14","33","99","348,0,602"
"0/1","22,18","40","99","573,0,687"
"0/1","11,9","20","99","297,0,353"
"0/1","19,14","33","99","437,0,658"
"0/1","10,5","16","89","89,0,330"
"0/1","8,14","22","99","503,0,254"
"0/1","13,12","26","99","362,0,253"
"0/1","10,10","20","99","347,0,352"
"0/1","14,3","18","71","71,0,363"
"0/1","15,4","19","72","72,0,442"
"0/1","17,18","35","99","572,0,541"
"0/1","13,15","28","99","491,0,432"
"0/1","13,7","20","99","227,0,470"
"0/1","21,19","40","99","621,0,628"
"0/1","28,9","37","99","213,0,934"
"0/1","18,12","30","99","371,0,598"
"0/1","12,11","23","99","360,0,261"
"0/1","9,8","17","99","259,0,296"
"0/1","8,12","20","99","427,0,267"
"0/1","15,17","32","99","595,0,514"
"0/1","8,10","18","99","301,0,262"
"0/1","21,9","30","99","275,0,669"
"0/1","14,9","23","99","248,0,472"
"0/1","7,9","16","99","314,0,232"
"0/1","8,8","16","99","261,0,269"
"0/1","23,21","44","99","704,0,783"
"0/1","10,18","28","99","512,0,248"
"0/1","11,10","21","99","344,0,379"
"0/1","11,11","22","99","328,0,373"
"0/1","17,11","28","99","332,0,550"
"0/1","9,10","19","99","327,0,304"
"0/1","19,10","29","99","285,0,613"
"0/1","11,18","29","99","598,0,363"
"0/1","16,13","29","99","404,0,497"
"0/1","9,5","14","99","160,0,321"
"0/1","13,18","31","99","625,0,425"
"0/1","17,17","34","99","568,0,550"
"0/1","11,9","20","99","292,0,369"
"0/1","12,16","28","99","505,0,403"
"0/1","8,13","21","99","409,0,228"
"0/1","20,10","30","99","322,0,655"
"0/1","14,10","24","99","281,0,488"
"0/1","13,17","30","99","508,0,396"
"0/1","12,20","32","99","726,0,356"
"0/1","18,8","26","99","179,0,614"
"0/1","16,17","33","99","563,0,553"
"0/1","21,11","32","99","342,0,707"
"0/1","17,8","25","99","210,0,614"
"0/1","13,8","21","99","254,0,464"
"0/1","10,6","16","99","186,0,364"
"0/1","11,9","20","99","304,0,390"
"0/1","8,11","19","99","313,0,273"
"0/1","17,16","33","99","504,0,550"
"0/1","16,19","35","99","616,0,506"
"0/1","11,12","23","99","369,0,375"
"0/1","16,18","34","99","604,0,453"
"0/1","9,10","19","99","342,0,314"
"0/1","5,12","17","96","421,0,96"
"0/0","22,0","22","60","0,60,823"
"0/0","22,0","22","60","0,60,819"
"0/0","20,0","20","57","0,57,772"
"0/1","8,9","17","99","284,0,273"
"0/1","11,10","21","99","343,0,353"
"0/1","8,11","19","99","369,0,266"
"0/1","7,12","19","99","393,0,233"
"0/1","10,11","21","99","384,0,289"
"0/1","13,9","22","99","299,0,452"
"0/1","8,11","19","99","378,0,261"
"0/0","20,2","22","23","0,23,700"
"0/1","9,7","16","99","236,0,322"
"1/2","0,8,8","16","99","533,298,277,235,0,211"
"0/0","11,0","12","21","0,21,280"
"0/1","18,7","25","99","202,0,558"
"0/1","9,7","16","99","201,0,290"
"0/1","17,18","35","99","556,0,592"
"0/1","11,9","20","99","283,0,390"
"0/1","16,5","21","99","134,0,581"
"0/1","21,15","36","99","444,0,680"
"0/1","8,8","16","99","276,0,281"
"0/1","13,21","34","99","626,0,437"
"0/1","14,25","39","99","776,0,430"
"0/1","10,11","21","99","372,0,339"
"0/1","17,3","20","14","14,0,599"
"0/1","13,16","29","99","492,0,395"
"0/1","6,11","17","99","386,0,192"
"0/1","18,15","33","99","492,0,594"
"0/1","22,18","40","99","570,0,635"
"0/1","19,13","32","99","421,0,610"
"0/1","17,14","31","99","464,0,585"
"0/1","14,12","26","99","417,0,417"
"0/1","8,17","25","99","604,0,254"
"0/1","13,14","27","99","452,0,375"
"0/1","13,15","28","99","523,0,438"
"0/1","10,14","24","99","405,0,338"
"0/1","8,12","20","99","423,0,260"
"0/1","15,10","25","99","325,0,541"
"0/1","12,4","16","99","115,0,440"
"0/1","12,13","25","99","330,0,352"
"0/1","15,10","25","99","313,0,473"
"0/1","15,21","36","99","688,0,491"
"0/1","16,26","42","99","828,0,474"
"0/1","16,17","33","99","575,0,528"
"0/1","17,18","35","99","562,0,524"
"0/1","13,12","25","99","383,0,375"
"0/1","18,15","33","99","472,0,628"
"0/1","4,13","17","99","444,0,115"
"0/1","10,10","20","99","349,0,339"
"0/1","19,17","36","99","580,0,555"
"0/1","12,13","25","99","452,0,322"
"0/1","15,18","33","99","554,0,508"
"0/1","12,6","18","99","188,0,438"
"0/1","8,20","28","99","698,0,197"
"0/1","19,14","33","99","429,0,677"
"0/1","15,15","30","99","511,0,516"
"0/1","11,11","22","99","365,0,360"
"0/1","46,13","59","34","34,0,1253"
"0/1","23,16","39","99","507,0,728"
"0/1","17,9","26","99","282,0,589"
"0/1","7,11","18","99","352,0,228"
"0/1","12,14","26","99","495,0,412"
"0/1","8,6","14","99","203,0,281"
"0/1","6,9","15","99","275,0,169"
"0/1","16,14","30","99","431,0,542"
"0/1","14,13","27","99","454,0,454"
"1/1","0,23","23","66","899,66,0"
"0/1","9,15","24","99","533,0,294"
"0/1","22,13","35","99","349,0,724"
"0/1","10,14","24","99","440,0,298"
"0/1","16,22","38","99","757,0,467"
"0/1","12,12","24","99","399,0,370"
"0/1","12,8","20","99","234,0,361"
"0/1","8,11","19","99","353,0,262"
"0/1","8,10","18","99","355,0,251"
"0/1","17,6","23","99","179,0,586"
"0/1","13,10","23","99","258,0,464"
"0/1","20,19","39","99","593,0,656"
"0/1","21,4","25","33","33,0,560"
"0/1","7,8","15","99","262,0,234"
"0/1","21,14","35","99","367,0,571"
"0/1","20,21","41","99","732,0,651"
"0/1","19,19","38","99","612,0,574"
"0/1","17,25","42","99","847,0,517"
"0/1","12,13","25","99","448,0,375"
"0/1","9,9","18","99","272,0,280"
"0/1","28,20","48","99","657,0,916"
"0/1","12,9","21","99","291,0,406"
"0/1","6,8","14","99","282,0,203"
"0/1","5,11","16","99","395,0,155"
"0/1","8,12","20","99","390,0,270"
"0/1","7,12","19","99","392,0,210"
"0/1","8,14","22","99","488,0,253"
"0/1","15,8","23","99","243,0,524"
"0/1","13,21","34","99","647,0,424"
"0/1","8,20","28","99","721,0,209"
"0/1","12,9","21","99","273,0,420"
"0/1","17,13","30","99","434,0,601"
"0/1","10,19","29","99","593,0,252"
"0/1","9,14","23","99","494,0,293"
"0/1","9,9","18","99","262,0,292"
"0/1","13,5","18","99","145,0,460"
"0/1","11,9","20","99","310,0,349"
"0/1","16,14","30","99","473,0,484"
"0/1","21,17","38","99","533,0,659"
"0/1","15,10","26","99","329,0,531"
"0/1","6,10","16","99","322,0,194"
"0/1","9,14","23","99","473,0,227"
"0/1","9,12","21","99","393,0,309"
"0/1","16,8","24","99","247,0,581"
"0/1","14,9","23","99","225,0,500"
"0/1","9,18","27","99","607,0,229"
"0/1","17,20","37","99","652,0,489"
"0/1","15,10","25","99","301,0,504"
"0/1","14,13","27","99","454,0,411"
"0/1","19,14","33","99","418,0,675"
"0/1","12,19","31","99","630,0,383"
"0/1","13,11","24","99","324,0,461"
"0/1","22,9","31","99","236,0,767"
"0/1","9,8","17","99","274,0,316"
"0/1","10,12","22","99","424,0,341"
"0/1","8,8","16","99","243,0,279"
"0/1","10,14","24","99","486,0,330"
"0/1","17,12","29","99","390,0,509"
"0/1","16,9","25","99","222,0,549"
"0/1","20,14","34","99","365,0,664"
"0/1","20,14","34","99","434,0,601"
"0/1","14,18","32","99","563,0,435"
"0/1","17,14","31","99","396,0,536"
"0/1","21,9","30","99","250,0,585"
"0/1","10,17","27","99","516,0,332"
"0/1","10,9","19","99","275,0,353"
"0/1","15,7","22","99","189,0,488"
"0/1","14,15","29","99","511,0,484"
"0/1","8,13","21","99","432,0,235"
"0/1","11,12","23","99","420,0,336"
"0/1","11,12","23","99","425,0,377"
"0/1","13,10","23","99","325,0,443"
"0/1","11,11","22","99","370,0,362"
"0/1","6,11","17","99","367,0,199"
"0/1","11,3","14","75","75,0,356"
"0/1","9,11","20","99","380,0,282"
"0/1","10,10","20","99","343,0,349"
"0/1","12,14","26","99","473,0,359"
"0/1","11,10","21","99","331,0,359"
"0/1","7,10","17","99","287,0,229"
"0/1","14,5","19","99","137,0,489"
"0/1","7,4","11","99","121,0,244"
"0/1","11,7","18","99","228,0,382"
"0/1","13,9","22","99","298,0,411"
"0/1","15,10","25","99","290,0,506"
"0/1","14,10","24","99","295,0,429"
"0/1","10,12","22","99","416,0,298"
"0/1","17,13","30","99","365,0,576"
"0/1","13,12","25","99","388,0,410"
"0/1","7,12","19","99","361,0,226"
"0/1","9,15","24","99","526,0,290"
"0/1","11,10","21","99","343,0,386"
"0/1","10,14","24","99","491,0,319"
"0/1","6,15","21","99","538,0,182"
"0/1","13,15","28","99","499,0,378"
"0/1","10,13","23","99","460,0,329"
"0/1","18,13","31","99","429,0,497"
"0/1","17,8","25","99","224,0,584"
"0/1","14,21","35","99","750,0,410"
"0/1","15,16","31","99","488,0,480"
"0/1","23,17","40","99","444,0,680"
"0/1","8,17","25","99","583,0,212"
"0/1","12,6","18","99","182,0,424"
"0/1","6,5","11","99","176,0,209"
"0/1","9,8","17","99","244,0,262"
"0/1","8,14","22","99","498,0,256"
"0/0","26,0","26","75","0,75,1010"
"0/1","12,13","25","99","412,0,412"
"0/1","17,12","29","99","396,0,584"
"0/1","16,10","26","99","323,0,508"
"0/1","14,21","35","99","708,0,465"
"0/1","9,17","26","99","606,0,266"
"0/1","15,18","33","99","619,0,414"
"0/1","13,16","29","99","447,0,430"
"0/1","13,17","30","99","568,0,405"
"0/1","12,14","26","99","452,0,409"
"0/1","15,13","28","99","430,0,478"
"0/1","14,20","34","99","494,0,409"
"0/1","16,12","28","99","350,0,563"
"0/1","13,9","22","99","303,0,422"
"0/1","12,16","28","99","568,0,363"
"0/0","28,0","28","84","0,84,1097"
"0/0","5,0","5","15","0,15,197"
"0/1","14,9","23","99","291,0,460"
"0/1","10,12","22","99","378,0,294"
"0/1","10,16","26","99","539,0,299"
"0/0","30,2","32","30","0,30,1132"
"0/1","13,19","32","99","635,0,389"
"0/1","12,18","30","99","636,0,362"
"0/1","19,14","33","99","384,0,597"
"0/1","8,12","20","99","389,0,253"
"0/1","11,9","20","99","292,0,375"
"0/1","3,7","10","81","240,0,81"
"0/1","12,9","21","99","300,0,427"
"0/1","21,8","29","99","246,0,678"
"0/1","18,14","32","99","474,0,541"
"0/1","14,15","30","99","391,0,413"
"0/1","16,11","27","99","362,0,509"
"0/1","7,6","13","99","213,0,198"
"0/1","7,23","30","99","685,0,158"
"0/1","16,13","31","99","229,0,251"
"0/1","18,16","34","99","527,0,531"
"0/1","14,15","29","99","459,0,406"
"0/1","12,13","25","99","347,0,371"
"0/1","17,11","28","99","285,0,562"
"0/1","17,14","31","99","459,0,484"
"0/1","19,12","31","99","269,0,671"
"0/1","12,16","28","99","465,0,394"
"0/1","21,19","40","99","536,0,694"
"0/1","18,18","36","99","493,0,520"
"0/1","21,11","32","99","355,0,614"
"0/1","18,13","31","99","362,0,593"
"0/1","12,15","27","99","488,0,384"
"0/1","17,21","38","99","668,0,586"
"0/1","24,16","40","99","484,0,841"
"0/1","12,14","26","99","407,0,417"
"0/1","14,20","34","99","605,0,404"
"0/1","13,21","34","99","564,0,408"
"0/1","13,16","29","99","529,0,429"
"0/1","22,12","34","99","342,0,705"
"0/1","19,16","35","99","422,0,614"
"0/1","18,17","35","99","464,0,581"
"0/1","14,6","20","99","194,0,356"
"0/1","15,9","24","99","284,0,444"
"0/1","17,16","33","99","491,0,584"
"0/1","11,12","23","99","414,0,374"
"0/1","10,14","24","99","486,0,328"
"0/1","16,12","28","99","402,0,521"
"0/1","21,19","40","99","644,0,723"
"0/1","13,19","32","99","616,0,412"
"0/1","19,18","37","99","611,0,587"
"0/1","18,15","33","99","403,0,565"
"0/1","19,9","28","99","282,0,638"
"0/1","22,21","43","99","641,0,705"
"0/1","8,18","26","99","566,0,242"
"0/1","27,6","33","63","63,0,696"
"0/0","25,2","27","32","0,32,814"
"0/1","16,12","28","99","352,0,402"
"0/1","23,15","38","99","446,0,711"
"0/1","7,13","20","99","461,0,177"
"0/1","13,9","23","99","290,0,390"
"0/1","8,17","25","99","567,0,242"
"0/1","7,12","19","99","390,0,223"
"0/1","15,9","24","99","301,0,497"
"0/1","30,14","44","99","441,0,938"
"0/0","31,0","31","87","0,87,1160"
"0/1","22,17","39","99","540,0,719"
"0/1","8,9","17","99","292,0,266"
"0/0","17,0","17","48","0,48,637"
"0/1","20,13","35","99","260,0,524"
"0/0","24,0","24","69","0,69,909"
"0/1","10,6","16","99","161,0,332"
"0/1","6,9","15","99","320,0,163"
"0/1","5,5","10","99","167,0,172"
"0/1","8,14","22","99","476,0,230"
"0/1","22,20","42","99","590,0,741"
"0/1","10,13","23","99","408,0,336"
"0/1","8,9","17","99","318,0,275"
"0/1","13,19","32","99","655,0,440"
"0/1","27,11","39","99","332,0,960"
"0/1","36,41","77","99","1338,0,1162"
"0/1","14,14","28","99","422,0,446"
"0/0","12,0","12","36","0,36,471"
"0/1","10,15","25","99","498,0,252"
"0/1","13,15","28","99","523,0,432"
"0/1","13,14","27","99","456,0,436"
"0/1","24,11","35","99","324,0,873"
"0/1","27,14","41","99","387,0,855"
"0/1","12,11","23","99","335,0,391"
"0/1","14,8","22","99","257,0,469"
"0/1","11,17","28","99","541,0,362"
"0/1","15,12","27","99","350,0,443"
"0/1","7,13","20","99","425,0,213"
"0/1","1,11","12","9","364,0,9"
"0/1","12,11","23","99","347,0,368"
"0/1","12,7","19","99","230,0,426"
"0/1","9,13","22","99","454,0,266"
"0/1","10,13","23","99","439,0,320"
"0/1","9,11","20","99","332,0,306"
"0/1","12,6","18","99","194,0,322"
"0/1","16,12","28","99","347,0,539"
"0/1","21,20","41","99","670,0,597"
"0/1","5,7","12","58","93,0,58"
"0/1","8,15","23","99","514,0,246"
"0/1","14,12","26","99","396,0,470"
"0/1","11,13","24","99","452,0,351"
"0/1","11,17","28","99","597,0,355"
"0/1","14,13","27","99","408,0,464"
"0/1","12,10","22","99","230,0,280"
"0/1","21,19","40","99","603,0,696"
"0/1","17,18","35","99","567,0,509"
"0/1","12,12","24","99","421,0,380"
"0/1","20,9","31","99","260,0,630"
"0/1","15,10","25","99","298,0,498"
"0/1","14,10","24","99","338,0,431"
"0/1","13,15","28","99","460,0,403"
"0/0","25,0","25","66","0,66,877"
"0/1","11,15","26","99","428,0,373"
"0/1","9,2","11","46","46,0,329"
"0/1","33,5","38","48","48,0,1117"
"0/1","11,11","22","99","318,0,349"
"0/1","13,7","21","99","194,0,424"
"0/0","27,3","30","11","0,11,893"
"0/1","21,15","36","99","455,0,723"
"0/1","14,14","28","99","446,0,406"
"0/1","18,18","36","99","626,0,579"
"0/1","12,8","20","99","262,0,429"
"0/1","13,7","20","99","223,0,426"
"0/1","12,7","19","99","223,0,420"
"0/1","12,6","18","99","186,0,425"
"0/1","13,7","20","99","224,0,453"
"0/1","17,14","31","99","412,0,520"
"0/0","14,0","14","24","0,24,307"
"0/0","14,0","14","24","0,24,297"
"0/0","14,0","15","27","0,27,332"
"0/0","15,0","15","36","0,36,464"
"0/1","12,12","24","99","407,0,351"
"0/1","16,13","29","99","422,0,556"
"0/0","13,0","13","36","0,36,470"
"0/1","18,16","34","99","500,0,587"
"0/1","18,19","37","99","594,0,579"
"0/1","22,16","38","99","487,0,721"
"0/1","25,14","39","99","362,0,839"
"0/1","16,18","34","99","565,0,540"
"0/1","15,16","31","99","459,0,444"
"0/1","9,7","16","99","243,0,251"
"0/1","16,14","30","99","438,0,525"
"0/1","10,4","14","99","123,0,365"
"0/1","6,5","11","64","64,0,93"
"0/0","18,1","19","48","0,48,601"
"0/1","7,16","23","99","562,0,218"
"0/1","20,5","25","99","160,0,201"
"0/1","20,16","36","99","528,0,645"
"0/1","13,23","36","99","786,0,407"
"0/1","16,12","28","99","406,0,501"
"0/1","11,9","20","99","306,0,390"
"0/1","11,11","22","99","368,0,371"
"0/1","10,13","23","99","429,0,303"
"0/1","20,17","37","99","569,0,651"
"0/1","17,22","39","99","675,0,541"
"0/1","13,12","25","99","383,0,451"
"0/1","18,20","39","99","622,0,520"
"0/1","20,15","35","99","423,0,657"
"0/1","5,7","13","98","98,0,111"
"0/1","11,2","13","41","41,0,407"
"0/1","17,15","32","99","389,0,597"
"0/1","14,17","31","99","518,0,406"
"0/1","13,14","27","99","483,0,424"
"0/1","19,14","33","99","445,0,640"
"0/1","15,22","37","99","725,0,482"
"0/1","14,24","38","99","709,0,341"
"0/1","14,23","37","99","534,0,303"
"0/1","22,11","34","99","245,0,435"
"0/1","13,16","29","99","474,0,403"
"0/1","5,10","15","99","311,0,157"
"0/1","7,6","13","99","197,0,246"
"0/1","9,13","22","99","398,0,272"
"0/1","11,9","20","99","219,0,349"
"0/1","19,22","41","99","719,0,587"
"0/1","13,12","25","99","350,0,420"
"0/1","7,6","13","99","204,0,238"
"0/1","7,6","13","99","210,0,242"
"0/1","8,8","16","99","284,0,222"
"0/1","17,15","32","99","478,0,449"
"0/1","5,20","25","99","738,0,130"
"0/1","10,12","22","99","389,0,317"
"0/1","7,16","23","99","545,0,216"
"0/1","5,13","18","99","473,0,153"
"0/1","13,8","21","99","264,0,432"
"0/1","5,10","15","99","336,0,162"
"0/1","10,13","23","99","350,0,342"
"0/1","9,6","15","99","192,0,317"
"0/1","11,10","21","99","306,0,383"
"0/1","16,19","35","99","645,0,494"
"0/1","11,16","27","99","566,0,320"
"0/1","9,8","17","99","248,0,306"
"0/1","8,5","13","99","163,0,286"
"0/1","25,22","47","99","702,0,772"
"0/1","26,16","42","99","486,0,922"
"0/1","22,12","34","99","382,0,713"
"0/1","18,15","33","99","510,0,595"
"0/1","15,15","30","99","485,0,443"
"0/1","14,13","27","99","422,0,488"
"0/1","19,13","32","99","416,0,679"
"0/1","20,20","40","99","576,0,581"
"0/1","19,14","33","99","398,0,604"
"0/1","13,15","28","99","457,0,378"
"0/1","8,11","19","99","328,0,182"
"0/1","13,19","33","99","611,0,394"
"0/1","19,21","40","99","608,0,602"
"0/1","17,17","34","99","523,0,583"
"0/1","21,16","37","99","456,0,611"
"0/1","11,20","31","99","711,0,271"
"0/1","24,26","50","99","855,0,814"
"0/1","26,28","54","99","919,0,821"
"0/1","26,14","40","99","431,0,896"
"0/1","16,14","30","99","436,0,545"
"0/1","22,16","38","99","527,0,735"
"0/1","20,13","33","99","364,0,663"
"0/1","20,16","36","99","452,0,636"
"0/1","16,5","21","95","95,0,398"
"0/1","6,15","21","99","436,0,130"
"0/1","12,15","27","99","493,0,408"
"0/1","4,7","11","96","255,0,96"
"0/1","14,23","37","99","686,0,428"
"0/1","23,9","33","99","241,0,757"
"0/1","11,14","25","99","470,0,338"
"0/1","12,14","26","99","460,0,392"
"0/1","17,7","24","99","213,0,541"
"0/1","11,15","26","99","531,0,374"
"0/1","19,16","35","99","444,0,594"
"0/0","8,0","8","18","0,18,218"
"0/1","21,8","29","99","201,0,756"
"0/1","10,7","17","99","218,0,354"
"0/1","7,9","16","99","309,0,234"
"0/1","12,11","23","99","383,0,384"
"0/1","11,12","23","99","414,0,385"
"0/1","10,13","23","99","466,0,301"
"0/1","11,12","23","99","422,0,340"
"0/1","8,9","17","99","247,0,287"
"0/1","8,9","17","99","306,0,278"
"0/1","8,14","22","99","502,0,254"
"0/1","7,13","20","99","467,0,222"
"0/1","15,10","26","99","304,0,454"
"0/1","7,14","21","99","501,0,222"
"0/1","23,14","37","99","419,0,731"
"0/1","16,13","30","99","438,0,523"
"0/1","10,10","20","99","321,0,310"
"0/1","23,16","41","99","464,0,774"
"0/1","32,23","55","99","686,0,933"
"0/1","15,17","32","99","601,0,417"
"0/1","14,19","33","99","548,0,401"
"0/1","17,16","33","99","542,0,585"
"0/1","20,14","34","99","371,0,630"
"0/1","16,5","21","93","93,0,488"
"0/1","5,24","29","99","825,0,114"
"0/1","16,17","33","99","580,0,542"
"0/1","19,18","37","99","604,0,520"
"0/1","7,11","18","99","388,0,225"
"0/1","5,15","20","99","489,0,146"
"0/1","17,21","38","99","720,0,486"
"0/1","21,20","41","99","650,0,664"
"0/0","7,0","8","21","0,21,266"
"0/0","8,0","8","21","0,21,263"
"0/1","9,13","22","99","443,0,300"
"0/1","11,19","30","99","673,0,317"
"0/1","11,18","29","99","644,0,309"
"0/1","19,8","27","99","225,0,569"
"0/1","10,10","20","99","346,0,345"
"0/1","10,10","20","99","350,0,339"
"0/1","6,9","15","99","291,0,163"
"0/1","14,8","22","99","262,0,392"
"0/1","7,12","19","99","358,0,184"
"0/1","11,11","22","99","260,0,382"
"0/1","16,15","31","99","462,0,539"
"0/1","11,16","27","99","536,0,322"
"0/1","15,18","33","99","581,0,484"
"0/1","17,9","26","99","291,0,610"
"0/1","15,14","29","99","453,0,478"
"0/1","22,7","29","99","198,0,713"
"0/1","19,9","28","99","280,0,629"
"0/1","10,16","26","99","557,0,310"
"0/1","14,11","25","99","322,0,469"
"0/1","11,16","27","99","529,0,364"
"0/1","8,10","18","99","312,0,221"
"0/1","17,13","30","99","348,0,606"
"0/1","11,13","24","99","431,0,377"
"0/1","12,9","21","99","249,0,385"
"0/1","12,10","22","99","315,0,322"
"0/1","13,17","30","99","472,0,337"
"0/1","16,23","39","99","751,0,543"
"0/1","16,13","29","99","370,0,522"
"0/1","13,17","30","99","531,0,374"
"0/1","15,12","27","99","400,0,525"
"0/1","14,13","27","99","412,0,489"
"0/1","12,14","26","99","418,0,417"
"0/0","21,1","22","48","0,48,610"
"0/1","16,12","28","99","397,0,515"
"0/1","7,4","11","99","126,0,244"
"0/1","5,4","9","99","126,0,182"
"0/1","11,21","32","99","556,0,298"
"0/1","9,9","18","99","271,0,282"
"0/1","19,21","40","99","676,0,537"
"0/1","15,21","36","99","699,0,496"
"0/1","11,13","24","99","452,0,382"
"0/1","7,3","10","19","19,0,169"
"0/1","11,8","19","99","229,0,327"
"0/1","15,19","34","99","610,0,482"
"0/1","14,22","36","99","703,0,341"
"0/0","29,0","29","75","0,75,1001"
"0/1","5,25","30","2","678,0,2"
"0/1","13,15","28","99","512,0,439"
"0/1","5,9","14","99","319,0,157"
"0/1","14,10","24","99","332,0,482"
"0/1","17,24","41","99","814,0,524"
"0/1","14,10","24","99","249,0,505"
"0/1","10,8","18","99","273,0,356"
"0/1","10,12","22","99","379,0,329"
"0/1","6,10","16","99","358,0,194"
"0/1","17,10","27","99","291,0,542"
"0/1","23,14","37","99","443,0,779"
"0/1","19,15","34","99","503,0,533"
"0/1","14,9","23","99","290,0,364"
"0/1","15,15","30","99","467,0,514"
"0/0","42,5","47","12","0,12,1315"
"0/1","8,6","14","99","208,0,278"
"0/1","8,12","20","99","389,0,272"
"0/1","5,9","14","99","288,0,161"
"0/1","8,7","15","99","197,0,243"
"0/1","11,6","17","99","154,0,308"
"1/1","0,25","25","66","886,66,0"
"0/0","36,0","36","96","0,96,1171"
"0/0","29,0","29","81","0,81,1053"
"0/0","28,0","29","75","0,75,923"
"0/0","28,0","29","75","0,75,978"
"0/0","29,0","29","78","0,78,1012"
"0/1","16,10","27","99","325,0,482"
"0/1","6,8","14","99","278,0,200"
"0/1","15,19","34","99","654,0,496"
"0/1","18,19","37","99","583,0,561"
"0/1","9,24","33","99","756,0,265"
"0/1","4,12","16","28","289,0,28"
"0/1","9,21","30","99","620,0,239"
"0/1","14,14","28","99","467,0,438"
"0/1","6,20","26","99","523,0,140"
"0/1","26,9","35","99","114,0,777"
"0/1","24,8","32","99","117,0,754"
"0/1","21,6","27","95","95,0,642"
"0/1","12,10","22","99","305,0,424"
"0/1","9,17","26","99","568,0,290"
"0/0","20,0","21","57","0,57,731"
"0/1","20,12","32","99","392,0,601"
"0/1","20,23","43","99","713,0,595"
"0/0","17,0","17","36","0,36,454"
"0/1","18,14","33","99","445,0,622"
"0/1","11,14","25","99","417,0,340"
"0/1","6,10","16","99","325,0,197"
"0/1","19,15","34","99","455,0,627"
"0/1","11,13","24","99","457,0,343"
"0/1","7,15","22","99","503,0,175"
"0/1","15,19","34","99","598,0,503"
"0/1","16,15","31","99","508,0,448"
"0/1","9,19","28","99","545,0,213"
"0/1","9,10","19","99","319,0,298"
"0/1","10,11","21","99","353,0,334"
"0/1","7,7","14","99","238,0,231"
"0/1","9,17","26","99","540,0,290"
"0/1","6,8","14","53","53,0,200"
"0/1","9,12","21","99","399,0,232"
"0/1","10,5","15","99","120,0,316"
"0/1","14,21","35","99","693,0,398"
"0/0","21,0","22","57","0,57,736"
"0/1","10,8","18","99","232,0,329"
"0/1","11,12","23","99","352,0,312"
"0/1","13,12","25","99","407,0,415"
"0/1","15,14","29","99","416,0,470"
"0/1","15,16","31","99","539,0,511"
"0/1","17,16","33","99","532,0,554"
"0/1","9,9","18","99","263,0,302"
"0/0","18,0","18","51","0,51,677"
"0/1","12,14","26","99","486,0,365"
"0/1","12,15","27","99","531,0,322"
"0/1","11,11","22","99","328,0,376"
"0/1","17,20","37","99","635,0,566"
"0/1","10,9","19","99","226,0,340"
"0/1","13,19","32","99","670,0,399"
"0/1","15,10","25","99","323,0,526"
"0/1","11,10","22","99","282,0,361"
"0/1","8,23","31","99","732,0,191"
"0/1","15,11","26","99","351,0,459"
"0/1","19,15","35","99","432,0,408"
"0/1","12,16","28","99","449,0,406"
"0/1","10,13","23","99","449,0,307"
"0/1","5,6","11","99","209,0,162"
"0/1","4,4","8","99","139,0,139"
"0/1","7,11","18","99","364,0,204"
"0/1","5,13","18","99","431,0,158"
"0/1","5,11","16","99","302,0,132"
"0/1","14,19","33","99","649,0,443"
"0/1","8,10","18","99","357,0,272"
"0/1","9,17","26","99","573,0,295"
"0/1","6,16","22","99","503,0,183"
"0/1","6,12","18","99","406,0,196"
"0/1","5,13","18","99","381,0,155"
"0/1","12,16","28","99","513,0,406"
"0/1","12,15","27","99","504,0,375"
"0/1","12,6","18","99","180,0,430"
"0/1","8,7","15","99","240,0,278"
"0/1","12,9","21","99","303,0,428"
"0/1","15,14","29","99","462,0,421"
"0/1","15,13","28","99","385,0,481"
"0/1","15,10","25","99","335,0,532"
"0/1","11,19","30","99","637,0,352"
"0/1","14,16","30","99","496,0,445"
"0/1","10,9","20","99","192,0,294"
"0/1","14,16","30","99","494,0,460"
"0/1","16,17","33","99","551,0,556"
"0/1","16,14","30","99","440,0,460"
"0/1","14,19","33","99","571,0,411"
"0/1","10,9","19","99","302,0,259"
"0/1","7,9","19","99","137,0,158"
"0/1","14,14","28","99","436,0,398"
"0/1","11,15","27","99","491,0,252"
"0/1","18,14","32","99","358,0,566"
"0/1","16,10","26","99","279,0,444"
"0/1","17,15","32","99","465,0,504"
"0/1","11,13","24","99","443,0,325"
"0/1","18,15","33","99","330,0,545"
"0/1","15,9","24","99","297,0,523"
"0/1","16,18","34","99","620,0,527"
"0/0","22,0","22","63","0,63,834"
"0/1","30,8","38","99","187,0,1031"
"0/1","22,4","26","54","54,0,672"
"0/1","18,6","24","77","77,0,641"
"0/1","18,17","35","99","576,0,543"
"0/1","12,11","23","99","344,0,390"
"0/1","13,9","22","99","303,0,460"
"0/1","9,9","19","99","316,0,271"
"0/0","18,0","18","54","0,54,721"
"0/1","12,8","20","99","273,0,390"
"0/1","9,13","22","99","445,0,240"
"0/1","13,15","28","99","533,0,455"
"0/1","6,9","15","99","324,0,188"
"0/1","7,6","13","99","209,0,201"
"0/1","11,9","20","99","298,0,348"
"0/1","10,8","19","99","239,0,302"
"0/1","11,7","18","99","228,0,389"
"0/1","11,13","24","99","422,0,346"
"0/1","5,12","17","99","386,0,159"
"0/1","4,14","18","99","516,0,113"
"0/1","7,6","13","99","195,0,229"
"0/1","10,9","19","99","309,0,303"
"0/1","16,4","20","99","101,0,512"
"0/1","9,3","12","83","83,0,319"
"0/1","15,7","22","99","212,0,532"
"0/1","38,6","44","83","83,0,1291"
"0/1","39,6","45","99","109,0,1324"
"0/1","8,14","22","99","451,0,260"
"0/0","9,0","9","18","0,18,239"
"0/0","18,0","18","54","0,54,740"
"0/0","19,0","19","57","0,57,780"
"0/0","19,1","20","57","0,57,781"
"0/1","13,4","17","99","115,0,426"
"0/1","19,14","33","99","459,0,579"
"0/1","12,10","22","99","346,0,369"
"0/1","17,10","27","99","328,0,493"
"0/1","17,9","26","99","285,0,603"
"0/1","15,12","27","99","380,0,494"
"0/1","12,15","27","99","451,0,411"
"0/1","14,17","31","99","588,0,474"
"0/1","7,23","30","99","782,0,196"
"0/1","8,13","21","99","423,0,247"
"0/1","3,12","15","77","407,0,77"
"0/1","12,11","23","99","377,0,391"
"0/1","7,13","20","99","437,0,225"
"0/1","9,12","21","99","382,0,300"
"0/1","14,11","25","99","270,0,452"
"0/1","19,15","34","99","470,0,598"
"0/1","12,12","25","99","400,0,417"
"0/1","4,10","14","99","362,0,121"
"0/1","14,12","26","99","365,0,486"
"0/1","10,12","22","99","422,0,309"
"0/1","6,15","21","99","476,0,151"
"0/1","13,13","26","99","426,0,439"
"0/1","13,17","31","99","577,0,436"
"0/1","13,15","28","99","520,0,395"
"0/1","21,14","35","99","435,0,685"
"0/1","14,18","32","99","638,0,436"
"0/1","19,10","29","99","305,0,609"
"0/1","26,17","43","99","507,0,743"
"0/1","14,8","22","99","246,0,482"
"0/1","9,10","19","99","320,0,313"
"0/1","10,13","23","99","394,0,306"
"0/1","16,12","28","99","395,0,504"
"1/1","0,20","20","54","733,54,0"
"0/0","29,0","29","84","0,84,1115"
"0/1","6,13","19","99","441,0,185"
"0/1","15,14","29","99","443,0,507"
"0/1","15,19","34","99","656,0,475"
"0/1","12,8","20","99","264,0,421"
"0/1","13,20","33","99","660,0,379"
"0/1","14,12","26","99","364,0,431"
"0/1","20,17","37","99","520,0,627"
"0/1","16,15","31","99","493,0,501"
"0/1","21,14","35","99","431,0,677"
"0/1","12,19","31","99","595,0,343"
"0/0","30,2","32","50","0,50,1052"
"0/0","31,0","31","84","0,84,1050"
"0/0","31,1","32","87","0,87,1125"
"0/0","34,0","34","78","0,78,1028"
"0/0","35,0","37","87","0,87,1128"
"0/0","35,2","37","10","0,10,1038"
"0/0","36,2","38","15","0,15,1060"
"0/0","32,2","35","7","0,7,976"
"0/0","36,0","36","99","0,99,1269"
"0/0","34,2","36","16","0,16,1095"
"0/0","34,2","36","16","0,16,1074"
"0/0","33,2","35","41","0,41,934"
"0/0","33,0","35","84","0,84,1078"
"0/0","34,0","34","84","0,84,1085"
"0/0","33,1","34","96","0,96,1248"
"0/0","34,0","35","99","0,99,1288"
"0/0","33,0","35","96","0,96,1273"
"0/0","33,0","34","93","0,93,1239"
"0/0","36,1","37","99","0,102,1301"
"0/0","41,0","41","96","0,96,1180"
"0/0","40,2","44","50","0,50,1088"
"0/0","44,1","45","93","0,93,1191"
"0/1","35,18","54","99","226,0,965"
"0/0","62,1","64","99","0,123,1526"
"0/0","43,5","48","47","0,47,1122"
"0/1","44,10","54","3","3,0,1160"
"0/0","39,0","40","99","0,105,1301"
"0/0","40,0","40","96","0,96,1193"
"0/0","42,0","42","96","0,96,1207"
"0/0","42,0","42","99","0,102,1247"
"0/0","38,0","40","99","0,105,1334"
"0/0","36,0","36","93","0,93,1211"
"0/0","38,0","38","99","0,99,1277"
"0/0","37,0","38","93","0,93,1176"
"0/0","36,0","36","93","0,93,1195"
"0/0","33,0","33","84","0,84,1083"
"0/0","34,0","34","93","0,93,1216"
"0/0","31,5","36","87","0,87,1115"
"0/0","36,1","37","49","0,49,921"
"0/0","33,1","35","52","0,52,989"
"0/0","35,2","37","21","0,21,989"
"0/0","34,2","37","12","0,12,897"
"0/0","36,1","37","47","0,47,1103"
"0/0","35,2","37","50","0,50,1094"
"0/0","36,2","38","62","0,62,1180"
"0/0","36,1","37","56","0,56,1186"
"0/0","35,1","36","53","0,53,1157"
"0/1","9,21","31","99","612,0,242"
"0/1","12,10","22","99","346,0,407"
"0/0","24,0","24","69","0,69,940"
"0/1","18,16","34","99","490,0,617"
"0/1","17,17","34","99","536,0,482"
"0/1","18,6","24","99","148,0,465"
"0/1","18,15","33","99","410,0,419"
"0/0","53,0","53","99","0,135,1701"
"0/1","10,24","34","99","692,0,311"
"0/1","15,12","27","99","386,0,491"
"0/1","21,10","31","99","231,0,621"
"0/1","14,20","34","99","644,0,454"
"0/1","17,11","28","99","338,0,540"
"0/1","19,17","36","99","483,0,615"
"0/1","16,20","36","99","659,0,520"
"0/1","15,24","39","99","809,0,434"
"0/1","14,10","24","99","291,0,467"
"0/1","18,24","42","99","804,0,475"
"0/1","16,17","33","99","530,0,487"
"0/0","5,0","5","12","0,12,130"
"0/0","10,1","11","24","0,24,290"
"0/1","10,22","32","99","640,0,272"
"0/1","17,12","29","99","392,0,573"
"0/1","9,11","20","99","386,0,252"
"0/1","11,14","25","99","460,0,358"
"0/1","15,15","30","99","508,0,472"
"0/0","26,0","26","78","0,78,1021"
"0/1","11,17","28","99","535,0,333"
"0/1","12,10","22","99","304,0,416"
"0/1","12,10","22","99","242,0,154"
"0/1","13,11","24","99","354,0,417"
"0/0","8,2","10","15","0,15,195"
"0/1","22,18","40","99","597,0,665"
"0/1","9,10","19","99","220,0,217"
"0/1","16,16","33","99","544,0,497"
"0/1","9,18","27","99","440,0,269"
"0/0","34,4","38","44","0,44,1171"
"0/0","33,0","33","87","0,87,1118"
"0/0","33,0","33","84","0,84,1078"
"0/0","35,0","35","87","0,87,1098"
"0/0","38,0","39","96","0,96,1181"
"0/0","34,1","44","71","0,71,1195"
"0/0","41,1","42","83","0,83,1292"
"0/1","12,3","15","38","38,0,344"
"0/1","15,15","30","99","428,0,472"
"0/1","13,20","33","99","605,0,358"
"0/0","9,0","9","27","0,27,313"
"0/1","21,14","35","99","445,0,659"
"0/1","8,22","30","99","731,0,225"
"0/1","17,1","18","1","1,0,415"
"0/1","11,10","21","99","341,0,353"
"0/1","11,14","25","99","441,0,291"
"0/0","20,0","20","51","0,51,648"
"0/1","11,10","21","99","318,0,381"
"0/1","10,8","18","99","197,0,348"
"0/1","16,18","34","99","524,0,459"
"0/1","17,15","32","99","373,0,516"
"0/1","9,14","23","99","434,0,282"
"0/1","7,10","17","99","341,0,192"
"0/1","14,19","33","99","581,0,446"
"0/1","20,17","37","99","512,0,687"
"0/1","8,17","25","99","492,0,213"
"0/1","3,11","14","17","334,0,17"
"0/1","13,9","22","99","262,0,340"
"0/1","18,21","39","99","652,0,476"
"0/0","28,0","28","75","0,75,966"
"0/0","28,0","28","84","0,84,1106"
"0/0","31,0","31","87","0,87,1150"
"0/1","18,18","36","99","591,0,578"
"0/1","13,14","27","99","404,0,435"
"0/1","22,11","33","99","312,0,706"
"0/1","18,9","27","99","275,0,595"
"0/1","19,11","30","99","238,0,604"
"1/1","0,30","30","90","1202,90,0"
"0/1","13,12","25","99","404,0,454"
"0/1","10,10","21","99","322,0,279"
"0/1","13,14","27","99","336,0,451"
"0/1","22,4","27","48","48,0,726"
"0/1","24,4","29","41","41,0,811"
"0/1","9,19","28","99","650,0,211"
"0/0","35,0","35","93","0,93,1221"
"0/1","14,13","27","99","427,0,409"
"0/1","21,15","36","99","446,0,739"
"0/1","19,11","30","99","348,0,580"
"0/1","18,15","33","99","478,0,632"
"0/1","11,11","22","99","375,0,365"
"0/1","13,11","24","99","359,0,426"
"0/1","15,8","23","99","252,0,507"
"0/1","5,9","14","99","263,0,132"
"0/1","9,21","30","99","723,0,275"
"0/1","11,9","20","99","301,0,304"
"0/1","8,6","14","99","192,0,284"
"0/1","8,9","17","99","281,0,281"
"0/1","8,12","20","99","426,0,262"
"0/1","14,16","30","99","492,0,483"
"0/1","11,9","20","99","246,0,335"
"0/1","11,10","21","99","310,0,386"
"0/1","19,17","36","99","508,0,448"
"0/1","13,18","31","99","614,0,359"
"0/1","13,12","26","99","323,0,392"
"0/1","18,15","33","99","477,0,588"
"0/1","17,17","34","99","590,0,554"
"0/1","8,17","25","99","560,0,255"
"0/1","16,21","37","99","697,0,528"
"0/1","11,7","18","99","187,0,368"
"0/1","10,18","28","99","600,0,328"
"0/1","10,11","21","99","376,0,329"
"0/1","10,9","19","99","271,0,315"
"0/1","11,8","19","99","237,0,315"
"0/1","12,10","22","99","266,0,392"
"0/1","19,14","33","99","441,0,677"
"0/1","11,10","21","99","289,0,378"
"0/1","10,8","18","99","236,0,344"
"0/1","20,8","28","99","245,0,689"
"0/1","22,6","28","99","159,0,723"
"0/1","7,10","17","99","293,0,208"
"0/1","13,18","31","99","554,0,434"
"0/1","11,11","22","99","381,0,381"
"0/1","13,8","21","99","250,0,430"
"0/1","11,9","20","99","291,0,347"
"0/1","15,11","26","99","337,0,533"
"0/1","11,15","26","99","533,0,346"
"0/1","11,2","13","44","44,0,410"
"0/1","20,10","30","99","236,0,677"
"0/1","13,18","31","99","625,0,390"
"0/1","24,17","41","99","541,0,708"
"0/1","12,24","36","99","790,0,311"
"0/1","15,19","34","99","602,0,411"
"0/1","11,13","24","99","449,0,358"
"0/1","7,16","23","99","559,0,213"
"0/1","19,18","37","99","580,0,597"
"0/1","10,14","24","99","473,0,332"
"0/1","10,11","21","99","321,0,343"
"0/1","11,14","25","99","446,0,377"
"0/1","12,13","25","99","430,0,365"
"0/0","30,1","31","75","0,75,958"
"0/0","26,1","28","69","0,69,904"
"0/0","26,1","27","37","0,37,765"
"0/0","29,2","31","43","0,43,852"
"0/0","31,0","31","72","0,72,923"
"0/0","28,0","28","63","0,63,827"
"0/0","27,1","28","41","0,41,971"
"0/0","28,1","29","41","0,41,988"
"0/0","26,1","28","75","0,75,971"
"0/0","27,1","28","78","0,78,1014"
"0/0","31,1","32","87","0,87,1127"
"0/1","13,17","30","99","551,0,413"
"0/1","10,15","25","99","493,0,320"
"0/1","10,7","17","99","233,0,282"
"0/1","8,16","24","99","566,0,249"
"0/1","10,13","23","99","378,0,307"
"0/1","15,9","24","99","291,0,513"
"0/1","15,19","34","99","643,0,481"
"0/1","11,9","20","99","281,0,351"
"0/1","8,11","19","99","337,0,239"
"0/1","15,8","23","99","224,0,506"
"0/1","22,25","47","99","703,0,615"
"0/0","8,0","8","21","0,21,245"
"0/1","17,9","26","99","194,0,562"
"0/1","20,22","43","99","725,0,554"
"0/1","12,14","26","99","431,0,339"
"0/1","15,15","31","99","456,0,493"
"0/1","19,17","36","99","497,0,511"
"0/1","20,18","38","99","566,0,564"
"0/1","21,13","35","99","365,0,618"
"0/1","15,12","27","99","384,0,513"
"0/1","16,18","34","99","570,0,516"
"0/0","36,2","38","22","0,22,1068"
"0/1","7,11","18","99","371,0,183"
"0/1","17,15","32","99","463,0,554"
"0/1","17,11","28","99","370,0,592"
"0/1","12,21","33","99","726,0,385"
"0/1","16,16","32","99","554,0,545"
"0/1","17,17","34","99","560,0,566"
"0/1","12,11","23","99","312,0,424"
"0/1","12,10","22","99","305,0,420"
"0/1","17,18","35","99","610,0,463"
"0/1","13,19","33","99","621,0,419"
"0/1","12,10","22","99","299,0,376"
"0/1","11,17","28","99","506,0,358"
"0/1","13,10","23","99","291,0,408"
"0/1","9,20","29","99","673,0,268"
"0/1","12,11","23","99","375,0,417"
"0/1","16,9","25","99","293,0,464"
"0/1","28,8","38","99","118,0,288"
"0/1","16,16","32","99","482,0,539"
"0/1","15,6","23","99","125,0,308"
"0/1","15,8","23","99","121,0,305"
"0/1","14,18","32","99","598,0,392"
"0/1","23,14","37","99","460,0,799"
"0/1","8,13","21","99","398,0,256"
"0/1","17,18","35","99","628,0,509"
"0/1","23,13","36","99","362,0,802"
"0/1","12,15","28","99","485,0,325"
"0/1","14,19","33","99","480,0,401"
"0/1","10,16","26","99","570,0,288"
"0/1","11,14","25","99","474,0,331"
"0/1","14,12","26","99","360,0,445"
"0/1","15,19","34","99","616,0,486"
"0/1","14,20","34","99","664,0,401"
"0/0","32,5","37","28","0,28,1192"
"0/1","13,18","31","99","526,0,434"
"0/1","9,13","22","99","421,0,296"
"0/1","16,13","29","99","442,0,523"
"0/1","10,18","28","99","603,0,328"
"0/1","9,8","17","99","272,0,281"
"0/1","12,10","22","99","339,0,407"
"0/1","12,18","30","99","610,0,355"
"0/1","17,19","36","99","588,0,564"
"0/1","33,5","38","79","79,0,1167"
"0/1","32,5","37","82","82,0,1137"
"0/1","31,5","36","86","86,0,1039"
"0/0","45,0","45","99","0,132,1737"
"0/0","24,1","25","66","0,66,871"
"0/0","24,1","25","63","0,63,750"
"0/0","24,1","25","60","0,60,784"
"0/1","13,11","24","99","328,0,367"
"0/1","13,14","27","99","468,0,401"
"0/1","9,6","15","99","189,0,252"
"0/1","15,7","22","99","211,0,513"
"0/1","8,9","17","99","313,0,276"
"0/1","9,10","19","99","357,0,312"
"0/1","11,11","22","99","370,0,377"
"0/1","8,7","15","99","228,0,277"
"0/1","15,12","27","99","330,0,467"
"0/1","15,16","31","99","483,0,501"
"0/1","15,13","28","99","351,0,509"
"0/1","16,11","27","99","342,0,462"
"0/1","15,9","24","99","290,0,459"
"0/1","22,9","31","99","254,0,746"
"0/1","16,17","33","99","572,0,505"
"0/1","18,18","36","99","616,0,533"
"0/1","11,16","27","99","540,0,324"
"0/1","17,19","36","99","555,0,475"
"0/1","10,13","23","99","409,0,333"
"0/1","15,12","27","99","400,0,470"
"0/1","16,12","28","99","350,0,555"
"0/1","20,17","37","99","552,0,519"
"0/1","18,23","41","99","620,0,536"
"0/1","9,16","25","99","509,0,285"
"0/1","16,11","27","99","319,0,548"
"0/1","11,14","25","99","382,0,374"
"0/1","15,9","24","99","294,0,527"
"0/1","8,7","15","99","242,0,280"
"0/1","14,10","24","99","289,0,461"
"0/1","14,15","29","99","521,0,486"
"0/1","10,10","20","99","339,0,342"
"0/1","9,8","17","99","272,0,314"
"0/1","10,12","22","99","345,0,342"
"0/1","21,16","37","99","530,0,681"
"0/1","13,13","27","99","444,0,356"
"0/1","10,16","26","99","516,0,328"
"0/1","8,11","19","99","311,0,272"
"0/1","15,6","21","99","174,0,551"
"0/1","6,8","14","99","238,0,203"
"0/1","6,8","14","99","246,0,195"
"0/1","10,4","14","99","114,0,323"
"0/1","18,10","28","99","294,0,585"
"0/1","38,17","55","99","220,0,1064"
"0/1","38,4","42","28","28,0,1210"
"0/0","20,1","21","21","0,21,708"
"0/1","54,17","71","99","432,0,1667"
"0/1","38,13","51","99","334,0,1267"
"0/1","32,18","50","99","277,0,1050"
"0/1","29,13","43","99","101,0,677"
"0/0","58,9","67","15","0,15,1861"
"0/1","17,15","32","99","511,0,403"
"0/1","12,11","23","99","276,0,392"
"0/1","9,6","15","99","194,0,316"
"0/1","17,27","44","99","883,0,521"
"0/1","19,10","29","99","315,0,648"
"0/1","7,1","8","14","14,0,165"
"0/1","20,15","35","99","423,0,666"
"0/1","16,20","36","99","554,0,528"
"0/1","16,20","36","99","588,0,489"
"0/1","9,16","25","99","525,0,257"
"0/1","13,10","25","99","325,0,394"
"0/1","9,11","20","99","382,0,310"
"0/1","13,10","23","99","281,0,452"
"0/1","21,18","39","99","498,0,596"
"0/1","10,13","23","99","428,0,315"
"0/1","17,11","28","99","356,0,536"
"0/1","13,9","22","30","30,0,182"
"0/1","17,9","26","99","215,0,596"
"0/1","10,18","28","99","598,0,287"
"0/1","12,21","33","99","739,0,333"
"0/1","14,9","23","99","295,0,482"
"0/1","18,15","33","99","505,0,537"
"0/1","16,10","26","99","327,0,521"
"0/1","12,17","29","99","527,0,373"
"0/1","19,13","32","99","384,0,582"
"0/1","18,5","24","59","59,0,440"
"0/1","21,3","24","5","5,0,611"
"0/1","11,9","20","99","236,0,355"
"0/1","20,19","39","99","613,0,608"
"0/1","9,13","22","99","458,0,288"
"0/1","12,17","29","99","569,0,345"
"0/0","34,0","34","99","0,99,1330"
"0/1","15,28","43","99","945,0,471"
"0/1","19,11","30","99","362,0,633"
"0/1","21,10","31","99","275,0,715"
"0/1","17,13","31","99","346,0,482"
"0/1","13,15","28","99","428,0,368"
"0/1","10,9","19","99","276,0,285"
"0/1","9,20","29","99","682,0,192"
"0/1","23,18","41","99","518,0,643"
"0/1","22,16","38","99","350,0,697"
"0/0","36,0","37","96","0,96,1236"
"0/1","17,16","33","99","484,0,548"
"0/1","19,14","33","99","364,0,596"
"0/1","19,20","39","99","579,0,599"
"0/1","18,16","34","99","536,0,583"
"0/1","15,19","34","99","591,0,462"
"0/1","18,15","33","99","470,0,517"
"0/1","16,11","27","99","362,0,493"
"0/1","17,17","34","99","550,0,506"
"0/1","14,11","25","99","338,0,407"
"0/1","17,19","36","99","630,0,528"
"0/1","19,14","33","99","411,0,588"
"0/1","14,10","24","99","326,0,430"
"0/1","6,18","24","93","662,0,93"
"0/1","14,18","32","99","573,0,435"
"0/1","12,18","30","99","580,0,374"
"0/1","15,10","25","99","297,0,539"
"0/1","9,12","21","99","352,0,248"
"0/1","16,16","32","99","491,0,505"
"0/1","15,19","34","99","537,0,431"
"0/1","7,11","18","99","345,0,213"
"0/1","19,17","36","99","547,0,619"
"0/1","19,10","29","99","283,0,680"
"0/0","23,0","23","66","0,66,873"
"0/0","45,0","45","99","0,117,1577"
"0/1","17,16","33","99","529,0,577"
"0/1","11,17","28","99","570,0,287"
"0/1","16,15","32","99","430,0,467"
"0/1","12,10","22","99","339,0,383"
"0/1","16,13","29","99","430,0,505"
"0/1","18,14","32","99","468,0,526"
"1/1","2,11","14","15","152,15,0"
"0/1","19,15","34","99","456,0,579"
"0/0","4,3","7","9","0,9,106"
"0/1","18,17","35","99","477,0,595"
"0/1","22,15","37","99","444,0,760"
"0/0","15,0","16","27","0,27,367"
"0/1","22,19","41","99","642,0,627"
"0/1","14,8","22","99","239,0,458"
"0/1","13,27","40","99","866,0,380"
"0/1","20,12","32","99","314,0,602"
"0/0","20,1","21","33","0,33,417"
"0/0","52,6","58","57","0,57,1444"
"0/1","11,13","24","99","410,0,317"
"0/1","2,14","19","46","333,0,46"
"0/1","11,15","26","99","356,0,297"
"0/1","4,12","16","99","222,0,110"
"0/1","13,17","31","99","581,0,393"
"0/1","24,17","41","99","559,0,692"
"0/1","10,13","24","99","394,0,333"
"0/1","4,5","10","99","128,0,143"
"0/1","3,5","9","95","139,0,95"
"0/1","54,9","63","33","33,0,1592"
"0/1","13,33","46","99","1058,0,206"
"0/0","21,1","22","35","0,35,727"
"0/0","22,1","23","39","0,39,770"
"0/0","33,0","33","96","0,96,1286"
"0/0","34,0","34","99","0,99,1325"
"0/0","30,0","30","78","0,78,1073"
"0/0","34,0","34","90","0,90,1142"
"0/1","29,9","38","99","230,0,944"
"0/1","13,11","24","99","306,0,367"
"1/1","3,16","20","39","514,39,0"
"0/1","10,8","18","99","266,0,350"
"0/1","19,13","32","99","390,0,614"
"0/0","35,0","35","96","0,96,1220"
"0/1","17,13","30","99","362,0,432"
"0/1","10,12","22","99","390,0,291"
"0/1","12,18","30","99","559,0,403"
"0/1","14,21","35","99","683,0,371"
"0/1","4,10","14","99","315,0,120"
"0/1","5,12","17","99","398,0,157"
"0/1","10,8","18","99","243,0,279"
"0/1","17,15","32","99","444,0,534"
"0/1","16,17","33","99","511,0,540"
"0/1","18,15","33","99","458,0,554"
"0/1","23,15","38","99","462,0,751"
"0/1","14,13","27","99","405,0,472"
"0/1","14,15","29","99","450,0,480"
"0/1","15,14","29","99","417,0,426"
"0/1","14,19","33","99","599,0,396"
"0/1","16,16","32","99","472,0,470"
"0/1","12,18","30","99","642,0,333"
"0/1","7,6","13","53","53,0,93"
"0/1","10,12","22","99","416,0,326"
"0/1","11,13","24","99","458,0,334"
"0/1","13,23","36","99","756,0,327"
"0/1","6,14","20","99","374,0,140"
"0/1","7,9","16","99","311,0,234"
"0/1","9,9","18","99","313,0,301"
"0/1","12,17","29","99","535,0,379"
"0/1","13,17","30","99","521,0,409"
"0/1","11,17","28","99","544,0,246"
"0/1","19,10","29","99","299,0,588"
"0/1","11,7","18","99","231,0,354"
"0/1","5,7","12","99","185,0,118"
"0/1","15,5","20","99","160,0,155"
"0/1","11,3","15","58","58,0,164"
"0/1","11,5","16","99","131,0,324"
"0/1","74,17","93","99","109,0,2313"
"0/1","10,23","33","99","764,0,284"
"0/1","9,19","28","99","658,0,234"
"0/1","10,9","19","99","313,0,350"
"0/1","7,6","13","99","207,0,248"
"0/1","10,9","19","99","276,0,355"
"0/1","15,8","23","99","245,0,507"
"0/1","6,12","18","99","420,0,171"
"0/1","19,13","32","99","419,0,623"
"0/1","14,15","29","99","456,0,459"
"0/1","14,17","31","99","498,0,460"
"0/1","23,14","37","99","360,0,408"
"0/1","13,39","52","99","752,0,247"
"0/1","57,16","74","99","347,0,1492"
"0/1","51,9","60","99","198,0,1339"
"0/1","16,13","29","99","398,0,563"
"0/1","19,16","35","99","541,0,631"
"0/1","13,16","29","99","494,0,355"
"0/1","16,23","39","99","791,0,469"
"0/1","9,12","21","99","354,0,268"
"0/1","13,10","23","99","284,0,444"
"0/1","17,15","32","99","412,0,559"
"0/1","12,17","29","99","589,0,359"
"0/1","10,15","25","99","523,0,311"
"0/1","10,11","21","99","384,0,280"
"0/1","13,15","28","99","458,0,374"
"0/1","12,14","26","99","455,0,357"
"0/1","13,17","31","99","555,0,349"
"0/1","8,14","22","99","505,0,190"
"0/1","4,8","12","99","277,0,118"
"1/1","0,17","17","48","615,48,0"
"0/1","7,9","16","99","320,0,192"
"0/1","9,11","20","99","359,0,309"
"0/0","17,1","18","6","0,6,579"
"0/0","18,0","20","48","0,48,645"
"0/0","21,0","22","51","0,51,694"
"0/0","21,0","22","51","0,51,694"
"0/0","22,0","22","51","0,51,700"
"0/1","18,20","38","99","699,0,596"
"0/1","15,20","35","99","662,0,448"
"0/1","13,27","40","99","830,0,347"
"0/1","11,19","30","99","662,0,354"
"0/1","13,10","23","99","318,0,407"
"0/1","8,13","21","99","455,0,259"
"0/1","18,29","47","99","1021,0,538"
"0/1","12,20","32","99","605,0,300"
"0/1","14,8","22","99","257,0,468"
"0/1","15,19","34","99","608,0,459"
"0/1","14,11","25","99","377,0,391"
"0/1","3,8","11","92","258,0,92"
"0/1","19,13","32","99","411,0,563"
"0/1","13,12","25","99","401,0,449"
"0/1","13,18","31","99","574,0,414"
"0/1","16,12","28","99","350,0,451"
"0/1","16,17","34","99","536,0,515"
"0/1","20,17","37","99","501,0,570"
"0/1","21,12","33","99","383,0,697"
"0/1","17,14","31","99","397,0,539"
"0/1","8,16","24","99","537,0,230"
"0/1","17,14","31","99","395,0,553"
"0/1","13,17","30","99","541,0,362"
"0/1","16,7","23","99","235,0,212"
"0/1","14,11","25","99","341,0,379"
"0/1","14,15","29","99","504,0,467"
"0/1","15,15","30","99","427,0,521"
"0/1","20,15","36","99","506,0,697"
"0/1","13,11","24","99","374,0,444"
"0/1","19,10","29","99","283,0,667"
"0/1","19,12","31","99","360,0,680"
"0/1","11,16","27","99","455,0,313"
"0/1","13,9","22","99","288,0,458"
"0/1","12,8","20","99","245,0,380"
"0/1","6,10","16","99","358,0,182"
"1/1","2,25","27","1","924,1,0"
"0/1","16,13","29","99","388,0,510"
"0/1","12,12","24","99","402,0,334"
"0/1","19,27","46","99","857,0,530"
"0/1","20,14","34","99","434,0,639"
"0/1","10,9","19","99","308,0,337"
"0/1","9,10","19","99","352,0,308"
"0/1","9,15","24","99","499,0,297"
"0/1","18,9","28","99","285,0,579"
"0/1","16,10","26","99","316,0,555"
"0/1","12,12","24","99","421,0,383"
"0/1","8,7","15","99","219,0,285"
"0/1","17,15","32","99","497,0,570"
"0/1","15,10","25","99","326,0,528"
"0/1","9,20","30","99","556,0,271"
"0/1","4,7","11","87","166,0,87"
"0/1","17,11","28","99","305,0,530"
"0/1","3,4","8","57","57,0,102"
"0/1","7,4","11","95","95,0,249"
"0/1","10,13","23","99","336,0,300"
"0/1","14,13","27","99","363,0,446"
"0/1","12,5","17","99","156,0,324"
"0/1","16,8","24","99","242,0,484"
"0/1","13,16","29","99","508,0,435"
"0/1","17,11","28","99","326,0,520"
"0/1","12,10","22","99","263,0,432"
"0/1","9,8","17","99","274,0,301"
"0/1","7,10","17","99","345,0,224"
"0/1","12,20","32","99","684,0,352"
"0/1","35,5","40","46","46,0,1112"
"0/1","34,6","40","46","46,0,1149"
"0/1","39,24","64","99","426,0,847"
"0/1","41,24","66","99","428,0,900"
"0/1","42,23","65","99","461,0,881"
"0/1","37,19","57","99","360,0,802"
"0/1","18,20","38","99","579,0,617"
"0/1","11,12","23","99","282,0,355"
"0/1","18,11","29","99","362,0,635"
"0/1","9,19","28","99","671,0,230"
"0/1","20,16","36","99","542,0,703"
"0/1","8,5","13","99","161,0,276"
"0/1","9,15","24","99","531,0,254"
"0/1","12,9","21","99","297,0,379"
"0/1","8,12","20","99","412,0,250"
"0/1","9,13","22","99","419,0,292"
"0/1","16,5","21","99","137,0,524"
"0/1","19,8","27","99","224,0,614"
"0/1","12,19","31","99","641,0,309"
"0/1","13,12","26","99","397,0,349"
"0/1","12,21","33","99","642,0,327"
"0/1","23,15","38","99","415,0,772"
"0/1","15,17","32","99","570,0,487"
"0/1","14,20","34","99","672,0,448"
"0/1","18,17","35","99","477,0,612"
"0/1","19,13","32","99","421,0,620"
"0/1","16,17","33","99","461,0,505"
"0/1","14,19","33","99","580,0,462"
"0/1","13,18","31","99","558,0,400"
"0/1","18,12","30","99","339,0,547"
"0/0","32,0","32","84","0,84,1088"
"0/0","20,0","20","57","0,57,725"
"0/1","10,12","22","99","420,0,336"
"0/1","18,14","32","99","412,0,554"
"0/1","25,22","47","99","724,0,826"
"0/1","13,23","36","99","796,0,405"
"0/1","11,13","24","99","427,0,375"
"0/1","13,16","29","99","486,0,416"
"0/1","10,9","19","99","286,0,340"
"0/1","9,10","19","99","328,0,296"
"0/1","14,17","31","99","585,0,421"
"0/1","10,10","20","99","313,0,341"
"0/1","7,8","15","99","277,0,238"
"0/1","12,5","17","99","121,0,415"
"0/1","11,5","16","99","159,0,399"
"0/1","12,14","26","99","482,0,402"
"0/1","6,13","19","99","432,0,178"
"0/1","7,12","19","99","402,0,194"
"0/1","7,19","26","99","690,0,208"
"0/1","7,16","23","99","502,0,224"
"0/1","7,19","26","99","594,0,208"
"0/1","16,11","27","99","373,0,567"
"0/1","14,12","26","99","336,0,484"
"0/1","21,12","33","99","362,0,696"
"0/1","24,13","37","99","359,0,833"
"0/1","28,14","42","99","383,0,829"
"0/0","53,1","54","99","0,107,1844"
"0/1","11,56","67","99","1582,0,197"
"0/1","16,11","27","99","309,0,520"
"0/1","9,18","27","99","559,0,282"
"0/0","30,0","30","66","0,66,858"
"0/0","34,0","34","78","0,78,1024"
"0/1","16,23","39","99","678,0,492"
"0/1","22,16","38","99","527,0,777"
"0/1","9,9","18","99","310,0,306"
"0/1","10,16","26","99","489,0,323"
"0/1","12,13","25","99","432,0,372"
"0/1","8,15","23","99","454,0,224"
"0/1","10,8","19","99","242,0,342"
"0/1","17,5","22","99","126,0,550"
"0/1","9,10","19","99","340,0,271"
"0/1","17,11","28","99","289,0,454"
"0/1","15,16","31","99","523,0,387"
"0/1","16,16","32","99","496,0,358"
"0/0","46,7","53","6","0,6,1297"
"0/1","13,11","24","99","322,0,299"
"0/1","35,11","46","99","143,0,1052"
"0/1","16,3","19","65","65,0,558"
"0/1","10,11","21","99","329,0,337"
"0/1","13,10","23","99","300,0,398"
"0/1","8,11","19","99","394,0,269"
"0/1","11,13","24","99","449,0,371"
"0/1","10,8","18","99","273,0,311"
"0/1","17,11","28","99","371,0,576"
"0/1","9,7","16","99","217,0,287"
"0/1","8,12","20","99","427,0,265"
"0/1","9,12","21","99","431,0,299"
"0/1","9,7","16","99","238,0,282"
"0/1","6,8","14","99","288,0,208"
"0/0","13,1","15","33","0,33,424"
"0/1","16,20","36","99","696,0,493"
"0/1","13,15","28","99","454,0,395"
"0/1","15,19","34","99","563,0,473"
"0/1","15,13","28","99","438,0,486"
"0/1","11,12","23","99","424,0,341"
"0/1","12,13","25","99","449,0,375"
"0/1","13,5","18","99","151,0,465"
"0/1","14,7","21","99","220,0,501"
"0/1","7,18","25","99","612,0,200"
"0/1","18,21","39","99","729,0,565"
"0/1","14,18","32","99","632,0,421"
"0/1","14,11","25","99","353,0,473"
"0/0","18,0","19","36","0,36,435"
"0/0","27,0","27","69","0,69,910"
"0/1","18,14","32","99","432,0,613"
"0/1","12,14","26","99","483,0,398"
"0/1","2,7","10","31","253,0,31"
"0/1","7,12","19","99","378,0,186"
"0/0","31,0","31","84","0,84,1134"
"0/0","12,0","12","21","0,21,277"
"0/1","9,13","22","99","468,0,291"
"0/1","22,17","39","99","475,0,704"
"0/0","25,0","25","36","0,36,438"
"0/1","8,8","16","99","257,0,245"
"0/1","11,9","20","99","309,0,315"
"0/0","2,0","2","6","0,6,82"
"0/1","17,17","34","99","470,0,580"
"0/1","9,12","21","99","420,0,284"
"0/1","20,18","38","99","567,0,570"
"0/1","17,13","30","99","389,0,534"
"0/1","13,4","17","99","112,0,444"
"0/1","16,15","31","99","477,0,521"
"0/1","14,24","38","99","785,0,444"
"0/1","17,7","25","99","173,0,528"
"0/1","19,13","32","99","379,0,659"
"0/1","19,12","31","99","354,0,599"
"0/1","16,15","31","99","392,0,522"
"0/1","14,21","35","99","697,0,417"
"0/1","16,17","33","99","588,0,503"
"0/1","10,9","20","99","299,0,275"
"0/1","13,13","26","99","454,0,400"
"0/1","9,14","23","99","468,0,288"
"0/1","15,18","33","99","614,0,424"
"0/1","14,10","24","99","289,0,405"
"0/1","15,19","34","99","554,0,426"
"0/1","18,11","29","99","320,0,640"
"0/1","15,17","32","99","567,0,455"
"0/1","11,16","28","99","470,0,335"
"0/1","8,1","9","16","16,0,238"
"0/1","17,15","32","99","510,0,584"
"0/0","20,0","20","57","0,57,761"
"0/1","13,17","30","99","551,0,406"
"0/1","16,13","29","99","391,0,513"
"0/1","24,15","39","99","459,0,701"
"0/1","23,23","46","99","719,0,748"
"0/1","16,13","29","99","414,0,498"
"0/1","14,20","34","99","646,0,360"
"0/1","17,21","38","99","690,0,517"
"0/1","9,7","16","99","203,0,275"
"1/1","6,15","21","2","470,2,0"
"0/1","201,45","246","99","873,0,5179"
"0/1","11,8","19","99","259,0,386"
"0/1","10,16","26","99","575,0,329"
"0/1","13,11","24","99","344,0,405"
"0/1","13,16","29","99","518,0,294"
"0/1","11,8","19","99","226,0,396"
"0/1","12,21","33","99","635,0,391"
"0/1","13,9","22","99","261,0,456"
"0/1","13,19","32","99","598,0,366"
"0/1","14,10","24","99","304,0,499"
"0/0","32,0","32","93","0,93,1244"
"0/0","35,1","36","56","0,56,1198"
"0/1","18,18","36","99","595,0,574"
"0/1","12,12","24","99","363,0,360"
"0/1","17,13","30","99","418,0,533"
"0/1","19,14","33","99","389,0,526"
"0/1","16,15","31","99","400,0,450"
"0/1","16,9","25","99","246,0,421"
"0/1","12,13","25","99","409,0,284"
"0/1","16,11","27","99","320,0,441"
"0/1","15,14","29","99","399,0,378"
"0/1","20,11","31","99","228,0,485"
"0/1","22,14","36","99","352,0,551"
"0/1","21,12","33","99","387,0,453"
"0/1","23,15","38","99","325,0,653"
"0/1","38,18","56","99","317,0,1103"
"0/1","39,17","56","99","237,0,1104"
"0/1","45,15","60","99","349,0,1112"
"0/1","38,21","59","99","456,0,1026"
"0/1","40,16","57","99","271,0,1095"
"0/1","30,10","40","99","281,0,637"
"0/1","25,16","41","99","278,0,669"
"0/1","17,7","24","99","154,0,410"
"0/1","20,9","29","99","277,0,529"
"0/1","20,9","29","99","274,0,579"
"0/1","17,11","28","99","298,0,450"
"0/1","16,12","28","99","399,0,308"
"0/1","19,8","27","99","247,0,428"
"0/1","16,15","31","99","414,0,286"
"0/1","17,7","24","47","47,0,549"
"0/1","16,15","31","99","410,0,406"
"0/1","17,7","24","99","174,0,370"
"0/1","25,10","35","99","252,0,546"
"0/1","29,9","38","99","235,0,739"
"0/1","29,9","38","99","251,0,760"
"0/1","25,16","41","99","494,0,657"
"0/1","21,16","37","99","446,0,659"
"0/1","23,16","39","99","526,0,684"
"0/1","19,13","32","99","381,0,481"
"0/1","16,11","27","99","293,0,348"
"0/1","15,11","26","99","247,0,362"
"0/1","11,6","18","99","149,0,284"
"1/1","1,23","24","63","826,63,0"
"0/1","23,6","29","99","146,0,752"
"0/1","6,22","28","99","685,0,155"
"0/1","22,9","31","99","234,0,645"
"0/1","11,18","29","99","515,0,268"
"0/0","28,0","28","78","0,78,1015"
"0/1","9,18","27","99","472,0,244"
"0/1","15,8","23","99","238,0,504"
"0/1","23,7","30","7","7,0,651"
"0/1","17,10","27","99","284,0,210"
"0/1","18,14","33","99","358,0,206"
"0/1","13,15","28","99","407,0,255"
"0/1","22,10","32","99","269,0,526"
"0/1","25,10,0","35","99","267,0,644,324,672,995"
"0/1","12,24","36","99","638,0,264"
"0/1","16,13","29","99","233,0,498"
"0/1","11,14","25","99","345,0,317"
"0/1","27,7","34","99","187,0,722"
"1/1","1,30","31","75","972,75,0"
"0/1","7,34","41","99","750,0,133"
"0/1","33,7","40","99","128,0,789"
"0/0","38,0","38","81","0,81,1020"
"0/1","26,4","30","90","90,0,643"
"0/1","21,5","26","99","108,0,543"
"0/1","11,16","27","99","528,0,171"
"0/1","20,5","25","44","44,0,592"
"0/1","13,13","26","99","409,0,265"
"0/1","16,17","33","99","528,0,323"
"1/1","0,20","20","42","529,42,0"
"0/1","3,9","12","80","243,0,80"
"0/1","16,11","27","99","353,0,557"
"0/1","8,15","23","99","520,0,204"
"0/1","10,14","24","99","393,0,258"
"0/1","14,12","27","99","358,0,494"
"0/1","12,11","24","99","383,0,410"
"0/1","8,7","15","99","235,0,238"
"0/1","13,6","19","99","170,0,460"
"0/1","17,18","35","99","551,0,589"
"0/1","13,20","33","99","698,0,388"
"0/1","24,18","42","99","591,0,814"
"0/1","14,13","28","99","371,0,497"
"0/1","13,13","27","99","406,0,403"
"0/1","6,17","23","99","557,0,136"
"0/1","12,15","27","99","435,0,407"
"0/1","11,9","20","99","307,0,389"
"0/1","13,8","21","99","193,0,438"
"0/1","6,10","16","99","346,0,192"
"0/1","15,13","28","99","435,0,484"
"0/1","6,8","14","99","288,0,158"
"0/0","43,0","43","99","0,117,1582"
"0/1","12,5","17","99","157,0,214"
"0/1","19,13","32","99","389,0,580"
"0/1","13,15","28","99","528,0,445"
"0/1","20,10","30","99","318,0,637"
"0/1","24,19","43","99","596,0,828"
"0/1","17,18","35","99","567,0,539"
"0/1","11,19","30","99","667,0,351"
"0/1","15,17","32","99","522,0,445"
"0/1","15,17","32","99","482,0,411"
"0/1","14,12","26","99","349,0,479"
"0/1","9,12","21","99","420,0,260"
"0/1","18,16","34","99","536,0,573"
"0/1","13,11","24","99","372,0,440"
"1/1","4,26","32","38","913,38,0"
"0/1","13,16","29","99","523,0,431"
"0/1","8,15","23","99","531,0,248"
"0/1","18,21","40","99","581,0,507"
"0/1","16,9","25","99","239,0,561"
"0/1","13,16","30","99","562,0,266"
"0/1","14,14","29","99","402,0,414"
"0/1","10,22","32","99","782,0,269"
"0/1","18,13","31","99","387,0,573"
"0/1","12,17","29","99","553,0,321"
"0/1","9,9","18","99","286,0,261"
"0/1","10,20","30","99","656,0,213"
"0/1","9,8","17","99","226,0,254"
"0/1","13,6","19","99","135,0,350"
"0/1","19,14","33","99","418,0,582"
"0/1","14,11","25","99","288,0,387"
"0/1","16,13","29","99","383,0,541"
"0/1","19,16","35","99","531,0,610"
"0/1","12,5","17","79","79,0,221"
"0/0","29,0","29","81","0,81,1045"
"0/0","30,0","30","81","0,81,1077"
"0/1","14,17","31","99","585,0,467"
"0/0","26,0","26","72","0,72,979"
"0/1","9,16","25","99","498,0,293"
"0/0","21,0","21","60","0,60,787"
"0/0","20,0","20","57","0,57,755"
"0/0","48,0","48","99","0,129,1687"
"0/0","26,0","26","75","0,75,984"
"0/0","26,0","26","75","0,75,985"
"0/0","28,0","28","78","0,78,1008"
"0/0","24,0","24","69","0,69,913"
"0/1","15,17","32","99","495,0,509"
"0/1","16,15","31","99","516,0,451"
"0/1","16,12","28","99","393,0,565"
"0/1","12,10","22","99","327,0,412"
"0/1","10,10","20","99","343,0,291"
"0/1","8,9","17","99","317,0,242"
"0/0","18,0","18","51","0,51,686"
"0/1","9,15","24","99","440,0,264"
"0/1","10,17","27","99","482,0,293"
"0/1","14,12","26","99","373,0,411"
"0/1","49,8","57","77","77,0,1412"
"0/1","14,13","27","99","347,0,418"
"0/1","17,15","32","99","483,0,504"
"0/1","11,12","24","99","336,0,326"
"0/1","14,17","31","99","515,0,418"
"0/1","21,16","37","99","423,0,704"
"0/1","14,15","29","99","462,0,459"
"0/1","11,6","17","99","160,0,315"
"0/1","17,16","33","99","472,0,557"
"0/0","44,1","45","99","0,114,1471"
"0/1","10,18","28","99","549,0,287"
"0/1","9,12","21","99","362,0,268"
"0/1","19,8","27","99","142,0,626"
"0/1","19,8","27","99","139,0,628"
"0/1","23,22","45","99","732,0,607"
"0/1","11,15","26","99","456,0,317"
"0/1","16,17","33","99","455,0,389"
"0/1","17,14","32","99","472,0,508"
"0/1","15,14","30","99","421,0,471"
"0/1","20,15","35","99","392,0,562"
"0/1","21,16","37","99","496,0,628"
"0/1","12,11","23","99","349,0,352"
"0/1","12,16","28","99","540,0,378"
"0/1","9,10","19","99","344,0,302"
"0/1","14,6","20","99","148,0,502"
"0/1","22,16","38","99","359,0,377"
"0/1","16,14","30","99","448,0,542"
"0/1","18,14","32","99","429,0,560"
"0/1","15,12","27","99","399,0,472"
"0/1","17,18","35","99","603,0,557"
"0/1","17,18","35","99","561,0,537"
"0/0","17,0","17","45","0,45,597"
"0/1","13,11","24","99","376,0,374"
"0/1","20,11","31","99","326,0,579"
"0/1","13,16","29","99","462,0,393"
"0/1","22,18","40","99","532,0,760"
"0/1","5,21","26","99","657,0,108"
"0/1","17,18","35","99","579,0,587"
"0/1","20,14","34","99","415,0,687"
"0/1","8,10","18","99","350,0,270"
"0/1","10,10","20","99","341,0,339"
"0/1","12,9","21","99","291,0,418"
"0/1","15,11","26","99","366,0,528"
"0/1","8,8","16","99","271,0,274"
"0/1","16,16","32","99","562,0,411"
"0/1","9,16","26","99","474,0,286"
"0/1","13,12","25","99","377,0,445"
"0/1","13,14","27","99","486,0,404"
"0/1","15,15","30","99","505,0,490"
"0/1","14,15","29","99","510,0,468"
"0/1","19,8","27","99","171,0,671"
"0/1","8,11","19","99","389,0,266"
"0/1","12,10","22","99","305,0,418"
"0/1","17,17","34","99","453,0,510"
"0/1","9,16","25","99","526,0,287"
"0/1","12,15","27","99","431,0,333"
"0/0","33,0","33","99","0,99,1307"
"0/1","12,7","19","81","180,0,81"
"0/1","12,7","19","99","229,0,430"
"0/1","7,8","15","99","282,0,235"
"0/1","12,7","19","99","225,0,372"
"0/1","10,12","23","99","414,0,267"
"0/1","12,6","18","99","184,0,436"
"0/1","8,11","19","99","386,0,265"
"0/1","10,8","18","99","246,0,239"
"0/1","10,7","17","99","229,0,312"
"0/1","5,8","13","99","287,0,161"
"0/1","4,10","14","99","357,0,118"
"0/1","4,8","12","95","290,0,95"
"0/1","16,9","25","99","163,0,550"
"0/1","7,6","13","99","167,0,201"
"0/1","7,10","17","99","300,0,227"
"0/1","14,9","23","99","295,0,468"
"0/1","13,14","27","99","423,0,454"
"0/1","10,8","18","99","278,0,319"
"0/1","10,7","17","99","230,0,358"
"0/1","6,7","13","99","206,0,209"
"0/1","7,9","16","99","286,0,206"
"0/1","7,4","11","99","127,0,254"
"0/1","4,2","6","64","64,0,149"
"0/1","4,2","6","64","64,0,144"
"0/1","10,9","19","99","269,0,313"
"0/1","16,16","32","99","526,0,526"
"0/1","12,13","25","99","375,0,420"
"0/1","15,9","24","99","256,0,538"
"0/1","13,8","21","99","261,0,415"
"0/1","11,12","23","99","420,0,375"
"0/1","13,13","26","99","414,0,375"
"0/1","12,12","24","99","389,0,342"
"0/1","13,9","22","99","289,0,421"
"0/1","12,6","18","99","174,0,428"
"0/1","18,6","24","99","175,0,556"
"0/1","18,7","25","99","218,0,540"
"0/1","5,5","10","99","175,0,162"
"0/1","2,13","15","47","382,0,47"
"0/1","12,3","15","77","77,0,404"
"0/1","11,7","18","99","226,0,359"
"0/1","9,5","14","99","164,0,288"
"0/1","11,14","26","99","447,0,353"
"0/1","13,12","25","99","358,0,398"
"0/1","11,12","23","99","327,0,327"
"0/1","9,15","24","99","502,0,242"
"0/1","7,8","16","99","130,0,135"
"0/1","8,6","15","99","162,0,115"
"0/0","18,0","20","45","0,45,560"
"0/1","21,12","33","99","306,0,587"
"0/1","13,19","32","99","608,0,366"
"0/1","9,12","21","99","343,0,307"
"0/1","19,13","32","99","390,0,554"
"0/1","14,21","35","99","667,0,450"
"0/1","18,10","28","99","328,0,616"
"0/1","13,10","23","99","322,0,452"
"0/1","16,4","20","99","102,0,573"
"0/1","11,9","20","99","223,0,332"
"0/1","10,18","28","99","635,0,309"
"0/1","12,9","21","99","298,0,413"
"0/0","13,0","13","36","0,36,465"
"0/0","14,0","14","39","0,39,522"
"0/0","18,0","18","51","0,51,663"
"0/0","18,0","18","48","0,48,644"
"0/0","18,0","18","48","0,48,653"
"0/0","17,0","17","48","0,48,669"
"0/0","16,0","16","48","0,48,665"
"0/0","16,0","16","48","0,48,663"
"0/0","17,0","17","48","0,48,655"
"0/0","27,0","27","78","0,78,1053"
"0/0","27,0","27","78","0,78,1054"
"0/1","16,5","21","99","139,0,565"
"0/0","24,0","24","72","0,72,944"
"0/0","24,0","24","72","0,72,965"
"0/0","28,0","28","75","0,75,1003"
"0/0","12,0","12","33","0,33,455"
"0/0","13,0","13","36","0,36,494"
"0/0","14,0","14","39","0,39,531"
"0/0","14,0","14","39","0,39,525"
"0/0","21,0","21","60","0,60,804"
"0/0","19,0","19","54","0,54,739"
"0/0","22,0","22","57","0,57,779"
"0/0","22,0","22","57","0,57,785"
"0/0","24,0","24","60","0,60,819"
"0/0","26,0","26","69","0,69,941"
"0/0","27,0","27","69","0,69,921"
"0/0","24,0","24","72","0,72,971"
"0/0","25,0","25","69","0,69,916"
"0/0","21,0","21","54","0,54,723"
"0/0","21,0","21","57","0,57,765"
"0/0","21,0","21","57","0,57,763"
"0/0","22,0","22","63","0,63,832"
"0/0","20,0","20","54","0,54,725"
"0/0","20,0","20","54","0,54,717"
"0/1","5,10","15","99","367,0,158"
"0/0","18,1","19","15","0,15,684"
"0/0","17,1","18","12","0,12,637"
"0/0","18,1","19","17","0,17,671"
"0/0","18,1","19","14","0,14,629"
"0/0","18,1","19","14","0,14,632"
"0/0","17,1","18","17","0,17,640"
"0/0","16,1","17","11","0,11,602"
"0/0","15,1","16","8","0,8,544"
"0/0","16,0","16","48","0,48,638"
"0/0","34,0","34","93","0,93,1254"
"0/0","33,0","33","90","0,90,1221"
"0/0","34,0","34","93","0,93,1260"
"0/0","33,0","33","90","0,90,1227"
"0/0","35,0","35","96","0,96,1304"
"0/1","14,14","28","99","468,0,421"
"0/1","22,21","43","99","697,0,682"
"0/1","17,12","29","99","394,0,496"
"0/1","8,10","18","99","350,0,273"
"0/1","15,8","23","99","248,0,503"
"0/1","11,14","26","99","376,0,309"
"0/1","21,15","36","99","444,0,733"
"0/1","11,13","24","99","403,0,369"
"0/1","8,14","22","99","496,0,252"
"0/1","15,10","25","99","298,0,493"
"0/0","28,1","29","46","0,46,999"
"0/0","31,3","34","55","0,55,1111"
"0/0","33,3","36","61","0,61,1177"
"0/1","11,22","33","99","745,0,339"
"0/1","14,17","31","99","507,0,395"
"0/0","27,0","28","78","0,78,1056"
"0/1","17,12","29","99","356,0,537"
"0/1","13,11","24","99","297,0,324"
"0/1","6,14","20","99","476,0,112"
"0/0","12,0","12","36","0,36,474"
"0/1","4,12","16","99","397,0,118"
"0/1","8,12","20","99","417,0,258"
"0/1","11,10","21","99","307,0,394"
"0/1","5,22","27","91","577,0,91"
"0/1","12,13","25","99","411,0,330"
"0/1","13,16","29","99","453,0,433"
"0/1","12,16","28","99","521,0,368"
"0/0","20,0","20","54","0,54,736"
"0/1","18,15","33","99","459,0,573"
"0/1","15,14","29","99","449,0,507"
"0/1","11,14","25","99","479,0,344"
"0/1","6,17","23","99","594,0,165"
"1/1","0,25","25","72","947,72,0"
"0/1","17,16","34","99","433,0,375"
"0/1","21,19","40","99","571,0,716"
"1/1","5,6","11","15","186,15,0"
"0/1","13,12","25","99","374,0,385"
"0/1","13,12","25","99","408,0,413"
"0/1","11,8","20","99","161,0,280"
"0/1","19,14","33","99","394,0,606"
"0/1","8,3","11","89","89,0,287"
"0/1","17,11","28","99","353,0,537"
"0/1","8,11","19","99","370,0,261"
"0/1","11,16","27","99","503,0,354"
"0/0","31,0","31","84","0,84,1096"
"0/1","15,8","23","99","218,0,488"
"0/1","11,6","17","99","197,0,306"
"0/1","10,10","20","99","281,0,348"
"0/1","16,9","25","99","270,0,448"
"0/1","17,10","27","99","304,0,483"
"0/1","18,12","30","99","396,0,625"
"0/1","18,12","30","99","363,0,629"
"0/1","8,8","16","99","243,0,277"
"0/1","8,4","12","99","120,0,289"
"0/1","6,11","17","99","355,0,183"
"0/1","18,12","30","99","387,0,575"
"0/1","13,15","28","99","520,0,410"
"0/1","13,18","31","99","578,0,425"
"0/1","11,17","28","99","554,0,319"
"0/1","9,16","25","99","529,0,282"
"0/1","14,13","27","99","440,0,496"
"0/1","12,12","24","99","414,0,400"
"0/1","16,13","29","99","437,0,522"
"0/1","13,13","26","99","374,0,404"
"0/1","11,13","24","99","443,0,372"
"0/1","16,11","27","99","261,0,496"
"0/1","16,11","27","99","350,0,553"
"0/1","17,9","26","99","240,0,477"
"0/1","19,10","29","99","223,0,524"
"0/1","9,22","32","99","554,0,207"
"0/1","16,7","23","99","179,0,534"
"0/1","11,11","22","99","335,0,380"
"0/1","12,10","22","99","306,0,380"
"0/1","14,9","23","99","278,0,484"
"0/1","3,11","16","89","295,0,89"
"0/1","14,18","32","99","636,0,478"
"0/1","9,14","23","99","468,0,293"
"0/1","8,11","19","99","393,0,262"
"0/1","17,19","36","99","622,0,543"
"0/1","8,16","24","99","513,0,209"
"0/1","18,12","30","99","362,0,616"
"0/1","13,6","19","99","187,0,449"
"0/1","10,10","20","99","334,0,332"
"0/1","10,8","18","99","276,0,353"
"0/1","7,15","22","99","464,0,216"
"0/1","8,9","17","99","312,0,276"
"0/1","15,12","27","99","367,0,497"
"0/1","20,15","36","99","467,0,436"
"0/1","15,10","26","99","301,0,396"
"0/0","18,0","18","45","0,45,571"
"0/0","18,0","18","45","0,45,590"
"0/0","22,0","22","57","0,57,722"
"0/0","28,0","28","57","0,57,740"
"0/1","10,18","28","99","585,0,315"
"0/1","17,11","28","99","369,0,600"
"0/1","17,17","34","99","562,0,532"
"0/1","17,15","34","99","208,0,515"
"0/1","14,13","27","99","425,0,356"
"0/1","15,13","28","99","398,0,522"
"0/1","11,13","24","99","407,0,310"
"0/1","18,9","27","99","273,0,598"
"0/0","24,0","24","60","0,60,781"
"0/1","9,14","23","99","438,0,254"
"0/0","24,0","24","69","0,69,913"
"0/0","28,0","28","84","0,84,1107"
"0/1","13,12","25","99","372,0,350"
"0/1","12,24","36","99","816,0,348"
"0/1","18,12","30","99","350,0,618"
"0/1","20,15","35","99","490,0,684"
"0/1","32,5","37","80","80,0,1069"
"1/1","0,12","12","21","272,21,0"
"0/0","26,0","26","72","0,72,948"
"0/0","26,0","26","72","0,72,985"
"0/1","7,9","16","99","319,0,187"
"0/1","4,9","13","99","330,0,109"
"0/0","36,0","37","99","0,102,1343"
"0/1","12,19","31","99","602,0,405"
"0/1","6,10","16","99","359,0,161"
"0/0","10,0","11","27","0,27,303"
"0/1","12,11","23","99","271,0,342"
"0/1","9,9","18","99","315,0,315"
"0/1","10,13","23","99","443,0,338"
"0/0","38,0","38","72","0,72,852"
"0/1","20,16","36","99","464,0,612"
"0/1","23,7","30","99","140,0,785"
"0/1","37,7","44","61","61,0,881"
"0/1","35,9","44","99","105,0,704"
"0/1","37,10","47","99","129,0,738"
"0/0","34,4","38","12","0,12,781"
"0/1","27,4","32","6","6,0,605"
"0/1","28,13","41","99","315,0,817"
"0/1","11,16","27","99","479,0,341"
"0/1","10,9","19","99","278,0,341"
"0/0","24,3","27","30","0,30,905"
"0/0","26,3","29","36","0,36,953"
"0/0","26,3","29","40","0,40,1022"
"0/1","16,15","31","99","524,0,490"
"0/1","10,17","27","99","551,0,326"
"0/1","13,11","24","99","375,0,400"
"0/1","30,15","45","99","386,0,770"
"0/1","28,16","44","99","320,0,563"
"0/1","27,15","42","99","293,0,481"
"0/1","20,13","33","99","189,0,286"
"0/1","22,12","34","99","123,0,288"
"0/1","27,5","32","68","68,0,386"
"0/1","26,4","31","52","52,0,345"
"0/1","28,4","32","49","49,0,418"
"0/1","29,4","33","49","49,0,416"
"0/1","24,9","33","75","75,0,610"
"0/1","28,10","38","87","87,0,781"
"0/1","21,3","24","1","1,0,729"
"0/1","11,9","21","99","244,0,250"
"0/1","12,17","29","99","484,0,387"
"0/1","27,10","37","99","242,0,904"
"0/1","12,21","33","99","696,0,327"
"0/1","34,8","42","99","201,0,1165"
"0/1","35,8","43","99","210,0,1143"
"0/1","27,6","33","99","151,0,987"
"0/1","27,7","34","99","174,0,954"
"0/1","29,7","36","99","177,0,1056"
"0/1","24,8","32","99","192,0,851"
"0/1","24,8","32","99","158,0,886"
"0/1","17,13","30","99","439,0,524"
"0/1","18,17","35","99","546,0,541"
"0/1","19,18","37","99","586,0,588"
"0/1","18,17","37","99","578,0,371"
"0/1","19,17","36","99","521,0,532"
"0/1","18,16","34","99","510,0,603"
"0/1","26,8","34","99","232,0,845"
"0/1","21,13","34","99","425,0,702"
"0/1","21,12","33","99","356,0,714"
"0/1","19,3","23","54","54,0,641"
"0/1","19,6","26","99","136,0,649"
"0/1","20,7","27","99","159,0,733"
"0/1","18,13","31","99","429,0,629"
"0/1","16,12","28","99","408,0,559"
"0/1","15,10","25","99","339,0,522"
"0/1","13,8","21","99","261,0,440"
"0/1","10,7","17","99","239,0,356"
"0/1","11,6","17","99","198,0,389"
"0/1","12,8","20","99","250,0,407"
"0/1","13,4","19","99","112,0,446"
"0/1","14,5","19","99","148,0,472"
"0/1","12,2","14","47","47,0,358"
"0/1","19,5","24","99","114,0,561"
"0/1","25,8","33","99","232,0,758"
"0/1","18,6","24","99","175,0,635"
"0/1","16,6","22","99","179,0,563"
"0/1","17,6","23","99","178,0,596"
"0/1","15,12","27","99","303,0,469"
"0/1","11,17","28","99","503,0,344"
"0/1","19,16","35","99","528,0,656"
"0/1","14,11","25","99","354,0,487"
"0/1","17,10","27","99","316,0,585"
"0/1","17,10","27","99","296,0,574"
"0/1","16,12","28","99","382,0,521"
"0/1","13,11","24","99","368,0,418"
"0/1","16,12","28","99","399,0,542"
"0/1","20,17","37","99","532,0,580"
"0/1","19,17","36","99","555,0,570"
"0/1","24,15","39","99","447,0,717"
"0/1","13,12","25","99","366,0,378"
"0/1","17,11","28","99","325,0,511"
"0/1","14,14","29","99","452,0,275"
"0/1","15,17","32","99","527,0,271"
"0/0","33,0","33","96","0,96,1240"
"0/1","17,16","33","99","494,0,560"
"0/1","6,9","15","99","325,0,200"
"0/1","8,7","15","99","239,0,269"
"0/1","11,5","16","99","154,0,364"
"0/1","4,14","18","99","513,0,108"
"0/1","21,7","28","99","203,0,783"
"0/1","15,17","32","99","509,0,499"
"0/1","7,8","15","99","263,0,229"
"0/1","3,10","13","84","362,0,84"
"0/1","10,14","24","99","503,0,254"
"0/1","13,13","26","99","429,0,371"
"0/1","17,21","38","99","710,0,533"
"0/1","16,17","33","99","598,0,518"
"0/1","15,18","33","99","572,0,508"
"0/1","19,22","41","99","764,0,531"
"0/1","21,25","46","99","807,0,650"
"0/1","20,27","47","99","877,0,630"
"0/1","12,10","22","99","321,0,420"
"0/1","14,15","29","99","505,0,413"
"0/1","12,12","24","99","408,0,387"
"0/1","21,15","36","99","466,0,583"
"0/1","16,14","30","99","299,0,499"
"0/1","12,14","26","99","471,0,380"
"0/1","18,11","29","99","358,0,598"
"0/1","23,12","35","99","343,0,789"
"0/1","19,13","32","99","394,0,552"
"0/1","17,10","27","99","296,0,490"
"0/1","22,11","33","99","346,0,749"
"0/1","14,13","27","99","414,0,486"
"0/1","16,15","32","99","405,0,332"
"0/1","21,18","39","99","457,0,424"
"0/1","24,16","40","99","347,0,485"
"0/1","24,16","40","99","315,0,461"
"0/1","24,13","37","99","299,0,293"
"0/1","23,13","36","99","292,0,246"
"0/1","23,12","35","99","184,0,268"
"0/1","24,11","35","99","108,0,289"
"0/1","23,11","34","99","102,0,391"
"0/1","25,14","39","99","218,0,412"
"0/1","22,11","33","99","282,0,361"
"0/1","9,22","32","99","465,0,174"
"0/1","13,18","31","99","356,0,292"
"0/1","13,17","30","99","340,0,272"
"0/1","11,13","25","99","353,0,210"
"0/1","14,14","28","99","414,0,254"
"0/1","9,12","21","99","315,0,299"
"0/1","13,17","31","99","572,0,409"
"0/1","18,13","31","99","308,0,536"
"0/1","18,17","36","99","440,0,483"
"0/1","51,11","62","99","254,0,1662"
"0/1","37,13","50","99","265,0,1013"
"0/1","36,10","46","99","204,0,1034"
"0/1","36,10","46","99","192,0,1233"
"0/1","31,14","45","99","326,0,1117"
"0/1","30,13","43","99","396,0,975"
"0/1","33,12","45","99","255,0,1144"
"0/1","31,9","40","99","248,0,1069"
"0/1","15,29","44","99","967,0,444"
"0/1","35,9","44","99","236,0,1193"
"0/1","34,10","44","99","239,0,1207"
"0/1","36,10","47","99","268,0,1277"
"0/1","31,16","47","99","438,0,1090"
"0/1","28,16","44","99","366,0,967"
"0/1","28,16","44","99","378,0,972"
"0/1","30,12","42","99","328,0,970"
"0/1","25,10","35","99","198,0,865"
"0/1","26,10","36","99","194,0,884"
"0/1","7,18","25","99","503,0,213"
"0/1","12,13","25","99","403,0,356"
"0/1","10,24","34","99","773,0,290"
"0/1","15,11","26","99","359,0,423"
"0/1","18,15","33","99","491,0,526"
"0/1","10,14","24","99","490,0,334"
"0/1","10,12","22","99","353,0,303"
"0/1","8,8","16","99","247,0,284"
"0/1","15,10","25","99","335,0,493"
"0/1","14,9","23","99","296,0,424"
"0/1","17,11","28","99","369,0,568"
"0/1","17,12","29","99","360,0,578"
"0/1","17,13","30","99","399,0,576"
"0/1","15,13","28","99","406,0,465"
"0/1","16,12","28","99","334,0,532"
"0/1","17,12","29","99","382,0,603"
"0/1","20,11","31","99","287,0,709"
"0/1","13,11","24","99","374,0,455"
"0/1","11,10","21","99","341,0,383"
"0/1","11,10","21","99","344,0,386"
"0/1","10,11","21","99","383,0,346"
"0/1","11,9","20","99","307,0,355"
"0/1","10,6","16","99","194,0,362"
"0/1","4,5","9","99","176,0,117"
"0/1","5,9","14","99","311,0,138"
"0/1","4,12","16","96","402,0,96"
"0/1","5,11","16","99","396,0,138"
"0/1","10,12","22","99","377,0,321"
"0/1","6,18","24","99","655,0,158"
"0/1","9,12","21","99","374,0,266"
"0/1","11,9","20","99","307,0,389"
"0/1","11,10","21","99","349,0,310"
"0/1","11,12","23","99","357,0,350"
"0/1","10,13","23","99","421,0,343"
"0/1","11,23","34","99","755,0,339"
"0/1","19,14","33","99","431,0,662"
"0/1","19,14","33","99","406,0,669"
"0/1","19,14","33","99","434,0,672"
"0/1","15,10","25","99","285,0,529"
"0/1","18,10","28","99","297,0,556"
"0/1","15,9","24","99","289,0,457"
"0/1","16,7","23","99","208,0,544"
"0/1","17,7","24","99","203,0,519"
"0/1","9,11","20","99","386,0,297"
"0/1","4,15","19","99","540,0,102"
"0/1","5,16","21","99","578,0,139"
"0/1","6,16","22","99","583,0,177"
"0/1","14,10","24","99","307,0,463"
"0/1","22,4","26","88","88,0,782"
"0/1","17,6","23","99","168,0,625"
"0/1","13,8","21","99","225,0,456"
"0/1","16,8","24","99","250,0,563"
"0/1","9,11","20","99","374,0,294"
"0/1","9,14","23","99","463,0,298"
"0/1","8,13","21","99","413,0,254"
"0/1","8,12","20","99","378,0,254"
"0/1","8,15","23","99","460,0,259"
"0/1","9,14","23","99","445,0,286"
"0/1","12,8","20","99","221,0,416"
"0/1","8,12","20","99","427,0,255"
"0/1","8,13","21","99","447,0,247"
"0/1","6,13","19","99","467,0,181"
"0/1","10,8","18","99","274,0,299"
"0/1","10,19","29","99","672,0,169"
"0/1","22,9","31","99","228,0,667"
"0/1","15,7","23","99","155,0,337"
"0/1","16,8","24","99","251,0,484"
"0/1","14,9","23","99","294,0,465"
"0/1","18,20","38","99","608,0,532"
"0/1","20,16","36","99","411,0,415"
"0/1","21,12","33","99","367,0,633"
"0/1","15,10","25","99","319,0,465"
"0/1","26,19","45","99","544,0,751"
"0/1","13,16","29","99","496,0,414"
"0/1","18,15","34","99","430,0,610"
"0/1","16,13","29","99","383,0,507"
"0/1","14,12","26","99","353,0,423"
"0/1","19,15","34","99","486,0,611"
"0/1","30,8","39","99","184,0,923"
"0/1","22,11","33","99","287,0,714"
"0/1","22,10","33","99","274,0,710"
"0/1","26,13","39","99","335,0,795"
"0/1","14,15","29","99","458,0,369"
"0/1","12,19","31","99","621,0,377"
"0/1","7,16","23","99","547,0,211"
"0/1","19,20","39","99","638,0,579"
"0/1","15,18","33","99","551,0,461"
"0/1","15,14","29","99","487,0,523"
"0/1","7,11","18","99","381,0,228"
"0/1","10,10","20","99","352,0,306"
"0/1","10,8","18","99","273,0,345"
"0/1","19,7","26","99","210,0,651"
"0/1","13,12","25","99","413,0,382"
"0/1","11,8","19","99","268,0,390"
"0/1","11,8","19","99","272,0,395"
"0/1","11,10","21","99","340,0,386"
"0/1","12,9","21","99","310,0,382"
"0/1","6,17","23","99","607,0,173"
"0/1","6,12","18","99","430,0,196"
"0/1","7,12","19","99","427,0,227"
"0/1","7,10","17","99","315,0,203"
"0/1","7,11","18","99","366,0,234"
"0/1","8,13","21","99","464,0,266"
"0/1","12,12","24","99","387,0,313"
"0/1","10,11","21","99","393,0,270"
"0/1","9,9","18","99","310,0,245"
"0/1","9,6","15","99","191,0,316"
"0/1","9,5","14","99","150,0,316"
"0/1","9,7","16","99","242,0,326"
"0/1","9,8","17","99","242,0,321"
"0/1","12,4","16","99","114,0,435"
"0/1","12,4","16","99","112,0,435"
"0/1","10,7","17","99","229,0,358"
"0/1","11,7","18","99","242,0,330"
"0/1","13,6","19","99","178,0,479"
"0/1","15,6","21","99","179,0,541"
"0/1","8,8","16","99","269,0,245"
"0/1","7,14","21","99","396,0,231"
"0/1","7,14","21","99","425,0,227"
"0/1","6,19","25","99","596,0,178"
"0/1","6,14","20","99","429,0,153"
"0/1","10,16","26","99","484,0,236"
"0/1","13,20","34","99","539,0,336"
"0/1","19,24","43","99","688,0,595"
"0/1","11,17","28","99","430,0,330"
"0/1","12,17","29","99","523,0,327"
"0/1","19,17","36","99","478,0,538"
"0/1","17,18","35","99","571,0,435"
"0/1","19,18","37","99","543,0,562"
"0/1","21,21","42","99","649,0,635"
"0/1","19,20","39","99","612,0,515"
"0/1","6,17","23","99","596,0,173"
"0/1","8,17","25","99","545,0,207"
"0/1","20,16","37","99","456,0,527"
"0/1","21,15","36","99","462,0,640"
"0/1","10,16","26","99","565,0,283"
"0/1","10,16","26","99","518,0,326"
"0/1","8,15","23","99","542,0,248"
"0/1","7,13","20","99","430,0,186"
"0/1","9,12","21","99","359,0,266"
"0/1","18,10","28","99","332,0,556"
"0/1","11,9","20","99","303,0,333"
"0/1","19,15","34","99","416,0,655"
"0/1","8,7","15","99","203,0,272"
"0/1","17,15","32","99","486,0,543"
"0/1","15,14","30","99","488,0,496"
"0/1","18,9","27","99","287,0,568"
"0/1","18,9","27","99","279,0,631"
"0/1","18,14","32","99","460,0,619"
"0/1","20,12","32","99","390,0,703"
"0/1","18,14","32","99","432,0,614"
"0/1","18,12","30","99","387,0,631"
"0/1","11,12","23","99","411,0,336"
"0/1","13,12","25","99","378,0,373"
"0/1","11,19","30","99","631,0,347"
"0/1","10,15","25","99","375,0,287"
"0/1","21,19","40","99","597,0,615"
"0/1","21,20","41","99","615,0,552"
"0/1","20,14","34","99","415,0,700"
"0/1","27,12","39","99","326,0,856"
"0/1","12,6","18","99","188,0,433"
"0/1","11,6","17","99","194,0,382"
"0/1","12,4","16","99","114,0,422"
"0/1","12,6","18","99","188,0,417"
"0/1","12,6","18","99","194,0,389"
"0/1","16,6","22","99","173,0,541"
"0/1","15,5","20","99","140,0,540"
"0/1","18,5","23","99","134,0,623"
"0/1","20,13","33","99","405,0,677"
"0/1","21,12","33","99","377,0,626"
"0/1","23,13","36","99","379,0,669"
"0/1","26,14","40","99","362,0,825"
"0/1","29,14","43","99","426,0,925"
"0/1","32,9","41","99","241,0,1040"
"0/1","31,9","40","99","235,0,998"
"0/1","27,9","36","99","232,0,909"
"0/1","26,15","41","99","490,0,818"
"0/1","24,15","39","99","448,0,815"
"0/1","19,16","35","99","534,0,617"
"0/1","19,16","35","99","512,0,602"
"0/1","13,16","29","99","528,0,403"
"0/1","13,14","27","99","454,0,449"
"0/1","35,15","50","99","364,0,1108"
"0/1","34,16","50","99","437,0,1075"
"0/1","35,15","51","99","416,0,1134"
"0/1","35,15","51","99","376,0,1128"
"0/1","32,19","51","99","568,0,1059"
"0/1","37,14","53","99","400,0,1161"
"0/1","38,11","50","99","295,0,1186"
"0/1","34,9","46","99","171,0,1078"
"0/1","34,13","47","99","298,0,945"
"0/1","36,7","43","99","123,0,932"
"0/1","32,11","43","99","211,0,844"
"0/1","30,6","38","99","116,0,626"
"0/1","41,8","49","99","169,0,1006"
"0/1","25,12","50","99","307,0,685"
"0/1","26,24","50","99","622,0,655"
"0/1","25,30","55","99","661,0,623"
"0/1","25,31","56","99","643,0,657"
"0/1","38,18","56","99","356,0,1020"
"0/1","36,16","52","99","289,0,1062"
"0/1","33,7","40","99","158,0,1064"
"0/1","13,22","35","99","765,0,420"
"0/1","9,8","18","99","237,0,257"
"0/1","13,13","26","99","441,0,442"
"0/1","9,5","14","93","93,0,297"
"0/1","14,5","19","99","142,0,522"
"0/1","15,8","23","99","227,0,451"
"0/1","12,16","28","99","527,0,394"
"0/1","13,11","24","99","358,0,417"
"0/1","13,8","21","99","261,0,430"
"0/1","14,13","27","99","424,0,432"
"0/0","9,0","9","21","0,21,259"
"0/0","9,0","9","21","0,21,256"
"0/1","4,6","10","99","127,0,124"
"0/0","10,0","10","24","0,24,300"
"0/1","11,6","17","99","191,0,234"
"0/1","11,16","27","99","523,0,295"
"0/1","11,17","28","99","610,0,321"
"0/0","11,0","11","18","0,18,204"
"0/1","12,13","25","99","410,0,382"
"0/1","19,20","39","99","496,0,540"
"0/1","14,14","28","99","406,0,437"
"0/1","16,13","29","99","408,0,564"
"0/1","14,13","27","99","437,0,437"
"0/1","16,15","31","99","490,0,509"
"0/0","16,0","16","45","0,45,606"
"0/1","6,8","14","99","292,0,201"
"0/1","17,12","29","99","343,0,548"
"0/1","10,11","21","99","372,0,301"
"0/1","13,16","29","99","526,0,342"
"0/0","11,0","11","18","0,18,230"
"0/0","11,0","11","18","0,18,236"
"0/0","11,1","12","18","0,18,239"
"0/0","12,0","12","15","0,15,199"
"0/1","7,11","18","99","277,0,157"
"0/1","11,26","37","99","875,0,282"
"0/1","17,15","32","99","399,0,519"
"0/1","14,18","32","99","567,0,403"
"0/1","21,9","30","99","269,0,703"
"0/1","5,7","12","99","243,0,154"
"0/1","4,9","13","84","271,0,84"
"0/1","19,15","34","99","407,0,563"
"0/1","16,10","26","99","300,0,550"
"0/1","13,13","26","99","456,0,419"
"0/1","7,8","15","99","281,0,240"
"0/1","6,11","17","99","390,0,196"
"0/1","14,16","30","99","465,0,454"
"0/1","15,19","34","99","635,0,465"
"0/1","15,15","30","99","496,0,508"
"0/1","13,14","27","99","441,0,389"
"0/1","25,18","43","99","515,0,598"
"0/1","18,14","32","99","453,0,579"
"0/1","11,12","23","99","394,0,354"
"0/1","6,14","20","99","515,0,152"
"0/1","11,17","30","99","271,0,315"
"0/1","12,9","21","99","300,0,261"
"0/1","13,14","27","99","424,0,449"
"0/0","18,0","18","51","0,51,693"
"0/1","16,20","36","99","577,0,193"
"0/1","8,4","12","99","127,0,286"
"0/1","18,18","36","99","523,0,563"
"0/1","15,23","38","99","684,0,431"
"0/1","19,16","35","99","403,0,571"
"0/1","20,20","40","99","594,0,635"
"0/1","15,12","27","99","405,0,448"
"0/1","14,21","35","99","686,0,444"
"0/1","12,25","37","99","797,0,320"
"0/1","14,8","22","99","124,0,444"
"0/1","13,16","29","99","508,0,435"
"0/1","12,7","19","99","191,0,152"
"0/1","13,4","17","84","84,0,199"
"0/1","15,22","37","99","754,0,470"
"0/1","9,13","22","99","426,0,264"
"0/1","9,9","18","99","296,0,308"
"0/1","9,10","19","99","338,0,294"
"0/1","15,13","30","99","276,0,400"
"0/1","21,21","42","99","636,0,688"
"0/0","26,0","26","69","0,69,888"
"0/1","14,18","33","99","559,0,459"
"0/1","5,11","17","99","338,0,109"
"0/1","20,18","38","99","565,0,690"
"0/1","5,6","11","99","216,0,169"
"0/1","13,12","25","99","360,0,434"
"0/1","8,9","17","99","300,0,276"
"0/1","21,14","35","99","402,0,680"
"0/0","31,0","31","87","0,87,1146"
"0/1","16,11","27","99","354,0,501"
"0/1","12,12","24","99","380,0,396"
"0/1","11,16","27","99","393,0,315"
"0/1","12,12","24","99","339,0,405"
"0/1","10,12","22","99","371,0,344"
"0/1","13,14","28","99","394,0,441"
"0/1","13,14","27","99","466,0,429"
"0/1","13,13","27","99","427,0,433"
"0/1","19,9","28","99","275,0,677"
"0/1","9,19","28","99","644,0,279"
"0/1","14,18","32","99","540,0,465"
"0/1","19,3","22","56","56,0,699"
"0/1","14,15","29","99","479,0,473"
"0/1","18,7","28","99","105,0,478"
"0/1","28,12","41","99","317,0,806"
"0/1","7,1","8","16","16,0,242"
"0/1","12,2","14","31","31,0,417"
"0/1","12,2","14","28","28,0,420"
"0/1","19,7","26","99","133,0,692"
"0/1","16,17","33","99","579,0,502"
"0/1","12,9","21","99","278,0,390"
"0/1","9,12","21","99","412,0,293"
"0/1","18,4","22","93","93,0,626"
"0/1","12,10","22","99","327,0,405"
"0/1","13,9","22","99","288,0,385"
"0/1","15,12","27","99","371,0,524"
"0/1","12,14","26","99","459,0,385"
"0/1","9,10","19","99","342,0,266"
"0/1","11,9","20","99","236,0,389"
"0/1","17,13","30","99","442,0,509"
"0/1","15,15","30","99","455,0,512"
"0/1","16,10","26","99","260,0,530"
"0/1","7,10","17","99","358,0,238"
"0/1","9,7","16","99","229,0,316"
"0/1","8,8","16","99","270,0,248"
"0/1","6,7","13","99","216,0,214"
"1/1","0,14","14","39","537,39,0"
"0/1","7,7","14","99","234,0,237"
"0/1","9,7","16","99","237,0,287"
"0/1","7,9","16","99","314,0,234"
"0/1","6,9","15","99","317,0,200"
"0/1","4,11","15","99","315,0,123"
"0/1","11,4","15","99","112,0,404"
"0/1","5,13","18","99","446,0,141"
"0/1","9,9","18","99","289,0,310"
"0/1","10,11","21","99","372,0,328"
"0/1","11,12","23","99","418,0,368"
"0/1","10,13","23","99","440,0,337"
"0/1","10,8","18","99","273,0,337"
"0/1","8,9","17","99","313,0,269"
"0/1","9,12","21","99","421,0,291"
"0/1","8,10","18","99","350,0,251"
"0/1","12,17","29","99","588,0,387"
"0/1","11,8","19","99","264,0,395"
"0/1","13,8","21","99","259,0,439"
"0/1","21,7","28","99","196,0,762"
"0/1","20,10","30","99","271,0,681"
"0/1","18,10","28","99","323,0,598"
"0/1","14,16","30","99","378,0,426"
"0/1","3,3","6","67","67,0,80"
"0/1","43,11","54","99","180,0,1356"
"0/1","8,17","25","99","598,0,241"
"0/1","10,24","34","99","790,0,260"
"0/1","10,21","31","99","642,0,293"
"0/1","8,15","23","99","449,0,257"
"0/1","15,8","23","99","222,0,455"
"0/1","13,9","22","99","288,0,443"
"0/1","25,17","42","99","487,0,840"
"0/1","19,13","32","99","392,0,683"
"0/1","13,8","21","99","257,0,417"
"0/1","8,8","16","99","269,0,278"
"0/0","40,4","44","21","0,21,1383"
"0/1","12,8","20","99","267,0,405"
"0/1","9,15","24","99","524,0,290"
"0/1","17,9","26","99","282,0,577"
"0/1","20,4","24","99","102,0,580"
"0/1","15,11","26","99","328,0,427"
"0/1","16,16","32","99","545,0,543"
"0/1","24,6","30","99","158,0,798"
"0/1","15,14","29","99","467,0,505"
"0/1","3,14","17","71","472,0,71"
"0/1","11,15","26","99","456,0,374"
"0/1","14,10","24","99","338,0,424"
"0/1","13,8","21","99","226,0,429"
"0/1","12,12","24","99","377,0,383"
"0/1","17,15","32","99","465,0,514"
"0/1","7,7","14","99","203,0,207"
"0/1","6,9","15","99","260,0,172"
"0/1","17,12","29","99","290,0,523"
"0/1","7,7","14","99","203,0,151"
"0/1","17,13","30","99","381,0,541"
"0/1","21,13","34","99","368,0,702"
"0/1","9,21","30","99","633,0,244"
"0/1","10,17","27","99","602,0,315"
"0/1","13,12","25","99","414,0,458"
"0/1","8,11","19","99","387,0,252"
"0/0","37,3","40","53","0,53,1367"
"0/0","11,1","12","3","0,3,416"
"0/1","8,15","23","99","408,0,259"
"0/1","19,5","24","99","120,0,634"
"0/1","19,2","21","13","13,0,652"
"0/1","10,9","19","99","316,0,261"
"0/1","14,16","30","99","525,0,468"
"0/1","22,15","37","99","466,0,523"
"0/1","14,22","36","99","785,0,457"
"0/1","17,15","32","99","484,0,540"
"0/1","11,10","21","99","342,0,386"
"0/1","9,9","18","99","313,0,309"
"0/1","8,14","22","99","500,0,185"
"0/1","36,14","50","99","307,0,1161"
"0/1","36,8","47","84","84,0,1009"
"0/1","40,16","56","99","351,0,1041"
"0/1","40,13","53","99","208,0,1126"
"0/1","21,10","31","99","176,0,634"
"0/1","19,13","32","99","409,0,632"
"0/1","13,14","27","99","462,0,435"
"0/1","10,7","17","99","230,0,356"
"0/1","16,13","29","99","325,0,495"
"0/1","22,12","34","99","377,0,757"
"0/1","17,16","33","99","493,0,451"
"0/1","11,16","27","99","473,0,247"
"0/1","5,13","18","99","473,0,103"
"0/1","6,15","21","99","534,0,181"
"0/1","15,14","29","99","470,0,430"
"0/1","16,17","33","99","500,0,401"
"0/1","23,17","40","99","564,0,771"
"0/1","13,11","24","99","353,0,367"
"0/1","11,23","34","99","704,0,343"
"0/0","30,0","30","81","0,81,1065"
"0/1","19,12","31","99","356,0,546"
"0/1","18,18","36","99","543,0,561"
"0/1","20,29","49","99","936,0,625"
"0/1","17,31","48","99","1003,0,483"
"0/1","13,14","27","99","471,0,362"
"0/0","34,0","34","99","0,99,1275"
"0/1","14,15","29","99","408,0,383"
"0/1","20,15","35","99","452,0,374"
"0/1","19,23","42","99","748,0,642"
"0/1","15,20","35","99","622,0,453"
"0/1","13,7","20","99","191,0,405"
"0/1","16,10","26","99","298,0,501"
"0/1","9,8","17","99","275,0,264"
"0/1","12,16","28","99","459,0,389"
"0/1","13,16","29","99","496,0,430"
"0/1","12,14","27","99","447,0,338"
"0/1","15,12","27","99","396,0,517"
"0/1","12,11","23","99","378,0,408"
"0/1","15,13","28","99","425,0,509"
"0/1","15,14","29","99","475,0,487"
"0/1","8,12","20","99","421,0,262"
"0/1","12,13","25","99","429,0,392"
"0/1","10,13","23","99","458,0,334"
"0/1","16,15","31","99","473,0,494"
"0/1","10,10","20","99","278,0,322"
"0/1","17,13","30","99","354,0,486"
"0/1","12,10","22","99","327,0,412"
"0/1","18,10","28","99","288,0,638"
"0/1","14,22","36","99","725,0,406"
"0/1","22,14","36","99","348,0,700"
"0/1","17,16","33","99","522,0,536"
"0/1","16,22","38","99","691,0,453"
"0/0","14,0","14","42","0,42,563"
"0/0","16,0","16","45","0,45,597"
"0/1","11,13","24","99","395,0,373"
"1/1","0,8","8","24","317,24,0"
"0/1","15,15","30","99","380,0,407"
"0/1","13,14","27","99","437,0,438"
"0/1","16,9","25","99","273,0,537"
"0/1","15,11","26","99","353,0,529"
"0/1","22,16","38","99","493,0,712"
"0/1","18,23","41","99","707,0,593"
"0/1","14,17","31","99","582,0,471"
"0/1","22,21","43","99","683,0,726"
"0/1","14,17","31","99","580,0,466"
"0/1","12,15","28","99","523,0,393"
"0/1","16,10","26","99","317,0,495"
"0/1","15,13","28","99","360,0,396"
"0/1","5,11","16","99","272,0,133"
"0/0","10,3","13","21","0,21,267"
"0/1","9,17","26","99","564,0,276"
"0/1","11,11","22","99","340,0,340"
"0/1","11,13","24","99","393,0,303"
"0/1","8,13","21","99","441,0,213"
"0/1","7,7","14","99","247,0,247"
"0/1","14,16","30","99","522,0,400"
"0/1","12,13","25","99","425,0,420"
"0/1","3,15","18","74","475,0,74"
"0/1","14,13","27","99","424,0,477"
"0/1","16,14","30","99","421,0,505"
"0/1","15,17","32","99","556,0,488"
"0/1","11,17","28","99","587,0,362"
"0/1","11,21","32","99","743,0,334"
"0/1","18,18","36","99","604,0,502"
"0/1","13,10","23","99","322,0,450"
"0/1","13,15","28","99","448,0,414"
"0/1","11,26","37","99","833,0,313"
"0/1","12,19","31","99","680,0,355"
"0/0","11,0","11","33","0,33,419"
"0/1","21,11","33","99","276,0,690"
"0/1","20,11","31","99","305,0,611"
"0/1","15,12","27","99","329,0,328"
"0/1","11,6","18","99","161,0,285"
"0/1","8,7","15","99","225,0,279"
"0/1","9,6","15","99","199,0,312"
"0/1","10,6","16","99","194,0,345"
"0/1","11,13","24","99","368,0,370"
"0/1","16,11","27","99","296,0,489"
"0/1","15,10","25","99","294,0,457"
"0/1","10,18","28","99","578,0,319"
"0/1","19,13","32","99","428,0,599"
"0/1","13,10","23","99","304,0,424"
"0/1","17,19","36","99","611,0,576"
"0/1","16,16","32","99","530,0,551"
"0/1","7,16","23","99","574,0,201"
"0/1","15,20","35","99","688,0,471"
"0/1","16,9","25","99","263,0,535"
"0/1","14,12","26","99","400,0,485"
"0/1","15,14","29","99","417,0,530"
"0/1","16,16","32","99","452,0,550"
"0/1","11,5","16","99","155,0,364"
"0/1","12,10","22","99","334,0,421"
"0/1","13,13","26","99","443,0,395"
"0/1","11,14","25","99","486,0,371"
"0/1","11,15","26","99","522,0,371"
"0/1","13,14","27","99","478,0,442"
"0/1","13,21","34","99","735,0,416"
"0/1","15,14","29","99","390,0,414"
"0/1","13,15","28","99","482,0,366"
"0/1","17,14","31","99","442,0,546"
"0/1","13,8","21","99","230,0,464"
"0/1","14,10","24","99","263,0,487"
"0/1","10,19","29","99","656,0,319"
"0/1","16,13","29","99","452,0,513"
"0/1","14,10","24","99","333,0,501"
"0/1","15,13","28","99","424,0,514"
"0/1","15,7","22","99","214,0,477"
"0/1","14,15","29","99","482,0,367"
"0/1","14,13","27","99","451,0,418"
"0/1","11,10","21","99","338,0,381"
"0/1","8,8","16","99","279,0,276"
"0/1","9,8","17","99","273,0,306"
"0/1","9,9","18","99","311,0,310"
"0/1","11,9","20","99","269,0,379"
"0/1","12,10","22","99","294,0,383"
"0/1","16,10","26","99","311,0,567"
"0/1","16,15","31","99","490,0,525"
"0/1","15,16","31","99","522,0,479"
"0/1","18,14","32","99","461,0,588"
"0/1","19,14","33","99","467,0,673"
"0/1","17,19","36","99","577,0,579"
"0/1","18,9","27","99","245,0,647"
"0/1","20,9","29","99","235,0,708"
"0/1","15,11","26","99","334,0,429"
"0/1","14,16","30","99","554,0,453"
"0/1","14,12","26","99","405,0,451"
"0/1","19,18","37","99","584,0,626"
"0/1","18,19","37","99","656,0,493"
"0/1","15,15","30","99","521,0,517"
"0/1","14,17","31","99","594,0,466"
"0/1","16,19","35","99","660,0,518"
"0/1","16,17","33","99","590,0,536"
"0/1","12,14","26","99","480,0,410"
"0/1","14,6","20","99","148,0,505"
"0/1","14,5","19","99","151,0,462"
"0/1","7,15","22","99","516,0,200"
"0/1","16,17","33","99","558,0,529"
"0/1","11,13","24","99","341,0,213"
"0/1","8,10","23","99","263,0,175"
"0/1","15,17","32","99","458,0,510"
"0/1","17,9","26","99","266,0,602"
"0/1","16,8","24","99","245,0,575"
"0/1","16,7","23","99","199,0,562"
"0/1","22,17","39","99","533,0,716"
"0/1","22,20","42","99","591,0,690"
"0/1","21,17","38","99","554,0,606"
"0/1","21,18","39","99","549,0,622"
"0/1","19,17","36","99","537,0,627"
"0/1","13,14","27","99","495,0,326"
"0/1","13,14","27","99","487,0,366"
"0/1","19,11","30","99","352,0,635"
"0/1","19,10","29","99","320,0,645"
"0/1","14,4","18","62","62,0,447"
"0/1","16,9","25","99","210,0,548"
"0/1","10,9","19","99","304,0,335"
"0/1","11,9","20","99","233,0,383"
"0/1","12,9","21","99","223,0,387"
"0/1","12,13","25","99","457,0,399"
"0/1","14,18","32","99","531,0,419"
"0/1","11,21","32","99","679,0,268"
"0/1","12,16","28","99","490,0,404"
"0/1","18,18","36","99","508,0,549"
"0/1","21,8","29","99","246,0,676"
"0/1","18,17","35","99","586,0,559"
"0/1","16,12","28","99","405,0,549"
"0/1","21,9","30","99","279,0,672"
"0/1","21,10","31","99","323,0,639"
"0/1","11,14","25","99","476,0,360"
"0/1","11,16","27","99","465,0,361"
"0/1","9,10","19","99","350,0,310"
"0/1","15,15","30","99","504,0,508"
"0/1","12,14","26","99","447,0,363"
"0/1","9,18","27","99","583,0,253"
"0/1","10,12","22","99","384,0,310"
"0/1","8,6","14","99","200,0,284"
"0/1","13,7","20","99","215,0,443"
"0/1","15,9","24","99","257,0,503"
"0/1","21,19","40","99","605,0,690"
"0/1","16,20","36","99","572,0,549"
"0/1","11,16","27","99","538,0,361"
"0/1","12,12","24","99","408,0,414"
"0/1","6,7","13","99","246,0,172"
"0/1","17,11","28","99","347,0,604"
"0/1","16,10","26","99","307,0,535"
"0/1","12,18","30","99","646,0,389"
"0/1","11,9","20","99","269,0,392"
"0/1","8,10","18","99","319,0,257"
"0/1","15,10","25","99","254,0,436"
"0/1","14,10","24","99","244,0,486"
"0/1","14,11","25","99","341,0,475"
"0/1","13,10","24","99","247,0,419"
"0/1","12,8","20","99","204,0,350"
"0/1","16,11","27","99","346,0,490"
"0/1","16,15","31","99","440,0,524"
"0/1","14,10","24","99","302,0,450"
"0/1","11,9","20","99","302,0,338"
"0/1","13,17","30","99","550,0,397"
"0/1","11,14","25","99","468,0,295"
"0/1","13,13","26","99","413,0,383"
"0/1","7,6","13","99","204,0,214"
"0/1","13,13","26","99","425,0,412"
"0/1","8,8","16","99","216,0,239"
"0/1","6,10","16","99","314,0,188"
"0/1","8,6","14","99","200,0,282"
"0/1","12,8","20","99","267,0,420"
"0/1","17,14","31","99","462,0,547"
"0/1","17,12","29","99","371,0,505"
"0/1","13,12","25","99","399,0,384"
"0/1","14,10","24","99","306,0,411"
"0/1","16,15","31","99","365,0,416"
"0/1","17,15","32","99","401,0,425"
"0/1","15,15","30","99","364,0,410"
"0/1","14,15","29","99","409,0,381"
"0/1","15,15","30","99","410,0,429"
"0/1","15,12","27","99","304,0,436"
"0/1","18,13","31","99","315,0,522"
"0/1","19,13","32","99","302,0,571"
"0/1","20,13","33","99","341,0,452"
"0/1","19,13","32","99","423,0,476"
"0/1","15,12","27","99","391,0,433"
"0/1","17,13","30","99","416,0,479"
"0/1","17,14","31","99","451,0,535"
"0/1","14,11","25","99","297,0,445"
"0/1","24,16","40","99","482,0,621"
"0/1","12,12","24","99","368,0,368"
"0/1","11,25","36","99","821,0,306"
"0/1","11,25","36","99","779,0,336"
"0/1","15,9","24","99","291,0,518"
"0/1","13,12","25","99","274,0,431"
"0/1","19,16","35","99","432,0,491"
"0/1","15,13","28","99","430,0,460"
"0/1","18,14","32","99","414,0,629"
"0/1","25,13","38","99","411,0,877"
"0/1","21,11","32","99","334,0,609"
"0/1","17,7","24","99","203,0,574"
"0/1","11,11","22","99","352,0,334"
"0/1","12,14","26","99","460,0,377"
"0/1","13,8","21","99","269,0,432"
"0/1","11,8","19","99","228,0,361"
"0/1","8,15","23","99","500,0,248"
"0/1","13,12","25","99","386,0,455"
"0/1","10,15","25","99","459,0,338"
"0/1","9,12","21","99","434,0,264"
"0/1","10,8","18","99","270,0,350"
"0/1","11,9","20","99","226,0,349"
"0/1","12,7","21","99","228,0,306"
"0/1","12,10","22","99","328,0,316"
"0/1","6,8","14","99","270,0,198"
"0/1","13,12","25","99","371,0,365"
"0/1","20,17","37","99","585,0,638"
"0/1","15,20","35","99","611,0,414"
"0/1","11,17","28","99","566,0,352"
"0/1","13,15","28","99","483,0,385"
"0/1","17,20","37","99","618,0,508"
"0/1","17,12","29","99","310,0,371"
"0/1","12,19","31","99","644,0,387"
"0/1","36,6","42","27","27,0,1052"
"0/1","37,7","44","56","56,0,1083"
"0/1","16,17","33","99","591,0,419"
"0/1","9,13","22","99","445,0,219"
"0/1","19,17","36","99","570,0,569"
"0/1","9,19","28","99","609,0,230"
"0/1","25,21","46","99","639,0,831"
"0/1","17,16","33","99","553,0,525"
"0/1","7,16","23","99","446,0,117"
"0/1","10,7","17","99","115,0,187"
"0/1","14,15","29","99","477,0,485"
"0/1","8,19","27","99","457,0,140"
"0/1","19,15","34","99","490,0,616"
"0/1","10,7","20","99","140,0,269"
"0/1","14,11","25","99","321,0,438"
"0/1","4,2","6","57","57,0,97"
"0/1","3,2","5","62","62,0,102"
"0/1","7,9","16","99","284,0,204"
"0/1","9,10","19","99","356,0,276"
"0/1","17,7","24","99","208,0,610"
"0/1","7,9","16","99","308,0,231"
"0/1","17,17","34","99","554,0,561"
"0/1","2,5","7","50","133,0,50"
"0/0","8,2","10","21","0,21,256"
"0/1","16,25","51","99","597,0,364"
"0/1","39,21","61","99","538,0,459"
"0/1","19,17","36","99","528,0,589"
"0/1","9,12","21","99","369,0,280"
"0/1","17,22","39","99","621,0,563"
"0/1","9,13","22","99","382,0,298"
"0/1","14,15","29","99","503,0,434"
"0/1","8,7","15","99","234,0,280"
"0/1","1,6","7","16","207,0,16"
"0/1","16,19","35","99","613,0,524"
"0/1","16,19","35","99","616,0,530"
"0/1","11,10","21","99","342,0,347"
"0/1","17,18","35","99","570,0,487"
"0/0","16,0","17","42","0,42,543"
"0/0","17,0","18","42","0,42,540"
"0/0","24,0","24","63","0,63,779"
"0/0","28,3","31","19","0,19,974"
"0/1","13,17","30","99","488,0,405"
"0/1","12,17","29","99","487,0,393"
"0/1","18,13","31","99","396,0,604"
"0/1","15,14","29","99","456,0,496"
"0/1","18,9","27","99","276,0,634"
"0/1","11,9","20","99","268,0,335"
"0/1","11,11","22","99","337,0,372"
"0/1","21,3","25","74","74,0,261"
"0/1","16,11","27","99","297,0,491"
"0/1","16,17","33","99","600,0,511"
"0/1","17,10","27","99","256,0,526"
"0/1","23,16","39","99","433,0,702"
"0/1","22,14","36","99","290,0,620"
"0/1","11,19","30","99","590,0,350"
"0/1","9,13","22","99","416,0,247"
"0/1","10,4","15","99","113,0,346"
"0/1","28,16","44","99","469,0,933"
"0/1","11,13","24","99","445,0,326"
"0/1","12,18","30","99","572,0,362"
"0/1","18,22","40","99","740,0,467"
"0/1","21,15","36","99","444,0,694"
"0/1","15,10","25","99","270,0,483"
"0/1","12,3","15","13","13,0,272"
"0/1","19,1","21","11","11,0,194"
"0/1","29,1","30","4","4,0,359"
"0/1","30,6","38","75","75,0,349"
"0/1","16,15","31","99","516,0,551"
"0/1","13,14","27","99","416,0,305"
"0/1","13,11","24","99","240,0,400"
"0/1","9,9","18","99","263,0,281"
"0/1","12,15","27","99","472,0,364"
"0/1","17,13","30","99","445,0,522"
"0/1","17,16","33","99","532,0,534"
"0/1","22,20","42","99","659,0,687"
"0/1","15,8","23","99","250,0,523"
"0/1","11,5","16","99","151,0,396"
"0/1","10,8","18","99","207,0,325"
"0/1","13,5","18","99","151,0,471"
"0/1","12,10","22","99","353,0,389"
"0/1","6,4","10","99","129,0,217"
"0/1","6,12","18","99","429,0,188"
"0/1","7,6","13","99","164,0,206"
"0/1","16,21","37","99","648,0,491"
"0/1","16,9","25","99","253,0,483"
"0/1","11,9","21","99","229,0,243"
"0/1","10,8","18","99","274,0,282"
"0/1","7,10","17","99","315,0,229"
"0/0","25,0","25","72","0,72,939"
"0/0","27,0","27","54","0,54,687"
"0/0","24,0","24","63","0,63,811"
"0/0","27,0","27","69","0,69,878"
"0/0","32,0","32","84","0,84,1074"
"0/0","30,0","30","75","0,75,962"
"0/0","25,0","26","60","0,60,759"
"0/0","23,2","25","51","0,51,636"
"0/0","24,0","24","54","0,54,680"
"0/0","21,0","21","48","0,48,595"
"0/1","12,18","30","99","617,0,337"
"0/1","18,29","47","99","883,0,515"
"0/1","6,14","20","99","480,0,182"
"0/1","30,4","34","9","9,0,998"
"0/1","16,10","26","99","203,0,557"
"0/1","12,26","38","99","845,0,358"
"0/1","12,21","33","99","654,0,305"
"0/0","31,0","31","93","0,93,1214"
"0/1","7,12","19","99","411,0,163"
"0/1","6,4","10","99","132,0,202"
"0/1","6,5","11","99","126,0,209"
"0/1","10,8","18","99","267,0,319"
"0/1","21,9","30","99","270,0,716"
"0/1","20,15","35","99","464,0,677"
"0/1","17,11","28","99","318,0,541"
"0/1","45,11","56","99","230,0,1495"
"0/1","63,15","78","99","236,0,2158"
"0/0","16,0","17","27","0,27,360"
"0/1","37,17","54","99","598,0,450"
"0/0","27,1","29","23","0,23,585"
"0/1","19,6","25","99","180,0,561"
"0/1","28,9","37","99","192,0,820"
"0/1","36,12","48","99","109,0,1120"
"0/1","44,15","59","99","386,0,1454"
"0/1","40,13","53","99","359,0,1267"
"0/1","22,16","38","99","442,0,689"
"0/1","18,14","32","99","338,0,476"
"0/1","22,4","26","92","92,0,226"
"0/1","19,15","34","99","487,0,607"
"0/1","12,10","22","99","347,0,376"
"0/1","9,10","19","99","346,0,254"
"0/1","9,7","16","99","229,0,306"
"0/1","15,14","29","99","346,0,393"
"0/1","19,11","30","99","324,0,506"
"0/1","13,17","30","99","322,0,333"
"0/1","18,3","22","78","78,0,268"
"0/1","15,5","22","99","102,0,235"
"0/1","10,13","23","99","346,0,222"
"0/1","18,16","34","99","490,0,509"
"0/1","13,14","27","99","475,0,391"
"0/1","17,24","42","99","646,0,522"
"0/1","9,17","26","99","578,0,214"
"0/1","12,20","32","99","679,0,389"
"0/1","25,15","40","99","475,0,829"
"0/0","6,0","6","12","0,12,137"
"0/1","19,19","38","99","562,0,609"
"0/1","10,16","26","99","445,0,330"
"0/1","22,9","31","99","224,0,732"
"0/1","11,13","24","99","387,0,375"
"0/1","7,6","13","99","175,0,181"
"0/1","19,14","33","99","355,0,587"
"0/1","11,18","29","99","480,0,273"
"0/1","11,9","20","99","262,0,331"
"0/1","9,19","28","99","599,0,276"
"0/1","15,11","26","99","353,0,515"
"0/1","13,19","32","99","660,0,381"
"0/1","14,25","39","99","770,0,320"
"0/1","15,15","30","99","421,0,483"
"0/1","12,25","37","99","821,0,367"
"0/1","12,13","25","99","149,0,269"
"0/1","7,8","15","99","256,0,219"
"0/1","18,12","30","99","385,0,450"
"0/1","17,22","39","99","655,0,420"
"1/1","8,10","18","18","234,18,0"
"0/1","14,12","26","99","397,0,473"
"0/1","4,14","18","99","470,0,108"
"0/1","6,10","16","99","362,0,197"
"0/1","6,13","19","99","450,0,143"
"0/1","22,3","25","16","16,0,716"
"0/1","16,16","32","99","433,0,460"
"0/1","21,14","35","99","392,0,665"
"0/1","18,8","26","99","258,0,559"
"0/1","17,9","26","99","267,0,578"
"0/1","19,6","27","99","154,0,638"
"0/1","14,15","29","99","517,0,430"
"1/1","0,22","22","60","799,60,0"
"0/1","8,3","14","65","65,0,102"
"0/0","14,0","15","39","0,39,498"
"0/1","18,17","35","99","459,0,586"
"0/1","16,20","36","99","671,0,537"
"0/1","18,18","36","99","603,0,536"
"0/0","29,0","29","78","0,78,1006"
"0/0","30,0","30","84","0,84,1065"
"0/1","23,12","35","99","340,0,776"
"0/1","10,9","19","99","220,0,295"
"0/1","7,4","14","79","79,0,134"
"0/1","16,21","37","99","683,0,523"
"0/1","14,16","31","99","505,0,486"
"0/1","11,9","20","99","298,0,389"
"0/1","13,7","20","99","224,0,457"
"0/1","11,13","24","99","451,0,372"
"0/1","11,14","25","99","499,0,364"
"0/1","11,12","23","99","354,0,343"
"0/1","17,22","39","99","639,0,556"
"0/1","7,19","26","99","693,0,204"
"0/1","13,11","24","99","326,0,394"
"0/1","18,19","37","99","622,0,501"
"0/1","20,17","37","99","566,0,601"
"0/1","16,22","38","99","678,0,500"
"0/1","22,24","46","99","785,0,673"
"0/1","23,23","46","99","618,0,674"
"0/1","11,23","34","99","772,0,299"
"0/1","13,12","25","99","408,0,404"
"0/1","42,8","54","99","147,0,852"
"0/1","22,17","40","99","307,0,510"
"0/1","17,15","32","99","279,0,435"
"0/1","19,9","28","99","139,0,425"
"0/0","7,0","7","21","0,21,264"
"0/1","5,24","29","99","749,0,122"
"0/1","19,11","30","99","349,0,673"
"0/1","12,18","30","99","507,0,391"
"0/1","11,5","16","50","50,0,316"
"0/1","16,14","30","99","436,0,533"
"0/1","12,15","27","99","487,0,315"
"0/1","14,9","23","99","264,0,434"
"0/1","14,9","23","99","267,0,399"
"0/1","5,7","12","99","243,0,169"
"0/1","9,12","21","99","382,0,295"
"0/1","14,17","32","99","509,0,441"
"0/1","10,19","29","99","578,0,319"
"0/1","13,15","28","99","478,0,407"
"0/1","25,5","30","65","65,0,464"
"0/1","27,5","33","99","134,0,531"
"0/1","8,16","24","99","448,0,242"
"0/1","18,20","38","99","589,0,530"
"0/1","12,15","27","99","458,0,411"
"0/1","16,13","29","99","381,0,533"
"0/1","11,11","22","99","382,0,337"
"0/1","13,12","25","99","381,0,452"
"0/1","27,13","40","99","178,0,851"
"0/1","17,14","31","99","462,0,562"
"0/1","26,7","34","99","196,0,462"
"0/1","16,14","30","99","414,0,476"
"0/1","10,14","24","99","454,0,270"
"0/1","16,11","28","99","294,0,463"
"0/1","19,16","35","99","468,0,660"
"0/1","7,7","14","99","238,0,237"
"0/1","11,12","23","99","305,0,283"
"0/1","13,8","21","99","243,0,437"
"0/1","9,9","18","99","259,0,316"
"0/1","17,7","24","99","176,0,543"
"0/1","6,12","18","99","405,0,188"
"0/1","12,15","27","99","488,0,374"
"0/1","9,13","22","99","393,0,297"
"0/1","7,8","15","99","277,0,235"
"0/1","8,15","23","99","455,0,248"
"0/1","11,16","27","99","522,0,334"
"0/1","11,13","24","99","414,0,333"
"0/1","11,13","24","99","418,0,377"
"0/1","13,12","25","99","378,0,457"
"0/1","36,26","62","99","606,0,1058"
"0/1","31,27","58","99","641,0,821"
"0/1","5,15","20","99","507,0,148"
"0/1","24,17","42","99","551,0,810"
"0/0","49,0","49","99","0,138,1815"
"0/0","32,2","34","56","0,56,1144"
"0/1","27,5","32","99","104,0,420"
"0/1","19,10","29","99","303,0,627"
"0/1","5,16","21","93","495,0,93"
"0/1","23,13","36","99","381,0,682"
"0/1","13,12","25","99","350,0,442"
"0/0","23,3","26","51","0,51,588"
"0/0","23,1","25","42","0,42,546"
"0/1","10,12","22","99","350,0,301"
"0/1","13,7","20","99","221,0,437"
"0/1","11,4","15","99","118,0,373"
"0/0","19,0","19","54","0,54,718"
"0/1","11,10","21","99","299,0,382"
"0/1","4,1","5","31","31,0,34"
"0/1","34,9","43","99","132,0,900"
"0/1","34,9","43","99","123,0,1061"
"0/1","14,15","29","99","514,0,436"
"0/1","14,19","33","99","591,0,440"
"0/0","73,5","78","99","0,102,2097"
"0/0","65,5","71","88","0,88,1878"
"0/1","37,16","53","99","368,0,1157"
"0/1","37,17","54","99","400,0,1190"
"0/1","37,13","50","99","211,0,923"
"0/0","51,10","61","9","0,9,1383"
"0/1","32,12","44","99","121,0,903"
"0/0","37,1","38","59","0,59,1126"
"0/1","35,8","43","99","133,0,937"
"0/1","44,8","52","43","43,0,1137"
"0/1","41,7","48","69","69,0,1094"
"0/1","41,7","48","74","74,0,1097"
"0/1","39,15","56","99","213,0,866"
"0/0","74,4","78","27","0,27,1754"
"0/1","78,11","89","57","57,0,1945"
"0/0","84,2","87","99","0,102,2000"
"0/0","85,1","87","99","0,140,2111"
"0/0","63,6","70","91","0,91,1879"
"0/0","61,1","64","99","0,104,1631"
"0/1","4,29","33","33","893,0,33"
"0/1","12,12","24","99","397,0,400"
"0/0","5,0","5","15","0,15,164"
"0/1","17,11","28","99","324,0,553"
"0/1","18,9","28","99","103,0,461"
"0/1","12,9","21","99","152,0,291"
"0/1","5,5","10","95","175,0,95"
"0/1","21,19","40","99","617,0,673"
"0/0","43,0","43","99","0,117,1560"
"0/1","8,23","31","99","736,0,173"
"0/1","16,12","28","99","351,0,508"
"0/1","9,7","16","99","171,0,215"
"0/1","14,21","35","99","678,0,396"
"0/1","10,4","15","5","5,0,164"
"0/1","17,5","25","19","19,0,516"
"0/1","21,4","25","56","56,0,625"
"0/1","22,5","28","31","31,0,638"
"0/0","34,0","34","99","0,99,1284"
"0/0","34,0","34","99","0,99,1297"
"0/0","36,0","36","99","0,99,1308"
"0/1","12,5","17","99","159,0,404"
"0/1","15,15","30","99","481,0,491"
"0/1","10,3","13","53","53,0,135"
"0/1","16,14","30","99","366,0,476"
"0/1","21,19","40","99","589,0,704"
"0/1","17,11","28","99","366,0,558"
"0/1","11,11","22","99","386,0,300"
"0/1","12,14","26","99","484,0,368"
"0/1","17,15","32","99","506,0,526"
"0/1","15,26","41","99","829,0,491"
"0/1","13,20","33","99","660,0,354"
"0/0","33,0","33","87","0,87,1144"
"0/1","14,7","21","99","217,0,497"
"0/1","7,16","23","99","504,0,214"
"0/1","12,15","27","99","519,0,388"
"0/1","20,17","37","99","468,0,523"
"0/1","31,10","41","99","271,0,901"
"0/1","35,10","45","99","248,0,840"
"0/1","36,8","44","99","168,0,899"
"0/1","34,11","45","99","223,0,996"
"0/0","29,2","31","10","0,10,1002"
"0/1","30,6","36","99","133,0,965"
"0/1","26,6","32","99","148,0,931"
"0/1","23,7","30","99","195,0,828"
"0/1","34,7","41","92","92,0,1212"
"0/1","13,18","31","99","517,0,367"
"0/1","11,15","26","99","465,0,378"
"0/1","12,7","19","99","227,0,417"
"0/1","20,6","26","56","56,0,694"
"0/1","23,7","30","99","196,0,730"
"0/1","30,14","45","99","235,0,930"
"0/1","27,13","41","99","199,0,906"
"0/1","6,12","18","99","442,0,186"
"0/1","11,12","23","99","425,0,341"
"0/1","16,16","32","99","538,0,501"
"0/1","31,8","39","99","173,0,1063"
"0/1","15,22","37","99","730,0,443"
"0/1","36,12,0","49","99","264,0,1064,357,1094,1451"
"0/1","44,5","50","51","51,0,1368"
"0/1","25,8","33","99","138,0,861"
"0/1","27,5","32","99","122,0,717"
"0/1","29,14","43","99","333,0,944"
"0/1","28,14","42","99","356,0,914"
"0/1","25,7","32","99","147,0,806"
"0/1","14,6","20","99","175,0,489"
"0/0","37,0","37","99","0,105,1416"
"0/1","16,12","28","99","319,0,536"
"0/1","11,17","28","99","607,0,324"
"0/0","16,1","17","36","0,36,433"
"0/0","15,0","17","33","0,33,393"
"0/0","15,1","17","33","0,33,396"
"0/0","18,1","19","51","0,51,644"
"0/0","19,0","19","51","0,51,668"
"0/1","17,16","33","99","496,0,546"
"0/1","15,12","27","99","386,0,513"
"0/1","14,17","31","99","500,0,427"
"0/1","12,13","25","99","439,0,398"
"0/1","21,16","37","99","487,0,561"
"0/0","36,0","36","93","0,93,1184"
"0/0","32,2","34","63","0,63,1023"
"0/1","16,19","35","99","590,0,496"
"0/1","12,12","24","99","418,0,367"
"0/1","22,13","35","99","414,0,746"
"1/1","0,3","3","6","84,6,0"
"0/0","23,0","23","66","0,66,872"
"0/1","16,9","25","99","295,0,542"
"0/0","32,0","32","90","0,90,1172"
"0/1","11,13","24","99","452,0,360"
"0/1","7,13","20","99","467,0,217"
"0/0","5,2","7","15","0,15,194"
"0/0","12,0","14","36","0,36,457"
"0/1","22,16","38","99","531,0,773"
"0/1","14,11","25","99","307,0,494"
"0/1","14,12","26","99","368,0,454"
"0/1","19,29","49","99","789,0,483"
"0/1","12,12","24","99","384,0,346"
"0/1","8,14","22","99","422,0,183"
"0/1","20,17","37","99","424,0,605"
"0/1","20,16","36","99","516,0,633"
"0/1","16,15","31","99","464,0,486"
"1/1","0,23","23","66","853,66,0"
"0/1","13,15","28","99","516,0,445"
"0/0","12,0,0","13","30","0,30,376,30,376,376"
"0/0","12,0","13","24","0,24,304"
"0/1","17,23","40","99","671,0,559"
"0/1","16,24","41","99","566,0,439"
"0/1","13,20","33","99","675,0,410"
"0/1","16,13","29","99","408,0,505"
"0/1","7,20","27","99","616,0,125"
"0/1","26,24","50","99","729,0,792"
"0/1","7,6","13","99","193,0,247"
"0/1","18,13","31","99","411,0,580"
"0/1","13,22","35","99","665,0,385"
"0/1","12,10","22","99","331,0,372"
"0/1","14,22","36","99","785,0,455"
"0/0","11,0","11","27","0,27,342"
"0/0","12,0","12","30","0,30,384"
"0/0","15,0","15","39","0,39,479"
"0/1","19,14","33","99","429,0,628"
"0/1","15,7","22","99","224,0,511"
"0/1","16,6","22","99","176,0,541"
"0/1","34,12","46","99","217,0,1169"
"0/1","32,11","43","99","222,0,1072"
"0/1","31,10","41","99","180,0,1065"
"0/1","29,6","35","99","131,0,937"
"0/1","16,9","25","99","214,0,486"
"0/0","11,0","11","27","0,27,355"
"0/1","23,4","27","19","19,0,798"
"0/0","67,4","72","77","0,77,2350"
"0/1","53,16","71","99","135,0,1349"
"0/0","10,0","10","18","0,18,219"
"0/1","15,13","28","99","430,0,480"
"0/1","14,20","34","99","669,0,447"
"0/1","13,13","26","99","379,0,452"
"0/1","19,14","33","99","359,0,581"
"0/0","4,0","4","9","0,9,117"
"0/1","2,2","4","65","68,0,65"
"0/1","9,13","22","99","325,0,255"
"0/1","9,10","19","99","329,0,303"
"0/1","13,11","24","99","337,0,452"
"0/1","16,12","28","99","323,0,488"
"0/1","8,8","16","99","229,0,287"
"0/1","8,8","16","99","236,0,277"
"0/1","14,10","24","99","331,0,380"
"0/1","8,8","16","99","285,0,213"
"0/1","17,9","26","99","300,0,488"
"0/1","11,12","23","99","387,0,291"
"0/1","13,13","26","99","455,0,426"
"0/1","15,16","31","99","510,0,442"
"0/1","12,19","31","99","601,0,396"
"0/1","8,17","25","99","621,0,230"
"0/1","11,10","21","99","346,0,349"
"0/1","10,5","15","99","157,0,333"
"0/0","32,3","35","39","0,39,483"
"0/1","17,6","23","99","171,0,590"
"0/1","9,12","21","99","428,0,280"
"0/1","10,13","23","99","452,0,343"
"0/1","13,9","22","99","307,0,397"
"0/1","4,15","19","99","512,0,109"
"0/1","14,9","23","99","305,0,492"
"0/1","17,8","25","99","260,0,576"
"0/1","18,11","29","99","326,0,619"
"0/1","5,10","15","99","331,0,150"
"0/1","16,9","25","99","297,0,506"
"0/1","19,17","36","99","588,0,647"
"0/1","16,6","23","99","183,0,348"
"0/1","14,17","31","99","506,0,465"
"0/1","16,2","18","49","49,0,282"
"0/1","18,9","27","99","200,0,576"
"0/1","15,8","23","99","197,0,497"
"0/1","15,17","32","99","517,0,474"
"0/1","26,22","48","99","658,0,841"
"0/1","10,13","23","99","445,0,323"
"0/1","10,9","19","99","316,0,286"
"0/1","14,19","33","99","631,0,439"
"0/1","9,21","30","99","706,0,268"
"0/1","14,12","26","99","344,0,461"
"0/1","21,13","35","99","236,0,362"
"0/1","14,20","34","99","561,0,410"
"0/1","16,15","31","99","512,0,471"
"0/1","15,26","42","99","741,0,442"
"0/1","10,16","26","99","534,0,322"
"0/1","16,8","24","99","231,0,440"
"0/1","16,21","37","99","654,0,496"
"0/1","10,16","26","99","471,0,277"
"0/1","16,18","34","99","523,0,478"
"0/1","14,11","25","99","331,0,430"
"0/1","12,7","19","99","155,0,396"
"0/1","25,11","36","99","160,0,877"
"0/1","21,14","35","99","436,0,665"
"0/1","20,11","31","99","352,0,673"
"0/1","13,11","24","99","332,0,409"
"0/1","13,16","29","99","484,0,406"
"0/1","5,18","23","99","578,0,140"
"0/1","11,10","22","99","302,0,385"
"0/1","10,15","25","99","494,0,330"
"0/1","9,12","21","99","379,0,292"
"0/1","9,15","24","99","471,0,254"
"0/1","12,16","28","99","504,0,301"
"0/1","7,12","19","99","371,0,225"
"0/1","6,13","19","99","417,0,185"
"0/1","22,17","39","99","485,0,779"
"0/1","10,11","21","99","347,0,352"
"0/1","6,9","15","99","257,0,172"
"0/1","2,12","14","37","428,0,37"
"0/1","8,9","17","99","316,0,198"
"0/1","14,13","27","99","423,0,438"
"0/1","8,8","16","99","274,0,282"
"0/1","7,8","15","99","250,0,238"
"1/1","0,16","16","45","599,45,0"
"0/1","7,1","8","21","21,0,227"
"0/1","16,15","31","99","464,0,516"
"0/1","7,16","23","99","575,0,137"
"0/1","19,14","34","99","322,0,535"
"0/1","17,21","38","99","646,0,536"
"0/1","17,14","31","99","461,0,554"
"0/0","32,0","32","93","0,93,1206"
"0/0","32,0","32","90","0,90,1149"
"0/0","32,0","32","90","0,90,1151"
"0/0","34,0","34","93","0,93,1214"
"0/0","33,0","33","96","0,96,1248"
"0/0","33,0","34","87","0,87,1099"
"0/0","35,0","35","96","0,96,1224"
"0/0","37,0","37","99","0,108,1399"
"0/0","34,0","34","96","0,96,1280"
"0/0","37,0","37","99","0,105,1376"
"0/0","37,0","37","99","0,99,1330"
"0/0","40,0","40","99","0,114,1477"
"0/0","40,0","40","99","0,117,1553"
"0/0","40,0","40","99","0,114,1509"
"0/0","39,0","39","99","0,117,1548"
"0/0","40,0","40","99","0,117,1526"
"0/0","38,0","38","99","0,108,1370"
"0/0","38,0","38","99","0,108,1439"
"0/0","38,0","38","99","0,108,1430"
"0/1","22,13","35","99","361,0,746"
"0/1","8,19","27","99","571,0,249"
"0/0","24,0","24","72","0,72,935"
"0/0","27,0","27","81","0,81,1072"
"0/0","25,0","25","72","0,72,973"
"0/0","26,0","26","78","0,78,1054"
"0/0","26,0","26","78","0,78,1052"
"0/0","27,0","27","81","0,81,1076"
"0/0","28,0","28","84","0,84,1109"
"0/0","29,0","29","87","0,87,1171"
"0/0","29,0","29","87","0,87,1165"
"0/0","29,0","29","84","0,84,1134"
"0/0","26,0","26","75","0,75,1007"
"0/0","25,0","25","72","0,72,979"
"0/0","29,0","29","84","0,84,1101"
"0/0","28,0","28","84","0,84,1117"
"0/0","30,0","30","90","0,90,1194"
"0/0","29,0","29","87","0,87,1166"
"0/0","31,0","31","90","0,90,1213"
"0/0","31,0","31","93","0,93,1183"
"0/0","43,0","43","99","0,120,1546"
"0/0","44,0","45","99","0,108,1364"
"0/0","44,0","44","99","0,114,1500"
"0/0","43,0","43","99","0,120,1584"
"0/0","46,0","46","99","0,129,1662"
"0/0","45,0","45","99","0,126,1667"
"0/0","42,0","42","99","0,114,1529"
"0/0","42,0","43","99","0,114,1537"
"0/0","45,0","45","99","0,126,1683"
"0/0","49,0","49","99","0,144,1917"
"0/0","48,0","48","99","0,144,1937"
"0/1","11,13","24","99","451,0,293"
"0/1","11,18","29","99","607,0,321"
"0/1","23,10","34","99","168,0,371"
"0/1","11,10","21","99","331,0,382"
"0/1","12,8","20","99","192,0,349"
"0/1","9,12","21","99","399,0,265"
"0/1","10,8","18","99","263,0,350"
"0/1","12,16","28","99","502,0,360"
"0/1","12,16","29","99","532,0,402"
"0/1","13,17","30","99","495,0,395"
"0/1","11,11","22","99","271,0,383"
"0/1","14,15","29","99","412,0,486"
"0/1","13,10","23","99","332,0,439"
"0/1","5,16","21","99","540,0,144"
"0/1","6,16","22","99","573,0,134"
"0/1","5,10","15","99","352,0,164"
"0/1","9,4","13","87","87,0,333"
"0/0","23,0","23","69","0,69,900"
"0/1","8,9","17","99","316,0,273"
"0/1","10,13","23","99","358,0,344"
"0/1","13,14","27","99","456,0,445"
"0/1","14,15","29","99","433,0,431"
"0/1","6,7","13","99","243,0,169"
"0/1","10,15","25","99","500,0,294"
"0/1","7,11","18","99","359,0,199"
"0/1","11,12","23","99","345,0,337"
"0/1","8,9","17","99","309,0,258"
"0/1","14,11","25","99","344,0,361"
"0/1","7,15","22","99","484,0,207"
"0/1","11,10","21","99","306,0,374"
"0/1","12,10","22","99","329,0,405"
"0/1","17,17","34","99","539,0,545"
"0/1","21,5","26","87","87,0,765"
"0/1","19,20","39","99","640,0,642"
"0/1","14,7","21","99","223,0,494"
"0/1","19,7","26","99","167,0,650"
"0/1","6,4","10","99","136,0,178"
"0/1","14,9","23","99","233,0,471"
"0/1","5,6","11","99","205,0,160"
"0/1","9,6","15","99","180,0,324"
"0/1","14,22","36","99","770,0,444"
"0/1","11,6","17","99","197,0,359"
"0/1","13,12","25","99","410,0,441"
"0/1","11,6","17","99","186,0,365"
"0/1","13,3","17","74","74,0,385"
"0/1","20,14","34","99","434,0,700"
"0/1","12,18","30","99","601,0,388"
"0/1","19,8","28","99","173,0,532"
"0/0","26,0","26","54","0,54,700"
"0/1","29,16","46","99","494,0,906"
"0/1","7,17","24","99","596,0,199"
"0/1","13,16","29","99","439,0,372"
"1/1","0,19","19","54","728,54,0"
"0/0","24,0","24","69","0,69,918"
"0/1","6,9","15","99","233,0,146"
"0/1","11,4","15","99","117,0,238"
"0/1","5,10","16","99","203,0,129"
"0/1","12,4","16","93","93,0,336"
"0/1","43,11","55","34","34,0,926"
"0/1","20,15","35","99","507,0,629"
"0/1","8,8","16","99","242,0,265"
"0/1","13,11","24","99","357,0,398"
"0/1","27,18","45","99","547,0,892"
"0/1","18,22","40","99","712,0,564"
"0/1","10,8","18","99","235,0,352"
"1/1","0,23","23","63","829,63,0"
"0/0","29,0","29","81","0,81,1045"
"0/1","18,16","34","99","502,0,567"
"0/1","6,7","13","99","198,0,162"
"0/1","14,12","26","99","351,0,460"
"0/1","9,10","19","99","347,0,309"
"0/0","16,0","16","42","0,42,568"
"0/0","22,0","22","60","0,60,811"
"0/1","22,10","32","99","276,0,787"
"0/1","13,13","26","99","421,0,400"
"0/1","22,20","42","99","641,0,719"
"0/1","10,19","29","99","582,0,325"
"0/0","7,0","7","3","0,3,40"
"0/1","21,13","35","99","423,0,675"
"0/1","15,13","28","99","368,0,481"
"0/1","18,21","39","99","599,0,603"
"0/1","3,8","11","81","273,0,81"
"0/1","13,8","21","99","265,0,383"
"0/1","11,18","29","99","588,0,363"
"0/1","10,15","25","99","501,0,332"
"0/1","10,14","24","99","507,0,326"
"0/1","12,23","35","99","708,0,381"
"0/1","12,7","19","99","220,0,375"
"0/1","18,7","25","99","218,0,583"
"0/1","21,26","47","99","845,0,675"
"0/0","27,0","27","81","0,81,1102"
"0/1","6,9","15","99","324,0,197"
"0/1","11,10","21","99","294,0,365"
"0/1","10,7","17","99","233,0,333"
"0/1","11,15","26","99","440,0,374"
"0/1","11,10","21","99","310,0,345"
"0/1","11,15","26","99","464,0,368"
"0/1","11,9","20","99","309,0,357"
"0/1","13,9","22","99","294,0,384"
"0/1","13,9","22","99","304,0,401"
"0/1","12,9","21","99","307,0,385"
"0/1","21,16","37","99","444,0,685"
"0/1","4,7","11","99","158,0,124"
"0/1","18,27","45","99","902,0,573"
"0/1","15,8","23","99","250,0,545"
"0/1","12,9","21","99","293,0,412"
"0/1","7,11","18","99","347,0,234"
"0/1","15,30","45","99","939,0,468"
"0/1","21,11","32","99","308,0,700"
"0/1","16,20","36","99","684,0,488"
"0/1","4,22","26","33","674,0,33"
"0/1","18,18","36","99","530,0,485"
"0/1","16,14","30","99","308,0,473"
"0/1","10,13","23","99","460,0,322"
"0/1","14,13","27","99","450,0,483"
"0/1","7,14","21","99","442,0,222"
"0/1","8,19","27","99","626,0,229"
"0/1","9,9","18","99","301,0,302"
"0/1","6,8","14","99","250,0,169"
"0/1","15,15","30","99","417,0,490"
"0/1","3,8","11","90","292,0,90"
"0/1","10,17","27","99","537,0,339"
"0/1","21,23","44","99","744,0,661"
"0/1","19,9","29","99","130,0,406"
"0/1","9,9","18","99","276,0,302"
"0/1","14,12","26","99","330,0,477"
"0/1","13,17","30","99","547,0,444"
"0/1","14,10","24","99","298,0,468"
"0/1","23,13","36","99","422,0,718"
"0/1","15,14","29","99","471,0,473"
"0/1","9,8","17","99","260,0,272"
"0/1","15,11","26","99","290,0,535"
"0/1","12,12","25","99","407,0,381"
"0/0","33,3","36","4","0,4,972"
"0/1","32,13","46","99","195,0,863"
"0/1","34,18","52","99","259,0,979"
"0/1","14,16","30","99","293,0,269"
"0/1","15,20","35","99","454,0,263"
"0/1","19,22","42","99","512,0,396"
"0/1","15,20","36","99","531,0,367"
"0/1","15,19","34","99","490,0,310"
"0/1","11,10","21","99","328,0,377"
"0/1","24,17","41","99","538,0,764"
"0/0","9,1","10","21","0,21,248"
"0/1","13,11","24","99","260,0,419"
"0/1","19,13","32","99","400,0,668"
"0/1","26,12","38","99","295,0,853"
"0/1","9,16","25","99","524,0,286"
"0/1","18,11","29","99","322,0,613"
"0/1","15,16","31","99","527,0,497"
"0/1","33,6","39","77","77,0,1193"
"0/1","33,6","39","78","78,0,1196"
"0/0","22,2","25","26","0,26,815"
"0/1","12,20","32","99","626,0,401"
"0/1","31,6","37","39","39,0,1051"
"0/1","32,6","38","35","35,0,1116"
"0/1","32,6","38","35","35,0,1117"
"0/1","31,7","38","96","96,0,1045"
"0/1","27,7","34","75","75,0,953"
"0/1","30,6","36","66","66,0,1074"
"0/1","29,6","35","65","65,0,1036"
"0/1","28,7","35","99","149,0,988"
"0/1","27,7","34","99","152,0,964"
"0/1","24,8","32","99","195,0,840"
"0/0","33,0","33","96","0,96,1296"
"0/0","38,0","38","99","0,105,1419"
"0/1","33,6","39","95","95,0,1135"
"0/1","31,5","36","63","63,0,1103"
"0/1","36,3","39","12","12,0,1196"
"0/0","32,2","34","12","0,12,1083"
"0/0","31,1","32","49","0,49,1126"
"0/1","18,3","21","56","56,0,666"
"0/0","27,2","29","13","0,13,997"
"0/0","26,2","28","10","0,10,966"
"0/0","26,2","28","10","0,10,966"
"0/1","13,14","27","99","485,0,445"
"0/0","27,3","31","43","0,43,1044"
"0/0","24,4","28","35","0,35,918"
"0/0","24,4","28","38","0,38,921"
"0/1","14,10","24","99","291,0,429"
"0/1","9,17","26","99","596,0,269"
"0/0","19,0","19","57","0,57,773"
"0/1","22,18","40","99","580,0,750"
"0/1","23,17","40","99","548,0,799"
"0/1","7,17","24","99","619,0,170"
"0/1","17,23","40","99","772,0,567"
"0/1","15,24","39","99","775,0,472"
"0/1","19,24","43","99","740,0,491"
"0/1","17,22","39","99","676,0,558"
"0/1","12,28","40","99","883,0,343"
"0/1","18,20","38","99","569,0,597"
"0/1","9,15","24","99","488,0,242"
"0/1","13,9","22","99","289,0,447"
"0/1","15,19","34","99","663,0,409"
"0/1","11,13","24","99","462,0,367"
"0/1","15,9","24","99","260,0,515"
"0/1","5,7","12","99","211,0,149"
"0/1","15,10","25","99","294,0,464"
"0/1","15,4","19","99","103,0,491"
"0/1","15,6","21","99","185,0,462"
"0/1","14,14","28","99","477,0,480"
"0/1","9,12","21","99","423,0,269"
"0/1","10,14","24","99","461,0,329"
"0/0","26,1","27","38","0,38,906"
"0/1","8,11","19","99","390,0,255"
"0/1","4,7","11","99","220,0,135"
"0/1","15,17","32","99","559,0,460"
"0/1","28,19","47","99","620,0,924"
"0/1","20,19","39","99","565,0,642"
"0/1","12,8","20","99","254,0,422"
"0/1","11,8","19","99","265,0,367"
"0/1","9,16","25","99","525,0,264"
"0/1","23,21","44","99","688,0,702"
"0/1","18,19","37","99","550,0,613"
"0/1","13,20","33","99","606,0,345"
"0/1","15,18","33","99","607,0,462"
"0/1","7,12","19","99","420,0,230"
"0/1","7,14","21","99","477,0,224"
"0/1","6,19","25","99","662,0,177"
"0/1","18,7","25","99","210,0,644"
"0/1","11,7","18","99","212,0,390"
"0/1","10,10","20","99","329,0,298"
"0/1","15,10","25","99","298,0,485"
"0/1","24,15","39","99","456,0,769"
"0/1","12,21","33","99","669,0,339"
"0/1","8,9","17","99","318,0,273"
"0/1","8,9","17","99","315,0,268"
"0/1","8,11","19","99","389,0,265"
"0/1","23,17","40","99","438,0,754"
"0/1","23,12","35","99","311,0,663"
"0/1","13,17","30","99","593,0,431"
"0/1","17,11","28","99","305,0,567"
"0/1","10,18","28","99","648,0,192"
"0/1","12,12","24","99","393,0,414"
"0/1","4,12","16","80","447,0,80"
"0/1","25,7","32","99","129,0,829"
"0/1","20,6","26","56","56,0,655"
"0/0","24,2","26","3","0,3,747"
"0/1","13,31","44","99","934,0,409"
"0/1","15,12","27","99","413,0,493"
"0/1","8,14","22","99","484,0,252"
"0/1","11,18","29","99","586,0,349"
"0/1","12,8","20","99","269,0,423"
"0/0","36,0","36","99","0,108,1444"
"0/1","14,15","29","99","508,0,427"
"0/1","8,9","17","99","274,0,272"
"0/1","19,9","28","99","270,0,630"
"0/0","26,0","26","72","0,72,952"
"0/1","13,9","22","99","298,0,468"
"0/1","12,10","22","99","338,0,415"
"0/1","10,10","20","99","338,0,349"
"0/1","17,14","31","99","465,0,583"
"0/1","17,15","32","99","396,0,600"
"0/1","14,14","28","99","477,0,474"
"0/1","8,11","19","99","390,0,239"
"0/1","13,8","21","99","267,0,439"
"0/1","11,8","19","99","272,0,392"
"0/1","9,8","17","99","273,0,315"
"0/1","15,15","30","99","474,0,516"
"0/1","20,16,0","36","99","521,0,668,578,716,1294"
"0/1","17,11","28","99","288,0,521"
"0/1","14,15","29","99","517,0,474"
"0/1","39,4","43","30","30,0,1402"
"0/1","54,15","69","99","331,0,1910"
"0/1","88,22","110","99","511,0,2749"
"0/1","27,6","33","76","76,0,835"
"0/1","26,10","36","99","235,0,846"
"0/1","28,10","38","99","236,0,968"
"0/1","7,9","16","99","277,0,242"
"0/1","10,7","17","99","236,0,356"
"0/1","11,9","20","99","291,0,387"
"0/1","7,12","19","99","414,0,225"
"0/1","12,8","20","99","257,0,413"
"0/1","11,12","23","99","157,0,308"
"0/1","13,9","22","99","303,0,457"
"0/1","9,8","17","99","276,0,319"
"0/0","19,0","19","54","0,54,732"
"0/1","11,19","30","99","531,0,248"
"0/1","38,14","52","99","376,0,1357"
"0/1","11,16","27","99","569,0,325"
"0/1","17,10","27","99","326,0,606"
"0/1","17,7","24","99","204,0,608"
"0/1","17,7","24","99","205,0,597"
"0/1","23,10","33","99","291,0,753"
"0/1","21,10","31","99","265,0,616"
"0/1","30,11","41","99","275,0,665"
"0/0","123,0","123","99","0,217,2581"
"0/1","13,18","31","99","504,0,377"
"0/1","12,9","21","99","268,0,396"
"0/1","11,10","21","99","352,0,350"
"0/1","11,12","23","99","416,0,346"
"0/1","10,10","20","99","349,0,332"
"0/1","11,9","20","99","288,0,386"
"0/1","16,13","29","99","433,0,483"
"0/1","11,11","22","99","378,0,321"
"0/1","13,12","25","99","398,0,453"
"0/1","11,11","22","99","360,0,365"
"0/1","16,16","32","99","512,0,490"
"0/1","11,15","26","99","501,0,350"
"0/1","12,10","22","99","332,0,410"
"0/1","10,13","23","99","411,0,305"
"0/1","10,12","22","99","412,0,303"
"0/1","12,9","21","99","298,0,378"
"0/1","5,14","19","99","420,0,151"
"0/1","7,10","17","99","328,0,193"
"0/1","8,12","20","99","427,0,256"
"0/1","12,5","17","99","154,0,370"
"0/1","12,13","25","99","447,0,378"
"0/1","14,26","40","99","829,0,412"
"0/1","21,14","35","99","392,0,676"
"0/1","8,11","19","99","376,0,261"
"0/1","11,10","21","99","290,0,349"
"0/1","7,9","16","99","246,0,188"
"1/1","4,8","13","3","37,3,0"
"0/1","8,13","21","99","430,0,259"
"0/1","10,14","24","99","426,0,329"
"0/1","13,7","20","99","197,0,367"
"0/1","8,17","25","99","579,0,215"
"0/1","11,11","22","99","316,0,345"
"0/1","21,16","37","99","478,0,749"
"0/1","18,8","26","99","200,0,645"
"0/1","13,14","27","99","454,0,438"
"0/1","7,7","14","99","238,0,242"
"0/1","6,6","12","99","206,0,207"
"0/1","12,16","28","99","404,0,307"
"0/1","14,18","32","99","567,0,461"
"0/1","18,13","31","99","438,0,586"
"0/1","6,8","14","99","283,0,194"
"0/1","8,7","15","99","225,0,273"
"0/1","12,8","20","99","251,0,416"
"0/1","10,14","24","99","438,0,323"
"0/1","23,11","34","99","350,0,774"
"0/1","18,8","26","99","222,0,562"
"0/1","21,14","35","99","401,0,679"
"0/1","18,9","27","99","170,0,515"
"0/1","14,12","26","99","399,0,489"
"0/1","16,11","27","99","318,0,471"
"0/1","19,17","36","99","578,0,639"
"0/1","21,16","37","99","396,0,633"
"0/1","14,14","28","99","415,0,479"
"0/1","17,17","34","99","488,0,565"
"0/1","17,10","27","99","309,0,543"
"0/1","17,10","27","99","334,0,576"
"0/1","12,11","24","99","331,0,403"
"0/1","11,9","20","99","230,0,389"
"0/1","13,3","16","74","74,0,474"
"0/1","13,16","30","99","563,0,368"
"0/1","26,7","33","99","111,0,895"
"0/1","28,7","35","99","100,0,966"
"0/1","11,14","25","99","485,0,338"
"0/1","5,5","10","99","172,0,173"
"0/1","5,5","10","99","165,0,173"
"0/1","9,15","24","99","452,0,289"
"0/1","9,16","25","99","459,0,304"
"0/1","10,8","18","99","238,0,321"
"0/1","10,11","21","99","350,0,312"
"0/1","13,10","23","99","331,0,416"
"0/1","9,13","22","99","382,0,289"
"0/1","14,11","25","99","374,0,491"
"0/1","12,9","21","99","302,0,388"
"0/1","16,15","31","99","499,0,481"
"0/1","19,17","36","99","587,0,550"
"0/1","8,16","24","99","540,0,258"
"0/1","14,10","24","99","295,0,495"
"0/1","14,10","25","99","326,0,432"
"0/1","12,15","27","99","485,0,414"
"0/1","13,13","28","99","220,0,390"
"0/1","16,12","28","99","359,0,452"
"0/1","15,11","26","99","327,0,492"
"0/1","24,24","48","99","774,0,791"
"0/1","22,12","34","99","376,0,720"
"0/1","11,11","22","99","383,0,372"
"0/1","7,15","22","99","538,0,211"
"0/1","10,13","23","99","392,0,350"
"0/1","22,13","35","99","399,0,693"
"0/1","11,12","23","99","414,0,309"
"0/1","12,7","19","99","211,0,363"
"0/1","11,8","19","99","231,0,343"
"0/1","19,12","31","99","400,0,582"
"0/1","12,14","28","99","311,0,334"
"0/1","14,7","21","99","217,0,464"
"0/1","10,14","24","99","437,0,297"
"0/1","6,8","14","99","279,0,203"
"0/1","14,15","29","99","476,0,438"
"0/1","20,14","34","99","406,0,700"
"0/1","9,11","20","99","355,0,271"
"0/1","13,15","28","99","484,0,436"
"0/0","7,0","9","15","0,15,188"
"0/1","8,9","18","99","263,0,267"
"0/1","10,6","16","99","199,0,325"
"0/1","10,8","18","99","259,0,311"
"0/1","5,17","22","99","589,0,137"
"0/1","20,17","37","99","516,0,651"
"0/1","11,15","26","99","518,0,355"
"0/1","9,16","25","99","501,0,292"
"0/1","18,17","35","99","552,0,585"
"0/1","10,8","18","99","244,0,324"
"0/1","10,10","20","99","314,0,284"
"0/1","21,13","34","99","423,0,694"
"0/1","7,15","22","99","526,0,149"
"0/1","13,14","27","99","419,0,363"
"0/1","14,18","32","99","641,0,437"
"0/1","11,9","20","99","300,0,345"
"0/1","21,19","40","99","470,0,666"
"0/1","19,9","28","99","280,0,672"
"0/1","18,16","34","99","536,0,556"
"0/1","14,18","32","99","626,0,354"
"0/1","14,21","35","99","741,0,344"
"0/1","12,15","27","99","515,0,408"
"0/1","13,16","29","99","556,0,430"
"0/1","15,11","26","99","332,0,471"
"0/1","7,13","20","99","475,0,180"
"0/1","14,16","30","99","540,0,450"
"0/1","15,22","37","99","729,0,475"
"0/1","10,15","25","99","497,0,301"
"0/1","13,17","30","99","557,0,357"
"0/1","10,8","18","99","241,0,357"
"0/1","12,13","25","99","380,0,423"
"0/1","18,16","34","99","491,0,562"
"0/1","17,16","33","99","426,0,535"
"0/1","12,11","23","99","372,0,391"
"0/1","15,20","35","99","651,0,484"
"0/1","9,14","23","99","460,0,294"
"0/1","7,9","16","99","270,0,240"
"0/1","15,14","29","99","448,0,499"
"0/1","15,10","25","99","260,0,492"
"0/1","15,8","23","99","251,0,495"
"0/1","7,14","21","99","506,0,224"
"0/1","13,9","22","99","306,0,395"
"0/1","10,9","19","99","273,0,295"
"0/1","5,15","20","99","506,0,150"
"0/1","14,16","30","99","511,0,400"
"0/1","18,16","34","99","543,0,588"
"0/1","8,14","22","99","495,0,244"
"0/1","14,13","27","99","390,0,469"
"0/1","5,13","18","99","476,0,151"
"0/1","11,12","23","99","338,0,359"
"0/1","8,11","19","99","344,0,236"
"0/1","1,13","14","4","410,0,4"
"0/1","17,5","22","97","97,0,577"
"0/1","12,8","20","99","168,0,432"
"0/1","12,12","24","99","351,0,351"
"0/1","19,15","34","99","456,0,619"
"0/0","29,0","29","78","0,78,968"
"0/1","46,6","54","99","100,0,1579"
"0/0","29,3","32","4","0,4,1007"
"0/1","15,11","26","99","365,0,470"
"0/1","5,14","19","99","442,0,122"
"0/1","5,18","23","99","659,0,136"
"1/1","1,25","26","66","885,66,0"
"0/1","19,8","27","99","243,0,433"
"0/1","12,11","23","99","351,0,414"
"0/1","12,11","23","99","378,0,414"
"0/0","34,0","34","87","0,87,1176"
"0/1","18,10","28","99","276,0,654"
"0/1","19,17","36","99","537,0,656"
"0/1","9,10","19","99","359,0,305"
"0/1","7,6","13","99","201,0,244"
"1/1","1,16","17","42","565,42,0"
"0/1","8,7","15","99","198,0,284"
"0/1","14,6","20","99","182,0,472"
"0/1","14,6","20","99","122,0,446"
"0/1","14,6","20","99","117,0,442"
"1/1","0,23","23","69","934,69,0"
"0/1","11,15","26","99","412,0,320"
"0/1","10,21","31","99","587,0,247"
"0/1","9,11","20","99","367,0,265"
"0/1","18,19","37","99","609,0,620"
"0/0","22,0","22","60","0,60,807"
"0/0","26,0","26","75","0,75,1017"
"0/0","41,0","41","99","0,120,1576"
"0/0","42,0","42","99","0,123,1592"
"0/1","10,14","24","99","453,0,303"
"0/1","8,11","19","99","382,0,238"
"0/1","14,13","27","99","446,0,481"
"0/0","34,1","35","69","0,69,1313"
"0/1","25,4","29","48","48,0,848"
"0/1","24,4","28","48","48,0,841"
"0/1","37,5","42","39","39,0,1246"
"0/1","10,17","27","99","571,0,326"
"0/1","31,15","46","99","374,0,881"
"0/1","44,16","60","99","335,0,1381"
"0/1","31,16","47","99","381,0,1065"
"0/1","31,16","47","99","379,0,1073"
"0/0","22,0","22","63","0,63,849"
"0/1","12,19","31","99","621,0,379"
"0/0","36,0","36","99","0,105,1344"
"0/0","21,1","22","60","0,60,818"
"0/0","18,2","20","51","0,51,696"
"0/1","10,10","20","99","339,0,340"
"0/1","10,16","26","99","515,0,259"
"0/1","9,8","17","99","262,0,315"
"0/0","27,1","28","41","0,41,1013"
"0/1","6,7","13","99","244,0,203"
"0/0","34,4","38","67","0,67,1161"
"0/1","13,9","22","99","258,0,411"
"0/0","21,0","21","57","0,57,766"
"0/1","10,16","26","99","531,0,313"
"0/1","13,16","29","99","551,0,356"
"0/1","21,19","40","99","620,0,627"
"0/1","14,14","28","99","345,0,412"
"0/0","15,0","15","42","0,42,559"
"1/1","0,15","15","39","432,39,0"
"0/1","18,5","23","35","35,0,513"
"0/1","17,5","22","38","38,0,488"
"0/1","15,5","21","38","38,0,492"
"0/1","13,6","19","99","146,0,334"
"0/1","5,2","7","62","62,0,175"
"0/1","10,2","12","52","52,0,295"
"0/1","8,7","15","99","228,0,226"
"0/1","33,11","44","99","182,0,1037"
"0/0","30,0","30","81","0,81,1061"
"0/0","34,0","34","63","0,63,790"
"0/1","15,5","20","99","140,0,523"
"0/1","7,23","30","99","760,0,186"
"0/1","26,25","51","99","834,0,804"
"0/1","14,11","25","99","369,0,499"
"1/1","0,21","21","60","793,60,0"
"0/0","21,0","21","57","0,57,772"
"0/1","8,9","17","99","279,0,263"
"0/1","10,13","23","99","404,0,330"
"0/1","11,21","32","99","720,0,359"
"0/1","10,17","27","99","568,0,308"
"0/1","8,8","16","99","276,0,284"
"0/1","22,12","34","99","307,0,716"
"0/1","13,2","15","3","3,0,441"
"0/1","12,14","26","99","448,0,414"
"0/1","14,13","27","99","446,0,449"
"0/1","17,18","35","99","613,0,567"
"0/1","11,21","32","99","720,0,353"
"0/1","18,9","27","99","280,0,569"
"0/1","14,13","27","99","436,0,425"
"0/1","4,9","13","99","328,0,126"
"0/1","13,18","31","99","583,0,394"
"0/1","15,12","27","99","354,0,536"
"0/1","15,12","27","99","365,0,522"
"0/1","10,11","21","99","364,0,341"
"0/1","12,6","18","99","186,0,397"
"0/1","14,14","28","99","483,0,477"
"0/0","27,6","34","44","0,44,957"
"0/0","27,6","33","38","0,38,874"
"0/0","27,6","33","44","0,44,963"
"0/1","10,5","15","99","162,0,332"
"1/1","0,35","35","99","1409,105,0"
"0/1","26,7","33","99","110,0,771"
"0/1","4,3","7","28","28,0,60"
"0/1","10,13","23","99","429,0,320"
"0/1","15,26","41","99","845,0,467"
"0/1","21,9","30","99","241,0,710"
"0/1","15,12","27","99","391,0,457"
"0/1","13,13","26","99","438,0,409"
"0/1","17,13","30","99","437,0,548"
"0/1","9,14","23","99","461,0,296"
"0/1","5,3","8","99","99,0,183"
"0/1","10,13","23","99","449,0,337"
"0/1","10,7","17","99","209,0,356"
"0/1","19,18","37","99","538,0,616"
"0/1","12,6","18","99","198,0,247"
"0/1","18,4","22","66","66,0,577"
"0/1","18,4","22","66","66,0,573"
"0/1","22,5","27","51","51,0,781"
"0/1","10,20","31","99","521,0,239"
"0/0","25,0","25","75","0,75,994"
"0/1","9,13","22","99","359,0,297"
"0/1","18,24","42","99","771,0,560"
"0/1","24,16","40","99","478,0,793"
"0/1","23,17","40","99","546,0,806"
"0/1","21,20","41","99","635,0,736"
"0/1","12,17","29","99","554,0,400"
"0/1","25,19","44","99","590,0,832"
"0/1","23,19","42","99","591,0,763"
"0/1","19,23","42","99","775,0,629"
"0/1","21,20","41","99","668,0,639"
"0/1","15,19","34","99","601,0,482"
"0/1","17,13","30","99","433,0,483"
"0/1","18,20","38","99","648,0,509"
"0/1","10,12","22","99","334,0,325"
"0/1","12,12","24","83","83,0,326"
"0/1","3,21","24","64","109,0,64"
"0/1","9,12","21","99","343,0,208"
"0/1","9,11","20","99","363,0,265"
"0/1","12,16","28","99","548,0,389"
"0/1","12,14","26","99","415,0,419"
"0/1","12,5","17","99","155,0,392"
"0/1","22,20","42","99","590,0,627"
"0/1","9,10","19","99","353,0,298"
"0/1","13,8","21","99","256,0,410"
"0/1","15,20","35","99","667,0,465"
"0/1","5,12","17","99","374,0,124"
"0/1","12,9","21","99","299,0,420"
"0/0","6,0","6","18","0,18,244"
"0/1","22,5","27","25","25,0,453"
"0/1","22,5","27","99","152,0,344"
"0/1","34,11","46","99","159,0,1149"
"0/0","11,0","11","9","0,9,101"
"0/1","13,13","26","99","392,0,434"
"0/0","29,0","29","81","0,81,1084"
"0/1","10,13","23","99","445,0,286"
"0/1","6,4","12","96","96,0,101"
"0/1","6,16","22","99","579,0,136"
"0/1","16,9","25","99","283,0,464"
"0/1","7,11","18","99","392,0,231"
"0/1","13,15","28","99","468,0,412"
"0/1","14,6","20","99","182,0,490"
"0/1","8,8","16","99","208,0,274"
"0/1","16,18","34","99","581,0,510"
"0/1","38,14","52","99","283,0,1309"
"0/1","11,12","23","99","381,0,325"
"0/1","10,8","18","99","276,0,362"
"1/1","2,17","19","9","640,9,0"
"0/1","24,16","40","99","529,0,811"
"0/1","18,20","38","99","652,0,536"
"0/1","19,16","35","99","435,0,619"
"0/1","17,18","35","99","518,0,534"
"0/1","25,16","41","99","450,0,804"
"0/1","16,19","35","99","614,0,462"
"0/1","25,17","42","99","561,0,679"
"0/1","16,24","40","99","575,0,242"
"0/1","20,7","27","49","49,0,696"
"0/1","27,5","32","34","34,0,876"
"0/1","29,33","62","99","1056,0,499"
"0/1","49,11","60","99","124,0,1375"
"0/1","35,21","56","99","344,0,1102"
"0/1","12,6","18","99","158,0,325"
"0/1","16,9","25","99","252,0,389"
"0/1","19,9","29","99","221,0,370"
"0/1","52,8","60","99","151,0,848"
"0/1","14,11","25","99","331,0,403"
"0/1","18,13","31","99","401,0,441"
"0/1","20,13","33","99","370,0,451"
"0/1","16,14","30","99","472,0,479"
"0/0","34,0","34","99","0,99,1335"
"0/1","20,16","36","99","486,0,432"
"0/1","10,10","20","99","311,0,316"
"0/1","8,11","19","99","348,0,157"
"0/1","5,26","31","68","838,0,68"
"0/1","6,10","16","99","353,0,187"
"0/1","12,16","28","99","490,0,376"
"0/1","13,16","29","99","551,0,434"
"0/1","10,21","31","99","704,0,307"
"0/1","17,27","44","99","825,0,506"
"0/1","9,8","17","99","234,0,287"
"0/1","21,22","43","99","619,0,670"
"0/1","17,22","39","99","721,0,499"
"0/1","16,21","37","99","662,0,513"
"0/1","12,20","32","99","688,0,390"
"0/1","5,9","14","99","319,0,154"
"0/1","12,9","21","99","304,0,389"
"0/1","12,13","25","99","420,0,375"
"0/1","18,10","28","99","274,0,575"
"0/1","14,8","22","99","214,0,496"
"0/1","14,11","25","99","356,0,406"
"0/1","19,11","30","99","349,0,648"
"0/1","12,10","22","99","332,0,409"
"0/1","8,6","14","99","168,0,276"
"0/1","17,12","29","99","395,0,539"
"0/1","8,9","17","99","277,0,270"
"0/1","14,9","23","99","294,0,412"
"0/1","12,10","22","99","340,0,397"
"0/1","9,10","19","99","353,0,304"
"0/1","7,9","16","99","319,0,239"
"0/1","14,11","25","99","349,0,397"
"0/1","13,25","38","99","821,0,416"
"0/1","21,14","35","99","420,0,705"
"0/1","12,9","21","99","298,0,424"
"0/1","17,11","28","99","357,0,412"
"0/1","15,8","24","99","230,0,499"
"0/1","15,16","31","99","483,0,329"
"0/1","19,17","36","99","528,0,603"
"0/1","8,5","13","99","101,0,116"
"0/1","20,15","35","99","436,0,660"
"0/1","17,18","35","99","496,0,551"
"0/1","16,18","34","99","570,0,458"
"0/1","19,12","31","99","392,0,597"
"0/1","11,14","26","99","494,0,352"
"0/0","25,0","25","69","0,69,928"
"0/0","27,0","27","75","0,75,972"
"0/0","26,0","26","72","0,72,969"
"0/1","25,18","43","99","592,0,780"
"0/1","3,30","33","21","1036,0,21"
"0/1","8,15","23","99","539,0,251"
"0/1","10,11","21","99","378,0,334"
"0/1","23,17","40","99","574,0,769"
"0/1","9,11","20","99","349,0,309"
"0/1","11,15","26","99","520,0,370"
"0/1","13,14","27","99","488,0,435"
"0/1","24,17","41","99","559,0,737"
"0/1","12,21","33","99","712,0,358"
"0/1","18,13","31","99","398,0,536"
"0/1","9,19","28","99","667,0,271"
"0/1","19,10","29","99","297,0,434"
"0/1","17,18","35","99","573,0,571"
"0/1","10,12","22","99","331,0,335"
"0/0","15,0","15","45","0,45,591"
"0/1","6,9","15","99","283,0,205"
"0/1","16,14","30","99","414,0,511"
"0/1","15,7","22","99","215,0,551"
"0/1","7,11","18","99","373,0,186"
"0/1","9,8","17","99","228,0,301"
"0/1","22,14","36","99","440,0,753"
"0/1","16,19","35","99","587,0,532"
"0/1","11,8","19","99","269,0,346"
"0/1","53,8","61","55","55,0,1818"
"0/1","42,6","48","84","84,0,1450"
"0/1","84,14","98","99","138,0,2675"
"0/1","75,15","90","99","238,0,2464"
"0/1","72,19","91","99","386,0,2313"
"0/1","63,17","80","99","304,0,1913"
"0/1","61,13","74","99","174,0,1909"
"0/1","12,8","20","99","224,0,433"
"0/1","7,7","14","99","237,0,170"
"0/1","12,11","23","99","351,0,418"
"0/1","6,11","17","99","378,0,183"
"0/1","8,11","19","99","378,0,235"
"0/1","8,10","18","99","353,0,262"
"0/1","7,9","16","99","316,0,231"
"0/1","12,14","26","99","462,0,411"
"0/1","9,12","21","99","361,0,267"
"0/1","9,13","22","99","420,0,299"
"0/1","13,11","24","99","373,0,442"
"0/1","14,14","28","99","460,0,430"
"0/1","14,13","27","99","395,0,437"
"0/1","18,11","29","99","327,0,545"
"0/1","16,10","26","99","331,0,579"
"0/1","10,9","19","99","309,0,347"
"0/1","9,9","18","99","276,0,314"
"0/1","11,14","25","99","448,0,366"
"0/1","14,8","22","99","249,0,495"
"0/1","11,12","23","99","377,0,331"
"0/1","10,13","23","99","349,0,340"
"0/1","14,11","25","99","367,0,464"
"0/1","11,16","27","99","563,0,361"
"0/1","15,15","30","99","523,0,488"
"0/1","16,15","32","99","506,0,508"
"0/1","16,16","32","99","545,0,511"
"0/1","15,22","37","99","663,0,453"
"0/1","24,12","36","99","345,0,707"
"0/1","11,18","29","99","595,0,317"
"0/0","33,0","33","90","0,90,1185"
"0/1","9,14","23","99","473,0,235"
"0/1","12,9","21","99","266,0,421"
"0/1","11,14","25","99","481,0,341"
"0/1","8,11","19","99","381,0,225"
"0/1","11,19","30","99","606,0,329"
"0/1","10,12","22","99","386,0,339"
"0/1","45,7","52","65","65,0,1473"
"0/1","78,13","91","78","78,0,2313"
"0/1","57,14","71","99","309,0,1859"
"0/1","50,12","62","99","229,0,1358"
"0/1","26,8","34","99","100,0,824"
"0/1","43,10","53","99","196,0,1211"
"0/1","47,11","58","99","241,0,1265"
"0/1","54,12","66","99","279,0,1690"
"0/1","51,16","67","99","133,0,1554"
"0/1","51,8","59","99","101,0,1341"
"0/1","60,11","71","99","123,0,1515"
"0/1","80,23","103","99","368,0,2026"
"0/1","73,16","95","99","257,0,1607"
"0/1","72,15","87","99","235,0,1777"
"0/1","51,15","67","99","312,0,1528"
"0/1","16,14","30","99","422,0,352"
"0/1","11,8","19","99","246,0,383"
"0/1","31,15","46","99","164,0,981"
"0/1","22,13","35","99","377,0,525"
"0/1","24,11","35","99","145,0,844"
"0/1","21,8","29","99","159,0,703"
"0/1","24,6","30","79","79,0,751"
"0/1","27,7","34","99","103,0,859"
"0/0","18,1","19","54","0,54,728"
"0/1","13,7","20","99","229,0,456"
"0/1","24,8","32","99","178,0,809"
"0/1","9,10","19","99","319,0,266"
"0/1","9,10","19","99","336,0,269"
"0/1","7,9","16","99","317,0,134"
"0/0","29,0","29","81","0,81,1091"
"0/1","10,8","18","99","239,0,346"
"0/1","10,15","25","99","458,0,322"
"0/1","7,15","22","99","470,0,183"
"0/1","8,11","19","99","396,0,218"
"0/1","9,11","20","99","313,0,291"
"0/1","33,9","42","99","118,0,903"
"0/1","52,15","68","99","137,0,1264"
"0/1","38,5","43","82","82,0,876"
"0/1","29,9","38","99","180,0,680"
"0/1","29,9","38","99","146,0,769"
"0/1","27,10","37","99","236,0,672"
"0/1","61,13","74","99","158,0,1660"
"0/1","69,23","92","99","281,0,1790"
"0/1","55,14","70","99","181,0,1709"
"0/1","26,8","34","99","105,0,917"
"0/1","28,4","32","71","71,0,926"
"0/0","15,1","16","15","0,15,575"
"0/0","14,1","15","12","0,12,544"
"0/1","11,14","25","99","431,0,309"
"0/1","36,11","47","99","258,0,1129"
"0/1","46,11","57","99","163,0,1567"
"0/1","15,10","25","99","280,0,451"
"0/1","17,9","26","99","276,0,531"
"0/1","45,8","53","99","105,0,1295"
"0/1","47,15","62","99","402,0,1163"
"0/0","67,6","73","99","0,101,2012"
"0/1","14,8","23","73","73,0,414"
"0/1","26,3","29","11","11,0,864"
"0/1","24,4","28","48","48,0,769"
"0/1","24,4","28","31","31,0,791"
"0/0","34,0","34","93","0,93,1253"
"0/1","30,11","42","86","86,0,704"
"0/1","22,8","30","99","226,0,717"
"0/1","40,6","46","39","39,0,1089"
"0/1","77,13","90","99","113,0,2193"
"0/1","47,13","60","99","212,0,1301"
"0/1","28,15","43","99","232,0,950"
"0/1","28,8","36","99","166,0,780"
"0/1","44,13","57","99","184,0,1050"
"0/1","37,17","54","99","423,0,1040"
"0/1","32,11","43","99","318,0,937"
"0/1","31,11","42","99","323,0,907"
"0/1","36,13","49","99","254,0,1188"
"0/1","48,14","62","99","299,0,1264"
"0/0","52,4","56","5","0,5,1800"
"0/1","11,3","14","64","64,0,282"
"0/1","12,3","15","4","4,0,395"
"0/1","15,3","18","66","66,0,471"
"0/1","14,4","18","99","109,0,425"
"0/1","15,4","19","99","102,0,453"
"0/1","8,4","12","99","128,0,212"
"0/1","4,1","5","28","28,0,111"
"0/1","22,6","28","78","78,0,611"
"0/1","17,6","23","69","69,0,509"
"0/1","21,15","36","99","490,0,692"
"0/1","13,18","31","99","520,0,396"
"0/1","15,13","28","99","439,0,395"
"0/1","12,13","25","99","445,0,315"
"0/1","11,14","25","99","448,0,368"
"0/1","31,11","42","99","276,0,1037"
"0/1","18,9","27","99","282,0,571"
"0/0","15,2","17","13","0,13,515"
"0/0","15,2","17","16","0,16,564"
"0/1","19,18","37","99","636,0,497"
"0/1","54,7","61","77","77,0,1812"
"0/1","53,6","59","46","46,0,1787"
"0/1","8,2","10","7","7,0,266"
"0/1","8,2","10","7","7,0,266"
"0/1","23,18","42","99","331,0,532"
"0/1","24,13","42","28","28,0,698"
"0/1","49,23","72","22","22,0,1132"
"0/1","20,16","36","99","435,0,644"
"0/1","15,18","33","99","587,0,468"
"0/1","17,31","48","99","1074,0,520"
"0/1","11,5","16","99","112,0,397"
"0/1","17,21","38","99","655,0,402"
"0/1","20,14","34","99","313,0,699"
"0/1","29,15","44","99","341,0,1017"
"0/1","37,15","52","99","400,0,1254"
"0/1","19,16","35","99","388,0,630"
"0/1","10,15","25","99","459,0,332"
"0/1","9,10","19","99","346,0,288"
"0/1","13,23","36","99","790,0,348"
"0/1","24,15","39","99","435,0,746"
"0/1","13,20","33","99","665,0,418"
"0/1","15,17","32","99","543,0,496"
"0/1","59,8","68","48","48,0,1793"
"0/1","36,6","42","62","62,0,852"
"0/1","45,11","56","99","135,0,1112"
"0/1","22,10","32","99","269,0,680"
"0/1","27,13","40","99","280,0,931"
"0/1","12,14","26","99","339,0,420"
"0/1","14,13","27","99","433,0,423"
"0/1","20,13","33","99","385,0,552"
"0/1","19,14","33","99","461,0,533"
"0/1","17,15","32","99","454,0,579"
"0/1","15,17","32","99","587,0,436"
"0/1","30,11","41","99","320,0,1055"
"0/1","22,9","31","99","233,0,799"
"0/1","12,12","24","99","405,0,341"
"0/1","13,18","31","99","630,0,438"
"0/1","8,12","20","99","418,0,263"
"0/1","13,8","21","99","264,0,427"
"0/0","26,0","26","72","0,72,976"
"0/1","5,7","12","99","224,0,133"
"0/1","14,11","25","99","360,0,481"
"0/1","8,13","21","99","414,0,266"
"0/1","10,12","22","99","390,0,304"
"0/0","31,2","33","29","0,29,1080"
"1/1","0,12","12","30","409,30,0"
"0/1","8,9","17","99","317,0,240"
"0/1","21,11","32","99","312,0,763"
"0/0","25,2","27","6","0,6,928"
"0/1","29,5","34","4","4,0,928"
"0/1","19,14","33","99","415,0,600"
"1/1","4,33","37","36","1133,36,0"
"0/1","18,8","26","99","212,0,656"
"0/1","49,15","64","99","387,0,1582"
"0/1","48,14","62","99","374,0,1551"
"0/1","48,14","62","99","346,0,1501"
"0/1","46,14","60","99","350,0,1534"
"0/1","31,14","45","99","320,0,1043"
"0/1","36,7","43","99","152,0,1117"
"0/1","26,15","41","99","478,0,853"
"0/1","36,4","41","29","29,0,1223"
"0/1","44,7","51","99","125,0,1529"
"0/1","44,7","51","99","119,0,1620"
"0/1","43,11","54","99","279,0,1538"
"0/1","43,11","54","99","243,0,1562"
"0/1","44,12","56","99","325,0,1413"
"0/1","48,8","56","57","57,0,1528"
"0/1","26,15","41","99","392,0,675"
"0/1","65,19","85","99","446,0,1391"
"0/1","42,10","53","99","135,0,907"
"0/1","65,28","93","99","499,0,1801"
"0/1","43,11","55","99","159,0,1169"
"0/1","63,19","82","99","391,0,1783"
"0/1","39,3","43","15","15,0,1173"
"0/1","40,3","43","12","12,0,1224"
"0/1","53,12","65","99","159,0,1488"
"0/1","49,25","74","99","586,0,1388"
"0/1","37,13","51","99","286,0,1205"
"0/1","32,14","46","99","423,0,963"
"0/1","25,9","34","99","210,0,839"
"0/0","52,3","55","59","0,59,1943"
"0/0","49,3","53","47","0,47,1730"
"0/1","43,10","53","99","223,0,1395"
"0/1","45,11","56","99","255,0,1449"
"0/1","105,27","134","99","569,0,3372"
"0/1","107,25","132","99","551,0,3543"
"0/1","63,16","79","99","187,0,1924"
"0/0","38,0","38","99","0,102,1314"
"0/1","29,5","34","80","80,0,872"
"0/1","29,5","34","89","89,0,883"
"0/1","25,14","45","99","218,0,741"
"0/1","40,14","54","99","232,0,1031"
"0/1","36,12","49","99","191,0,1007"
"0/1","49,9","58","99","107,0,1572"
"0/1","58,8","66","99","100,0,1716"
"0/1","52,11","63","99","164,0,1637"
"0/1","65,13","78","99","262,0,1891"
"0/0","94,10","104","20","0,20,3096"
"0/1","15,16","31","99","531,0,517"
"0/1","8,20","28","99","683,0,241"
"0/1","20,10","30","99","304,0,689"
"0/1","13,9","22","99","265,0,392"
"0/1","19,18","37","99","526,0,622"
"0/1","18,23","41","99","656,0,594"
"0/1","10,24","34","99","793,0,295"
"0/1","8,24","32","99","764,0,182"
"0/1","13,20","34","99","576,0,303"
"0/1","15,18","33","99","551,0,425"
"0/1","15,4","19","15","15,0,555"
"0/1","9,22","31","99","684,0,199"
"0/1","24,8","32","99","124,0,515"
"0/1","43,14","57","99","247,0,1182"
"0/1","50,25,0","75","99","503,0,1599,647,1650,2297"
"0/1","14,10","24","99","180,0,443"
"0/1","19,16","35","99","466,0,645"
"0/1","18,17","35","99","586,0,584"
"0/1","7,3","10","89","89,0,247"
"0/1","14,8","22","99","211,0,490"
"0/1","13,10","23","99","322,0,418"
"0/1","11,8","19","99","233,0,389"
"0/1","16,5","21","99","117,0,583"
"0/1","15,9","24","99","268,0,491"
"0/1","12,10","22","99","304,0,401"
"0/1","14,10","24","99","315,0,447"
"0/1","17,13","30","99","411,0,549"
"0/1","12,10","22","99","265,0,406"
"0/1","10,9","19","99","306,0,339"
"0/1","13,14","27","99","474,0,443"
"0/1","10,10","20","99","303,0,293"
"0/1","9,10","19","99","307,0,264"
"0/1","9,9","18","99","272,0,269"
"0/1","9,13","22","99","424,0,289"
"0/1","10,14","24","99","450,0,329"
"0/1","12,14","26","99","444,0,371"
"0/1","9,14","23","99","430,0,298"
"0/1","14,6","20","99","186,0,449"
"0/1","13,6","19","99","186,0,420"
"0/1","20,10","30","99","320,0,669"
"0/1","15,11","26","99","366,0,532"
"0/1","19,8","27","99","212,0,630"
"0/1","10,14","24","99","396,0,333"
"0/1","5,3","8","99","99,0,144"
"0/1","6,10","16","99","325,0,202"
"0/1","10,11","21","99","382,0,276"
"0/1","11,13","24","99","446,0,291"
"0/1","15,11","26","99","317,0,538"
"0/1","9,12","21","99","422,0,265"
"0/1","6,12","19","99","399,0,196"
"0/1","15,12","27","99","401,0,491"
"0/1","12,10","22","99","333,0,410"
"0/1","12,14","26","99","444,0,405"
"0/1","14,12","26","99","397,0,459"
"0/1","12,7","19","99","190,0,372"
"0/1","13,7","20","99","173,0,412"
"0/1","14,6","20","99","186,0,417"
"0/1","6,3","9","98","98,0,168"
"0/1","12,6","18","99","157,0,433"
"0/1","13,7","20","99","198,0,436"
"0/1","13,18","31","99","576,0,354"
"0/1","15,19","34","99","589,0,457"
"0/1","12,19","31","99","591,0,368"
"0/1","10,19","29","99","569,0,319"
"0/1","11,19","30","99","617,0,334"
"0/1","11,19","30","99","585,0,317"
"0/1","12,16","28","99","457,0,408"
"0/1","12,16","28","99","480,0,340"
"0/1","12,13","25","99","352,0,378"
"0/1","12,14","26","99","423,0,375"
"0/1","10,11","21","99","336,0,310"
"0/1","10,16","26","99","551,0,306"
"0/1","14,14","28","99","476,0,450"
"0/1","13,14","27","99","487,0,330"
"0/1","15,13","28","99","406,0,434"
"0/1","14,12","26","99","409,0,425"
"0/1","11,15","26","99","526,0,361"
"0/1","14,15","29","99","505,0,450"
"0/1","8,14","22","99","451,0,267"
"0/1","14,8","22","99","263,0,446"
"0/1","13,7","20","99","226,0,405"
"0/1","12,7","19","99","226,0,364"
"0/1","9,12","21","99","419,0,288"
"0/1","9,13","22","99","429,0,259"
"0/1","14,19","33","99","669,0,452"
"0/1","13,22","35","99","770,0,409"
"0/1","8,18","26","99","649,0,248"
"0/1","10,23","33","99","802,0,252"
"0/1","9,23","32","99","799,0,214"
"0/1","14,21","35","99","672,0,459"
"0/1","12,19","31","99","608,0,396"
"0/1","13,19","32","99","593,0,420"
"0/1","19,21","40","99","664,0,570"
"0/1","17,23","40","99","805,0,505"
"0/1","16,18","34","99","583,0,407"
"0/1","20,22","43","99","696,0,595"
"0/1","21,24","45","99","740,0,636"
"0/1","18,25","43","99","777,0,568"
"0/1","18,22","40","99","742,0,530"
"0/1","18,22","40","99","740,0,561"
"0/1","16,22","38","99","765,0,538"
"0/1","12,11","23","99","371,0,417"
"0/1","13,11","24","99","378,0,452"
"0/1","11,8","19","99","261,0,353"
"0/1","12,11","23","99","304,0,394"
"0/1","14,6","20","99","182,0,468"
"0/1","12,8","20","99","272,0,384"
"0/1","19,9","28","99","262,0,520"
"0/1","12,13","25","99","418,0,405"
"0/1","11,10","21","99","344,0,374"
"0/1","11,12","23","99","386,0,377"
"0/1","11,13","25","99","422,0,324"
"0/1","12,11","23","99","380,0,397"
"0/1","12,9","21","99","234,0,392"
"0/1","8,7","15","99","138,0,209"
"0/1","6,5","11","99","138,0,181"
"0/1","32,11","43","99","301,0,1058"
"0/1","53,31","91","99","924,0,1490"
"0/1","40,9","49","99","175,0,1084"
"0/1","37,9","46","99","182,0,986"
"0/0","10,0","10","27","0,27,322"
"0/0","16,0","16","45","0,45,581"
"0/0","22,0","22","54","0,54,702"
"0/0","25,0","25","63","0,63,775"
"0/0","27,0","27","69","0,69,894"
"0/1","29,12","41","99","359,0,964"
"0/1","41,7","48","99","137,0,1399"
"0/1","7,12","19","99","398,0,225"
"0/1","14,15","29","99","516,0,448"
"0/0","36,0","36","93","0,93,1271"
"0/1","10,14","24","99","500,0,340"
"0/1","14,9","23","99","304,0,439"
"0/0","30,0","30","90","0,90,1196"
"0/1","13,19","32","99","628,0,396"
"0/1","8,11","19","99","393,0,265"
"0/1","14,20","34","99","693,0,471"
"0/1","8,6","14","99","207,0,284"
"0/1","14,20","34","99","657,0,445"
"0/1","13,12","25","99","369,0,449"
"0/1","22,18","40","99","532,0,700"
"0/1","17,17","34","99","561,0,567"
"0/1","16,13","29","99","429,0,527"
"0/1","17,12","29","99","367,0,538"
"0/1","13,14","27","99","425,0,387"
"0/0","31,2","34","78","0,78,991"
"0/0","27,7","35","10","0,10,933"
"0/0","35,2","37","96","0,96,1258"
"0/1","11,13","24","99","445,0,326"
"0/1","8,9","17","99","316,0,244"
"0/1","17,19","36","99","595,0,557"
"0/1","12,10","22","99","330,0,410"
"0/1","13,16","29","99","552,0,361"
"0/1","10,9","19","99","279,0,353"
"0/1","13,14","27","99","406,0,443"
"0/1","18,19","37","99","621,0,552"
"0/1","14,14","28","99","466,0,427"
"0/1","9,12","21","99","406,0,290"
"0/1","5,14","19","99","475,0,115"
"0/0","28,0","28","75","0,75,984"
"0/1","8,11","19","99","370,0,263"
"0/1","22,12","34","99","293,0,731"
"0/1","23,16","40","99","399,0,682"
"0/1","12,11","23","99","376,0,358"
"0/1","45,19","65","99","449,0,1441"
"0/1","48,24","72","99","632,0,1627"
"0/0","45,2","47","92","0,92,1525"
"1/1","0,13","13","36","452,36,0"
"0/1","10,9","19","99","304,0,295"
"0/1","17,18","35","99","602,0,551"
"0/1","15,10","25","99","338,0,498"
"0/1","13,7","21","99","225,0,420"
"0/1","8,13","21","99","458,0,251"
"0/1","15,13","28","99","378,0,415"
"0/1","25,16","41","99","443,0,748"
"0/1","19,14","33","99","393,0,523"
"0/1","10,7","17","99","234,0,308"
"0/1","20,23","43","99","805,0,565"
"0/1","13,13","26","99","449,0,409"
"0/1","13,12","25","99","400,0,418"
"0/1","6,8","14","99","287,0,203"
"0/1","21,13","34","99","431,0,720"
"0/1","19,16","35","99","516,0,618"
"0/1","17,24","41","99","779,0,522"
"0/1","16,10","26","99","313,0,530"
"0/1","12,15","27","99","466,0,366"
"0/1","12,7","19","99","217,0,412"
"0/1","13,7","20","99","225,0,442"
"0/1","27,23","50","99","718,0,939"
"0/1","27,21","48","99","664,0,911"
"0/1","23,22","45","99","708,0,771"
"0/1","18,17","35","99","554,0,537"
"0/1","9,10","19","99","326,0,307"
"0/1","12,12","24","99","425,0,380"
"0/1","7,7","14","99","242,0,242"
"0/1","5,4","9","99","132,0,176"
"0/1","10,10","20","99","334,0,323"
"0/1","14,16","30","99","552,0,481"
"0/1","7,15","22","99","534,0,189"
"0/1","5,11","16","99","393,0,155"
"0/1","16,8","24","99","253,0,564"
"0/1","8,6","14","99","164,0,271"
"0/1","11,9","20","99","317,0,352"
"0/0","23,2","25","34","0,34,825"
"0/0","23,2","25","34","0,34,830"
"0/0","27,1","28","75","0,75,1023"
"0/0","23,1","24","66","0,66,887"
"0/0","22,2","24","31","0,31,829"
"0/0","23,2","25","34","0,34,863"
"0/1","17,16","33","99","518,0,581"
"0/1","15,13","28","99","405,0,515"
"0/1","16,9","25","99","260,0,536"
"0/1","9,11","20","99","386,0,304"
"0/1","9,11","20","99","390,0,297"
"0/1","9,19","28","99","655,0,273"
"0/1","15,15","30","99","442,0,500"
"0/1","7,10","17","99","322,0,216"
"0/1","6,9","15","99","290,0,193"
"0/1","5,4","9","99","135,0,175"
"0/1","20,17","37","99","505,0,636"
"0/1","13,15","28","99","480,0,437"
"1/1","0,28","28","81","1044,81,0"
"0/1","9,10","19","99","347,0,271"
"0/1","5,14","19","99","397,0,152"
"0/1","10,11","21","99","352,0,302"
"0/1","11,8","19","99","251,0,380"
"0/1","15,18","33","99","506,0,472"
"0/1","16,17","33","99","538,0,408"
"0/1","14,21","35","99","663,0,383"
"1/1","0,23","23","57","763,57,0"
"0/1","14,13","27","99","459,0,342"
"0/1","10,16","26","99","443,0,210"
"0/1","15,11","26","99","242,0,428"
"0/1","22,20","42","99","563,0,675"
"0/1","22,18","40","99","556,0,635"
"0/1","18,19","37","99","555,0,558"
"0/1","20,22","42","99","728,0,631"
"0/1","12,19","31","99","628,0,369"
"0/1","18,19","37","99","656,0,521"
"0/1","13,14","27","99","410,0,445"
"0/0","18,1","19","15","0,15,465"
"0/1","6,7","13","99","207,0,198"
"0/1","14,8","22","99","259,0,453"
"0/1","8,7","15","99","242,0,285"
"0/1","8,8","16","99","271,0,278"
"0/1","14,9","23","99","261,0,506"
"0/1","6,10","16","99","355,0,198"
"0/1","9,4","13","99","120,0,251"
"0/1","9,5","14","99","154,0,288"
"0/1","10,7","17","99","236,0,337"
"0/1","9,9","18","99","316,0,271"
"0/1","12,7","19","99","218,0,433"
"0/1","10,8","18","99","231,0,346"
"0/1","18,10","28","99","264,0,504"
"0/1","7,22","29","83","754,0,83"
"0/1","10,14","24","99","499,0,227"
"0/1","18,15","33","99","435,0,611"
"0/1","10,18","28","99","572,0,305"
"0/1","16,14","30","99","414,0,367"
"0/1","15,21","37","99","756,0,468"
"0/1","8,16","24","99","522,0,211"
"0/1","19,17","36","99","441,0,595"
"0/1","16,17","33","99","563,0,521"
"0/1","16,17","33","99","579,0,501"
"0/1","18,19","37","99","610,0,469"
"0/1","17,13","30","99","318,0,592"
"0/1","15,9","24","99","235,0,477"
"0/1","10,13","23","99","463,0,246"
"0/1","13,12","25","99","336,0,410"
"0/1","11,12","23","99","358,0,376"
"0/1","16,17","33","99","512,0,464"
"0/1","20,18","38","99","538,0,560"
"0/1","16,14","30","99","422,0,514"
"0/1","14,17","31","99","466,0,428"
"0/1","3,11","14","83","349,0,83"
"0/1","9,15","24","99","497,0,290"
"0/1","18,13","31","99","390,0,601"
"0/1","15,13","28","99","404,0,491"
"0/1","14,5","19","99","138,0,495"
"0/1","15,19","34","99","599,0,500"
"0/1","8,9","17","99","313,0,266"
"0/1","24,28","52","99","492,0,412"
"0/1","17,12","29","99","384,0,577"
"0/1","18,11","29","99","329,0,591"
"0/1","10,14","24","99","389,0,287"
"0/1","4,10","14","99","349,0,120"
"0/1","14,18","32","99","480,0,351"
"0/1","11,20","31","99","614,0,224"
"0/1","15,16","31","99","549,0,483"
"0/1","10,4","14","99","115,0,348"
"0/1","16,10","26","99","248,0,391"
"0/1","18,11","29","99","368,0,536"
"0/1","17,9","26","99","281,0,547"
"0/1","23,22","45","99","680,0,801"
"0/1","11,6","17","97","97,0,359"
"0/1","11,7","18","99","182,0,384"
"0/0","30,0","30","72","0,72,959"
"0/1","6,9","15","99","287,0,201"
"0/0","21,0","21","57","0,57,773"
"0/1","15,14","29","99","406,0,506"
"0/1","13,9","22","99","288,0,468"
"0/1","16,8","24","99","227,0,516"
"0/1","5,14","19","99","472,0,146"
"0/1","12,7","19","99","228,0,430"
"0/1","14,6","20","99","182,0,479"
"0/1","21,21","42","99","656,0,682"
"0/1","22,18","40","99","562,0,711"
"0/1","11,13","24","99","449,0,370"
"0/1","13,16","29","99","552,0,356"
"0/1","18,17","35","99","576,0,645"
"0/1","19,16","35","99","507,0,614"
"0/1","13,4","17","99","112,0,479"
"0/1","17,12","29","99","402,0,537"
"0/1","21,13","34","99","424,0,699"
"0/1","22,13","35","99","417,0,742"
"0/1","24,13","37","99","379,0,793"
"0/1","25,13","38","99","377,0,834"
"0/1","21,13","34","99","357,0,694"
"0/1","17,12","29","99","344,0,592"
"0/1","17,16","33","99","430,0,515"
"0/1","14,12","26","99","323,0,432"
"0/1","14,8","22","99","255,0,488"
"0/1","15,4","19","99","111,0,516"
"0/1","15,5","20","99","139,0,502"
"0/1","14,6","20","99","185,0,464"
"0/1","15,6","21","99","173,0,498"
"0/1","16,8","24","99","257,0,490"
"0/1","13,10","23","99","330,0,407"
"0/1","17,7","24","99","199,0,573"
"0/1","21,11","32","99","330,0,723"
"0/1","21,11","32","99","326,0,688"
"0/1","22,11","33","99","356,0,716"
"0/1","22,11","33","99","354,0,716"
"0/1","22,17","39","99","541,0,695"
"0/1","20,16","36","99","514,0,592"
"0/1","18,14","32","99","449,0,600"
"0/1","20,14","34","99","439,0,680"
"0/1","14,12","26","99","413,0,465"
"0/1","14,12","26","99","408,0,479"
"0/1","12,11","23","99","377,0,411"
"0/1","18,7","25","99","176,0,609"
"0/1","18,10","28","99","250,0,616"
"0/1","15,12","27","99","359,0,493"
"0/1","17,12","29","99","369,0,596"
"0/1","17,12","29","99","370,0,593"
"0/1","12,16","28","99","526,0,397"
"0/1","11,14","25","99","489,0,365"
"0/1","11,15","26","99","529,0,352"
"0/1","10,15","25","99","534,0,327"
"0/1","13,17","30","99","602,0,429"
"0/1","13,17","30","99","590,0,424"
"0/1","16,12","28","99","393,0,537"
"0/1","14,11","25","99","361,0,481"
"0/1","15,14","29","99","450,0,526"
"0/1","15,2","17","34","34,0,512"
"0/1","15,14","30","99","492,0,492"
"0/1","14,14","28","99","491,0,449"
"0/1","15,14","29","99","494,0,480"
"0/1","14,13","27","99","455,0,473"
"0/1","12,12","24","99","370,0,405"
"0/1","11,9","20","99","300,0,375"
"0/1","10,9","19","99","301,0,344"
"0/1","10,7","17","99","233,0,308"
"0/1","10,7","17","99","232,0,314"
"0/1","9,7","16","99","222,0,306"
"0/1","9,7","16","99","236,0,316"
"0/1","12,10","22","99","307,0,410"
"0/1","12,13","25","99","384,0,417"
"0/1","11,11","22","99","320,0,384"
"0/1","11,10","21","99","317,0,381"
"0/1","11,10","21","99","343,0,380"
"0/1","11,11","22","99","383,0,378"
"0/1","10,14","24","99","494,0,322"
"0/1","10,15","25","99","534,0,319"
"0/1","9,17","26","99","612,0,289"
"0/1","8,14","22","99","496,0,223"
"0/1","9,9","18","99","294,0,278"
"0/1","9,9","18","99","291,0,278"
"0/1","12,19","31","99","641,0,362"
"0/1","13,13","26","99","409,0,449"
"0/1","12,13","25","99","408,0,380"
"0/1","11,12","23","99","408,0,370"
"0/1","10,11","21","99","374,0,317"
"0/1","11,13","24","99","443,0,366"
"0/1","12,11","23","99","366,0,355"
"0/1","13,19","32","99","656,0,436"
"0/1","13,20","33","99","638,0,431"
"0/1","11,19","30","99","608,0,360"
"0/1","9,19","28","99","624,0,289"
"0/1","9,19","28","99","622,0,283"
"0/1","10,19","29","99","613,0,319"
"0/1","9,20","29","99","611,0,258"
"0/1","8,16","24","99","454,0,246"
"0/1","7,16","23","99","454,0,219"
"0/1","10,11","21","99","379,0,328"
"0/1","12,10","22","99","309,0,389"
"0/1","12,11","23","99","340,0,390"
"0/1","13,11","24","99","362,0,451"
"0/1","14,12","26","99","399,0,485"
"0/1","14,6","20","99","190,0,503"
"0/1","17,2","19","29","29,0,516"
"0/1","6,8","14","99","272,0,203"
"0/1","6,8","14","99","282,0,203"
"0/1","4,8","12","99","251,0,132"
"0/1","6,9","15","99","290,0,201"
"0/1","7,9","16","99","283,0,200"
"0/1","6,8","14","99","254,0,161"
"0/1","7,7","14","99","230,0,239"
"0/1","22,15","37","99","430,0,742"
"0/1","15,10","25","99","318,0,411"
"0/1","17,11","28","99","317,0,570"
"0/1","15,9","24","99","298,0,480"
"0/1","12,12","25","99","411,0,414"
"0/1","8,12","20","99","359,0,245"
"0/1","19,14","33","99","455,0,620"
"0/1","10,10","20","99","344,0,310"
"0/1","8,10","18","99","347,0,267"
"0/1","14,7","21","99","216,0,497"
"0/1","10,8","18","99","273,0,358"
"0/1","11,5","16","99","121,0,351"
"0/1","9,7","16","99","229,0,312"
"0/0","21,0","21","60","0,60,788"
"0/1","8,4","12","99","130,0,213"
"0/1","13,11","24","99","365,0,458"
"0/0","14,0","14","39","0,39,509"
"0/0","14,0","14","42","0,42,539"
"0/0","15,0","15","42","0,42,571"
"0/0","18,0","18","51","0,51,691"
"0/1","19,15","34","99","443,0,634"
"0/1","16,10","26","99","253,0,535"
"0/1","8,5","13","99","127,0,280"
"0/1","11,13","24","99","410,0,354"
"0/1","13,7","20","99","214,0,447"
"0/1","14,7","21","99","206,0,481"
"0/1","11,14","25","99","466,0,332"
"0/1","7,17","25","99","567,0,174"
"0/0","30,0","30","84","0,84,1115"
"0/1","15,16","31","99","477,0,473"
"0/1","8,9","17","99","309,0,278"
"0/1","8,3","17","28","28,0,108"
"0/1","16,13","29","99","432,0,485"
"0/1","20,20","40","99","666,0,637"
"0/1","6,10","16","99","344,0,154"
"0/1","9,9","18","99","275,0,284"
"0/1","17,17","34","99","511,0,563"
"0/1","18,18","36","99","544,0,592"
"0/1","13,14","27","99","482,0,440"
"0/1","16,16","32","99","485,0,517"
"0/1","17,21","38","99","666,0,544"
"0/1","30,21","51","99","651,0,1036"
"0/1","7,23","30","99","729,0,193"
"0/1","8,19","28","99","619,0,237"
"0/1","15,15","30","99","508,0,488"
"0/1","18,18","36","99","621,0,551"
"0/1","18,16","34","99","532,0,525"
"0/1","12,14","26","99","482,0,354"
"0/1","12,14","26","99","413,0,409"
"0/1","11,11","22","99","352,0,350"
"0/1","12,9","21","99","306,0,379"
"0/1","18,16","34","99","485,0,626"
"0/1","17,15","32","99","520,0,583"
"0/1","15,21","36","99","702,0,387"
"0/1","8,10","18","99","355,0,271"
"0/1","16,12","28","99","395,0,526"
"0/1","12,18","30","99","634,0,391"
"0/1","4,12","16","99","431,0,105"
"0/1","5,10","15","99","362,0,120"
"0/1","4,10","14","99","358,0,123"
"0/1","22,16","39","99","505,0,704"
"0/1","11,9","20","99","301,0,350"
"0/1","14,14","28","99","426,0,380"
"0/1","19,13","32","99","418,0,637"
"0/1","22,9","31","99","145,0,773"
"0/1","5,10","15","46","188,0,46"
"0/1","13,8","21","99","221,0,328"
"0/1","12,25","37","99","852,0,302"
"0/1","16,9","25","99","281,0,571"
"0/1","15,14","29","99","472,0,387"
"0/1","17,14","31","99","433,0,532"
"0/1","15,18","33","99","568,0,493"
"0/1","14,15","29","99","478,0,397"
"0/1","18,13","31","99","431,0,641"
"0/1","22,21","43","99","688,0,762"
"0/1","14,17","31","99","555,0,440"
"0/1","16,11","27","99","372,0,491"
"0/1","14,10","24","99","320,0,468"
"0/1","21,18","39","99","546,0,609"
"0/1","17,20","37","99","700,0,536"
"0/0","25,0","25","75","0,75,1006"
"0/1","9,6","15","99","201,0,327"
"0/1","16,14","30","99","439,0,526"
"0/1","18,17","35","99","554,0,491"
"0/1","14,16","30","99","532,0,431"
"0/1","8,14","22","99","423,0,261"
"0/1","13,13","26","99","421,0,391"
"0/1","14,17","31","99","542,0,481"
"0/1","10,19","29","99","646,0,313"
"0/1","10,24","34","99","820,0,302"
"0/1","19,21","40","99","554,0,578"
"0/1","18,21","39","99","626,0,548"
"0/1","16,22","38","99","630,0,454"
"0/1","15,21","36","99","567,0,382"
"0/1","22,15","37","99","462,0,733"
"0/1","16,16","32","99","564,0,471"
"0/1","15,16","31","99","567,0,435"
"0/1","19,20","39","99","631,0,557"
"0/1","13,21","34","99","709,0,422"
"0/1","13,21","34","99","714,0,422"
"0/1","4,10","14","99","294,0,115"
"0/1","6,9","15","99","271,0,169"
"0/1","14,7","21","99","229,0,454"
"0/1","14,8","22","99","230,0,463"
"0/1","17,10","27","99","331,0,538"
"0/1","14,13","27","99","411,0,488"
"0/1","22,15","37","99","473,0,777"
"0/1","22,14","36","99","451,0,771"
"0/1","18,8","26","99","208,0,564"
"0/1","19,8","27","99","204,0,613"
"0/1","20,16","36","99","483,0,660"
"0/1","18,17","35","99","408,0,621"
"0/1","16,16","32","99","503,0,555"
"0/1","19,13","32","99","385,0,596"
"0/1","9,6","15","99","195,0,314"
"0/1","11,7","18","99","223,0,395"
"0/1","14,8","22","99","261,0,496"
"0/1","13,9","22","99","289,0,457"
"0/1","13,10","23","99","325,0,413"
"0/1","11,16","27","99","557,0,327"
"0/1","11,17","28","99","595,0,346"
"0/1","16,16","32","99","546,0,553"
"0/1","14,11","25","99","374,0,496"
"0/1","14,11","25","99","370,0,494"
"0/1","10,10","20","99","343,0,343"
"0/1","7,11","18","99","387,0,230"
"0/1","9,9","18","99","303,0,291"
"0/1","15,13","28","99","380,0,452"
"0/1","13,11","24","99","339,0,382"
"0/1","11,9","20","99","269,0,353"
"0/1","11,11","22","99","347,0,375"
"0/1","11,13","24","99","420,0,363"
"0/1","10,12","22","99","420,0,306"
"0/1","7,9","16","99","312,0,201"
"0/1","11,6","17","99","132,0,364"
"0/1","10,14","24","99","501,0,334"
"0/1","16,16","33","99","496,0,485"
"0/1","11,15","26","99","517,0,324"
"0/1","13,11","24","99","380,0,421"
"0/1","12,7","19","99","228,0,424"
"0/1","10,7","17","99","197,0,351"
"0/1","12,7","19","99","233,0,401"
"0/1","9,9","18","99","295,0,304"
"0/1","8,10","18","99","306,0,266"
"0/1","12,11","23","99","303,0,424"
"0/1","18,9","27","99","277,0,555"
"0/1","19,7","26","99","199,0,578"
"0/1","21,8","29","99","241,0,650"
"0/1","20,7","27","99","174,0,667"
"0/1","10,10","20","99","330,0,347"
"0/1","12,16","28","99","520,0,388"
"0/1","12,11","23","99","378,0,414"
"0/1","11,8","19","99","262,0,399"
"0/1","9,16","25","99","527,0,297"
"0/1","9,13","22","99","451,0,298"
"0/1","10,13","24","99","430,0,232"
"0/1","11,11","22","99","382,0,298"
"0/1","16,15","31","99","494,0,409"
"0/1","9,15","25","99","429,0,283"
"0/1","15,7","22","99","219,0,504"
"0/1","9,12","21","99","381,0,294"
"0/1","17,20","37","99","701,0,568"
"0/1","13,10","23","99","331,0,423"
"0/1","12,10","22","99","335,0,381"
"0/1","13,14","27","99","478,0,409"
"0/1","11,15","26","99","507,0,338"
"0/1","11,11","22","99","315,0,353"
"0/1","10,12","22","99","415,0,335"
"0/1","10,12","22","99","376,0,338"
"0/1","12,10","23","99","242,0,334"
"0/1","24,21","45","99","557,0,746"
"0/1","18,18","36","99","534,0,615"
"0/1","26,22","49","99","449,0,690"
"0/1","12,11","24","99","198,0,416"
"0/1","15,20","35","99","520,0,454"
"0/1","30,7","37","99","143,0,924"
"0/1","31,6","37","99","146,0,951"
"0/1","12,8","20","99","266,0,387"
"0/1","8,14","22","99","505,0,253"
"0/1","9,9","18","99","283,0,242"
"0/1","10,12","22","99","390,0,281"
"0/1","10,12","22","99","386,0,300"
"0/1","6,5","11","99","174,0,214"
"0/1","13,6","19","99","188,0,469"
"0/1","8,7","15","99","232,0,279"
"0/1","10,10","20","99","328,0,352"
"0/1","11,9","20","99","306,0,355"
"0/1","8,11","19","99","396,0,262"
"0/1","9,8","17","99","219,0,304"
"0/1","16,5","21","99","140,0,511"
"0/1","8,6","14","99","124,0,258"
"0/1","19,11","30","99","355,0,645"
"0/1","9,4","13","92","92,0,334"
"0/1","12,9","21","99","234,0,430"
"0/1","15,9","24","99","292,0,503"
"0/1","10,10","20","99","341,0,332"
"0/1","15,10","25","99","320,0,497"
"0/1","18,13","31","99","374,0,603"
"0/1","6,11","17","83","318,0,83"
"0/1","18,16","34","99","508,0,617"
"0/1","18,8","26","99","202,0,648"
"0/1","21,15","36","99","460,0,698"
"0/1","14,6","20","99","186,0,451"
"0/1","16,13","29","99","371,0,497"
"0/1","13,7","20","99","216,0,466"
"0/1","16,10","26","99","332,0,516"
"0/1","14,18","32","99","585,0,465"
"0/1","13,16","29","99","547,0,394"
"0/1","12,18","30","99","602,0,392"
"0/1","11,14","25","99","459,0,375"
"0/1","15,13","28","99","416,0,450"
"0/1","14,16","30","99","558,0,417"
"0/1","18,14","32","99","405,0,580"
"0/1","15,9","24","99","288,0,507"
"0/1","14,14","28","99","401,0,499"
"0/1","12,15","27","99","452,0,415"
"0/1","10,14","24","99","477,0,335"
"0/1","10,14","24","99","492,0,324"
"0/1","16,14","30","99","445,0,505"
"0/1","11,6","17","99","182,0,393"
"0/1","15,7","22","99","216,0,532"
"0/1","19,12","31","99","394,0,671"
"0/1","17,17","34","99","564,0,576"
"0/1","16,17","33","99","589,0,510"
"0/1","15,15","30","99","512,0,444"
"0/1","21,18","39","99","585,0,685"
"0/1","21,16","37","99","507,0,696"
"0/1","17,18","35","99","602,0,545"
"0/1","18,21","39","99","685,0,581"
"0/1","10,15","25","99","535,0,289"
"0/1","9,15","24","99","533,0,263"
"0/1","14,12","27","99","400,0,443"
"0/1","10,18","28","99","541,0,314"
"0/1","7,13","20","99","462,0,216"
"0/1","4,6","10","99","181,0,99"
"0/1","6,13","19","99","470,0,116"
"0/1","9,12","21","99","418,0,288"
"0/1","13,7","20","99","220,0,464"
"0/1","11,16","27","99","536,0,349"
"0/1","11,14","25","99","448,0,321"
"0/1","9,16","25","99","574,0,291"
"0/1","10,21","31","99","725,0,280"
"0/1","11,15","26","99","440,0,366"
"0/1","8,15","23","99","493,0,261"
"0/1","13,14","27","99","467,0,440"
"0/1","15,11","26","99","371,0,526"
"0/1","11,12","23","99","420,0,377"
"0/1","23,22","45","99","721,0,649"
"0/1","18,22","40","99","619,0,554"
"0/1","15,21","36","99","693,0,504"
"0/1","7,10","17","99","365,0,228"
"0/1","8,9","17","99","287,0,222"
"0/1","8,8","16","99","248,0,229"
"0/1","9,14","23","99","453,0,300"
"0/1","11,4","15","99","117,0,402"
"0/1","8,11","19","99","389,0,265"
"0/1","8,10","18","99","352,0,252"
"0/1","12,6","18","99","193,0,435"
"0/1","7,13","20","99","430,0,222"
"0/1","8,13","21","99","438,0,195"
"0/1","13,9","22","99","297,0,465"
"0/1","11,7","18","99","199,0,388"
"0/1","16,10","26","99","328,0,524"
"0/1","24,9","33","99","260,0,832"
"0/1","10,13","24","99","399,0,324"
"0/1","8,12","20","99","388,0,234"
"0/1","9,12","21","99","384,0,258"
"0/1","7,11","18","99","272,0,221"
"0/1","7,13","20","99","397,0,177"
"0/1","15,21","36","99","598,0,453"
"0/1","10,15","25","99","528,0,320"
"0/1","19,16","35","99","507,0,656"
"0/1","19,18","37","99","612,0,624"
"0/1","12,16","28","99","523,0,394"
"0/1","10,10","20","99","349,0,334"
"0/1","12,7","19","99","219,0,418"
"0/1","10,12","22","99","420,0,336"
"0/1","22,10","32","99","299,0,782"
"0/1","17,22","39","99","739,0,465"
"0/1","9,7","16","99","241,0,282"
"0/0","8,0","8","6","0,6,65"
"0/0","9,0","9","9","0,9,105"
"0/1","13,8","21","99","124,0,371"
"0/1","9,8","17","99","279,0,276"
"0/1","8,13","21","99","423,0,269"
"0/1","8,9","17","99","319,0,273"
"0/1","7,8","15","99","287,0,203"
"0/1","5,11","16","99","343,0,154"
"0/0","38,0","38","99","0,111,1456"
"0/1","14,21","35","99","695,0,447"
"0/1","12,11","23","99","342,0,427"
"0/0","21,0","21","63","0,63,852"
"0/1","9,11","20","99","387,0,263"
"0/1","22,17","39","99","537,0,683"
"0/1","12,15","27","99","494,0,377"
"0/1","15,18","33","99","553,0,500"
"0/1","13,11","24","99","311,0,447"
"0/1","11,15","26","99","518,0,327"
"0/1","15,22","37","99","773,0,420"
"0/1","16,10","26","99","317,0,539"
"0/1","7,12","19","99","417,0,222"
"0/1","13,8","21","99","202,0,387"
"0/1","9,5","14","99","120,0,274"
"0/1","9,5","14","99","162,0,311"
"0/1","10,9","19","99","312,0,347"
"0/1","10,9","19","99","313,0,316"
"0/1","10,8","18","99","241,0,359"
"0/1","15,12","27","99","408,0,521"
"0/1","13,10","23","99","331,0,442"
"0/1","10,13","23","99","451,0,328"
"0/1","23,12","35","99","362,0,399"
"0/1","15,14","29","99","225,0,266"
"0/1","14,17","31","99","548,0,469"
"0/1","11,12","23","99","357,0,252"
"0/1","13,16","29","99","474,0,430"
"0/1","14,13","27","99","414,0,428"
"0/1","13,18","31","99","571,0,395"
"0/1","16,23","39","99","738,0,446"
"0/1","12,15","27","99","460,0,408"
"0/1","18,22","40","99","703,0,600"
"0/1","8,4","12","99","123,0,274"
"0/1","12,11","23","99","307,0,433"
"0/1","11,12","23","99","378,0,388"
"0/1","13,11","24","99","267,0,437"
"0/1","11,8","19","99","211,0,358"
"0/1","13,13","26","99","455,0,425"
"0/1","18,20","38","99","678,0,531"
"0/1","20,17","37","99","489,0,696"
"0/1","9,6","15","99","158,0,321"
"0/1","11,15","26","99","492,0,371"
"0/1","9,10","19","99","347,0,306"
"0/1","6,10","16","99","254,0,208"
"0/1","13,16","29","99","561,0,335"
"0/1","16,14","30","99","470,0,522"
"0/1","15,17","32","99","473,0,465"
"0/1","12,18","33","99","434,0,241"
"0/1","22,15","37","99","486,0,703"
"0/1","13,20","33","99","693,0,325"
"0/1","10,9","19","99","304,0,349"
"0/1","18,15","33","99","480,0,586"
"0/1","15,19","34","99","641,0,476"
"0/1","15,15","30","99","480,0,456"
"0/1","9,13","22","99","446,0,264"
"0/1","14,11","25","99","377,0,487"
"0/1","13,14","27","99","416,0,418"
"0/1","15,17","32","99","580,0,508"
"0/1","14,15","29","99","479,0,430"
"0/1","13,21","34","99","671,0,335"
"0/1","16,7","23","99","182,0,492"
"0/1","14,17","31","99","546,0,324"
"0/1","17,16","33","99","551,0,503"
"0/1","15,11","26","99","372,0,536"
"0/1","7,9","16","99","319,0,237"
"0/1","8,6","14","99","203,0,284"
"0/1","7,10","17","99","363,0,231"
"0/1","16,11","27","99","368,0,531"
"0/1","19,12","31","99","392,0,594"
"0/1","8,8","16","99","279,0,284"
"0/1","14,13","27","99","412,0,471"
"0/1","13,11","24","99","338,0,430"
"0/1","9,17","26","99","542,0,282"
"0/1","17,9","26","99","284,0,553"
"0/1","15,13","28","99","441,0,438"
"0/1","13,15","28","99","493,0,430"
"0/1","12,11","23","99","349,0,398"
"0/1","16,22","38","99","748,0,494"
"0/1","10,11","21","99","384,0,334"
"0/1","11,11","22","99","380,0,388"
"0/1","14,13","27","99","398,0,458"
"0/1","4,14","18","99","520,0,109"
"0/1","6,15","21","99","501,0,175"
"0/1","12,13","25","99","407,0,377"
"0/1","10,10","20","99","355,0,279"
"0/1","6,8","14","99","283,0,198"
"0/1","15,15","30","99","481,0,465"
"0/1","9,14","23","99","476,0,262"
"0/1","8,12","20","99","402,0,258"
"0/1","8,16","24","99","530,0,252"
"0/1","4,11","15","99","326,0,123"
"0/1","12,13","25","99","404,0,394"
"0/1","9,9","18","99","302,0,279"
"0/1","7,8","15","99","208,0,242"
"0/1","12,8","20","99","258,0,432"
"0/1","17,27","44","99","932,0,421"
"0/1","12,12","24","99","348,0,327"
"0/1","15,15","30","99","504,0,462"
"0/1","18,16","34","99","548,0,582"
"0/1","9,6","15","99","200,0,285"
"0/1","9,8","17","99","275,0,311"
"0/1","5,4","9","99","132,0,130"
"0/1","8,6","14","99","193,0,198"
"0/1","11,11","22","99","370,0,332"
"0/1","11,8","19","99","220,0,357"
"0/1","14,10","24","99","335,0,465"
"0/1","12,15","27","99","507,0,399"
"0/1","9,8","17","99","274,0,314"
"0/1","10,12","22","99","418,0,314"
"0/1","9,9","18","99","264,0,310"
"0/1","10,9","19","99","258,0,353"
"0/1","14,14","28","99","487,0,436"
"1/1","0,19","19","54","718,54,0"
"0/1","14,4","18","99","114,0,441"
"0/1","16,16","32","99","505,0,441"
"0/1","8,16","24","99","502,0,217"
"0/1","12,17","29","99","517,0,366"
"0/1","12,15","27","99","506,0,390"
"0/1","12,15","27","99","454,0,390"
"0/1","19,18","37","99","580,0,521"
"0/1","11,19","30","99","531,0,332"
"0/1","9,9","18","99","310,0,303"
"0/1","11,8","19","99","231,0,220"
"0/1","12,11","23","99","373,0,335"
"0/1","13,15","28","99","505,0,384"
"0/1","26,11","37","99","324,0,873"
"0/1","18,26","44","99","829,0,567"
"0/1","16,13","29","99","183,0,470"
"0/1","12,14","26","99","455,0,404"
"0/1","14,19","33","99","593,0,464"
"0/1","21,16","37","99","493,0,681"
"0/1","21,20","41","99","676,0,606"
"0/1","15,18","33","99","543,0,460"
"0/1","23,20","43","99","586,0,651"
"0/1","8,11","19","99","380,0,192"
"0/1","7,11","18","99","371,0,215"
"1/1","3,9","12","21","266,21,0"
"0/1","9,9","18","99","203,0,153"
"0/1","18,17","35","99","539,0,531"
"0/1","17,19","36","99","569,0,479"
"0/1","9,16","25","99","568,0,287"
"0/1","10,16","26","99","546,0,291"
"0/1","12,24","36","99","793,0,349"
"0/1","13,23","36","99","757,0,425"
"0/1","16,17","33","99","594,0,510"
"0/1","12,18","30","99","599,0,389"
"0/1","11,12","23","99","424,0,375"
"0/1","13,9","22","99","262,0,424"
"0/1","12,9","21","99","300,0,418"
"0/1","4,13","17","75","484,0,75"
"0/1","16,9","25","99","259,0,564"
"0/1","17,10","27","99","299,0,606"
"0/1","12,10","22","99","340,0,384"
"0/1","9,11","20","99","380,0,267"
"0/1","6,6","12","99","171,0,197"
"0/1","5,6","11","99","175,0,169"
"0/1","5,5","10","99","174,0,172"
"0/1","14,20","34","99","665,0,416"
"0/1","17,9","26","99","244,0,590"
"0/1","12,8","20","99","229,0,429"
"0/1","10,15","25","99","494,0,325"
"0/1","10,14","24","99","461,0,287"
"0/1","8,8","16","99","266,0,277"
"0/1","6,7","13","99","245,0,203"
"0/1","12,9","21","99","294,0,416"
"0/1","16,11","27","99","291,0,482"
"0/1","19,14","33","99","422,0,570"
"0/1","18,14","32","99","424,0,632"
"0/1","13,17","30","99","546,0,425"
"0/1","23,15","38","99","444,0,738"
"0/1","24,14","38","99","392,0,783"
"0/1","23,14","37","99","447,0,736"
"0/1","16,13","29","99","424,0,525"
"0/0","25,0","25","66","0,66,871"
"0/1","9,5","14","99","158,0,310"
"0/0","19,0","19","54","0,54,739"
"0/1","11,16","27","99","551,0,297"
"0/0","26,0","26","75","0,75,1018"
"0/1","16,11","27","99","351,0,547"
"0/0","22,0","22","66","0,66,886"
"0/1","12,15","27","99","484,0,404"
"0/1","11,3","14","78","78,0,396"
"0/1","8,6","14","99","201,0,251"
"0/1","16,9","25","99","290,0,508"
"0/1","8,17","25","99","538,0,255"
"0/1","23,8","32","78","78,0,402"
"1/1","9,11","27","8","353,8,0"
"0/1","17,18","35","99","617,0,521"
"0/1","19,13","32","99","405,0,576"
"0/1","14,19","33","99","585,0,457"
"0/1","12,19","31","99","560,0,386"
"0/1","12,18","30","99","565,0,353"
"0/1","11,27","38","99","854,0,241"
"0/0","15,0","15","42","0,42,565"
"0/0","9,0","9","21","0,21,233"
"0/0","40,0","40","99","0,114,1532"
"0/0","33,0","33","96","0,96,1208"
"0/0","33,0","33","93","0,93,1190"
"0/0","36,0","36","96","0,96,1224"
"0/0","36,0","36","99","0,102,1342"
"0/0","35,0","35","96","0,96,1229"
"0/0","38,0","38","99","0,108,1355"
"0/0","16,0","16","48","0,48,630"
"0/1","16,10","26","99","331,0,524"
"0/0","18,0","18","48","0,48,651"
"0/1","9,11","20","99","315,0,311"
"0/1","22,15","37","99","428,0,740"
"0/1","19,11","30","99","357,0,624"
"0/1","6,6","12","99","204,0,207"
"0/1","8,12","20","99","433,0,227"
"0/1","15,13","28","99","445,0,517"
"0/1","10,11","21","99","376,0,335"
"0/1","10,16","26","99","515,0,292"
"0/1","9,14","23","99","492,0,280"
"0/1","14,6","20","99","167,0,490"
"0/1","4,8","12","99","276,0,124"
"0/1","15,7","22","99","203,0,540"
"0/0","12,0","12","33","0,33,425"
"0/1","15,15","30","99","508,0,526"
"0/1","16,17","33","99","581,0,528"
"0/0","31,0","31","90","0,90,1164"
"0/1","17,13","30","99","429,0,564"
"0/1","25,12","37","99","340,0,697"
"0/1","9,7","16","99","234,0,234"
"0/1","16,13","29","99","441,0,471"
"0/1","13,12","25","99","405,0,420"
"0/1","13,16","29","99","507,0,435"
"0/1","10,16","26","99","538,0,321"
"0/0","18,0","18","51","0,51,681"
"0/0","11,0","11","21","0,21,269"
"0/0","11,0","11","21","0,21,274"
"0/0","11,0","11","21","0,21,274"
"0/1","12,15","27","99","488,0,409"
"0/1","10,11","21","99","384,0,347"
"0/1","18,11","29","99","360,0,636"
"0/1","13,18","31","99","633,0,422"
"0/1","11,19","30","99","659,0,315"
"0/1","9,21","30","99","654,0,283"
"0/1","15,16","31","99","537,0,524"
"0/1","18,10","28","99","252,0,590"
"0/1","8,13","21","99","427,0,253"
"0/0","36,0","36","99","0,99,1241"
"0/1","94,29","123","99","578,0,2031"
"0/1","18,16","34","99","516,0,568"
"0/1","20,19","39","99","591,0,578"
"0/1","11,15","26","99","514,0,319"
"1/1","0,17","17","51","660,51,0"
"0/1","11,19","30","99","563,0,316"
"0/1","18,12","30","99","331,0,537"
"0/1","15,14","29","99","416,0,470"
"0/0","24,0","24","69","0,69,906"
"0/1","13,14","27","99","415,0,376"
"0/1","17,10","27","99","326,0,576"
"0/1","11,15","26","99","523,0,353"
"0/1","10,15","25","99","512,0,326"
"0/1","9,12","21","99","384,0,299"
"0/1","16,14","30","99","376,0,552"
"0/1","12,17","29","99","519,0,330"
"0/1","21,8","29","99","221,0,688"
"0/1","36,9","45","99","159,0,1244"
"0/1","35,10","45","99","187,0,1211"
"0/1","42,10","52","99","222,0,1461"
"0/1","43,10","53","99","227,0,1405"
"0/1","40,9","49","99","156,0,1353"
"0/1","33,10","43","99","154,0,1131"
"0/1","14,10","24","99","301,0,502"
"0/1","11,12","23","99","412,0,334"
"0/1","8,10","18","99","356,0,241"
"0/1","9,12","21","99","366,0,296"
"0/1","4,9","13","53","253,0,53"
"0/1","9,12","21","99","394,0,304"
"0/0","18,2","20","20","0,20,613"
"0/0","27,0","27","66","0,66,845"
"0/1","31,30","61","99","868,0,886"
"0/1","16,17","33","99","488,0,520"
"0/1","17,9","26","99","271,0,567"
"0/1","14,9","23","99","290,0,479"
"0/1","53,14","67","99","265,0,1539"
"0/1","37,11","51","49","49,0,934"
"0/1","72,19","92","99","241,0,2105"
"0/1","37,11","48","99","225,0,964"
"0/1","109,42","151","99","811,0,3194"
"0/1","116,44","160","99","948,0,3252"
"0/1","113,47","160","99","1026,0,3339"
"0/1","116,46","163","99","981,0,3317"
"0/1","113,45","158","99","1018,0,3297"
"0/1","108,39","149","99","877,0,3133"
"0/1","20,15","35","99","480,0,655"
"0/1","14,21","35","99","731,0,455"
"0/1","12,13","25","99","464,0,327"
"0/1","14,9","23","99","250,0,481"
"0/1","9,6","15","99","173,0,284"
"0/1","70,15","85","99","321,0,2307"
"0/1","67,20","87","99","416,0,2188"
"0/1","59,34","93","99","1001,0,1881"
"0/1","63,13","76","99","244,0,2016"
"0/1","47,13","60","99","313,0,1460"
"0/1","48,13","61","99","322,0,1418"
"0/1","66,12","78","99","219,0,2147"
"0/1","16,15","31","99","417,0,465"
"0/1","14,15","29","99","511,0,428"
"0/1","16,10","26","99","313,0,553"
"0/1","13,10","24","99","121,0,241"
"0/1","16,17","33","99","532,0,501"
"0/1","16,13","29","99","421,0,537"
"0/1","14,18","32","99","586,0,409"
"0/1","18,9","27","99","281,0,523"
"0/1","9,10","19","99","327,0,289"
"0/1","11,15","26","99","519,0,279"
"0/1","20,15","35","99","512,0,644"
"0/1","11,18","29","99","571,0,349"
"0/1","16,21","37","99","697,0,464"
"0/1","9,7","16","99","239,0,280"
"0/1","13,12","25","99","410,0,444"
"0/1","8,11","19","99","355,0,258"
"0/0","19,0","19","54","0,54,715"
"0/0","19,0","19","54","0,54,716"
"0/0","19,0","19","54","0,54,714"
"0/0","20,0","20","51","0,51,685"
"0/0","20,0","20","54","0,54,725"
"0/0","22,0","22","60","0,60,808"
"0/0","21,0","21","60","0,60,813"
"0/0","26,0","26","75","0,75,1003"
"0/1","13,13","26","99","452,0,378"
"0/1","4,11","15","99","387,0,112"
"0/1","7,10","17","99","322,0,241"
"0/1","14,10","24","99","286,0,492"
"0/1","13,8","21","99","258,0,414"
"0/1","14,15","29","99","516,0,472"
"0/1","14,11","25","99","366,0,479"
"0/1","11,7","18","99","234,0,353"
"0/1","18,12","30","99","362,0,558"
"0/1","13,6","19","99","183,0,455"
"0/1","20,6","26","99","135,0,709"
"0/1","13,13","26","99","324,0,437"
"0/1","8,6","14","99","197,0,265"
"0/1","18,18","36","99","578,0,598"
"0/1","11,15","26","99","451,0,349"
"0/1","7,8","15","99","204,0,166"
"0/1","17,11","28","99","296,0,507"
"1/1","0,29","29","84","1137,84,0"
"0/1","23,24","47","99","768,0,616"
"0/1","13,19","32","99","580,0,366"
"0/1","17,5","22","97","97,0,602"
"0/1","19,5","24","93","93,0,686"
"0/1","21,7","28","99","127,0,741"
"0/1","23,6","29","99","124,0,751"
"0/1","23,7","30","99","148,0,766"
"0/1","23,7","30","99","145,0,783"
"0/1","22,7","29","99","148,0,761"
"0/1","25,6","31","99","112,0,763"
"0/1","3,11","14","22","170,0,22"
"0/1","6,19","25","99","651,0,164"
"0/1","18,18","36","99","533,0,589"
"0/1","17,15","32","99","417,0,582"
"0/1","16,22","38","99","732,0,532"
"0/1","14,21","35","99","628,0,369"
"0/1","9,7","16","99","195,0,250"
"0/1","9,8","17","99","189,0,253"
"0/1","16,13","29","99","223,0,447"
"0/1","11,14","25","99","361,0,368"
"0/1","18,16","34","99","504,0,501"
"0/1","13,15","28","99","470,0,443"
"0/1","8,18","26","99","603,0,254"
"0/1","15,17","32","99","549,0,431"
"0/1","9,9","18","99","312,0,315"
"0/0","24,1","25","60","0,60,830"
"0/0","24,1","25","35","0,35,799"
"0/1","12,32","44","99","1110,0,346"
"0/1","10,11","21","99","392,0,303"
"0/1","14,21","35","99","693,0,447"
"0/1","9,18","27","99","642,0,268"
"0/1","12,12","24","99","386,0,421"
"0/1","8,10","18","99","319,0,272"
"0/1","10,20","30","99","716,0,315"
"0/1","12,20","32","99","681,0,318"
"0/1","18,21","39","99","693,0,530"
"0/1","19,17","41","99","564,0,573"
"0/1","10,11","21","99","346,0,301"
"0/1","16,21","37","99","736,0,456"
"0/1","17,23","40","99","764,0,535"
"0/1","17,23","40","99","741,0,452"
"0/1","7,10","17","99","358,0,189"
"0/0","21,0","21","63","0,63,836"
"0/1","9,8","17","99","270,0,309"
"0/0","12,4","18","12","0,12,142"
"0/1","17,18","35","99","524,0,539"
"0/1","20,7","27","99","168,0,692"
"0/1","8,17","25","99","433,0,109"
"0/1","16,20","36","99","617,0,491"
"0/1","12,13","25","99","423,0,393"
"0/1","10,12","22","99","418,0,329"
"0/1","12,12","24","99","374,0,394"
"0/1","23,12","35","99","370,0,715"
"0/1","3,9","12","86","322,0,86"
"0/1","11,12","23","99","381,0,378"
"0/1","9,12","21","99","399,0,262"
"0/0","18,0","18","39","0,39,475"
"0/0","21,0","21","45","0,45,584"
"0/1","12,7","19","99","192,0,275"
"0/0","30,6","36","75","0,75,919"
"0/1","13,12","25","99","364,0,439"
"0/1","16,13","29","99","437,0,482"
"0/1","17,14","31","99","422,0,524"
"1/1","0,21","21","63","846,63,0"
"0/1","12,9","21","99","294,0,381"
"0/1","10,14","24","99","488,0,283"
"0/0","26,0","26","78","0,78,1022"
"0/1","14,10","24","99","317,0,454"
"0/1","8,18","26","99","640,0,230"
"0/1","17,14","31","99","424,0,568"
"0/1","16,12","28","99","373,0,531"
"0/1","22,19","41","99","587,0,671"
"0/1","19,14","33","99","387,0,613"
"0/1","4,9","13","99","306,0,111"
"0/1","14,23","37","99","802,0,339"
"0/0","19,0","19","54","0,54,723"
"0/1","16,13","29","99","365,0,493"
"0/0","23,0","23","69","0,69,915"
"0/0","31,0","31","90","0,90,1180"
"0/1","16,10","26","99","322,0,531"
"0/1","17,16","33","99","552,0,583"
"0/1","11,12","23","99","420,0,349"
"0/1","16,9","26","99","271,0,424"
"0/1","15,11","26","99","334,0,416"
"0/1","21,12","33","99","373,0,723"
"0/1","18,10","28","99","258,0,631"
"0/1","12,18","30","99","631,0,402"
"0/1","18,17","35","99","558,0,601"
"0/1","23,13","36","99","408,0,791"
"0/0","30,0","30","90","0,90,1184"
"0/1","15,9","24","99","249,0,463"
"0/1","20,13","33","99","383,0,587"
"0/1","15,17","32","99","543,0,475"
"0/1","48,8","56","99","124,0,1527"
"0/1","10,16","26","99","510,0,249"
"0/1","18,9","27","99","283,0,580"
"0/1","15,19","34","99","527,0,495"
"0/1","16,23","39","99","785,0,505"
"0/1","19,18","37","99","576,0,610"
"0/1","16,22","38","99","709,0,428"
"0/1","13,22","35","99","731,0,372"
"0/1","19,14","33","99","439,0,623"
"0/1","19,13","32","99","382,0,605"
"0/1","9,19","28","99","674,0,252"
"0/1","16,18","34","99","542,0,522"
"0/1","17,15","32","99","405,0,557"
"0/1","16,14","30","99","393,0,456"
"0/1","11,23","34","99","782,0,336"
"0/1","12,15","28","99","417,0,369"
"0/1","13,12","27","99","383,0,347"
"0/1","18,17","36","99","521,0,565"
"0/1","15,27","42","99","743,0,473"
"0/1","25,16","41","99","433,0,810"
"0/1","16,13","29","99","383,0,505"
"0/1","16,12","28","99","344,0,476"
"0/1","32,11","43","99","278,0,974"
"0/1","20,6","26","72","72,0,651"
"0/1","26,8","34","99","167,0,769"
"0/1","21,10","31","99","281,0,600"
"0/1","14,12","26","99","357,0,366"
"0/1","10,16","26","99","371,0,349"
"0/1","14,13","28","99","409,0,435"
"0/1","18,25","43","99","828,0,400"
"0/1","21,25","46","99","836,0,643"
"0/1","17,23","40","99","732,0,497"
"0/1","19,15","34","99","475,0,613"
"0/1","20,21","41","99","682,0,548"
"0/1","20,20","40","99","574,0,683"
"0/1","18,11","29","99","365,0,553"
"0/1","15,21","36","99","731,0,453"
"0/1","18,15","33","99","450,0,582"
"0/1","21,14","35","99","426,0,689"
"0/1","18,16","38","99","495,0,575"
"0/1","17,12","29","99","348,0,469"
"0/1","20,15","35","99","430,0,660"
"0/1","10,10","20","99","347,0,337"
"0/1","14,15","29","99","489,0,444"
"0/1","15,17","32","99","496,0,374"
"0/0","38,0","38","99","0,105,1358"
"0/1","9,7","16","99","240,0,245"
"0/1","15,14","29","99","385,0,532"
"0/1","16,17","33","99","465,0,506"
"0/1","8,17","25","99","529,0,179"
"0/1","17,15","32","99","502,0,515"
"0/1","8,10","18","99","118,0,135"
"0/1","68,16","84","99","341,0,2094"
"0/1","12,31","45","99","1010,0,221"
"0/1","8,15","23","99","542,0,253"
"0/1","8,12","20","99","402,0,267"
"0/1","6,8","14","99","280,0,201"
"0/1","15,12","27","99","318,0,539"
"0/1","7,6","13","99","195,0,243"
"0/1","11,10","21","99","331,0,383"
"0/1","17,10","27","99","270,0,588"
"0/1","1,9","10","28","105,0,28"
"0/1","16,16","32","99","545,0,487"
"0/1","24,12","36","99","383,0,761"
"0/1","21,20","41","99","618,0,658"
"0/1","8,11","19","99","360,0,275"
"0/1","14,7","25","99","115,0,297"
"0/1","21,23","44","99","745,0,693"
"0/1","18,24","42","99","749,0,492"
"0/1","18,12","30","99","377,0,562"
"0/1","15,15","30","99","496,0,492"
"0/1","18,13","31","99","397,0,585"
"0/1","15,6","22","99","110,0,229"
"0/1","11,12","23","99","328,0,322"
"0/0","22,0","22","66","0,66,884"
"0/1","18,15","33","99","473,0,626"
"0/1","10,19","29","99","582,0,269"
"0/1","22,10","32","99","283,0,735"
"0/1","11,13","24","99","449,0,385"
"0/1","16,20","37","99","628,0,446"
"0/1","16,16","32","99","459,0,461"
"0/0","39,1","40","99","0,108,1388"
"0/1","13,12","25","99","341,0,380"
"0/1","19,5","24","96","96,0,484"
"0/0","32,0","32","60","0,60,762"
"0/1","14,14","28","99","404,0,326"
"0/0","23,1","27","23","0,23,688"
"0/1","23,18","41","99","560,0,794"
"0/1","11,7","18","99","213,0,347"
"0/1","16,14","30","99","411,0,481"
"0/1","4,13","17","99","401,0,114"
"0/1","6,14","20","99","462,0,183"
"0/1","7,6","13","99","200,0,250"
"0/1","10,10","20","99","328,0,342"
"0/1","19,16","35","99","529,0,624"
"0/1","9,7","16","99","167,0,286"
"0/1","17,17","34","99","550,0,534"
"0/1","11,11","22","99","331,0,312"
"0/1","11,13","24","99","416,0,362"
"0/1","15,13","28","99","432,0,532"
"0/0","20,0","20","54","0,54,711"
"0/1","7,8","15","90","229,0,90"
"0/1","9,12","22","99","399,0,299"
"0/1","15,12","27","99","382,0,486"
"0/1","9,8","17","99","180,0,282"
"0/1","9,1","11","20","20,0,105"
"0/0","28,2","30","32","0,32,716"
"0/1","20,15","35","99","436,0,600"
"0/1","10,22","32","99","765,0,293"
"0/1","19,17","36","99","533,0,608"
"0/1","16,15","31","99","483,0,500"
"0/0","21,0","21","51","0,51,691"
"0/1","6,10","16","99","315,0,185"
"0/0","26,0","27","60","0,60,752"
"0/1","13,7","20","99","191,0,455"
"0/1","10,17","27","99","502,0,225"
"0/1","22,17","39","99","519,0,632"
"0/1","8,24","32","99","847,0,184"
"0/1","10,20","30","99","664,0,302"
"0/0","21,0","21","60","0,60,771"
"0/0","28,1","29","84","0,84,1111"
"0/1","13,15","28","99","527,0,421"
"0/1","17,21","38","99","626,0,483"
"0/1","4,27","31","68","951,0,68"
"0/1","19,12","31","99","355,0,564"
"0/1","20,13","33","99","365,0,620"
"0/1","7,12","19","99","426,0,228"
"0/1","11,18","29","99","560,0,367"
"0/1","17,11","28","99","383,0,143"
"0/1","13,16","29","99","537,0,378"
"0/1","14,12","26","99","417,0,411"
"0/1","24,20","44","99","603,0,713"
"0/1","17,11","31","99","238,0,298"
"0/1","15,13","28","99","426,0,453"
"0/1","13,11","24","99","344,0,420"
"0/1","7,28","36","99","732,0,139"
"0/1","14,4","18","99","112,0,479"
"0/1","15,14","29","99","463,0,480"
"0/1","11,17","28","99","571,0,317"
"0/1","13,12","25","99","368,0,431"
"0/1","17,7","24","99","201,0,524"
"0/0","30,0","30","81","0,81,1024"
"0/1","14,17","31","99","539,0,448"
"0/1","19,18","37","99","602,0,586"
"0/1","19,12","31","99","315,0,636"
"0/1","14,15","29","99","520,0,425"
"0/1","15,13","29","99","313,0,408"
"0/1","13,10","23","99","287,0,396"
"0/1","14,4","18","99","104,0,475"
"0/1","11,9","20","99","296,0,337"
"0/1","9,16","25","99","488,0,244"
"0/1","13,14","27","99","420,0,365"
"0/1","8,12","20","99","386,0,188"
"0/1","8,8","16","99","248,0,240"
"0/0","20,0","20","60","0,60,791"
"0/1","14,9","23","99","285,0,456"
"0/1","14,18","32","99","564,0,427"
"0/1","16,17","33","99","496,0,499"
"0/1","10,18","28","99","541,0,281"
"0/1","16,12","28","99","388,0,485"
"0/1","24,11","35","99","292,0,779"
"0/1","11,17","28","99","584,0,253"
"0/1","17,14","31","99","401,0,529"
"0/0","36,0","36","90","0,90,1153"
"0/0","36,0","36","93","0,93,1207"
"0/1","13,16","29","99","547,0,409"
"0/1","15,14","29","99","430,0,443"
"0/1","19,17","36","99","561,0,639"
"0/1","16,17","33","99","527,0,506"
"0/1","1,13","14","22","130,0,22"
"0/1","9,15","24","99","486,0,246"
"0/0","17,0","17","51","0,51,632"
"0/1","13,9","22","99","291,0,459"
"0/1","11,12","23","99","424,0,304"
"0/1","7,10","17","99","130,0,130"
"0/1","15,11","26","99","284,0,529"
"0/1","9,9","19","99","234,0,226"
"0/1","18,20","38","99","657,0,500"
"0/1","16,20","36","99","636,0,433"
"0/1","15,15","30","99","405,0,501"
"0/1","11,21","32","99","682,0,344"
"0/1","20,18","38","99","554,0,649"
"0/1","18,13","31","99","426,0,625"
"0/1","10,15","25","99","529,0,274"
"0/1","29,6","36","99","180,0,442"
"0/1","26,7","35","99","217,0,358"
"0/1","17,13","30","99","398,0,488"
"0/1","16,13","29","99","429,0,559"
"0/1","16,10","26","99","323,0,529"
"0/1","13,14","27","99","450,0,393"
"0/1","18,23","41","99","720,0,541"
"0/0","10,0","10","24","0,24,293"
"0/1","15,12","27","99","359,0,467"
"0/1","6,9","15","99","312,0,182"
"0/1","10,6","16","99","133,0,138"
"0/1","13,11","25","99","361,0,371"
"0/1","7,8","16","99","177,0,161"
"0/1","19,10","29","99","304,0,591"
"0/1","6,15","21","99","529,0,178"
"0/1","12,11","23","99","366,0,365"
"0/1","10,9","19","99","310,0,340"
"0/1","7,13","20","76","341,0,76"
"0/1","31,10","42","99","133,0,808"
"0/1","33,10","43","62","62,0,740"
"0/1","29,10","39","99","158,0,744"
"0/1","28,11","39","99","122,0,687"
"0/1","34,11","45","99","130,0,779"
"0/1","9,22","31","99","680,0,247"
"0/1","12,16","28","99","547,0,412"
"0/1","12,16","28","99","551,0,412"
"0/1","19,10","29","99","323,0,660"
"0/1","14,15","29","99","380,0,454"
"0/1","15,14","29","99","426,0,428"
"0/0","21,3","25","12","0,12,367"
"0/1","13,11","24","99","359,0,425"
"0/0","16,0","16","48","0,48,640"
"0/0","30,0","30","81","0,81,1062"
"0/1","16,16","32","99","496,0,556"
"0/1","11,17","28","99","583,0,360"
"0/1","10,6","16","99","197,0,349"
"0/1","12,9","21","99","303,0,424"
"0/1","5,9","14","99","320,0,160"
"0/1","6,13","19","99","425,0,185"
"0/1","7,10","17","99","350,0,200"
"0/1","9,11","20","99","316,0,259"
"0/1","7,6","13","99","205,0,243"
"0/1","10,8","18","99","263,0,348"
"0/1","11,4","15","99","122,0,397"
"0/1","10,5","15","99","160,0,367"
"0/1","10,6","16","99","191,0,346"
"0/1","6,7","13","99","241,0,208"
"0/1","15,15","30","99","496,0,376"
"0/1","13,16","29","99","561,0,405"
"0/1","11,5","16","99","149,0,394"
"0/1","19,13","32","99","411,0,616"
"0/1","11,10","21","99","296,0,376"
"0/1","16,16","32","99","448,0,441"
"0/1","12,14","26","99","432,0,371"
"0/1","25,9","34","99","226,0,876"
"0/1","13,18","31","99","577,0,411"
"0/1","21,10","31","99","308,0,670"
"0/1","6,15","21","99","544,0,177"
"0/1","6,10","16","99","356,0,189"
"0/1","22,21","43","99","618,0,686"
"0/0","30,0","30","81","0,81,1073"
"1/1","3,24","28","57","760,57,0"
"0/1","14,14","29","99","455,0,464"
"0/1","14,12","26","99","331,0,453"
"0/0","23,0","23","63","0,63,848"
"0/1","9,18","27","99","628,0,241"
"0/1","15,8","23","99","253,0,452"
"0/1","17,7","24","99","212,0,607"
"0/1","19,18","37","99","551,0,654"
"0/1","9,6","15","99","123,0,259"
"0/1","11,4","15","99","116,0,287"
"0/1","16,17","33","99","572,0,535"
"0/0","29,1","32","69","0,69,884"
"0/1","10,12","22","99","405,0,320"
"0/1","23,13","36","99","277,0,731"
"0/0","31,0","31","87","0,87,1125"
"0/1","11,21","32","99","743,0,348"
"0/1","16,18","34","99","530,0,486"
"0/1","19,4","23","85","85,0,651"
"0/1","16,16","32","99","497,0,476"
"0/1","22,9","31","99","267,0,794"
"0/1","13,20","33","99","704,0,388"
"0/1","10,10","20","99","351,0,331"
"0/1","19,14","33","99","413,0,599"
"0/1","13,14","27","99","489,0,412"
"0/1","20,22","42","99","664,0,636"
"0/1","22,8","30","99","209,0,729"
"0/1","18,10","28","99","247,0,552"
"0/1","13,9","23","99","247,0,403"
"0/1","7,14","21","99","506,0,229"
"0/1","17,8","25","99","188,0,424"
"0/1","18,9","28","99","230,0,546"
"0/1","22,17","39","99","338,0,561"
"0/1","21,9","36","99","164,0,538"
"0/1","22,11","33","99","351,0,617"
"0/1","22,20","42","99","490,0,576"
"0/1","21,18","40","99","564,0,580"
"0/1","18,21","39","99","610,0,554"
"0/1","14,17","31","99","545,0,426"
"0/1","39,7","46","68","68,0,1384"
"0/1","19,21","40","99","630,0,510"
"0/1","14,8","22","99","251,0,488"
"0/1","11,11","22","99","349,0,353"
"0/1","8,8","16","99","284,0,245"
"0/1","16,12","28","99","363,0,485"
"0/1","17,11","28","99","365,0,551"
"0/1","13,20","33","99","590,0,394"
"0/1","12,8","20","99","260,0,375"
"0/1","6,6","12","99","201,0,206"
"0/1","9,9","18","99","313,0,309"
"0/1","14,10","24","99","338,0,378"
"0/1","12,15","27","99","492,0,378"
"0/1","16,10","26","99","271,0,511"
"0/1","8,17","25","99","601,0,254"
"0/1","10,14","24","99","494,0,338"
"0/1","18,8","26","99","202,0,644"
"0/1","18,8","26","99","241,0,644"
"0/1","17,12","29","99","384,0,506"
"0/1","38,8","46","99","108,0,1241"
"0/1","11,8","19","78","78,0,194"
"0/0","11,0","12","33","0,33,449"
"0/0","11,1","12","12","0,12,432"
"0/1","9,19","28","99","675,0,273"
"0/1","19,17","36","99","580,0,540"
"0/0","33,0","33","87","0,87,1140"
"0/0","27,0","27","78","0,78,1029"
"0/1","37,17","54","99","511,0,871"
"0/1","22,21","43","99","671,0,602"
"0/1","24,22","46","99","662,0,669"
"0/1","18,12","30","99","315,0,599"
"0/1","24,14","38","99","426,0,717"
"0/1","20,13","33","99","433,0,634"
"0/1","19,20","39","99","657,0,592"
"0/1","16,25","42","99","790,0,513"
"0/0","22,0","22","63","0,63,837"
"0/1","35,8","43","99","188,0,1187"
"0/1","17,5","22","99","105,0,558"
"0/1","16,5","21","99","108,0,537"
"0/1","17,5","22","99","105,0,576"
"0/1","17,5","22","99","102,0,592"
"0/1","17,6","23","99","137,0,501"
"0/1","17,6","23","99","131,0,539"
"0/1","12,6","18","99","192,0,341"
"0/1","13,5","18","52","52,0,464"
"0/1","22,11","33","99","265,0,614"
"0/1","10,8","18","99","254,0,355"
"0/1","11,11","22","99","363,0,355"
"0/1","27,6","33","99","171,0,520"
"0/0","27,3","30","69","0,69,868"
"0/1","11,7","18","99","229,0,203"
"0/1","12,9","21","99","272,0,342"
"1/1","0,24","24","72","941,72,0"
"0/1","11,2","13","30","30,0,355"
"0/1","8,13","21","99","361,0,251"
"0/0","34,1","35","99","0,99,1196"
"0/1","14,16","30","99","490,0,345"
"0/1","20,9","29","99","172,0,669"
"0/1","21,9","30","99","187,0,759"
"0/1","11,23","34","99","762,0,270"
"0/0","1,0","1","3","0,3,37"
"0/1","17,9","26","99","256,0,544"
"0/1","6,5","11","99","172,0,175"
"0/1","10,4","14","99","113,0,359"
"0/1","11,6","17","99","160,0,393"
"0/1","16,7","23","99","217,0,510"
"0/1","12,13","25","99","398,0,323"
"0/1","14,9","24","99","253,0,211"
"0/1","15,11","27","99","228,0,439"
"0/1","16,8","24","97","97,0,444"
"0/1","13,9","22","99","115,0,427"
"0/1","18,9","27","75","75,0,616"
"0/1","24,3","28","42","42,0,714"
"0/1","15,14","29","99","470,0,488"
"0/1","14,11","25","99","254,0,275"
"0/1","14,18","32","99","613,0,471"
"0/1","21,11","32","99","306,0,734"
"0/1","41,8","49","99","129,0,1235"
"0/1","16,13","29","99","325,0,534"
"0/0","26,0","27","72","0,72,954"
"0/1","6,2","9","43","43,0,140"
"0/1","13,8","21","99","181,0,315"
"0/1","7,8","15","99","231,0,195"
"0/1","5,2","8","17","68,0,17"
"0/1","11,2","14","25","25,0,108"
"0/1","16,16","32","99","503,0,537"
"0/1","14,16","30","99","489,0,471"
"0/0","21,0","21","63","0,63,840"
"0/1","13,17","30","99","448,0,422"
"0/0","36,0","36","99","0,102,1292"
"0/0","35,0","35","93","0,93,1214"
"0/0","35,0","35","99","0,99,1270"
"0/1","19,17","36","99","580,0,617"
"0/1","16,11","27","99","303,0,579"
"0/1","14,8","22","99","160,0,452"
"0/1","12,15","27","99","513,0,363"
"0/1","15,12","27","99","389,0,511"
"0/1","15,8","23","99","251,0,500"
"0/1","9,24","33","99","862,0,245"
"0/1","13,14","27","99","489,0,372"
"0/1","13,10","23","99","332,0,453"
"0/1","7,18","25","99","605,0,205"
"0/1","18,7","25","99","202,0,622"
"0/1","21,13","34","99","394,0,673"
"0/1","23,16","39","99","537,0,760"
"0/0","21,0","21","63","0,63,826"
"0/1","18,16","34","99","467,0,614"
"0/1","21,21","42","99","655,0,680"
"0/1","23,20","43","99","610,0,708"
"0/1","13,12","25","99","356,0,417"
"0/1","21,11","32","99","280,0,636"
"1/1","1,22","23","66","812,66,0"
"1/1","0,23","23","63","798,63,0"
"0/1","18,10","28","99","234,0,544"
"0/1","16,11","27","99","359,0,501"
"0/1","19,17","36","99","454,0,550"
"0/1","16,15","31","99","425,0,508"
"0/1","21,17","38","99","482,0,675"
"0/1","9,11","20","99","357,0,259"
"0/1","40,10","50","99","218,0,1307"
"0/1","11,21","32","99","638,0,279"
"0/1","19,18","37","99","542,0,553"
"0/1","13,17","30","99","574,0,428"
"0/1","4,11","15","99","341,0,108"
"1/1","0,15","15","45","602,45,0"
"0/1","39,22","61","99","444,0,1202"
"0/1","14,16","30","99","531,0,405"
"0/1","18,16","34","99","492,0,576"
"0/1","12,13","25","99","457,0,414"
"0/1","33,9","42","99","121,0,1052"
"0/1","23,18","41","99","594,0,716"
"0/1","52,12","64","99","130,0,1729"
"0/1","45,7","52","87","87,0,1527"
"0/1","9,15","24","99","503,0,235"
"0/1","17,19","36","99","616,0,542"
"0/1","11,26","37","99","846,0,288"
"0/1","8,2","10","56","56,0,225"
"0/1","14,14","28","99","444,0,485"
"0/1","9,12","21","99","394,0,310"
"0/1","5,6","11","99","216,0,166"
"0/1","6,12","18","99","433,0,189"
"0/1","7,18","25","99","674,0,178"
"0/1","7,10","17","99","356,0,168"
"0/1","11,14","25","99","494,0,379"
"0/1","16,11","27","99","356,0,518"
"0/1","17,16","33","99","488,0,547"
"0/1","18,20","38","99","595,0,550"
"0/1","17,14","31","99","411,0,519"
"0/1","13,23","40","99","442,0,268"
"0/1","16,15","31","99","507,0,551"
"0/1","32,12","44","99","229,0,600"
"0/1","13,11","24","99","317,0,269"
"0/1","14,12","26","99","415,0,409"
"0/1","8,9","17","99","308,0,279"
"0/1","14,15","29","99","485,0,443"
"0/1","17,11","28","99","352,0,558"
"0/1","20,17","37","99","513,0,691"
"0/1","29,5","34","94","94,0,989"
"0/1","18,14","32","99","323,0,452"
"0/1","13,10","23","99","323,0,333"
"0/1","15,12","27","99","234,0,334"
"0/1","5,26","31","67","802,0,67"
"0/1","16,13","29","99","334,0,506"
"0/1","6,10","17","99","238,0,152"
"1/1","8,34","42","8","986,8,0"
"0/0","10,0","10","27","0,27,343"
"0/1","20,10","30","99","307,0,594"
"0/1","9,13","22","99","425,0,284"
"0/1","20,13","33","99","377,0,705"
"0/1","14,24","38","99","782,0,456"
"0/1","16,22","38","99","775,0,524"
"0/1","22,12","34","99","378,0,590"
"0/1","16,15","31","99","468,0,543"
"0/1","11,17","28","99","530,0,306"
"0/1","13,17","30","99","555,0,344"
"0/1","12,12","24","99","359,0,271"
"0/1","10,14","24","99","433,0,313"
"0/1","25,20","45","99","651,0,814"
"0/1","12,13","25","99","357,0,418"
"0/1","19,15","34","99","426,0,596"
"0/1","5,14","19","99","478,0,108"
"0/1","12,10","22","99","328,0,370"
"0/1","11,24","35","99","783,0,308"
"0/1","9,16","25","99","529,0,294"
"0/1","18,9","27","99","282,0,593"
"0/1","8,5","13","99","161,0,288"
"0/1","19,23","42","99","751,0,649"
"0/1","8,11","19","99","344,0,267"
"0/1","13,11","24","99","368,0,405"
"0/1","10,8","18","99","188,0,248"
"0/1","12,12","24","99","394,0,365"
"0/1","3,4","7","68","147,0,68"
"0/1","27,9","36","99","223,0,782"
"0/1","10,14","24","99","489,0,232"
"0/1","26,17","43","99","447,0,836"
"0/1","21,8","29","99","221,0,715"
"0/1","14,19","33","99","552,0,384"
"0/1","20,10","30","99","291,0,664"
"0/1","13,14","27","99","459,0,399"
"0/1","5,16","21","99","278,0,112"
"0/1","14,18","32","99","322,0,389"
"0/1","13,20","33","99","674,0,371"
"0/1","22,18","40","99","476,0,740"
"0/1","8,10","18","99","357,0,270"
"0/1","15,11","26","99","350,0,525"
"0/1","15,9","24","99","277,0,531"
"0/1","10,9","19","99","312,0,342"
"0/1","16,12","28","99","408,0,486"
"0/1","15,7","22","99","220,0,511"
"0/1","16,14","30","99","467,0,546"
"0/1","12,7","19","99","216,0,390"
"0/1","9,8","17","99","281,0,238"
"0/1","10,8","18","99","266,0,343"
"0/1","5,15","20","99","509,0,150"
"0/1","10,10","20","99","346,0,297"
"0/1","16,17","33","99","537,0,549"
"0/1","17,19","36","99","577,0,476"
"0/1","14,11","25","99","277,0,491"
"0/1","14,21","35","99","644,0,434"
"0/1","18,19","37","99","550,0,590"
"0/1","20,15","35","99","507,0,623"
"0/1","8,20","28","99","690,0,196"
"0/1","13,10","23","99","292,0,444"
"0/1","12,9","21","99","299,0,379"
"0/1","7,12","19","99","350,0,216"
"0/1","9,17","26","99","580,0,249"
"0/1","14,18","32","99","562,0,437"
"0/1","20,7","27","99","184,0,634"
"0/1","18,19","37","99","642,0,602"
"0/1","16,16","32","99","520,0,487"
"0/1","13,23","36","99","764,0,407"
"0/1","18,17","35","99","501,0,489"
"0/1","12,6","18","35","35,0,326"
"0/1","14,22","36","99","696,0,375"
"0/1","18,20","38","99","629,0,488"
"0/1","16,21","37","99","722,0,532"
"0/1","10,6","16","99","198,0,305"
"0/1","12,12","24","99","418,0,380"
"0/1","10,17","27","99","529,0,301"
"0/0","25,0","25","72","0,72,963"
"0/1","49,12","61","99","213,0,1392"
"0/1","17,14","31","99","276,0,473"
"0/1","86,25","111","99","382,0,2513"
"0/1","46,14","60","99","355,0,1414"
"0/1","40,19","59","99","468,0,1316"
"0/1","45,19","64","99","220,0,1202"
"0/1","18,15","33","99","435,0,519"
"0/1","17,16","33","99","505,0,570"
"0/1","17,9","26","99","292,0,529"
"0/1","18,10","28","99","278,0,598"
"0/1","6,14","20","99","516,0,185"
"0/1","21,17","38","99","565,0,716"
"0/1","8,19","27","99","591,0,195"
"0/1","15,13","28","99","371,0,461"
"0/1","3,9","12","90","299,0,90"
"0/0","32,0","32","87","0,87,1152"
"0/1","7,5","12","96","96,0,129"
"0/1","12,13","25","99","453,0,397"
"0/0","42,0","42","99","0,108,1429"
"0/1","9,8","18","44","44,0,234"
"0/1","19,26","45","99","912,0,613"
"0/1","10,8","18","99","268,0,322"
"0/1","16,9","25","99","257,0,506"
"1/1","0,19","19","54","733,54,0"
"0/1","12,18","30","99","585,0,355"
"0/1","14,7","21","99","214,0,511"
"0/1","5,4","10","30","30,0,107"
"0/1","36,6","42","99","118,0,1051"
"0/1","15,17","32","99","570,0,447"
"0/1","15,16","31","99","513,0,476"
"0/1","19,20","39","99","522,0,619"
"0/1","14,10","24","99","328,0,377"
"0/0","26,4","34","31","0,31,574"
"0/1","10,3","13","95","95,0,253"
"0/1","10,3","13","92","92,0,255"
"0/1","10,3","13","93","93,0,250"
"0/1","10,3","13","96","96,0,202"
"0/1","8,1","9","16","16,0,248"
"0/1","9,7","16","99","193,0,252"
"0/1","30,9","39","99","224,0,1025"
"0/1","16,19","35","99","625,0,465"
"0/1","9,9","18","99","305,0,292"
"0/1","20,12","32","99","381,0,696"
"0/1","10,14","24","99","414,0,323"
"0/1","11,13","24","99","421,0,340"
"0/1","9,9","18","99","296,0,259"
"0/1","10,10","20","99","334,0,344"
"0/1","12,10","22","99","337,0,341"
"0/1","13,22","35","99","726,0,405"
"0/1","8,9","17","99","281,0,274"
"0/1","9,7","16","99","238,0,316"
"0/1","13,8","21","99","233,0,471"
"0/1","13,13","26","99","410,0,436"
"0/1","9,6","15","99","202,0,311"
"0/1","7,6","13","99","198,0,230"
"0/1","13,15","28","99","479,0,399"
"0/1","10,14","24","99","464,0,291"
"0/1","20,21","41","99","688,0,615"
"0/1","22,14","36","99","451,0,782"
"0/1","15,18","33","99","641,0,414"
"0/1","11,14","25","99","484,0,332"
"0/1","9,18","27","99","645,0,273"
"0/1","16,20","36","99","699,0,468"
"0/1","16,16","32","99","543,0,556"
"0/1","11,11","22","99","380,0,365"
"0/1","11,16","27","99","495,0,374"
"0/1","12,14","26","99","443,0,419"
"0/1","10,10","20","99","350,0,299"
"0/1","8,13","21","99","471,0,262"
"0/1","7,9","16","99","315,0,197"
"0/1","10,5","15","99","142,0,350"
"0/1","17,17","34","99","505,0,534"
"0/1","10,8","18","99","269,0,353"
"0/1","11,11","22","99","350,0,350"
"0/1","11,13","24","99","392,0,298"
"0/1","12,14","26","99","439,0,405"
"0/1","14,13","27","99","372,0,485"
"0/1","15,11","26","99","351,0,522"
"0/1","18,16","34","99","453,0,617"
"0/1","17,16","33","99","470,0,522"
"0/1","16,14","30","99","422,0,557"
"0/1","5,7","12","99","246,0,167"
"0/1","6,18","24","99","630,0,174"
"0/1","11,10","21","99","340,0,386"
"1/1","1,11","13","15","175,15,0"
"0/1","12,4","16","99","117,0,438"
"0/1","17,17","34","99","582,0,543"
"0/1","19,20","39","99","653,0,558"
"0/1","13,15","28","99","467,0,416"
"0/1","14,16","30","99","457,0,471"
"0/1","12,17","29","99","525,0,405"
"0/1","17,13","30","99","442,0,540"
"0/1","15,8","23","99","147,0,531"
"0/1","10,19","29","99","632,0,326"
"0/1","11,9","20","99","268,0,375"
"0/1","10,14","24","99","498,0,332"
"0/1","14,13","27","99","382,0,458"
"0/1","13,14","27","99","481,0,329"
"0/1","11,11","22","99","369,0,375"
"0/1","16,14","30","99","479,0,545"
"0/1","10,10","20","99","312,0,348"
"0/1","14,14","28","99","462,0,401"
"0/1","17,16","33","99","480,0,592"
"0/1","20,16","36","99","513,0,677"
"0/1","21,17","38","99","540,0,621"
"0/1","20,14","34","99","468,0,671"
"0/1","52,11","63","99","169,0,1706"
"0/1","89,16","105","99","305,0,2297"
"0/1","89,14","104","99","107,0,2224"
"0/1","93,13","106","82","82,0,2139"
"0/1","98,15","113","78","78,0,2298"
"0/1","18,14","32","99","400,0,566"
"0/1","10,9","19","99","278,0,343"
"0/1","21,10","31","99","306,0,701"
"0/1","17,16","33","99","496,0,551"
"0/1","14,12","26","99","327,0,491"
"0/1","10,11","21","99","374,0,307"
"0/1","22,15","37","99","471,0,777"
"0/1","12,18","30","99","570,0,384"
"0/1","12,19","31","99","655,0,379"
"0/1","12,7","19","99","205,0,384"
"0/1","14,12","26","99","399,0,443"
"0/1","13,11","24","99","381,0,378"
"0/1","16,17","33","99","514,0,511"
"0/1","15,15","30","99","399,0,488"
"0/1","18,17","35","99","585,0,570"
"0/1","10,16","26","99","533,0,308"
"0/0","18,0","18","48","0,48,607"
"0/1","15,12","28","99","308,0,484"
"0/1","18,18","36","99","594,0,564"
"0/1","21,16","37","99","518,0,627"
"0/1","20,16","36","99","488,0,618"
"0/1","20,8","28","99","187,0,604"
"0/1","15,14","29","99","439,0,481"
"0/1","15,15","30","99","434,0,440"
"0/1","13,14","27","99","421,0,407"
"0/1","17,14","31","99","356,0,603"
"0/1","24,11","35","99","339,0,783"
"0/1","19,11","30","99","352,0,631"
"0/1","19,13","32","99","355,0,613"
"0/1","13,16","29","99","509,0,371"
"0/1","14,18","32","99","596,0,445"
"0/1","14,20","34","99","663,0,426"
"0/1","17,10","27","99","279,0,578"
"0/1","16,15","31","99","430,0,457"
"0/1","16,17","33","99","502,0,498"
"0/1","16,10","26","99","317,0,528"
"0/1","6,18","24","99","421,0,185"
"0/1","16,6","22","99","145,0,454"
"0/1","7,17","24","99","590,0,185"
"0/1","5,17","22","99","585,0,127"
"0/1","15,9","24","99","251,0,462"
"0/1","5,19","24","99","680,0,127"
"0/1","15,8","23","99","216,0,483"
"0/1","7,15","22","99","475,0,209"
"0/1","13,14","27","99","444,0,373"
"0/1","14,13","27","99","409,0,416"
"0/1","12,11","23","99","352,0,361"
"0/1","12,10","22","99","318,0,396"
"0/1","19,12","31","99","359,0,639"
"0/1","13,11","24","99","358,0,372"
"0/1","12,16","28","99","510,0,372"
"0/1","20,21","41","99","705,0,537"
"0/1","21,11","32","99","343,0,581"
"0/1","18,18","36","99","527,0,598"
"0/1","15,22","37","99","658,0,390"
"0/1","14,20","35","99","637,0,358"
"0/1","15,13","28","99","404,0,432"
"0/1","21,6","27","99","150,0,706"
"0/1","9,17","26","99","595,0,274"
"0/1","13,16","29","99","533,0,390"
"0/1","13,16","29","99","514,0,368"
"0/1","18,21","39","99","679,0,523"
"0/1","15,13","28","99","431,0,470"
"0/1","14,13","27","99","401,0,448"
"0/1","18,15","33","99","426,0,610"
"0/1","14,18","32","99","494,0,410"
"0/1","14,14","28","99","435,0,402"
"0/1","16,12","28","99","357,0,472"
"0/1","16,14","30","99","464,0,508"
"0/1","14,20","34","99","632,0,378"
"0/1","15,15","30","99","443,0,428"
"0/1","14,9","23","99","271,0,425"
"0/1","11,13","25","99","413,0,253"
"0/1","10,13","23","99","415,0,296"
"0/1","23,23","46","99","538,0,653"
"0/1","16,16","32","99","505,0,489"
"0/1","15,16","32","99","487,0,477"
"0/1","19,18","37","99","556,0,587"
"0/1","27,14","41","99","432,0,864"
"0/1","5,11","16","99","388,0,155"
"0/1","5,5","10","99","173,0,135"
"0/1","7,7","14","99","230,0,235"
"0/1","9,19","28","99","684,0,283"
"0/1","21,16","37","99","530,0,701"
"0/1","20,18","38","99","599,0,646"
"0/1","11,14","25","99","488,0,367"
"0/1","15,13","28","99","422,0,520"
"0/1","18,14","32","99","417,0,608"
"0/1","9,13","22","99","356,0,279"
"0/1","15,6","21","99","184,0,442"
"0/1","9,13","22","99","463,0,300"
"0/1","17,14","31","99","464,0,522"
"0/1","18,12","30","99","345,0,576"
"0/1","19,18","37","99","548,0,595"
"0/1","10,11","23","99","302,0,316"
"0/1","18,14","32","99","394,0,567"
"0/1","11,12","23","99","413,0,325"
"0/1","8,10","18","99","353,0,269"
"0/1","8,21","29","99","735,0,242"
"0/1","9,14","23","99","483,0,278"
"0/1","16,19","35","99","603,0,546"
"1/1","0,39","39","99","1448,111,0"
"0/1","20,24","44","99","700,0,653"
"0/1","11,14","25","99","421,0,378"
"0/1","10,5","16","99","125,0,111"
"0/1","18,11","29","99","265,0,637"
"0/1","22,10","32","99","280,0,648"
"0/1","10,12","22","99","381,0,299"
"0/1","14,23","37","99","712,0,423"
"0/1","8,11","19","99","392,0,232"
"0/1","8,8","16","99","240,0,254"
"0/1","14,18","32","99","565,0,470"
"0/1","15,16","31","99","483,0,514"
"0/1","10,13","23","99","399,0,313"
"0/1","11,18","29","99","516,0,280"
"0/1","11,8","19","99","236,0,348"
"0/1","16,15","31","99","522,0,482"
"0/1","9,9","18","99","268,0,313"
"0/1","15,25","40","99","764,0,405"
"0/1","13,13","26","99","436,0,444"
"0/1","14,15","29","99","523,0,483"
"0/1","11,13","24","99","455,0,320"
"0/1","19,13","32","99","364,0,599"
"0/0","36,1","42","81","0,81,1101"
"0/0","33,0","33","87","0,87,1145"
"0/0","32,3","35","87","0,87,1136"
"0/0","33,2","35","90","0,90,1177"
"0/0","32,1","35","93","0,93,1200"
"0/0","32,1","35","90","0,90,1159"
"0/0","32,0","35","93","0,93,1206"
"0/0","29,0","33","81","0,81,1069"
"0/0","30,0","30","72","0,72,963"
"0/0","28,0","29","72","0,72,899"
"0/0","24,1","25","66","0,66,860"
"0/0","25,1","26","72","0,72,951"
"0/1","10,4","14","91","91,0,278"
"0/1","11,15","26","99","499,0,274"
"0/1","21,19","40","99","629,0,663"
"0/1","6,10","16","99","332,0,199"
"0/1","9,10","19","99","306,0,309"
"0/1","10,10","20","99","234,0,272"
"0/1","7,6","13","99","201,0,228"
"0/1","9,10","19","99","350,0,309"
"0/1","14,15","29","99","448,0,436"
"0/1","18,16","34","99","457,0,613"
"0/1","14,9","23","99","292,0,500"
"0/1","19,5","24","99","128,0,655"
"0/1","11,4","15","99","117,0,392"
"0/1","13,18","31","99","472,0,385"
"0/1","19,13","33","99","284,0,555"
"0/1","11,15","27","99","465,0,366"
"0/1","15,12","27","99","351,0,489"
"0/1","19,14","33","99","432,0,672"
"0/1","17,15","32","99","343,0,563"
"0/1","4,9","13","63","158,0,63"
"0/1","10,20","30","99","552,0,273"
"0/1","11,16","27","99","483,0,261"
"0/1","20,12","32","99","379,0,606"
"0/1","17,7","24","99","214,0,582"
"0/1","11,9","20","99","307,0,344"
"0/1","19,19","38","99","580,0,650"
"0/1","9,7","16","99","234,0,303"
"0/1","9,7","16","99","230,0,314"
"0/1","5,6","11","99","206,0,167"
"0/1","13,8","21","99","262,0,447"
"0/1","16,12","28","99","394,0,394"
"0/1","8,8","16","99","282,0,243"
"0/1","23,11","34","99","351,0,800"
"0/1","13,10","23","99","326,0,463"
"0/1","16,15","31","99","471,0,518"
"0/1","13,14","27","99","485,0,449"
"0/1","15,16","31","99","530,0,482"
"0/1","5,7","12","99","251,0,163"
"0/1","10,13","23","99","430,0,325"
"0/1","10,13","23","99","445,0,267"
"0/1","12,14","26","99","495,0,329"
"0/1","6,5","11","99","170,0,207"
"0/1","7,7","14","99","219,0,241"
"0/1","15,11","26","99","364,0,448"
"0/1","12,18","30","99","492,0,398"
"0/1","19,19","39","99","481,0,473"
"0/1","10,5","15","99","111,0,316"
"0/1","22,27","49","99","856,0,623"
"0/1","14,17","31","99","586,0,441"
"0/1","16,19","35","99","647,0,494"
"0/1","17,11","28","99","248,0,566"
"0/1","5,5","10","99","167,0,136"
"0/1","10,11","21","99","377,0,337"
"0/1","15,10","25","99","280,0,515"
"1/1","0,13","16","33","426,33,0"
"0/1","11,8","19","99","264,0,390"
"0/1","13,20","33","99","707,0,380"
"0/1","14,20","34","99","688,0,419"
"0/1","6,14","20","99","479,0,179"
"0/1","4,17","21","99","595,0,100"
"0/1","5,8","13","99","290,0,166"
"0/1","8,6","14","99","148,0,248"
"0/1","9,22","31","99","780,0,215"
"0/1","20,18","38","99","601,0,656"
"0/1","18,21","39","99","670,0,611"
"0/1","15,20","35","99","678,0,398"
"0/1","21,16","37","99","507,0,655"
"0/1","13,11","24","99","367,0,441"
"0/1","15,13","28","99","448,0,440"
"0/1","7,6","13","99","206,0,225"
"0/1","10,6","16","99","204,0,327"
"0/1","15,4","19","99","100,0,539"
"0/1","7,7","14","99","245,0,247"
"0/1","17,22","39","99","634,0,540"
"0/1","8,11","19","99","327,0,106"
"0/1","5,9","15","75","315,0,75"
"0/1","19,21","40","99","683,0,637"
"0/1","13,12","25","99","403,0,434"
"0/1","20,20","40","99","674,0,642"
"0/1","14,12","26","99","328,0,491"
"0/1","12,20","32","99","677,0,378"
"0/1","18,11","29","99","359,0,532"
"0/1","18,10","28","99","279,0,531"
"0/1","12,12","24","99","381,0,410"
"0/1","8,10","18","99","318,0,264"
"0/1","21,13","34","99","402,0,592"
"0/1","18,13","31","99","400,0,573"
"0/1","23,14","37","99","435,0,621"
"0/1","3,11","14","81","404,0,81"
"0/1","16,14","30","99","379,0,548"
"0/1","13,7","20","99","181,0,383"
"0/1","17,12","29","99","350,0,574"
"0/1","3,13","16","78","441,0,78"
"0/1","14,9","23","99","291,0,471"
"0/1","11,8","19","99","268,0,353"
"0/1","12,15","27","99","448,0,414"
"0/1","10,13","23","99","409,0,299"
"0/1","18,12","30","99","396,0,644"
"0/1","14,11","25","99","348,0,457"
"0/1","17,16","33","99","501,0,593"
"0/1","9,11","20","99","361,0,226"
"0/1","34,7","41","99","149,0,1052"
"0/1","5,8","13","99","246,0,158"
"0/1","13,8","22","99","256,0,470"
"0/1","12,8","20","99","165,0,190"
"0/1","18,20","38","99","668,0,581"
"0/1","18,11","29","99","224,0,579"
"0/1","16,14","30","99","278,0,500"
"0/1","20,13","33","99","332,0,593"
"0/1","16,18","34","99","550,0,508"
"0/0","47,6","53","63","0,63,1606"
"0/1","27,8","46","99","184,0,861"
"0/0","52,1","53","99","0,129,1636"
"0/0","51,1","52","99","0,120,1525"
"0/1","13,18","32","99","551,0,368"
"0/0","30,1","31","78","0,78,1003"
"0/1","21,7","28","99","162,0,685"
"0/1","14,21","35","99","698,0,461"
"0/1","18,13","31","99","402,0,578"
"0/1","11,12","23","99","393,0,386"
"0/1","22,19","41","99","519,0,718"
"0/1","11,7","18","99","226,0,341"
"0/1","12,14","26","99","448,0,374"
"0/1","13,11","24","99","380,0,418"
"0/1","10,9","19","99","296,0,304"
"0/1","21,7","28","99","204,0,709"
"0/1","20,16","36","99","489,0,568"
"0/1","19,19","38","99","628,0,577"
"0/1","8,8","16","99","280,0,248"
"0/1","35,10","45","99","258,0,755"
"0/0","28,0","28","84","0,84,1124"
"0/0","29,0","29","84","0,84,1120"
"0/0","29,0","29","87","0,87,1168"
"0/0","29,0","29","87","0,87,1153"
"0/0","30,0","30","90","0,90,1167"
"0/1","15,10","25","99","313,0,385"
"0/1","19,18","37","99","594,0,629"
"0/1","17,13","30","99","271,0,504"
"0/1","16,16","32","99","388,0,312"
"0/1","15,10","26","99","270,0,438"
"0/1","11,13","26","99","288,0,281"
"0/1","18,26","44","99","777,0,532"
"0/1","18,11","29","99","360,0,545"
"0/0","44,1","45","99","0,117,1551"
"0/1","25,20","45","99","438,0,556"
"0/1","23,13","36","99","315,0,538"
"0/1","12,14","26","99","477,0,377"
"0/1","12,18","30","99","607,0,394"
"0/0","46,0","46","99","0,129,1719"
"0/0","46,0","46","99","0,129,1727"
"0/0","47,0","47","99","0,132,1758"
"0/0","51,0","51","99","0,147,1943"
"0/0","53,0","53","99","0,150,1966"
"0/0","60,0","60","99","0,172,2245"
"0/0","62,0","62","99","0,178,2352"
"0/0","64,0","64","99","0,178,2350"
"0/0","67,0","67","99","0,184,2342"
"0/0","66,0","67","99","0,184,2469"
"0/1","16,7","23","99","214,0,538"
"0/1","21,22","43","99","718,0,632"
"0/1","29,17","46","99","553,0,964"
"0/1","17,18","35","99","498,0,507"
"0/1","10,22","32","99","761,0,312"
"0/1","14,11","25","99","351,0,479"
"0/1","15,22","37","99","670,0,432"
"0/1","18,15","33","99","376,0,585"
"0/1","16,16","32","99","474,0,512"
"0/1","14,13","27","99","429,0,474"
"0/1","5,9","15","99","322,0,158"
"0/1","11,13","24","99","375,0,329"
"0/1","9,7","16","99","221,0,313"
"0/1","13,10","23","99","338,0,420"
"0/1","11,12","23","99","423,0,372"
"0/1","18,12","30","99","406,0,444"
"0/1","20,17","37","99","454,0,650"
"0/1","21,16","37","99","454,0,674"
"0/1","21,16","37","99","446,0,541"
"0/1","17,15","32","99","461,0,468"
"0/1","18,19","37","99","642,0,598"
"0/1","16,17","33","99","507,0,525"
"0/1","14,23","37","99","782,0,407"
"0/1","11,22","33","99","703,0,344"
"0/1","18,23","41","99","799,0,525"
"0/1","15,15","30","99","519,0,499"
"0/1","10,16","26","99","568,0,319"
"0/1","17,14","31","99","454,0,543"
"0/1","14,12","26","99","404,0,457"
"0/1","17,14","31","99","463,0,563"
"0/1","16,22","38","99","738,0,478"
"0/1","20,13","33","99","397,0,629"
"0/1","22,13","35","99","399,0,689"
"0/1","9,10","19","99","353,0,265"
"0/1","13,13","26","99","420,0,387"
"1/1","0,23","23","66","906,66,0"
"0/1","14,13","27","99","410,0,498"
"0/0","17,0","17","51","0,51,689"
"0/1","6,10","16","99","352,0,197"
"0/1","11,12","23","99","378,0,386"
"0/1","10,12","22","99","417,0,348"
"0/1","14,19","33","99","667,0,421"
"0/1","15,13","28","99","336,0,516"
"0/1","17,15","32","99","508,0,587"
"0/1","18,16","34","99","440,0,618"
"0/1","18,15","33","99","409,0,477"
"0/1","14,17","31","99","484,0,446"
"0/1","17,16","33","99","481,0,565"
"0/1","12,16","28","99","539,0,372"
"0/1","19,14","33","99","437,0,615"
"0/1","19,15","34","99","467,0,593"
"0/1","11,11","22","99","382,0,346"
"0/1","8,9","17","99","301,0,278"
"0/1","21,22","45","99","723,0,682"
"0/1","9,14","23","99","408,0,296"
"0/1","12,8","20","99","223,0,418"
"0/1","12,8","20","99","226,0,429"
"0/1","8,12","20","99","414,0,266"
"0/1","12,10","22","99","343,0,372"
"0/1","10,12","22","99","420,0,340"
"0/1","12,20","32","99","708,0,322"
"0/1","23,17","40","99","572,0,763"
"0/1","11,14","25","99","466,0,260"
"0/1","18,21","39","99","585,0,468"
"0/1","17,14","31","99","474,0,508"
"0/1","19,22","41","99","655,0,547"
"0/1","18,18","36","99","556,0,592"
"0/1","19,20","39","99","651,0,637"
"0/1","20,14","34","99","427,0,545"
"0/1","11,12","23","99","423,0,275"
"0/1","21,17","38","99","510,0,667"
"0/1","10,9","19","99","300,0,347"
"0/1","6,10","16","99","351,0,192"
"0/1","8,9","17","99","307,0,273"
"0/1","9,6","15","99","190,0,266"
"0/1","11,8","19","99","264,0,351"
"0/1","6,8","14","99","287,0,202"
"0/1","8,6","14","99","203,0,238"
"0/1","9,9","18","99","309,0,292"
"0/1","10,10","20","99","346,0,303"
"0/1","11,4","15","99","121,0,352"
"0/1","11,9","20","99","249,0,387"
"0/1","15,13","28","99","412,0,349"
"0/1","11,12","23","99","373,0,334"
"0/1","11,13","24","99","410,0,365"
"0/1","11,10","21","99","340,0,318"
"0/1","11,13","24","99","414,0,338"
"0/1","14,13","27","99","450,0,448"
"0/1","14,5","19","99","145,0,513"
"0/1","9,7","16","99","238,0,319"
"0/1","7,9","16","99","325,0,205"
"0/1","11,9","20","99","267,0,392"
"0/1","7,13","20","99","474,0,230"
"0/1","11,11","22","99","390,0,278"
"0/1","8,22","30","99","732,0,246"
"0/1","7,21","28","99","701,0,209"
"0/1","8,18","26","99","593,0,244"
"0/1","5,13","18","99","437,0,151"
"0/1","8,9","17","99","303,0,274"
"0/1","13,14","27","99","389,0,452"
"0/1","14,12","26","99","375,0,464"
"0/1","11,10","21","99","353,0,306"
"0/1","9,11","20","99","391,0,312"
"0/1","10,7","17","99","221,0,321"
"0/1","3,8","11","90","290,0,90"
"0/1","9,7","16","99","236,0,285"
"0/1","14,11","25","99","364,0,488"
"0/1","16,8","24","99","220,0,529"
"0/1","28,23","51","99","751,0,952"
"1/1","0,11","11","33","421,33,0"
"1/1","0,15","15","36","469,36,0"
"0/1","18,19","37","99","617,0,631"
"0/1","19,17","36","99","501,0,575"
"0/1","20,15","35","99","465,0,683"
"0/1","15,20","35","99","619,0,471"
"0/1","11,18","29","99","594,0,316"
"0/1","11,14","25","99","445,0,362"
"0/1","4,15","19","99","514,0,108"
"0/1","10,7","17","99","217,0,351"
"0/1","9,9","18","99","284,0,310"
"0/1","7,12","19","99","390,0,233"
"0/1","10,12","22","99","355,0,295"
"0/1","15,9","24","99","292,0,486"
"0/1","15,9","24","99","297,0,493"
"0/1","13,11","24","99","331,0,392"
"0/1","13,14","27","99","384,0,451"
"0/1","11,14","25","99","395,0,379"
"0/1","8,10","18","99","356,0,278"
"0/1","18,9","27","99","229,0,650"
"0/1","12,15","27","99","459,0,370"
"0/1","12,14","26","99","388,0,382"
"0/1","15,11","26","99","329,0,529"
"0/1","12,8","20","99","272,0,358"
"0/1","11,6","17","99","199,0,324"
"0/1","12,13","25","99","456,0,414"
"0/1","15,8","23","99","260,0,503"
"0/1","13,11","24","99","381,0,411"
"0/1","10,7","17","99","224,0,288"
"0/1","6,17","23","99","581,0,171"
"0/1","15,11","26","99","356,0,492"
"0/1","14,10","24","99","338,0,465"
"0/1","16,11","27","99","324,0,481"
"0/1","9,9","18","99","306,0,282"
"0/1","6,6","17","99","204,0,187"
"0/1","11,12","23","99","420,0,310"
"0/1","16,16","32","99","529,0,462"
"0/1","16,10","26","99","312,0,533"
"0/1","15,12","27","99","398,0,495"
"0/1","14,12","26","99","405,0,484"
"0/1","9,10","19","99","352,0,307"
"0/1","11,11","22","99","384,0,352"
"0/1","10,11","21","99","375,0,334"
"0/1","11,16","27","99","473,0,380"
"0/1","11,12","23","99","417,0,368"
"0/1","14,9","23","99","298,0,455"
"0/1","12,11","23","99","371,0,386"
"0/1","14,15","29","99","419,0,446"
"0/1","16,11","28","99","335,0,493"
"0/1","10,14","24","99","426,0,263"
"0/1","14,10","24","99","332,0,485"
"0/1","12,12","24","99","374,0,411"
"0/1","19,11","30","99","356,0,604"
"0/1","10,9","19","99","318,0,295"
"0/1","15,8","23","99","221,0,501"
"0/1","9,13","22","99","448,0,298"
"0/1","14,14","28","99","482,0,482"
"0/1","13,13","26","99","446,0,456"
"0/1","8,9","17","99","285,0,244"
"0/1","21,20","41","99","620,0,602"
"0/1","14,18","32","99","465,0,394"
"0/1","18,21","39","99","657,0,553"
"0/1","17,19","36","99","533,0,521"
"0/1","11,19","30","99","634,0,307"
"0/1","12,8","20","99","227,0,421"
"0/1","16,11","27","99","348,0,526"
"0/1","9,15","24","99","535,0,282"
"0/1","9,16","25","99","521,0,298"
"0/1","9,16","25","99","523,0,289"
"0/0","28,0","28","75","0,75,1034"
"0/1","28,6","34","1","1,0,841"
"0/1","27,5","32","7","7,0,809"
"0/1","22,4","26","11","11,0,732"
"0/1","23,4","27","14","14,0,719"
"0/1","23,185","208","76","5811,0,76"
"0/1","22,150","176","99","4018,0,371"
"0/1","32,11","43","99","222,0,748"
"0/1","22,23","45","99","703,0,731"
"0/1","39,15","55","99","372,0,1075"
"0/1","64,16,0","80","99","326,0,1652,479,1694,2173"
"0/1","57,12","69","99","288,0,1754"
"0/1","16,149","165","54","4828,0,54"
"0/1","11,3","14","78","78,0,392"
"0/1","25,17","42","99","525,0,776"
"0/1","11,9","20","99","293,0,298"
"0/1","15,8","23","99","251,0,427"
"0/1","17,12","29","99","393,0,552"
"0/1","24,16","40","99","479,0,724"
"0/1","18,3","21","11","11,0,659"
"0/1","14,5","19","97","97,0,505"
"0/1","16,5","21","95","95,0,575"
"0/1","17,5","22","92","92,0,602"
"0/1","17,6","23","99","129,0,614"
"0/1","22,6","28","99","122,0,791"
"0/1","24,6","30","99","118,0,861"
"0/1","26,4","30","76","76,0,915"
"0/1","27,4","31","82","82,0,813"
"0/1","26,3","29","44","44,0,818"
"0/1","26,3","29","47","47,0,819"
"0/1","23,5","28","87","87,0,782"
"0/0","28,1","29","41","0,41,992"
"0/1","18,6","24","71","71,0,573"
"0/1","21,5","26","62","62,0,663"
"0/1","15,9","24","99","262,0,428"
"0/1","10,12","22","99","403,0,334"
"0/1","10,10","20","99","341,0,350"
"0/1","12,17","29","99","512,0,398"
"0/1","14,15","29","99","527,0,443"
"0/1","12,15","27","99","482,0,368"
"0/1","21,14","35","99","459,0,705"
"0/1","9,4","13","99","124,0,320"
"0/1","10,13","23","99","415,0,337"
"0/1","22,19","41","99","549,0,518"
"0/1","18,12","30","99","322,0,505"
"0/1","20,19","39","99","458,0,614"
"0/1","20,22","42","99","638,0,581"
"0/1","9,12","21","99","434,0,289"
"0/1","16,30","46","99","888,0,518"
"0/0","14,0","14","42","0,42,529"
"1/1","0,27","27","75","980,75,0"
"0/1","18,17","35","99","545,0,526"
"0/1","18,20","38","99","648,0,596"
"0/0","31,0","31","93","0,93,1225"
"0/0","34,0","34","99","0,99,1321"
"0/0","34,0","34","96","0,96,1290"
"0/1","14,13","27","99","435,0,481"
"0/1","4,12","16","80","424,0,80"
"0/1","10,10","20","99","310,0,287"
"0/1","17,18","35","99","588,0,572"
"0/0","16,0","16","48","0,48,641"
"0/1","17,12","29","99","408,0,536"
"0/1","9,6","15","99","187,0,321"
"0/1","8,10","18","99","346,0,233"
"0/1","7,9","16","99","312,0,236"
"0/1","11,9","20","99","272,0,395"
"0/1","3,12","15","77","446,0,77"
"0/1","20,23","43","99","765,0,646"
"0/1","16,14","30","99","474,0,548"
"0/1","26,20","46","99","604,0,796"
"0/1","10,19","29","99","518,0,258"
"0/1","10,18","28","99","477,0,256"
"0/1","18,17","35","99","479,0,591"
"0/1","8,22","30","99","683,0,160"
"0/1","9,13","22","99","387,0,263"
"0/1","16,20","36","99","611,0,509"
"0/1","13,12","25","99","367,0,375"
"0/1","6,8","15","99","161,0,182"
"0/0","22,0","22","57","0,57,740"
"0/1","16,18","34","99","603,0,473"
"0/1","13,9","22","99","278,0,429"
"0/1","12,14","26","99","456,0,316"
"0/0","32,0","33","93","0,93,1223"
"0/1","13,16","29","99","507,0,391"
"0/1","2,10","13","41","356,0,41"
"0/1","12,6","18","99","194,0,399"
"0/1","16,5","21","99","142,0,596"
"0/0","28,0","28","75","0,75,1010"
"0/1","12,12","24","99","409,0,401"
"0/1","43,13","56","99","161,0,1356"
"0/1","15,12","27","99","382,0,496"
"0/0","30,0","30","81","0,81,1082"
"0/1","4,8","13","99","257,0,127"
"0/0","15,0","15","45","0,45,597"
"0/0","14,0","14","42","0,42,548"
"0/0","15,0","15","45","0,45,596"
"1/1","0,21","21","63","850,63,0"
"0/1","12,12","24","99","383,0,418"
"0/1","14,7","21","99","217,0,490"
"0/1","22,14","36","99","451,0,770"
"0/1","18,21","39","99","646,0,503"
"0/1","14,10","24","99","338,0,463"
"0/1","10,13","23","99","450,0,335"
"1/1","4,8","12","24","285,24,0"
"0/1","4,6","10","56","149,0,56"
"0/1","15,18","33","99","607,0,450"
"0/1","15,7","22","99","177,0,533"
"0/1","25,9","34","22","200,0,22"
"0/1","9,15","24","99","523,0,285"
"0/1","11,12","23","99","412,0,306"
"0/1","17,28","45","99","920,0,516"
"0/1","12,18","30","99","659,0,328"
"1/1","0,15","15","45","595,45,0"
"0/1","10,5","15","99","158,0,315"
"0/0","30,0","31","84","0,84,1112"
"0/1","18,14","32","99","394,0,600"
"0/1","42,4","46","46","46,0,1238"
"0/1","41,4","45","43","43,0,1232"
"0/1","26,10","36","99","261,0,647"
"0/1","5,5","10","61","161,0,61"
"0/1","5,5","10","95","161,0,95"
"0/1","14,10","24","99","327,0,505"
"0/1","12,25","37","99","779,0,333"
"0/0","9,0","9","24","0,24,329"
"0/1","8,12","20","99","402,0,265"
"0/0","14,0","14","39","0,39,533"
"0/1","8,12","20","99","391,0,255"
"0/1","7,15","22","99","504,0,188"
"0/1","14,19","33","99","627,0,389"
"0/1","11,9","20","99","293,0,380"
"0/1","16,13","29","99","402,0,540"
"0/1","20,11","31","99","345,0,696"
"0/1","19,12","31","99","378,0,655"
"0/1","21,24","45","99","755,0,695"
"0/1","14,16","30","99","520,0,438"
"0/1","7,10","17","99","325,0,242"
"0/1","8,15","23","99","538,0,245"
"0/1","17,10","27","99","329,0,578"
"0/1","21,11","32","99","328,0,633"
"0/1","25,9","34","99","280,0,649"
"0/1","16,16","32","99","483,0,499"
"0/1","16,18","34","99","589,0,459"
"0/1","18,16","34","99","534,0,524"
"0/1","11,5","16","99","152,0,380"
"0/1","10,7","17","99","244,0,310"
"0/1","10,11","21","99","369,0,341"
"0/1","12,13","25","99","455,0,381"
"0/1","10,9","19","99","300,0,267"
"0/1","6,14","20","99","472,0,183"
"0/1","18,23","41","99","745,0,608"
"0/1","15,14","29","99","476,0,479"
"0/1","11,8","19","99","181,0,306"
"0/1","14,15","29","99","456,0,437"
"0/1","11,8","19","99","246,0,379"
"0/1","12,7","19","99","220,0,390"
"0/1","10,5","15","99","158,0,345"
"0/1","13,7","20","99","224,0,455"
"0/1","10,8","18","99","235,0,281"
"0/1","15,12","27","99","377,0,481"
"0/1","12,12","24","99","347,0,383"
"0/1","7,10","17","99","340,0,224"
"0/1","15,9","24","99","293,0,489"
"0/1","17,16","33","99","507,0,567"
"0/1","8,11","19","99","344,0,232"
"0/1","14,11","25","99","301,0,453"
"0/0","26,0","26","75","0,75,1020"
"0/1","13,10","23","99","337,0,411"
"0/1","9,6","15","99","200,0,322"
"0/1","11,10","21","99","342,0,342"
"0/1","18,17","35","99","513,0,607"
"0/1","15,12","27","99","345,0,515"
"0/1","14,19","33","99","611,0,461"
"0/1","12,15","27","99","457,0,403"
"0/1","10,13","23","99","424,0,290"
"0/1","10,5","15","99","149,0,350"
"0/1","7,13","20","99","417,0,225"
"0/1","14,14","28","99","466,0,467"
"0/1","9,12","21","99","389,0,257"
"0/1","17,12","29","99","369,0,579"
"0/1","18,14","32","99","475,0,641"
"0/1","12,7","19","99","225,0,418"
"0/1","8,9","17","99","306,0,274"
"0/1","8,15","23","99","504,0,257"
"0/1","8,14","22","99","479,0,262"
"0/1","22,21","43","99","528,0,750"
"0/0","9,0","10","24","0,24,299"
"0/1","20,23","43","99","631,0,598"
"0/1","13,17","31","99","484,0,369"
"0/1","10,15","25","99","474,0,333"
"0/1","18,14","32","99","361,0,604"
"0/1","18,13","31","99","367,0,597"
"0/0","36,0","36","69","0,69,898"
"0/1","8,8","16","99","281,0,262"
"0/0","25,0","25","66","0,66,888"
"0/1","19,7","26","99","207,0,527"
"0/1","6,18","24","99","604,0,176"
"0/1","9,9","18","99","311,0,279"
"0/1","12,7","19","99","199,0,396"
"0/1","7,12","19","99","360,0,205"
"0/1","8,9","17","99","306,0,224"
"0/1","7,7","14","99","211,0,205"
"0/1","6,9","15","99","283,0,207"
"0/1","16,17","33","99","543,0,527"
"0/1","14,9","23","99","294,0,406"
"0/1","14,17","31","99","523,0,424"
"0/1","11,18","29","99","547,0,296"
"0/1","16,15","31","99","474,0,531"
"0/1","12,13","25","99","399,0,331"
"0/1","15,16","31","99","463,0,440"
"0/1","11,16","27","99","508,0,309"
"0/1","10,15","26","99","425,0,286"
"0/1","13,7","20","99","216,0,451"
"0/1","14,18","32","99","631,0,399"
"0/1","10,11","21","99","389,0,283"
"0/1","17,8","29","99","182,0,584"
"0/1","16,17","33","99","545,0,545"
"0/1","36,7","45","77","77,0,811"
"0/1","14,14","28","99","415,0,482"
"0/1","16,10","27","99","302,0,472"
"0/1","19,11","30","99","355,0,650"
"0/1","8,10","18","99","348,0,244"
"0/1","13,7","20","99","224,0,467"
"0/1","10,9","19","99","309,0,349"
"0/1","8,11","19","99","363,0,266"
"0/1","13,11","24","99","375,0,454"
"0/1","9,6","15","99","172,0,316"
"0/0","19,0","19","57","0,57,763"
"0/1","18,10","28","99","321,0,603"
"0/1","13,16","29","99","555,0,408"
"0/1","14,18","32","99","623,0,470"
"0/1","13,14","27","99","474,0,343"
"0/1","14,14","28","99","436,0,434"
"0/0","18,0","18","51","0,51,693"
"0/1","16,12","28","99","409,0,575"
"0/1","13,26","39","99","852,0,397"
"0/1","12,17","30","99","569,0,392"
"0/1","10,17","27","99","525,0,317"
"0/1","15,11","26","99","374,0,468"
"0/1","12,14","26","99","435,0,408"
"0/1","17,16","33","99","481,0,540"
"0/1","17,20","37","99","685,0,558"
"0/1","12,13","27","99","334,0,220"
"0/1","16,16","32","99","505,0,474"
"0/1","12,11","23","99","331,0,397"
"0/1","17,16","33","99","487,0,541"
"0/0","9,0","10","21","0,21,250"
"0/0","24,1","25","29","0,29,776"
"0/0","25,1","27","64","0,64,863"
"0/1","25,13","38","94","94,0,610"
"0/1","38,14","54","80","80,0,854"
"0/1","27,13","42","99","148,0,588"
"0/1","15,22","37","99","768,0,492"
"0/1","20,14","34","99","418,0,673"
"0/1","19,17","36","99","474,0,636"
"0/1","12,18","30","99","610,0,239"
"0/1","10,18","28","99","528,0,321"
"0/1","52,8","61","99","116,0,1417"
"0/1","47,15","63","99","208,0,1362"
"0/1","47,15","62","99","214,0,1298"
"0/1","26,18","44","99","577,0,763"
"0/1","20,16","38","99","532,0,543"
"0/1","4,7","11","99","190,0,123"
"0/1","17,7","24","99","179,0,578"
"0/1","12,10","22","99","268,0,389"
"0/1","8,14","22","41","323,0,41"
"0/1","14,13","27","99","361,0,407"
"0/1","15,12","27","99","365,0,486"
"0/1","11,15","26","99","512,0,363"
"0/1","6,11","17","99","385,0,179"
"0/1","16,11","27","99","326,0,532"
"0/1","7,8","16","99","282,0,228"
"0/1","11,12","23","99","425,0,346"
"0/0","18,0","18","54","0,54,707"
"0/0","18,0","18","54","0,54,726"
"0/0","18,0","18","54","0,54,719"
"0/1","6,16","22","99","576,0,176"
"0/1","6,13","19","99","461,0,182"
"0/1","5,4","9","99","130,0,176"
"0/1","8,9","17","99","240,0,279"
"0/1","94,19","113","99","395,0,3077"
"0/1","158,24","182","99","346,0,4972"
"0/0","31,1","32","69","0,69,1154"
"0/1","14,7","21","99","216,0,500"
"0/1","13,7","20","99","223,0,433"
"0/1","8,17","25","99","542,0,210"
"0/1","13,16","30","99","419,0,431"
"0/1","6,11","17","99","361,0,192"
"0/1","13,15","28","99","465,0,381"
"0/1","14,11","25","99","337,0,476"
"0/1","19,9","28","99","221,0,632"
"0/1","19,7","26","99","202,0,635"
"0/1","16,7","24","99","214,0,469"
"0/1","19,10","29","99","310,0,579"
"0/1","17,10","27","99","313,0,550"
"0/1","15,10","26","99","316,0,516"
"0/1","18,11","29","99","353,0,579"
"0/1","18,11","29","99","358,0,601"
"0/1","18,16","34","99","500,0,589"
"0/1","14,14","28","99","464,0,451"
"0/1","12,14","26","99","456,0,379"
"0/1","13,11","24","99","323,0,419"
"0/1","9,11","20","99","369,0,292"
"0/1","9,11","20","99","360,0,296"
"0/1","14,11","25","99","368,0,488"
"0/1","14,11","25","99","357,0,442"
"0/1","15,11","26","99","335,0,472"
"0/1","17,12","29","99","351,0,551"
"0/1","17,7","24","99","213,0,551"
"0/1","14,20","34","99","686,0,459"
"0/1","15,20","35","99","591,0,502"
"0/1","18,11","29","99","359,0,633"
"0/1","12,11","23","99","375,0,325"
"0/1","11,8","19","99","254,0,358"
"0/1","12,12","24","99","349,0,340"
"0/1","15,17","32","99","529,0,475"
"0/1","19,19","38","99","589,0,620"
"0/1","21,14","35","99","465,0,691"
"0/1","18,9","27","99","283,0,592"
"0/1","10,14","24","99","483,0,305"
"0/1","15,12","27","99","401,0,517"
"0/1","15,11","26","99","243,0,489"
"0/0","14,1","16","33","0,33,432"
"0/0","12,0","13","24","0,24,320"
"0/1","4,7","11","99","126,0,111"
"0/1","6,7","13","99","216,0,213"
"0/1","10,10","20","99","345,0,334"
"0/1","9,24","33","99","758,0,238"
"1/1","0,24","25","66","869,66,0"
"0/1","8,13","21","99","438,0,253"
"0/1","22,9","31","99","270,0,611"
"0/1","12,17","29","99","508,0,374"
"0/1","15,5","20","60","60,0,450"
"0/1","13,18","31","99","604,0,434"
"0/1","48,9","58","99","109,0,1657"
"0/1","19,12","31","99","375,0,625"
"0/1","10,10","20","99","358,0,229"
"0/1","12,16","28","99","536,0,394"
"0/1","17,14","31","99","418,0,601"
"0/1","10,11","21","99","380,0,344"
"0/1","20,15","35","99","495,0,646"
"0/1","16,14","30","99","376,0,524"
"0/1","19,11","30","99","354,0,580"
"0/1","33,9","42","99","122,0,781"
"0/0","38,4","42","9","0,9,1142"
"0/1","14,13","27","99","446,0,486"
"0/1","15,11","26","99","358,0,486"
"0/1","11,10","21","99","333,0,337"
"0/1","12,15","27","99","520,0,361"
"1/1","0,7","7","18","245,18,0"
"0/1","8,9","17","99","268,0,273"
"0/1","10,15","25","99","508,0,334"
"0/1","5,4","9","99","135,0,176"
"0/1","4,8","12","99","296,0,127"
"0/1","11,9","20","99","312,0,356"
"0/1","22,16","38","99","516,0,715"
"1/1","0,29","29","84","1116,84,0"
"0/1","7,14","21","99","460,0,189"
"0/1","4,8","12","99","288,0,120"
"1/1","0,30","30","87","1134,87,0"
"0/1","14,8","22","99","273,0,375"
"0/1","9,10","19","99","313,0,311"
"0/1","5,10","15","99","356,0,155"
"0/1","8,12","20","99","392,0,272"
"0/1","5,15","20","99","510,0,114"
"0/1","3,12","15","81","411,0,81"
"0/1","19,21","40","99","649,0,579"
"0/1","15,16","31","99","540,0,510"
"0/1","8,15","23","99","512,0,224"
"0/1","11,8","19","99","268,0,343"
"0/1","8,10","18","99","337,0,263"
"0/1","17,12","29","99","300,0,538"
"0/1","19,10","29","99","326,0,644"
"0/1","10,11","22","99","364,0,339"
"0/1","6,11","17","99","353,0,201"
"1/1","2,34","36","99","1273,99,0"
"0/1","10,20","30","99","537,0,309"
"0/1","16,16","32","99","549,0,464"
"0/1","20,11","31","99","268,0,680"
"0/1","14,14","28","99","436,0,462"
"0/1","13,14","27","99","468,0,401"
"0/1","18,13","31","99","398,0,473"
"0/1","7,14","21","99","497,0,226"
"0/1","28,12","40","99","208,0,728"
"0/1","17,9","26","99","266,0,576"
"0/1","16,10","26","99","322,0,509"
"1/1","0,18","18","51","662,51,0"
"1/1","0,27","27","78","1056,78,0"
"0/1","25,14","39","99","408,0,824"
"0/1","14,14","28","99","464,0,401"
"0/1","25,29","54","99","889,0,780"
"0/1","15,18","33","99","578,0,372"
"0/1","12,24","36","99","838,0,298"
"0/1","12,18","30","99","637,0,363"
"0/1","24,8","32","99","216,0,731"
"0/1","16,12","28","99","378,0,501"
"0/1","26,14","40","99","363,0,811"
"0/1","15,14","29","99","424,0,488"
"0/1","9,17","26","99","551,0,253"
"0/1","15,8","23","99","201,0,354"
"0/1","15,9","24","99","224,0,358"
"0/1","14,4","18","99","108,0,485"
"0/1","5,10","15","99","362,0,157"
"0/1","8,12","20","99","427,0,264"
"0/1","14,12","26","99","408,0,495"
"0/1","11,13","24","99","465,0,346"
"0/1","9,8","17","99","273,0,282"
"1/1","2,34","36","52","1169,52,0"
"1/1","2,35","37","55","1214,55,0"
"0/1","23,16","39","99","523,0,761"
"0/1","14,9","23","99","263,0,461"
"0/1","9,8","17","99","239,0,315"
"0/1","15,18","33","99","575,0,458"
"0/1","18,14","32","99","454,0,534"
"0/1","12,12","24","99","414,0,407"
"0/0","14,0","14","42","0,42,569"
"0/1","19,16","35","99","555,0,588"
"0/1","25,16","41","99","532,0,808"
"1/1","0,16","16","45","603,45,0"
"0/1","11,9","20","99","305,0,392"
"0/1","6,15","21","99","507,0,180"
"0/1","15,18","33","99","556,0,471"
"0/1","10,19","29","99","662,0,289"
"0/0","26,0","26","72","0,72,970"
"0/1","14,17","31","99","560,0,452"
"0/1","14,22","36","99","770,0,459"
"0/1","17,13","30","99","398,0,537"
"0/1","14,17","32","99","446,0,464"
"0/0","29,0","29","84","0,84,1089"
"0/1","17,11","28","99","350,0,569"
"0/1","16,19","35","99","601,0,451"
"0/1","12,19","31","99","581,0,384"
"0/1","21,19","40","99","651,0,607"
"0/0","30,0","30","87","0,87,1157"
"0/1","40,10","50","99","217,0,1302"
"0/1","11,17","28","99","527,0,344"
"0/1","13,14","27","99","470,0,450"
"0/1","16,20","36","99","642,0,505"
"0/1","6,7","13","99","251,0,208"
"0/1","12,22","34","99","765,0,330"
"0/1","11,11","22","99","334,0,331"
"0/1","10,15","25","99","525,0,290"
"0/1","14,12","26","99","374,0,480"
"0/1","18,16","34","99","542,0,551"
"0/1","14,8","22","99","248,0,497"
"0/1","16,15","31","99","472,0,516"
"0/0","36,0","36","99","0,99,1335"
"0/1","17,24","41","99","641,0,556"
"0/1","19,7","26","99","171,0,577"
"0/1","21,8","29","99","241,0,607"
"0/1","12,17","29","99","548,0,358"
"0/1","11,18","29","99","639,0,340"
"0/1","16,12","28","99","392,0,557"
"0/1","16,16","32","99","547,0,545"
"0/1","20,13","33","99","428,0,689"
"0/1","9,10","19","99","314,0,271"
"0/1","19,19","38","99","591,0,609"
"0/1","11,8","19","99","265,0,335"
"0/1","19,10","29","99","302,0,673"
"0/1","22,22","44","99","706,0,630"
"0/1","20,17","37","99","546,0,698"
"0/1","11,12","23","99","383,0,337"
"0/1","8,18","26","99","649,0,249"
"0/1","13,21","34","99","681,0,396"
"0/1","15,5","20","99","151,0,460"
"0/1","10,5","15","99","162,0,362"
"0/1","11,6","17","99","199,0,371"
"0/1","16,21","37","99","714,0,488"
"0/1","15,12","27","99","328,0,504"
"0/1","15,17","33","99","517,0,411"
"0/1","15,14","29","99","420,0,483"
"0/1","16,17","33","99","545,0,473"
"0/0","38,0","38","99","0,105,1383"
"0/0","36,1","37","99","0,99,1302"
"0/0","45,0","45","99","0,111,1425"
"0/1","21,13","34","99","375,0,563"
"0/1","11,14","25","99","473,0,334"
"0/1","13,15","28","99","463,0,428"
"0/1","9,20","29","99","614,0,281"
"0/1","15,15","30","99","515,0,513"
"0/1","17,22","39","99","694,0,550"
"0/1","15,23","38","99","779,0,430"
"0/1","9,10","19","99","347,0,268"
"0/1","14,10","24","99","278,0,469"
"0/1","14,11","25","99","311,0,486"
"0/1","17,12","29","99","378,0,566"
"0/1","10,18","28","99","576,0,248"
"0/1","8,8","16","99","272,0,268"
"0/1","14,12","26","99","405,0,481"
"0/1","8,9","17","99","293,0,274"
"0/1","11,9","20","99","298,0,389"
"0/1","12,12","24","99","383,0,374"
"0/1","10,20","30","99","634,0,327"
"0/1","11,18","29","99","592,0,351"
"0/1","17,11","28","99","282,0,520"
"0/1","12,15","27","99","489,0,371"
"0/1","14,12","26","99","371,0,481"
"0/1","17,14","31","99","383,0,577"
"0/1","18,17","35","99","555,0,584"
"0/1","17,18","35","99","592,0,549"
"0/1","9,23","32","99","817,0,262"
"0/1","9,22","31","99","735,0,267"
"0/1","14,15","29","99","478,0,465"
"0/1","14,11","25","99","316,0,499"
"0/1","19,19","38","99","508,0,615"
"0/1","17,20","37","99","631,0,512"
"0/1","14,15","29","99","430,0,445"
"0/1","14,13","27","99","434,0,470"
"0/1","13,16","29","99","559,0,447"
"0/1","13,18","31","99","623,0,433"
"0/1","7,22","29","99","795,0,193"
"0/1","6,22","28","99","760,0,153"
"0/1","11,25","36","99","900,0,322"
"0/1","13,25","38","99","874,0,363"
"0/1","17,27","44","99","821,0,555"
"0/1","20,24","44","99","741,0,638"
"0/1","16,25","41","99","879,0,492"
"0/1","16,25","41","99","884,0,443"
"0/1","19,23","42","99","767,0,591"
"0/1","21,19","40","99","587,0,648"
"0/1","28,9","38","99","257,0,940"
"0/1","28,12","40","99","358,0,935"
"0/1","22,22","44","99","759,0,673"
"0/1","22,22","44","99","760,0,643"
"0/1","19,26","45","99","899,0,586"
"0/1","16,26","42","99","857,0,506"
"0/1","15,24","39","99","850,0,420"
"0/1","14,12","26","99","394,0,482"
"0/1","15,15","30","99","508,0,516"
"0/1","14,14","28","99","492,0,484"
"0/1","16,15","31","99","524,0,511"
"0/1","11,16","27","99","539,0,353"
"1/2","0,7,11","18","99","661,417,396,243,0,210"
"0/1","13,7","20","99","205,0,464"
"0/1","11,8","19","99","265,0,342"
"0/1","11,8","19","99","266,0,345"
"0/1","8,10","18","99","355,0,207"
"0/1","11,12","23","99","378,0,366"
"0/1","17,7","24","99","158,0,610"
"0/1","17,7","24","99","208,0,590"
"0/1","13,11","24","99","341,0,464"
"0/1","20,13","33","99","430,0,713"
"0/1","22,13","35","99","388,0,779"
"0/1","18,14","32","99","460,0,618"
"0/1","11,9","20","99","267,0,384"
"0/1","9,11","20","99","361,0,294"
"0/1","9,8","17","99","260,0,288"
"0/1","9,6","15","99","194,0,311"
"0/1","13,8","21","99","267,0,430"
"0/1","16,12","28","99","406,0,519"
"0/1","10,14","24","99","474,0,335"
"0/1","10,4","14","99","114,0,318"
"0/1","6,12","18","99","388,0,189"
"0/1","6,15","21","99","547,0,181"
"0/1","8,19","27","99","652,0,178"
"0/1","10,18","28","99","594,0,219"
"0/1","12,18","30","99","608,0,292"
"0/1","14,20","34","99","698,0,469"
"0/1","11,14","25","99","469,0,311"
"0/1","8,12","20","99","382,0,267"
"0/1","13,9","22","99","218,0,466"
"0/1","18,11","29","99","310,0,582"
"0/1","9,9","18","99","307,0,312"
"0/1","8,14","22","99","462,0,262"
"0/1","8,11","19","99","390,0,228"
"0/1","9,13","22","99","427,0,268"
"0/1","10,13","23","99","419,0,292"
"0/1","18,5","23","99","144,0,597"
"0/1","20,7","27","99","214,0,633"
"0/1","6,3","9","88","88,0,213"
"0/1","5,9","14","99","318,0,154"
"0/1","5,10","15","99","359,0,135"
"0/1","7,7","14","99","245,0,243"
"0/1","11,9","20","99","315,0,343"
"0/1","10,11","21","99","381,0,340"
"0/1","9,8","17","99","281,0,274"
"0/1","5,7","12","99","248,0,171"
"0/1","4,7","12","99","254,0,115"
"0/1","4,7","12","99","256,0,123"
"0/1","11,10","21","99","336,0,343"
"0/1","4,7","11","99","246,0,127"
"0/1","11,8","19","99","266,0,383"
"0/1","6,10","16","99","328,0,197"
"0/1","6,15","21","99","549,0,143"
"0/1","10,17","27","99","603,0,291"
"0/1","14,12","27","99","341,0,431"
"0/1","16,15","31","99","435,0,557"
"0/1","21,17","38","99","534,0,624"
"0/1","18,17","35","99","562,0,616"
"0/1","18,14","32","99","460,0,614"
"0/1","18,16","34","99","502,0,630"
"0/1","18,15","33","99","434,0,631"
"0/1","16,16","32","99","484,0,517"
"0/1","12,20","32","99","634,0,376"
"0/1","15,24","39","99","818,0,490"
"0/1","27,18","45","99","585,0,924"
"0/1","26,11","37","99","293,0,942"
"0/1","24,13","37","99","378,0,765"
"0/1","21,15","36","99","474,0,649"
"0/1","16,12","28","99","367,0,557"
"0/1","15,9","24","99","295,0,528"
"0/1","15,9","24","99","295,0,534"
"0/1","10,8","18","99","226,0,353"
"0/1","14,8","22","99","252,0,454"
"0/1","13,12","25","99","411,0,409"
"0/1","7,10","17","99","358,0,199"
"0/1","5,14","19","99","495,0,145"
"0/1","10,9","19","99","307,0,331"
"0/1","8,9","18","99","314,0,263"
"0/1","14,15","29","99","449,0,491"
"0/1","16,16","32","99","500,0,456"
"0/1","13,17","30","99","528,0,368"
"0/1","17,17","34","99","590,0,518"
"0/1","14,14","28","99","453,0,488"
"0/1","17,11","28","99","371,0,565"
"0/1","13,11","24","99","378,0,439"
"0/1","18,13","31","99","444,0,551"
"0/1","19,13","32","99","436,0,652"
"0/1","21,14","35","99","425,0,727"
"0/1","19,18","37","99","599,0,583"
"0/1","12,17","30","99","570,0,372"
"0/1","11,18","29","99","576,0,331"
"0/1","10,17","27","99","562,0,294"
"0/1","9,15","24","99","451,0,255"
"0/1","8,19","27","99","641,0,239"
"0/1","13,15","28","99","515,0,418"
"0/1","14,13","27","99","443,0,436"
"0/1","14,16","30","99","541,0,383"
"0/1","18,17","35","99","550,0,522"
"0/1","18,13","31","99","425,0,624"
"0/1","12,15","27","99","528,0,358"
"0/1","12,15","27","99","538,0,363"
"0/1","12,16","28","99","572,0,369"
"0/1","10,14","24","99","500,0,332"
"0/1","11,13","24","99","460,0,369"
"0/1","10,13","23","99","455,0,337"
"0/1","15,9","24","99","297,0,528"
"0/1","17,15","32","99","503,0,593"
"0/1","9,9","18","99","279,0,314"
"0/1","8,15","23","99","467,0,219"
"0/1","11,15","26","99","416,0,385"
"0/1","11,15","26","99","422,0,380"
"0/1","14,4","18","99","106,0,514"
"0/1","13,4","17","99","108,0,478"
"0/1","16,5","21","99","107,0,589"
"0/1","12,7","19","99","190,0,420"
"0/1","11,9","20","99","302,0,347"
"0/1","10,17","27","99","529,0,330"
"0/1","9,9","18","99","298,0,306"
"0/1","12,10","22","99","302,0,421"
"0/1","13,7","20","99","214,0,423"
"0/1","12,9","21","99","302,0,414"
"0/1","11,9","20","99","301,0,387"
"0/1","13,8","21","99","262,0,425"
"0/1","9,11","20","99","389,0,307"
"0/1","9,11","20","99","361,0,273"
"0/1","9,6","15","99","200,0,285"
"0/1","6,5","11","99","176,0,207"
"0/1","7,5","12","99","171,0,241"
"0/1","17,8","25","99","219,0,573"
"0/1","15,7","22","99","217,0,475"
"0/1","8,9","17","99","324,0,235"
"0/1","13,9","22","99","288,0,450"
"0/1","15,9","24","99","286,0,542"
"0/1","12,10","22","99","309,0,412"
"0/1","10,11","21","99","389,0,293"
"0/1","10,11","21","99","393,0,272"
"0/1","11,10","21","99","313,0,349"
"0/1","12,10","22","99","343,0,408"
"0/1","14,13","27","99","415,0,449"
"0/1","15,12","27","99","414,0,449"
"0/1","14,14","28","99","424,0,446"
"0/1","13,16","29","99","499,0,412"
"0/1","13,16","29","99","507,0,380"
"0/1","10,16","26","99","521,0,295"
"0/1","13,13","26","99","368,0,397"
"0/1","13,14","27","99","387,0,431"
"0/1","16,22","38","99","767,0,487"
"0/1","20,20","40","99","647,0,639"
"0/1","19,19","38","99","546,0,544"
"0/1","18,20","38","99","611,0,591"
"0/1","16,20","36","99","631,0,483"
"0/1","19,18","37","99","548,0,644"
"0/1","19,16","35","99","525,0,633"
"0/1","14,15","29","99","511,0,461"
"0/1","16,13","29","99","390,0,516"
"0/1","17,14","31","99","432,0,584"
"0/1","18,15","33","99","448,0,586"
"0/1","15,16","31","99","504,0,506"
"0/1","16,13","29","99","390,0,551"
"0/1","12,7","19","99","224,0,407"
"0/0","19,0","19","57","0,57,716"
"0/1","10,7","17","99","219,0,339"
"0/1","11,11","22","99","350,0,291"
"0/1","16,11","27","99","326,0,516"
"0/1","18,16","34","99","503,0,604"
"0/1","22,16","38","99","486,0,755"
"0/1","21,14","35","99","429,0,731"
"0/1","22,12","34","99","347,0,712"
"0/1","21,12","33","99","334,0,708"
"0/1","21,13","34","99","356,0,669"
"0/1","9,23","32","99","729,0,243"
"0/1","15,14","29","99","489,0,431"
"0/1","15,14","29","99","486,0,412"
"0/1","18,19","37","99","548,0,601"
"0/1","18,19","37","99","547,0,599"
"0/1","17,18","35","99","526,0,545"
"0/1","17,17","34","99","481,0,540"
"0/1","9,20","29","99","678,0,195"
"0/1","10,20","30","99","630,0,294"
"0/1","9,22","31","99","705,0,253"
"0/1","9,20","29","99","714,0,264"
"0/1","9,18","27","99","632,0,262"
"0/1","10,19","29","99","644,0,258"
"0/1","7,23","30","99","768,0,156"
"0/1","8,19","27","99","629,0,186"
"0/1","13,18","33","99","575,0,314"
"0/1","14,17","31","99","514,0,307"
"0/1","13,17","30","99","523,0,287"
"0/1","16,15","31","99","390,0,408"
"0/1","16,15","31","99","413,0,381"
"0/1","13,19","32","99","541,0,398"
"0/1","9,16","25","99","481,0,267"
"0/1","8,18","26","99","576,0,248"
"0/1","9,18","27","99","548,0,278"
"0/1","5,5","10","99","138,0,175"
"0/1","4,10","14","99","330,0,121"
"0/1","11,9","20","99","300,0,356"
"0/1","11,10","21","99","310,0,389"
"0/1","11,12","23","99","415,0,376"
"0/1","11,12","23","99","425,0,365"
"0/1","12,10","22","99","323,0,428"
"0/1","4,10","14","99","320,0,123"
"0/1","11,13","24","99","407,0,363"
"0/1","13,10","23","99","290,0,410"
"0/1","7,11","18","99","371,0,222"
"0/1","9,11","20","99","328,0,307"
"0/1","11,11","22","99","373,0,341"
"0/1","10,8","18","99","263,0,324"
"0/1","8,8","16","99","282,0,244"
"0/1","10,9","19","99","309,0,270"
"0/1","17,5","22","99","117,0,606"
"0/1","19,5","24","99","128,0,687"
"0/1","15,8","23","99","258,0,503"
"0/1","16,12","28","99","341,0,538"
"0/1","16,12","28","99","341,0,537"
"0/1","15,10","25","99","345,0,453"
"0/1","10,11","21","99","373,0,339"
"0/1","14,14","28","99","490,0,444"
"0/1","15,14","29","99","446,0,459"
"0/1","14,14","28","99","468,0,425"
"0/1","12,9","21","99","296,0,409"
"0/1","13,11","24","99","347,0,429"
"0/1","11,10","21","99","338,0,370"
"0/1","20,13","33","99","434,0,674"
"0/1","17,20","37","99","620,0,585"
"0/1","14,19","33","99","596,0,464"
"0/1","21,23","44","99","614,0,637"
"0/1","19,12","31","99","369,0,590"
"0/1","19,11","30","99","354,0,603"
"0/1","15,11","26","99","371,0,451"
"0/1","16,21","37","99","675,0,521"
"0/1","13,16","29","99","489,0,398"
"0/1","15,19","34","99","562,0,476"
"0/1","13,22","35","99","781,0,338"
"0/1","11,12","23","99","410,0,340"
"0/1","14,7","21","99","233,0,390"
"0/1","14,16","30","99","531,0,406"
"0/1","12,13","25","99","443,0,400"
"0/1","16,19","35","99","595,0,503"
"0/1","11,14","25","99","350,0,322"
"0/1","13,14","27","99","319,0,326"
"0/1","11,13","24","99","441,0,351"
"0/1","25,17","42","99","569,0,789"
"0/1","21,17","38","99","539,0,690"
"0/1","13,17","30","99","597,0,397"
"0/1","9,15","24","99","505,0,287"
"0/1","17,17","34","99","556,0,515"
"0/1","22,16","38","99","479,0,694"
"0/1","24,15","39","99","454,0,812"
"0/1","17,10","27","99","320,0,548"
"0/1","11,10","21","99","340,0,378"
"0/1","12,13","25","99","446,0,372"
"0/1","15,9","24","99","291,0,485"
"0/1","10,18","28","99","614,0,322"
"0/1","7,16","23","99","574,0,174"
"0/1","16,19","35","99","634,0,483"
"0/1","22,22","44","99","662,0,645"
"0/1","23,23","46","99","616,0,718"
"0/1","17,19","36","99","660,0,503"
"0/1","19,14","33","99","424,0,560"
"0/1","15,23","38","99","771,0,461"
"0/1","16,23","39","99","819,0,478"
"0/1","11,24","35","99","807,0,293"
"0/1","15,18","33","99","620,0,508"
"0/1","15,16","31","99","547,0,514"
"0/1","17,16","33","99","550,0,517"
"0/1","21,19","40","99","652,0,658"
"0/1","14,20","34","99","670,0,421"
"0/1","13,17","30","99","494,0,438"
"0/1","11,20","32","99","663,0,307"
"0/1","13,10","23","99","344,0,334"
"0/1","12,12","24","99","400,0,411"
"0/1","14,13","27","99","416,0,474"
"0/1","16,14","30","99","479,0,548"
"0/1","17,17","34","99","557,0,434"
"0/1","14,18","33","99","588,0,352"
"0/1","13,19","32","99","589,0,355"
"0/1","12,19","31","99","646,0,375"
"0/1","10,16","26","99","534,0,335"
"0/1","7,8","15","99","279,0,234"
"0/1","8,7","15","99","225,0,282"
"0/1","10,8","18","99","239,0,340"
"0/1","11,7","18","99","189,0,380"
"0/1","9,7","16","99","202,0,319"
"0/1","7,5","12","99","135,0,232"
"0/1","8,5","13","99","166,0,263"
"0/1","6,8","14","99","270,0,202"
"0/1","8,6","14","99","203,0,230"
"0/1","13,8","21","99","179,0,426"
"0/1","14,18","32","99","572,0,414"
"0/1","15,11","26","99","363,0,501"
"0/1","15,12","27","99","400,0,486"
"0/1","12,16","28","99","516,0,387"
"0/1","13,10","23","99","331,0,452"
"0/1","11,10","21","99","302,0,387"
"0/1","7,12","19","99","377,0,225"
"0/1","5,8","13","99","291,0,163"
"0/1","10,16","26","99","523,0,334"
"0/1","14,14","28","99","398,0,428"
"0/1","9,13","22","99","370,0,302"
"0/1","11,12","23","99","390,0,328"
"0/1","11,15","26","99","508,0,262"
"0/1","12,18","30","99","649,0,303"
"0/1","19,19","38","99","580,0,570"
"0/1","18,15","33","99","487,0,605"
"0/1","13,15","28","99","471,0,392"
"0/1","14,14","28","99","460,0,433"
"0/1","16,14","30","99","484,0,560"
"0/1","14,8","22","99","256,0,466"
"0/1","15,6","21","99","173,0,513"
"0/1","12,9","21","99","291,0,421"
"0/1","13,10","23","99","329,0,451"
"0/1","9,18","27","99","563,0,290"
"0/1","10,13","23","99","379,0,334"
"0/1","15,14","29","99","475,0,493"
"0/1","16,16","32","99","525,0,449"
"0/1","15,15","30","99","502,0,422"
"0/1","14,13","27","99","412,0,403"
"0/1","16,9","25","99","298,0,470"
"0/1","16,9","25","99","296,0,467"
"0/1","9,10","19","99","322,0,272"
"0/1","9,15","24","99","469,0,259"
"0/1","7,14","21","99","468,0,222"
"0/1","14,8","22","99","263,0,458"
"0/1","14,12","26","99","393,0,486"
"0/1","14,18","32","99","609,0,440"
"0/1","9,18","27","99","615,0,291"
"0/1","13,14","27","99","452,0,418"
"0/1","12,17","29","99","592,0,392"
"0/1","11,14","25","99","483,0,374"
"0/1","9,11","20","99","384,0,271"
"0/1","8,11","19","99","387,0,235"
"0/1","9,19","28","99","634,0,286"
"0/1","13,17","30","99","593,0,439"
"0/1","13,18","31","99","625,0,434"
"0/1","14,10","24","99","337,0,487"
"0/1","15,15","30","99","480,0,517"
"0/1","15,15","30","99","443,0,470"
"0/1","15,9","24","99","252,0,442"
"0/1","14,7","21","99","185,0,436"
"0/1","18,14","32","99","477,0,583"
"0/1","24,22","46","99","720,0,741"
"0/1","20,18","38","99","594,0,656"
"0/1","10,13","23","99","424,0,331"
"0/1","11,12","23","99","389,0,332"
"0/1","9,9","18","99","242,0,301"
"0/1","12,9","21","99","266,0,414"
"0/1","14,12","26","99","418,0,451"
"0/1","15,14","29","99","478,0,457"
"0/1","9,6","15","99","204,0,322"
"0/1","10,7","17","99","234,0,356"
"0/1","13,3","16","75","75,0,474"
"0/1","12,4","16","99","114,0,439"
"0/1","10,8","18","99","232,0,351"
"0/1","20,21","41","99","697,0,583"
"0/1","9,9","18","99","268,0,315"
"0/1","14,9","23","99","258,0,486"
"0/1","14,7","21","99","180,0,506"
"0/1","10,5","15","99","158,0,330"
"0/1","7,8","15","99","282,0,231"
"0/1","8,7","15","99","245,0,282"
"0/1","19,9","28","99","251,0,668"
"0/1","5,11","16","99","381,0,147"
"0/1","17,18","35","99","519,0,504"
"0/1","13,15","28","99","448,0,403"
"0/1","15,20","35","99","667,0,415"
"0/1","17,18","35","99","581,0,494"
"0/1","20,16","36","99","396,0,566"
"0/1","21,16","41","99","363,0,468"
"0/1","12,18","30","99","530,0,315"
"0/1","23,20","43","99","676,0,763"
"0/1","18,9","27","99","195,0,512"
"0/1","10,7","19","90","90,0,235"
"0/1","15,16","31","99","432,0,509"
"0/1","19,14","34","99","474,0,659"
"0/1","16,13","29","99","426,0,547"
"0/1","14,13","27","99","434,0,434"
"0/1","11,7","18","99","226,0,386"
"1/1","0,22","22","60","794,60,0"
"0/1","7,12","19","99","396,0,207"
"1/1","1,23","24","66","862,66,0"
"0/1","15,16","31","99","518,0,385"
"0/1","21,14","35","99","433,0,680"
"0/1","18,17","35","99","556,0,574"
"0/1","32,9","41","99","140,0,1160"
"0/1","31,9","40","99","147,0,1085"
"0/1","32,15","47","99","424,0,1081"
"0/0","37,0","37","99","0,99,1321"
"0/0","42,0","42","99","0,120,1582"
"0/1","16,13","29","99","425,0,525"
"0/1","20,17","37","99","547,0,646"
"0/1","7,38","45","36","1268,0,36"
"0/1","21,20","41","99","611,0,542"
"0/1","17,14","31","99","444,0,545"
"0/1","16,16","32","99","543,0,513"
"0/1","16,19","35","99","563,0,490"
"0/1","14,21","35","99","600,0,381"
"0/1","16,13","29","99","420,0,488"
"0/1","11,26","37","99","847,0,287"
"0/1","19,14","33","99","157,0,588"
"0/1","10,20","30","99","705,0,281"
"0/1","10,11","21","99","274,0,271"
"0/1","12,17","29","99","573,0,351"
"0/1","6,8","14","99","274,0,198"
"0/1","21,9","30","99","285,0,674"
"0/1","16,19","36","99","665,0,534"
"0/1","6,11","17","99","395,0,198"
"0/1","7,8","15","99","243,0,250"
"0/1","15,8","23","99","211,0,507"
"0/1","13,8","21","99","253,0,424"
"0/1","12,13","25","99","408,0,415"
"0/1","12,16","28","99","514,0,296"
"0/1","21,20","41","99","667,0,677"
"0/1","10,9","19","99","306,0,353"
"0/1","14,11","25","99","331,0,494"
"0/1","10,17","27","99","559,0,331"
"0/1","9,9,0","18","99","265,0,279,289,303,592"
"0/1","9,17","26","99","549,0,240"
"0/1","19,11","30","99","335,0,629"
"0/1","15,4","19","99","100,0,559"
"1/1","0,15","15","33","437,33,0"
"0/1","12,13","26","99","172,0,311"
"0/1","15,10","25","99","281,0,515"
"0/1","8,9","18","99","314,0,239"
"0/1","2,19","21","14","696,0,14"
"0/1","8,15","23","99","527,0,246"
"0/1","12,8","20","99","267,0,427"
"0/1","9,9","18","99","186,0,193"
"0/1","6,12","18","99","353,0,154"
"0/1","17,17","34","99","543,0,590"
"0/1","14,14","28","99","483,0,482"
"0/1","7,5","12","99","152,0,235"
"0/1","11,13","24","99","378,0,376"
"1/1","0,23","24","66","874,66,0"
"0/1","11,13","24","99","399,0,344"
"0/1","9,12","21","99","411,0,298"
"0/1","2,5","7","52","181,0,52"
"0/1","9,12","21","99","417,0,294"
"0/1","3,17","20","68","527,0,68"
"0/1","13,20","33","99","598,0,413"
"0/1","9,18","27","99","524,0,284"
"0/1","8,11","19","99","380,0,229"
"0/1","14,12","26","99","381,0,421"
"0/1","22,12","34","99","303,0,608"
"0/1","14,14","28","99","444,0,435"
"0/1","10,11","21","99","337,0,292"
"0/1","17,16","33","99","532,0,557"
"0/1","13,13","26","99","385,0,412"
"0/1","12,11","23","99","365,0,373"
"0/1","18,17","35","99","524,0,509"
"0/0","21,0","21","63","0,63,833"
"0/0","20,2","22","57","0,57,765"
"0/0","19,2","21","54","0,54,735"
"0/1","8,14","22","99","474,0,223"
"0/1","11,11","22","99","377,0,307"
"0/1","15,17","32","99","590,0,507"
"0/1","14,16","30","99","535,0,452"
"0/1","39,11","52","99","224,0,1079"
"0/1","13,8","21","99","266,0,426"
"0/1","15,9","24","99","202,0,430"
"0/1","21,10","31","99","276,0,662"
"0/1","10,18","28","99","589,0,322"
"0/1","13,16","29","99","477,0,383"
"0/1","13,19","32","99","637,0,359"
"0/1","17,16","33","99","402,0,565"
"0/1","21,12","33","99","314,0,520"
"0/1","17,16","33","99","362,0,584"
"0/1","16,15","31","99","399,0,564"
"0/1","11,2","13","53","53,0,274"
"0/1","10,3","13","49","49,0,320"
"0/1","9,6","15","99","161,0,291"
"0/1","8,10","18","99","345,0,125"
"0/1","12,10","22","99","328,0,182"
"0/1","6,6","12","99","192,0,169"
"0/1","11,6","17","99","127,0,386"
"0/1","6,6","12","99","204,0,198"
"0/1","7,6","13","56","56,0,256"
"0/1","9,6","15","50","50,0,315"
"0/1","8,6","14","52","52,0,297"
"0/1","9,5","14","12","12,0,339"
"0/0","13,5","18","2","0,2,479"
"0/1","12,7","19","99","180,0,305"
"0/1","27,9","36","77","77,0,622"
"0/1","25,9","34","99","274,0,372"
"0/1","20,7","27","99","208,0,417"
"1/1","2,23","25","29","789,29,0"
"0/1","15,16","31","99","530,0,421"
"0/1","8,15","23","99","507,0,243"
"0/1","9,11","20","99","329,0,263"
"0/1","14,4","18","99","106,0,444"
"0/1","9,12","21","99","368,0,310"
"0/1","15,14","29","99","364,0,494"
"0/1","7,6","13","99","185,0,250"
"0/1","9,12","21","99","436,0,208"
"0/1","10,17","27","99","529,0,334"
"0/1","10,6","16","99","161,0,330"
"0/1","9,3","12","89","89,0,311"
"0/1","12,17","29","99","500,0,372"
"0/1","9,20","29","99","645,0,255"
"0/1","9,4","13","99","121,0,294"
"0/1","17,6","23","99","119,0,435"
"0/0","29,0","29","63","0,63,793"
"0/1","22,8","30","99","194,0,499"
"0/0","17,0","17","39","0,39,473"
"0/1","7,12","19","99","425,0,173"
"0/0","22,0","22","66","0,66,864"
"0/1","20,10","30","99","323,0,634"
"0/1","16,14","30","99","462,0,553"
"0/1","18,14","32","99","425,0,560"
"0/1","23,25","48","99","815,0,740"
"0/1","13,11","24","99","377,0,377"
"0/1","15,12","27","99","394,0,536"
"0/0","39,0","39","99","0,114,1503"
"0/1","14,12","26","99","329,0,473"
"0/1","17,15","32","99","446,0,573"
"0/0","23,2","25","9","0,9,501"
"0/1","15,5","20","99","146,0,522"
"0/1","17,4","21","99","116,0,205"
"0/1","13,6","19","71","71,0,373"
"0/1","10,11","21","99","377,0,337"
"0/1","9,6","15","99","189,0,324"
"0/1","6,8","14","99","217,0,179"
"0/1","7,7","14","99","145,0,120"
"0/1","7,6","14","75","148,0,75"
"0/1","14,11","25","99","296,0,359"
"0/1","11,13","24","99","326,0,328"
"0/1","9,7","16","86","86,0,257"
"0/1","16,8","24","83","83,0,421"
"0/1","11,13","25","99","260,0,276"
"0/1","11,6","17","78","78,0,334"
"0/1","33,11","44","99","185,0,579"
"0/1","23,13","36","99","424,0,397"
"0/1","11,11","22","99","364,0,307"
"0/1","13,14","27","99","283,0,384"
"0/1","13,4","17","51","51,0,468"
"0/1","7,6","13","99","100,0,242"
"0/1","7,7","14","99","149,0,228"
"0/1","26,14","40","99","423,0,881"
"0/1","14,11","25","99","381,0,382"
"0/1","10,11","21","99","384,0,341"
"0/1","11,6","17","99","189,0,287"
"0/1","9,14","23","99","485,0,282"
"0/1","18,14","32","99","455,0,581"
"0/1","13,14","27","99","457,0,332"
"0/1","17,14","31","99","431,0,344"
"0/1","14,8","22","99","254,0,382"
"0/1","20,7","27","99","210,0,664"
"0/1","13,14","27","99","420,0,386"
"0/0","29,3","32","47","0,47,1057"
"0/1","17,15","32","99","473,0,524"
"0/1","12,15","27","99","415,0,408"
"0/1","7,15","22","99","466,0,222"
"0/1","11,10","21","99","308,0,355"
"1/1","0,18","18","54","725,54,0"
"0/1","19,12","31","99","350,0,637"
"0/1","3,11","14","84","375,0,84"
"0/1","10,17","27","99","600,0,252"
"0/1","7,14","21","99","467,0,219"
"0/1","8,8","16","99","230,0,280"
"0/1","7,12","19","99","404,0,200"
"0/1","20,17","37","99","586,0,651"
"0/1","4,12","16","99","430,0,112"
"0/1","16,16","32","99","370,0,442"
"0/0","5,0","5","9","0,9,110"
"0/1","34,10","44","99","225,0,1083"
"0/1","34,10","44","99","191,0,1060"
"0/1","30,3","33","30","30,0,847"
"0/1","10,17","27","99","606,0,279"
"0/1","10,11","21","99","338,0,329"
"0/1","9,5","14","99","163,0,317"
"0/1","21,17","39","99","531,0,600"
"0/1","12,11","23","99","323,0,409"
"0/1","12,11","23","99","332,0,409"
"0/1","30,18","48","99","524,0,947"
"0/1","28,9","37","99","160,0,898"
"0/1","11,26","37","99","737,0,342"
"0/1","14,11","25","99","369,0,473"
"0/0","21,1","22","40","0,40,812"
"0/0","19,1","20","34","0,34,738"
"0/0","16,1","17","21","0,21,587"
"0/1","20,17","37","99","503,0,652"
"0/1","18,19","37","99","616,0,597"
"0/1","13,18","31","99","568,0,410"
"0/1","18,12","30","99","369,0,634"
"0/1","14,16","30","99","456,0,427"
"0/1","20,18","38","99","579,0,587"
"0/1","12,9","21","99","299,0,414"
"0/1","13,17","30","99","595,0,424"
"0/1","14,15","29","99","480,0,432"
"0/1","15,10","25","99","289,0,500"
"0/1","10,25","35","99","788,0,256"
"0/1","14,16","30","99","524,0,452"
"0/1","7,10","17","99","244,0,206"
"0/1","12,11","23","99","334,0,415"
"0/1","14,82","96","99","1859,0,220"
"0/1","85,24","120","99","428,0,2093"
"0/1","11,13","24","99","451,0,349"
"0/1","14,15","29","99","501,0,434"
"0/1","22,19","41","99","573,0,685"
"0/1","13,8","21","99","225,0,428"
"0/1","6,13","19","99","435,0,151"
"0/1","9,11","20","99","355,0,253"
"0/1","20,12","32","99","342,0,704"
"0/1","7,12","19","99","427,0,214"
"0/1","9,18","27","99","633,0,212"
"0/1","24,15","39","99","462,0,701"
"1/1","0,23","23","60","793,60,0"
"0/1","10,11","21","99","340,0,310"
"0/1","10,5","15","99","160,0,351"
"0/1","15,8","23","99","264,0,484"
"0/1","25,9","34","99","279,0,794"
"0/1","13,12","25","99","369,0,457"
"0/1","16,18","34","99","629,0,513"
"0/1","26,18","44","99","554,0,883"
"0/1","16,11","27","99","351,0,539"
"0/1","16,39","55","99","1277,0,228"
"0/1","8,12","20","99","381,0,272"
"0/1","15,16","31","99","512,0,361"
"0/1","7,14","21","99","439,0,184"
"0/1","8,13","21","99","396,0,229"
"0/1","12,9","21","99","291,0,431"
"0/1","8,7","15","99","242,0,225"
"0/1","9,3","12","92","92,0,299"
"0/1","7,9","16","99","240,0,197"
"0/0","26,1","27","32","0,32,797"
"0/0","26,1","27","35","0,35,845"
"0/1","12,21","33","99","642,0,326"
"0/1","10,13","23","99","455,0,338"
"0/1","16,14","30","99","452,0,534"
"0/1","15,17","32","99","393,0,522"
"0/0","13,0","13","36","0,36,470"
"0/1","6,8","14","99","250,0,188"
"0/1","14,14","28","99","427,0,467"
"0/1","12,14","26","99","494,0,369"
"0/1","30,7","37","99","101,0,1023"
"0/1","13,16","29","99","487,0,375"
"0/1","9,14","23","99","441,0,282"
"0/1","12,3","15","53","53,0,435"
"0/1","16,16","32","99","552,0,513"
"0/1","14,18","32","99","503,0,413"
"0/1","15,9","24","99","258,0,525"
"0/1","11,9","22","99","221,0,320"
"0/1","12,15","27","99","486,0,401"
"0/1","14,6","20","99","173,0,502"
"0/0","21,0","21","57","0,57,751"
"0/1","13,19","32","99","688,0,423"
"0/1","14,7","21","99","109,0,396"
"0/1","5,19","24","99","625,0,122"
"0/1","8,14","22","99","490,0,231"
"0/1","10,11","21","99","383,0,299"
"0/1","23,10","33","99","319,0,705"
"0/1","21,14","35","99","425,0,657"
"0/1","19,23","42","99","753,0,597"
"0/1","18,15","33","99","479,0,542"
"0/1","19,13","32","99","369,0,546"
"0/1","30,11","41","99","310,0,662"
"0/1","21,17","38","99","184,0,594"
"0/1","28,17","45","99","159,0,891"
"0/1","27,17","44","99","245,0,939"
"0/0","26,4","30","12","0,12,885"
"0/1","11,8","19","99","214,0,326"
"0/1","7,31","38","99","1125,0,152"
"1/1","2,34","36","29","1199,29,0"
"0/1","66,6","72","40","40,0,2166"
"0/1","71,6","77","25","25,0,2311"
"0/1","65,11","76","99","130,0,1770"
"0/1","80,18","98","99","461,0,2369"
"0/1","10,23","33","99","556,0,229"
"0/1","29,16","45","99","365,0,807"
"0/1","19,12","31","99","387,0,333"
"0/1","15,15","30","99","505,0,517"
"0/1","11,13","24","99","372,0,366"
"0/1","12,6","25","99","198,0,398"
"0/1","12,6","18","99","162,0,204"
"0/1","12,10","22","99","318,0,361"
"0/1","9,22","31","99","626,0,259"
"0/1","10,8","18","99","159,0,241"
"0/1","23,6","29","99","172,0,659"
"0/1","9,11","20","99","360,0,306"
"0/1","9,12","21","99","416,0,188"
"0/1","12,7","19","99","226,0,316"
"0/1","19,9","28","99","276,0,504"
"0/1","23,6","29","99","122,0,799"
"0/1","5,5","10","99","167,0,148"
"0/1","9,9","18","99","284,0,280"
"0/1","23,10","33","99","291,0,467"
"0/1","8,12","20","99","320,0,194"
"1/1","1,26","27","75","1013,75,0"
"0/1","13,8","21","99","225,0,389"
"0/1","10,8","18","99","270,0,285"
"0/1","10,10","20","99","318,0,341"
"0/1","24,7","31","99","126,0,796"
"0/1","26,12","38","99","227,0,713"
"0/1","22,13","35","99","298,0,484"
"0/1","20,3","23","10","10,0,694"
"0/1","20,6","26","49","49,0,696"
"0/1","15,6","21","99","126,0,509"
"0/1","16,5","21","97","97,0,502"
"0/1","22,16","38","99","342,0,656"
"0/0","25,1","26","72","0,72,949"
"0/1","9,18","27","99","599,0,229"
"0/1","18,5","23","99","115,0,586"
"0/1","18,12","30","99","323,0,559"
"0/1","38,5","43","58","58,0,1145"
"0/1","14,34","48","66","992,0,66"
"0/1","9,15","24","99","505,0,263"
"0/1","22,4","26","96","96,0,472"
"0/1","32,9","41","99","130,0,829"
"0/1","10,6","16","99","196,0,356"
"1/1","0,27","27","69","940,69,0"
"0/1","21,8","29","99","129,0,658"
"0/1","34,19","53","99","213,0,851"
"0/1","11,19","30","99","550,0,271"
"0/1","18,11","29","99","207,0,442"
"0/1","8,15","23","99","522,0,256"
"0/1","28,5","33","81","81,0,924"
"0/0","56,3","59","39","0,39,1842"
"0/0","20,1","24","14","0,14,614"
"0/1","86,17","103","99","370,0,2959"
"0/1","76,15","92","99","322,0,2619"
"0/1","73,14","87","99","228,0,2587"
"0/1","44,9","53","99","230,0,1278"
"0/1","35,7","42","99","167,0,1128"
"0/1","34,13","50","99","208,0,1178"
"0/1","34,13","47","99","233,0,1121"
"0/1","31,11","42","99","164,0,1021"
"0/1","30,13","43","99","205,0,933"
"0/1","29,9","38","72","72,0,943"
"0/1","29,14","43","99","336,0,998"
"0/1","28,10","38","99","240,0,939"
"0/1","19,19","38","99","617,0,656"
"0/1","11,13","24","99","451,0,371"
"0/1","29,21","50","99","702,0,922"
"0/1","40,12","52","99","294,0,1294"
"0/1","30,12","42","99","354,0,903"
"0/1","24,6","31","99","149,0,642"
"0/1","23,8","31","99","201,0,537"
"0/1","20,3","23","16","16,0,626"
"0/1","26,5","31","74","74,0,916"
"0/1","28,6","34","99","111,0,1026"
"0/1","28,8","36","99","131,0,971"
"0/1","32,4","36","21","21,0,955"
"0/1","31,5","36","57","57,0,926"
"0/1","34,5","39","24","24,0,1156"
"0/1","40,8","48","99","133,0,1255"
"0/1","15,18","33","99","587,0,465"
"0/1","13,21","34","99","625,0,372"
"0/1","14,18","33","99","367,0,374"
"0/1","15,9","24","99","221,0,445"
"0/1","17,13","30","99","355,0,560"
"0/1","19,18","37","99","528,0,641"
"0/1","10,3","13","6","6,0,283"
"0/0","15,3","18","17","0,17,535"
"0/1","11,10","21","99","316,0,262"
"0/1","20,11","31","99","331,0,638"
"0/1","9,7","16","99","231,0,281"
"0/1","32,12","44","99","350,0,720"
"0/1","25,4","29","44","44,0,764"
"0/1","11,9","20","99","308,0,273"
"0/1","21,17","38","99","503,0,583"
"1/1","2,42","44","73","1472,73,0"
"0/1","22,17","39","99","535,0,662"
"0/1","15,11","26","99","352,0,494"
"0/1","16,11","27","99","283,0,568"
"0/1","33,9","42","99","187,0,1053"
"0/1","29,12","41","99","211,0,845"
"0/1","20,10","30","99","259,0,720"
"1/1","0,24","24","57","749,57,0"
"0/1","16,11","27","99","368,0,533"
"0/1","9,14","23","99","483,0,261"
"0/1","10,11","21","99","383,0,263"
"0/0","60,0","60","99","0,172,2315"
"0/1","11,15","26","99","474,0,250"
"0/1","21,15","36","99","228,0,646"
"0/1","18,11","29","99","190,0,589"
"0/1","17,9","26","99","279,0,429"
"0/1","13,9","22","99","271,0,368"
"0/1","31,12","43","99","254,0,439"
"1/1","0,15","15","39","485,39,0"
"0/1","11,18","29","99","340,0,211"
"1/1","1,21","22","54","675,54,0"
"0/1","24,13","37","99","379,0,787"
"0/1","11,16","27","99","511,0,283"
"0/1","7,6","13","99","163,0,223"
"0/0","10,0","10","27","0,27,345"
"0/1","5,8","13","99","246,0,117"
"0/0","19,0","19","48","0,48,650"
"0/1","29,6","35","99","132,0,959"
"0/0","19,2","21","8","0,8,396"
"0/1","11,7","18","99","234,0,322"
"0/1","11,16","27","99","520,0,355"
"0/1","40,9","49","77","77,0,1216"
"0/1","13,7","20","99","99,0,441"
"0/1","10,4","14","99","120,0,331"
"0/1","15,14","29","99","426,0,488"
"0/1","16,13","29","99","413,0,469"
"0/1","8,6","14","99","169,0,265"
"0/1","13,20","33","99","714,0,397"
"0/1","13,14","27","99","448,0,431"
"0/1","14,13","27","99","444,0,441"
"0/1","20,16","36","99","510,0,633"
"0/1","11,11","22","99","371,0,367"
"0/1","22,13","35","99","311,0,740"
"0/1","13,19","32","99","669,0,423"
"0/1","13,15","28","99","475,0,434"
"0/1","7,13","20","99","436,0,196"
"0/1","13,11","24","99","378,0,404"
"0/1","11,7","18","99","209,0,359"
"0/1","16,15","31","99","516,0,520"
"0/1","13,10","23","99","288,0,408"
"0/1","16,11","27","99","356,0,569"
"0/1","13,12","25","99","408,0,441"
"0/1","17,17","34","99","550,0,562"
"0/1","16,18","34","99","584,0,549"
"0/1","15,6","21","99","155,0,530"
"0/1","18,15","33","99","485,0,415"
"0/1","18,13","31","99","405,0,528"
"0/1","20,12","32","99","389,0,652"
"0/0","18,2","22","11","0,11,583"
"0/1","18,18","36","99","545,0,577"
"0/1","11,16","27","99","490,0,289"
"0/1","12,9","21","99","163,0,232"
"0/0","10,0","10","27","0,27,326"
"0/0","10,0","10","30","0,30,386"
"0/1","5,2","7","62","62,0,163"
"0/1","14,11","25","99","370,0,459"
"0/1","12,17","29","99","589,0,402"
"0/1","21,5","26","99","118,0,698"
"0/1","23,16","39","99","505,0,768"
"0/1","4,3","8","93","93,0,141"
"1/1","0,13","13","30","381,30,0"
"0/1","8,5","15","22","22,0,143"
"0/1","3,16","19","65","518,0,65"
"0/1","10,13","23","99","466,0,294"
"0/1","16,5","21","99","133,0,593"
"0/1","12,13","25","99","434,0,408"
"0/1","9,9","18","99","306,0,310"
"0/1","11,13","24","99","371,0,363"
"0/1","14,16","30","99","523,0,435"
"0/1","11,11","22","99","381,0,315"
"0/1","21,14","35","99","407,0,717"
"0/1","10,12","22","99","300,0,295"
"0/1","17,17","34","99","537,0,564"
"0/1","11,18","29","99","570,0,328"
"0/1","12,5","17","99","154,0,409"
"0/1","4,7","11","99","241,0,130"
"0/1","10,7","17","99","235,0,345"
"0/1","23,11","34","99","332,0,754"
"0/1","20,21","41","99","646,0,674"
"0/1","13,25","38","99","826,0,399"
"0/1","15,10","25","99","323,0,544"
"0/1","18,14","32","99","474,0,554"
"0/1","7,13","20","99","463,0,221"
"0/1","11,12","23","99","367,0,375"
"0/1","13,17","31","99","559,0,428"
"0/1","12,15","27","99","498,0,408"
"0/1","11,6","17","99","183,0,392"
"0/1","12,12","24","99","412,0,373"
"0/1","12,13","25","99","449,0,381"
"0/1","17,12","29","99","371,0,607"
"0/1","24,6","30","99","114,0,523"
"0/0","4,4","9","9","0,9,119"
"0/0","23,1","24","69","0,69,877"
"0/0","10,0","10","24","0,24,319"
"0/1","5,9","14","99","244,0,164"
"0/1","11,16","27","99","479,0,371"
"0/1","11,11","22","99","386,0,378"
"0/1","16,13","29","99","417,0,484"
"0/1","15,9","24","99","300,0,485"
"0/1","18,13","31","99","377,0,585"
"0/1","10,18","28","99","528,0,323"
"0/1","14,17","31","99","564,0,463"
"0/1","5,10","15","99","315,0,161"
"0/1","11,13","24","99","417,0,380"
"0/1","10,10","20","99","339,0,344"
"0/1","16,7","23","87","87,0,550"
"0/1","18,16","34","99","546,0,468"
"0/1","9,10","19","99","353,0,307"
"0/1","13,20","33","99","643,0,351"
"0/0","30,0","30","78","0,78,1009"
"0/1","9,12","21","99","390,0,273"
"0/1","3,11","14","81","403,0,81"
"0/1","9,18","27","99","658,0,271"
"0/1","14,23","37","99","702,0,333"
"0/0","42,4","46","76","0,76,1472"
"0/0","39,4","43","73","0,73,1446"
"0/1","15,10","25","99","334,0,494"
"0/1","16,16","32","99","467,0,522"
"0/1","8,9","17","99","307,0,237"
"0/1","12,14","26","99","464,0,307"
"0/1","9,13","22","99","368,0,304"
"0/1","15,19","34","99","562,0,460"
"0/1","17,18","35","99","589,0,547"
"0/1","16,20","36","99","562,0,481"
"0/1","18,13","31","99","387,0,631"
"0/1","11,8","19","99","268,0,346"
"0/1","15,11","26","99","336,0,465"
"0/1","7,12","19","99","432,0,225"
"0/1","11,12","23","99","421,0,369"
"0/1","5,7","12","99","248,0,171"
"0/1","7,13","20","99","440,0,173"
"1/1","1,25","26","38","892,38,0"
"0/1","15,17","32","99","519,0,472"
"0/1","15,17","32","99","587,0,508"
"0/1","7,12","19","99","429,0,188"
"0/1","19,10","29","99","322,0,691"
"0/1","8,15","23","99","432,0,257"
"0/1","25,19","44","99","560,0,803"
"0/1","12,11","23","99","380,0,415"
"0/1","15,11","26","99","245,0,286"
"0/1","6,15","21","99","139,0,127"
"0/1","15,15","30","99","518,0,503"
"0/1","11,8","19","99","270,0,348"
"0/1","8,7","15","99","237,0,272"
"0/1","8,11","19","99","363,0,263"
"0/1","14,10","24","99","264,0,497"
"0/0","16,0","16","45","0,45,618"
"0/1","3,3","6","99","102,0,104"
"0/1","3,12","15","83","371,0,83"
"0/1","12,7","20","99","216,0,399"
"0/1","15,10","25","99","296,0,442"
"0/1","10,8","18","99","265,0,239"
"0/1","8,12","20","99","436,0,267"
"0/1","17,13","30","99","363,0,518"
"0/1","15,13","28","99","347,0,489"
"0/1","9,4","13","99","128,0,325"
"0/1","10,5","15","99","161,0,321"
"0/1","7,17","24","99","616,0,210"
"0/0","21,0","21","63","0,63,849"
"0/1","7,11","18","99","393,0,223"
"0/1","13,12","25","99","408,0,439"
"0/1","12,9","21","99","304,0,389"
"0/1","16,10","26","99","342,0,503"
"0/1","18,28","46","99","885,0,517"
"0/0","34,3","38","96","0,96,1233"
"0/0","38,0","38","90","0,90,1155"
"0/0","50,4","56","16","0,16,1284"
"0/1","15,14","29","99","432,0,453"
"0/1","15,13","28","99","439,0,483"
"0/1","8,13","21","99","457,0,230"
"0/1","13,18","31","99","633,0,392"
"0/1","6,11","17","99","346,0,185"
"0/1","46,12","58","99","263,0,1575"
"0/1","29,7","36","99","161,0,1024"
"0/1","25,21","46","99","583,0,797"
"0/1","35,11","46","99","282,0,1099"
"0/1","38,19","57","99","465,0,1083"
"0/1","32,16","48","99","430,0,882"
"0/1","32,18","50","99","563,0,1111"
"0/1","31,15","46","99","385,0,593"
"0/1","102,21","125","99","308,0,3316"
"1/1","0,100","100","99","3844,289,0"
"0/1","47,14","61","99","398,0,1581"
"0/1","17,38","55","99","1077,0,428"
"0/1","31,16","47","99","474,0,1081"
"0/1","40,6","46","50","50,0,1449"
"0/1","18,9","27","99","288,0,643"
"0/1","23,11","34","99","308,0,824"
"0/1","31,14","45","99","324,0,945"
"0/1","15,10","25","99","297,0,523"
"0/1","38,12","50","99","338,0,1336"
"0/1","12,19","31","99","592,0,397"
"0/0","222,0","222","99","0,611,7718"
"0/1","98,28","126","99","516,0,3063"
"0/1","13,19","32","99","659,0,356"
"0/1","18,12","30","99","379,0,623"
"0/1","25,16","41","99","487,0,726"
"0/1","9,11","20","99","279,0,297"
"0/1","16,17","33","99","556,0,529"
"0/0","34,0","34","96","0,96,1265"
"0/1","8,15","23","99","488,0,222"
"0/1","6,8","14","99","151,0,181"
"0/1","15,10","25","99","333,0,489"
"0/1","11,9","20","99","284,0,372"
"0/1","20,10","31","99","205,0,557"
"0/1","19,9","28","99","231,0,609"
"0/1","17,12","29","99","363,0,539"
"0/1","11,11","22","99","383,0,377"
"0/0","20,0","20","60","0,60,787"
"0/1","12,13","25","99","387,0,383"
"0/1","11,11","22","99","347,0,372"
"0/1","16,13","29","99","404,0,497"
"0/1","15,14","29","99","436,0,411"
"0/1","6,6","12","99","152,0,207"
"0/1","6,2","8","19","19,0,223"
"0/1","8,8","16","99","237,0,281"
"0/1","9,6","15","99","192,0,310"
"0/1","7,6","16","33","197,0,33"
"0/1","12,20","32","99","663,0,370"
"0/1","15,10","27","99","250,0,338"
"0/1","8,12","20","99","398,0,251"
"0/1","5,8","13","99","293,0,164"
"0/1","8,10","18","99","321,0,268"
"0/1","23,14","37","99","445,0,782"
"0/1","15,18","33","99","625,0,433"
"0/1","11,15","26","99","484,0,369"
"0/1","18,7","25","99","190,0,540"
"0/1","17,24","41","99","814,0,491"
"0/1","15,12","27","99","316,0,495"
"0/1","18,13","31","99","234,0,428"
"1/1","0,12","12","21","240,21,0"
"0/1","6,11","17","99","365,0,194"
"0/1","11,5","16","99","154,0,386"
"0/1","8,13","21","99","455,0,252"
"0/1","14,12","26","99","346,0,447"
"0/1","11,12","23","99","415,0,338"
"0/1","28,9","37","99","254,0,1029"
"0/1","5,14","19","99","479,0,155"
"0/1","10,14","24","99","491,0,330"
"0/1","9,13","22","99","464,0,286"
"0/1","21,7","28","99","181,0,763"
"0/1","25,17","42","99","461,0,811"
"0/1","4,3","7","65","65,0,145"
"0/1","5,16","21","99","568,0,140"
"0/1","11,10","21","99","310,0,382"
"0/1","12,14","26","99","452,0,378"
"0/1","8,14","22","99","464,0,252"
"0/1","7,9","16","99","321,0,241"
"0/1","7,6","13","99","197,0,240"
"0/1","10,5","15","99","166,0,296"
"0/1","9,7","16","99","234,0,307"
"0/1","12,5","17","99","145,0,409"
"0/1","10,13","23","99","440,0,307"
"0/1","15,21","36","99","686,0,459"
"0/1","13,8","21","99","226,0,472"
"0/1","10,9","19","99","318,0,284"
"0/1","10,11","21","99","349,0,349"
"0/1","9,10","19","99","319,0,303"
"0/1","12,9","21","99","302,0,385"
"0/1","8,10","18","99","314,0,244"
"0/1","25,10","35","99","226,0,732"
"0/1","26,11","37","99","247,0,800"
"0/0","34,1","35","69","0,69,819"
"0/0","35,0","35","75","0,75,882"
"0/1","29,21","50","99","676,0,913"
"0/1","16,17","33","99","541,0,466"
"0/1","16,25","41","99","811,0,438"
"0/1","15,14","29","99","468,0,378"
"0/0","31,2","33","81","0,81,1089"
"0/1","21,14","35","99","405,0,689"
"0/1","4,10","14","99","352,0,118"
"0/0","12,0","12","33","0,33,424"
"0/1","5,10","15","99","320,0,158"
"0/1","8,13","21","99","412,0,264"
"0/1","10,14","24","99","460,0,345"
"0/1","18,7","25","99","220,0,522"
"0/1","17,11","28","99","345,0,597"
"0/1","7,11","18","99","383,0,211"
"0/1","20,9","29","99","275,0,692"
"0/1","17,11","28","99","362,0,568"
"0/1","9,7","16","99","214,0,326"
"0/1","9,10","19","99","346,0,298"
"0/1","12,10","22","99","297,0,380"
"0/1","12,13","25","99","445,0,394"
"0/1","14,5","19","99","112,0,429"
"0/1","13,5","25","99","110,0,191"
"0/1","20,21","41","99","676,0,594"
"0/1","11,13","24","99","440,0,376"
"0/0","28,0","28","75","0,75,1005"
"0/1","2,9","11","44","325,0,44"
"0/1","12,18","30","99","589,0,397"
"1/1","3,32","36","53","1041,53,0"
"0/1","15,19","34","99","502,0,311"
"0/1","17,18","36","99","524,0,506"
"0/1","16,21","37","99","647,0,524"
"0/1","12,10","22","99","342,0,383"
"0/1","10,10","20","99","320,0,339"
"0/1","12,11","23","99","381,0,380"
"0/1","10,11","21","99","381,0,312"
"0/1","10,16","26","99","568,0,325"
"0/1","9,11","20","99","277,0,306"
"0/1","15,13","28","99","389,0,526"
"0/1","11,19","30","99","530,0,285"
"0/1","11,18","29","99","556,0,316"
"0/1","9,11","20","99","384,0,309"
"0/1","13,16","29","99","515,0,417"
"0/1","13,18","31","99","592,0,386"
"0/1","19,14","33","99","402,0,555"
"0/1","14,17","31","99","583,0,434"
"0/1","15,13","28","99","443,0,482"
"0/0","9,0","9","15","0,15,193"
"0/1","8,11","19","99","340,0,118"
"0/1","14,17","31","99","451,0,290"
"0/1","7,12","19","99","390,0,216"
"0/1","16,17","33","99","482,0,404"
"0/0","12,0","12","30","0,30,361"
"0/1","5,6","11","42","171,0,42"
"0/0","21,0","21","54","0,54,708"
"0/1","9,10","19","99","349,0,312"
"0/1","7,15","22","99","513,0,177"
"0/1","8,14","22","99","471,0,222"
"0/0","15,3","18","30","0,30,402"
"0/1","11,16","27","99","530,0,352"
"0/1","12,16","28","99","492,0,416"
"0/1","13,11","24","99","371,0,417"
"0/1","11,13","24","99","419,0,370"
"0/1","5,7","12","99","247,0,164"
"0/1","14,14","28","99","481,0,443"
"0/1","13,13","26","99","405,0,420"
"0/1","19,15","34","99","405,0,565"
"0/1","17,17","34","99","514,0,523"
"0/1","3,8","11","86","286,0,86"
"0/1","17,16","33","99","564,0,575"
"0/1","10,16","26","99","508,0,301"
"0/1","11,14","25","99","452,0,382"
"0/1","16,22","38","99","716,0,496"
"0/1","17,11","28","99","357,0,610"
"0/1","3,14","17","74","446,0,74"
"0/1","7,16","23","99","556,0,219"
"0/1","13,10","23","99","284,0,414"
"0/1","14,20","34","99","563,0,427"
"0/1","17,18","35","99","572,0,580"
"0/1","21,9","30","99","270,0,680"
"0/1","20,14","34","99","432,0,653"
"0/1","7,5","12","99","169,0,249"
"0/1","8,6","14","99","197,0,275"
"0/1","15,13","28","99","410,0,493"
"0/1","14,5","19","99","142,0,474"
"0/1","7,10","17","99","355,0,192"
"0/1","9,15","24","99","511,0,297"
"0/1","9,9","18","99","311,0,278"
"0/1","19,13","32","99","384,0,654"
"0/1","6,24","30","99","871,0,141"
"0/1","21,12","33","99","330,0,691"
"0/1","14,19","33","99","570,0,463"
"0/1","8,15","23","99","525,0,179"
"0/0","23,0","23","57","0,57,770"
"0/1","16,12","28","99","405,0,475"
"0/1","11,12","23","99","336,0,374"
"0/1","4,11","15","99","365,0,120"
"0/1","5,9","14","99","290,0,161"
"0/1","6,10","16","99","316,0,200"
"0/1","8,9","17","99","313,0,271"
"0/1","11,11","22","99","350,0,337"
"0/1","4,9","13","99","313,0,126"
"0/1","10,9","19","99","228,0,343"
"0/1","9,9","18","99","282,0,282"
"0/1","11,5","16","99","152,0,392"
"0/1","14,13","27","99","446,0,429"
"0/1","8,8","16","99","258,0,279"
"0/1","8,10","18","99","290,0,268"
"0/1","14,19","33","99","657,0,363"
"0/1","13,24","37","99","761,0,416"
"0/1","14,24","38","99","748,0,413"
"0/1","9,16","25","99","525,0,288"
"0/1","2,7","9","56","263,0,56"
"0/1","4,13","17","99","433,0,115"
"0/1","11,11","22","99","343,0,384"
"0/1","13,19","32","99","575,0,395"
"0/1","12,15","27","99","516,0,389"
"0/1","13,25","38","99","820,0,404"
"0/1","16,15","31","99","429,0,466"
"0/1","5,13","18","99","396,0,140"
"0/1","7,9","16","99","319,0,195"
"0/1","6,14","20","99","503,0,142"
"0/1","10,14","24","99","461,0,267"
"0/1","16,12","28","99","399,0,486"
"0/1","10,16","26","99","561,0,324"
"0/1","10,14","24","99","503,0,295"
"0/1","10,11","21","99","367,0,332"
"0/1","12,11","23","99","349,0,423"
"0/1","15,12","27","99","337,0,504"
"0/1","14,12","26","99","337,0,491"
"0/0","21,0","21","57","0,57,756"
"0/1","23,18","41","99","560,0,786"
"0/1","15,8","23","99","258,0,509"
"0/1","10,10","20","99","310,0,336"
"0/1","7,12","19","99","395,0,223"
"0/1","17,15","32","99","471,0,593"
"0/1","9,13","22","99","452,0,276"
"0/1","13,13","26","99","433,0,421"
"0/1","14,23","37","99","793,0,423"
"0/1","11,16","27","99","516,0,362"
"0/1","11,5","16","96","96,0,281"
"0/1","8,9","17","99","275,0,229"
"0/0","19,0","19","45","0,45,584"
"0/1","17,18","35","99","483,0,444"
"0/1","15,20","35","99","582,0,458"
"0/1","18,16","34","99","486,0,590"
"0/1","19,14","33","99","418,0,623"
"0/1","13,14","27","99","437,0,437"
"0/1","18,15","33","99","466,0,594"
"0/1","16,13","29","99","400,0,549"
"0/1","15,22","37","99","527,0,327"
"0/1","4,11","15","99","365,0,123"
"0/1","10,10","20","99","306,0,312"
"0/1","14,19","33","99","584,0,454"
"0/1","10,11","21","99","376,0,344"
"0/1","14,11","25","99","307,0,461"
"0/1","12,12","24","99","406,0,411"
"0/1","24,21","45","99","658,0,790"
"0/1","17,17","34","99","570,0,580"
"0/1","21,15","36","99","460,0,671"
"0/1","18,14","32","99","456,0,598"
"0/1","13,13","26","99","414,0,421"
"0/1","21,13","34","99","378,0,714"
"0/1","9,18","27","99","603,0,283"
"0/1","19,17","36","99","536,0,622"
"0/1","15,10","25","99","315,0,521"
"0/1","15,11","26","99","338,0,495"
"0/1","12,6","18","99","112,0,266"
"0/1","14,5","19","99","109,0,278"
"0/0","17,0","17","39","0,39,505"
"0/0","31,0","31","75","0,75,936"
"0/1","11,14","25","99","418,0,378"
"0/0","17,0","18","33","0,33,355"
"0/1","19,5","24","99","130,0,678"
"0/1","4,13","17","99","481,0,108"
"0/1","7,11","18","99","361,0,235"
"0/1","8,9","17","99","312,0,276"
"0/1","12,5","17","99","156,0,437"
"0/1","14,16","30","99","434,0,414"
"0/1","13,10","23","99","196,0,231"
"0/1","4,9","13","99","294,0,131"
"0/1","7,12","19","99","403,0,230"
"0/1","15,12","27","99","388,0,523"
"0/1","11,14","25","99","436,0,367"
"1/1","0,12","12","36","469,36,0"
"0/1","27,10","37","99","320,0,112"
"0/1","7,14","21","99","472,0,218"
"0/1","13,16","29","99","570,0,447"
"0/0","191,15","210","92","0,92,5892"
"0/1","7,10","17","99","350,0,222"
"0/1","20,7","27","99","102,0,432"
"0/1","18,8","26","99","152,0,295"
"0/1","14,12","26","99","339,0,478"
"0/1","8,8","16","99","237,0,279"
"0/1","17,22","39","99","674,0,540"
"0/1","16,17","33","99","556,0,499"
"0/1","18,24","42","99","801,0,596"
"0/1","19,22","41","99","694,0,518"
"0/1","22,15","37","99","445,0,716"
"0/1","6,18","24","99","616,0,162"
"0/1","18,9","27","99","244,0,625"
"0/1","18,15","33","99","321,0,588"
"0/1","19,13","32","99","379,0,646"
"0/1","9,12","21","99","409,0,269"
"0/1","12,13","25","99","350,0,382"
"0/1","8,12","20","99","357,0,249"
"0/1","7,10","17","99","328,0,194"
"0/1","15,12","27","99","417,0,455"
"1/1","3,13","18","33","429,33,0"
"0/1","11,9","20","99","309,0,366"
"0/1","9,19","28","99","663,0,241"
"0/1","14,13","27","99","431,0,486"
"0/1","10,12","22","99","411,0,302"
"0/1","5,8","13","99","238,0,171"
"0/1","7,15","22","99","503,0,224"
"0/1","15,9","24","99","298,0,457"
"0/1","7,5","12","99","149,0,244"
"0/1","12,16","28","99","529,0,325"
"0/1","9,14","23","99","483,0,283"
"0/1","17,12","29","99","362,0,578"
"0/1","13,9","22","99","301,0,417"
"0/1","9,8","17","99","275,0,302"
"0/1","18,19","37","99","598,0,582"
"0/1","12,25","37","99","829,0,370"
"0/1","10,14","24","99","492,0,322"
"0/1","8,11","19","99","369,0,269"
"0/1","16,11","27","99","353,0,555"
"0/1","8,8","16","99","277,0,271"
"0/0","16,0","16","45","0,45,599"
"0/1","12,15","27","99","492,0,346"
"0/1","13,13","26","99","414,0,457"
"0/1","17,14","31","99","409,0,544"
"0/1","25,11","36","99","331,0,739"
"0/1","17,18","35","99","553,0,527"
"0/1","7,7","14","99","201,0,234"
"0/1","7,16","23","99","524,0,213"
"0/1","11,13","24","99","448,0,320"
"0/0","15,0","15","39","0,39,529"
"0/1","13,4","17","32","32,0,353"
"0/1","14,15","30","99","318,0,460"
"0/1","10,16","26","99","563,0,323"
"0/1","7,16","23","99","536,0,218"
"0/1","12,18","30","99","635,0,326"
"0/1","20,19","39","99","635,0,594"
"0/1","11,15","26","99","484,0,328"
"0/1","9,16","25","99","516,0,276"
"0/1","13,20","33","99","687,0,416"
"0/1","13,16","29","99","513,0,401"
"0/0","38,1","39","99","0,108,1451"
"0/1","7,23","30","65","544,0,65"
"0/1","11,18","29","68","494,0,68"
"0/1","5,17","22","88","520,0,88"
"0/1","15,21","36","99","700,0,482"
"0/1","18,13","31","99","395,0,556"
"0/1","6,8","14","99","278,0,160"
"0/1","13,19","32","99","579,0,399"
"0/1","16,12","28","99","372,0,545"
"0/1","11,9","20","99","255,0,358"
"0/1","12,8","21","99","248,0,372"
"0/1","16,15","31","99","463,0,539"
"0/1","16,12","28","99","414,0,488"
"0/1","19,11","30","99","263,0,603"
"0/1","19,13","32","99","381,0,613"
"0/1","19,16","35","99","437,0,623"
"0/1","12,13","25","99","438,0,398"
"0/1","9,14","23","99","471,0,291"
"0/1","14,13","27","99","448,0,491"
"0/1","14,20","34","99","655,0,452"
"0/1","18,16","34","99","532,0,578"
"0/1","21,7","28","99","193,0,724"
"0/1","17,10","27","99","319,0,564"
"0/1","17,10","27","99","288,0,571"
"0/1","17,13","30","99","409,0,563"
"0/1","24,16","40","99","468,0,753"
"0/1","22,8","31","99","204,0,705"
"0/1","22,8","30","99","162,0,741"
"0/1","12,12","24","99","397,0,403"
"0/1","18,15","33","99","421,0,587"
"0/1","21,12","34","99","344,0,680"
"0/1","20,13","33","99","406,0,656"
"0/1","15,13","29","99","427,0,475"
"0/1","15,16","31","99","508,0,463"
"0/1","15,14","29","99","476,0,509"
"0/0","39,0","39","99","0,108,1423"
"0/1","10,17","27","99","594,0,318"
"0/1","10,20","30","99","727,0,280"
"0/1","12,19","31","99","666,0,301"
"0/1","15,14","29","99","469,0,486"
"0/1","14,14","28","99","471,0,468"
"0/1","13,19","32","99","655,0,379"
"0/1","10,22","32","99","728,0,300"
"0/1","15,18","33","99","536,0,496"
"0/1","15,17","32","99","481,0,477"
"0/1","17,17","34","99","512,0,545"
"0/1","17,18","35","99","545,0,571"
"0/1","16,18","34","99","560,0,525"
"0/1","17,25","42","99","810,0,552"
"0/1","17,18","35","99","545,0,554"
"0/1","18,16","34","99","538,0,573"
"0/1","14,15","29","99","512,0,482"
"0/1","15,20","35","99","656,0,411"
"0/1","7,9","16","99","314,0,194"
"0/1","5,22","27","99","662,0,138"
"0/1","5,19","24","99","589,0,137"
"0/1","6,20","26","99","586,0,134"
"0/1","6,9","15","99","297,0,198"
"0/1","7,9","16","99","287,0,235"
"0/1","10,7","17","99","216,0,325"
"0/1","10,6","16","99","191,0,327"
"0/1","10,8","18","99","258,0,362"
"0/1","14,12","26","99","352,0,491"
"0/1","13,10","23","99","286,0,461"
"0/1","14,9","23","99","239,0,497"
"0/1","12,10","22","99","282,0,421"
"0/1","15,11","26","99","366,0,489"
"0/1","18,13","31","99","437,0,612"
"0/1","21,8","29","99","236,0,685"
"0/1","17,9","26","99","291,0,605"
"0/1","21,8","29","99","241,0,682"
"0/1","24,9","33","99","227,0,827"
"0/1","13,14","27","99","490,0,452"
"0/1","13,13","26","99","387,0,412"
"0/1","19,15","34","99","419,0,655"
"0/1","17,21","38","99","678,0,504"
"0/0","39,0","39","99","0,114,1486"
"0/1","23,21","44","99","647,0,731"
"0/1","23,20","43","99","597,0,768"
"0/1","20,19","39","99","591,0,654"
"0/1","23,10","33","99","274,0,828"
"0/1","23,13","36","99","388,0,750"
"0/1","17,16","33","99","518,0,545"
"0/1","13,15","28","99","510,0,439"
"0/1","15,16","31","99","527,0,513"
"0/1","18,17","35","99","561,0,577"
"0/1","18,17","35","99","565,0,585"
"0/1","13,20","33","99","575,0,373"
"0/1","13,20","33","99","598,0,404"
"0/1","12,18","30","99","574,0,375"
"0/1","13,18","31","99","582,0,426"
"0/1","18,18","36","99","605,0,611"
"0/1","19,11","30","99","324,0,595"
"0/1","20,12","32","99","383,0,673"
"0/1","22,10","32","99","275,0,729"
"0/1","17,9","26","99","237,0,579"
"0/1","13,12","25","99","302,0,425"
"0/1","9,17","26","99","432,0,281"
"0/1","6,16","22","99","505,0,166"
"0/1","18,15","33","99","408,0,620"
"0/1","19,14","34","99","376,0,655"
"0/1","20,15","35","99","461,0,690"
"0/1","11,22","33","99","657,0,360"
"0/1","18,10","28","99","318,0,553"
"0/1","12,10","22","99","336,0,418"
"0/1","10,21","31","99","679,0,322"
"0/1","13,16","29","99","525,0,445"
"0/1","15,13","28","99","443,0,522"
"0/1","17,18","35","99","557,0,576"
"0/1","13,13","26","99","414,0,441"
"0/1","14,9","23","99","293,0,487"
"0/1","11,9","20","99","307,0,376"
"0/1","9,7","16","99","241,0,312"
"0/1","14,5","19","99","142,0,509"
"0/1","15,7","22","99","216,0,545"
"0/1","22,14","36","99","435,0,695"
"0/1","12,7","19","99","233,0,399"
"0/1","11,8","19","99","262,0,395"
"0/1","11,7","18","99","232,0,393"
"0/1","9,10","19","99","313,0,307"
"0/1","6,14","20","99","467,0,187"
"0/1","10,8","18","99","234,0,353"
"0/1","10,13","23","99","451,0,328"
"0/1","14,12","26","99","411,0,489"
"0/1","3,13","16","81","392,0,81"
"0/1","6,15","21","99","550,0,179"
"0/1","5,16","21","99","590,0,142"
"0/1","4,11","15","99","387,0,122"
"0/1","5,5","10","99","160,0,175"
"0/1","5,4","9","99","132,0,176"
"0/1","19,13","32","99","391,0,560"
"0/1","10,16","26","99","532,0,336"
"0/1","16,11","27","99","366,0,570"
"0/1","8,9","17","99","316,0,271"
"0/1","11,8","19","99","266,0,376"
"0/1","10,10","20","99","351,0,284"
"0/1","11,14","25","99","482,0,303"
"0/1","8,15","23","99","503,0,256"
"0/1","8,9","17","99","311,0,276"
"0/1","10,6","16","99","195,0,355"
"0/1","10,15","25","99","537,0,324"
"0/1","12,15","27","99","526,0,402"
"0/1","7,18","25","99","622,0,175"
"0/1","10,16","26","99","548,0,280"
"0/1","10,18","28","99","621,0,277"
"0/1","14,15","29","99","496,0,411"
"0/1","16,18","34","99","613,0,505"
"0/1","11,15","26","99","477,0,363"
"0/1","15,10","25","99","296,0,498"
"0/1","17,12","29","99","376,0,525"
"0/1","17,16","33","99","440,0,582"
"0/1","17,17","34","99","549,0,597"
"0/1","16,15","31","99","486,0,523"
"0/1","15,17","32","99","551,0,482"
"0/1","12,9","21","99","268,0,423"
"0/1","19,11","30","99","297,0,653"
"0/1","10,9","19","99","276,0,350"
"0/1","9,10","19","99","301,0,313"
"0/1","10,6","16","99","182,0,351"
"0/1","10,17","27","99","566,0,288"
"0/1","11,14","25","99","481,0,328"
"0/1","10,14","24","99","489,0,296"
"0/1","21,23","44","99","712,0,646"
"0/1","21,21","42","99","618,0,608"
"0/1","15,15","30","99","450,0,447"
"0/1","10,16","26","99","502,0,275"
"0/1","10,16","26","99","568,0,278"
"0/1","14,10","24","99","218,0,458"
"0/1","19,19","38","99","607,0,554"
"0/1","14,20","34","99","690,0,319"
"0/1","12,15","27","99","364,0,400"
"0/1","12,13","25","99","397,0,407"
"0/1","19,16","35","99","477,0,519"
"0/1","24,19","43","99","600,0,729"
"0/1","13,24","37","99","780,0,370"
"0/1","15,21","36","99","653,0,415"
"0/1","12,14","30","99","350,0,371"
"0/1","12,12","24","99","417,0,262"
"0/1","14,16","30","99","491,0,315"
"0/1","17,15","32","99","478,0,564"
"0/1","11,11","22","99","346,0,377"
"0/1","17,15","32","99","425,0,507"
"0/1","13,5","18","99","151,0,470"
"0/1","10,8","18","99","196,0,351"
"0/1","8,10","18","99","352,0,257"
"0/1","9,14","23","99","408,0,255"
"0/1","15,15","30","99","520,0,505"
"0/1","11,13","24","99","458,0,369"
"0/1","16,15","31","99","492,0,524"
"0/1","15,23","38","99","785,0,488"
"0/1","17,20","37","99","640,0,542"
"0/1","16,10","26","99","287,0,550"
"0/1","20,12","32","99","382,0,683"
"0/1","26,15","41","99","439,0,912"
"0/1","20,19","39","99","611,0,592"
"0/1","20,18","38","99","542,0,624"
"0/1","14,7","21","99","227,0,467"
"0/1","24,15","39","99","405,0,777"
"0/1","9,15","24","99","482,0,298"
"0/1","8,10","18","99","347,0,255"
"0/1","14,8","22","99","261,0,455"
"0/1","13,13","26","99","424,0,418"
"0/1","11,11","22","99","347,0,381"
"0/1","12,7","19","99","236,0,356"
"0/1","23,14","37","99","435,0,742"
"0/1","16,13","29","99","400,0,511"
"0/1","13,12","25","99","414,0,349"
"0/1","13,11","24","99","372,0,379"
"0/1","15,14","29","99","449,0,477"
"0/1","14,13","27","99","420,0,451"
"0/1","9,16","25","99","514,0,289"
"0/1","6,7","13","99","203,0,210"
"0/1","6,10","16","99","346,0,192"
"0/1","5,10","15","99","320,0,157"
"0/1","6,10","16","99","346,0,187"
"0/1","7,9","16","99","311,0,237"
"0/1","10,7","17","99","239,0,358"
"0/1","9,11","20","99","341,0,313"
"0/1","11,13","25","99","428,0,331"
"0/1","11,13","25","99","423,0,333"
"0/1","21,14","35","99","410,0,710"
"0/1","21,21","42","99","597,0,622"
"0/1","21,20","41","99","555,0,612"
"0/1","21,16","37","99","483,0,622"
"0/1","28,18","46","99","554,0,846"
"0/1","21,22","43","99","671,0,702"
"0/1","18,21","39","99","585,0,578"
"0/1","18,16","34","99","476,0,612"
"0/1","14,14","28","99","421,0,475"
"0/1","19,14","33","99","439,0,642"
"0/1","20,13","33","99","401,0,670"
"0/1","18,11","29","99","351,0,641"
"0/1","13,11","24","99","288,0,291"
"0/1","10,13","23","99","366,0,284"
"0/1","12,13","25","99","442,0,332"
"0/1","13,14","27","99","435,0,397"
"0/1","10,18","28","99","582,0,282"
"0/1","10,18","28","99","590,0,314"
"0/1","16,15","31","99","469,0,557"
"0/1","11,7","18","99","218,0,354"
"0/1","10,7","17","99","238,0,276"
"0/0","20,0","21","60","0,60,798"
"0/1","15,4","19","99","106,0,526"
"0/1","15,12","27","99","388,0,465"
"0/1","15,12","27","99","392,0,469"
"0/1","15,13","28","99","419,0,501"
"0/1","10,10","20","99","337,0,341"
"0/1","10,12","22","99","374,0,327"
"0/1","10,14","24","99","495,0,301"
"0/1","9,24","33","99","869,0,262"
"0/1","23,23","46","99","726,0,658"
"0/1","14,27","41","99","791,0,417"
"0/1","8,5","13","99","149,0,277"
"0/1","12,18","32","99","458,0,421"
"0/1","20,15","35","99","510,0,634"
"0/1","16,17","33","99","568,0,515"
"0/1","15,15","30","99","444,0,492"
"0/1","11,13","24","99","398,0,375"
"0/1","16,16","32","99","507,0,534"
"0/1","15,18","33","99","587,0,495"
"0/1","17,15","32","99","495,0,543"
"0/1","15,14","29","99","384,0,531"
"0/1","11,10","21","99","292,0,396"
"0/1","9,8","17","99","208,0,284"
"0/1","5,3","8","99","101,0,178"
"0/1","5,5","10","99","165,0,173"
"0/1","17,12","29","99","386,0,610"
"0/1","16,13","29","99","435,0,496"
"0/1","18,13","31","99","428,0,618"
"0/1","20,21","41","99","709,0,609"
"0/1","19,18","37","99","611,0,597"
"0/1","18,19","37","99","609,0,548"
"0/1","16,21","37","99","529,0,465"
"0/1","12,10","22","99","343,0,381"
"0/1","14,10","24","99","324,0,482"
"0/1","9,8","17","99","269,0,303"
"0/1","4,13","17","37","475,0,37"
"0/1","8,8","17","99","265,0,240"
"0/1","5,17","22","99","595,0,108"
"0/1","3,6","9","99","172,0,99"
"0/1","5,10","15","99","316,0,123"
"0/1","14,9","23","99","254,0,437"
"0/1","12,7","19","99","225,0,423"
"0/1","13,8","21","99","248,0,455"
"0/1","11,17","28","99","499,0,340"
"0/1","8,12","20","99","389,0,234"
"0/1","6,6","12","99","203,0,206"
"0/1","8,18","26","99","618,0,210"
"0/1","8,9","17","99","316,0,255"
"0/1","10,15","25","99","492,0,305"
"0/1","7,13","20","99","448,0,227"
"0/1","5,11","16","99","397,0,113"
"0/1","7,14","21","99","460,0,185"
"0/1","8,17","25","99","495,0,256"
"0/1","8,13","21","99","430,0,223"
"0/1","12,13","25","99","383,0,349"
"0/1","8,7","15","99","239,0,269"
"0/1","11,10","21","99","278,0,353"
"0/1","3,12","15","60","426,0,60"
"0/1","6,9","15","99","286,0,161"
"0/1","10,11","21","99","376,0,341"
"0/1","8,18","26","99","576,0,250"
"0/1","5,8","13","99","286,0,166"
"0/1","9,7","16","99","225,0,277"
"0/1","8,7","15","99","245,0,242"
"0/1","9,10","19","99","352,0,301"
"0/1","8,12","20","99","358,0,263"
"0/1","12,13","25","99","413,0,375"
"0/1","13,13","26","99","443,0,415"
"0/1","9,13","22","99","419,0,265"
"0/1","9,17","26","99","586,0,288"
"0/1","8,11","19","99","355,0,270"
"0/1","10,15","25","99","455,0,334"
"0/1","13,8","21","99","265,0,426"
"0/1","6,13","19","99","430,0,188"
"0/1","9,8","17","99","267,0,316"
"0/1","16,18","34","99","512,0,528"
"0/1","12,16","28","99","526,0,410"
"0/1","13,15","28","99","473,0,449"
"0/1","12,5","17","99","146,0,424"
"0/1","11,8","19","99","265,0,344"
"0/1","10,14","24","99","444,0,318"
"0/1","10,15","25","99","517,0,330"
"0/1","8,12","20","99","383,0,262"
"0/1","8,12","20","99","421,0,254"
"0/1","10,11","21","99","338,0,308"
"0/1","2,26","28","2","901,0,2"
"0/1","9,18","27","99","588,0,261"
"0/1","9,20","29","99","711,0,270"
"0/1","8,11","19","99","385,0,243"
"0/1","8,14","22","99","438,0,257"
"0/1","10,15","25","99","460,0,337"
"0/1","12,12","24","99","406,0,409"
"0/1","9,13","22","99","383,0,294"
"0/1","8,15","23","99","533,0,238"
"0/1","11,11","22","99","387,0,352"
"0/1","11,10","21","99","275,0,392"
"0/1","12,7","19","99","220,0,429"
"0/1","16,4","20","99","108,0,559"
"0/1","14,6","20","99","189,0,492"
"0/1","15,8","23","99","261,0,504"
"0/1","15,7","22","99","230,0,438"
"0/1","15,9","24","99","303,0,462"
"0/1","13,7","20","99","230,0,437"
"0/1","11,2","13","40","40,0,402"
"0/1","17,8","25","99","258,0,508"
"0/1","13,10","23","99","330,0,413"
"0/1","13,11","24","99","317,0,437"
"0/1","10,10","20","99","315,0,352"
"0/1","11,8","19","99","241,0,349"
"0/1","12,8","20","99","269,0,423"
"0/1","7,5","12","99","171,0,243"
"0/1","7,5","12","99","171,0,246"
"0/1","8,4","12","99","131,0,286"
"0/1","10,4","14","99","118,0,365"
"0/1","10,3","13","86","86,0,360"
"0/1","13,7","20","99","229,0,472"
"0/1","12,9","21","99","303,0,427"
"0/1","11,10","21","99","307,0,383"
"0/1","10,12","22","99","379,0,302"
"0/1","9,11","20","99","371,0,304"
"0/1","15,13","28","99","411,0,478"
"0/1","15,16","31","99","455,0,454"
"0/1","16,14","30","99","409,0,454"
"0/1","15,12","27","99","331,0,466"
"0/1","11,11","22","99","378,0,354"
"0/1","8,12","20","99","361,0,273"
"0/1","12,9","21","99","304,0,433"
"0/1","11,7","19","99","238,0,349"
"0/1","8,8","16","99","271,0,271"
"0/1","9,10","19","99","342,0,306"
"0/1","13,12","25","99","344,0,422"
"0/1","8,10","18","99","321,0,268"
"0/1","8,9","17","99","318,0,274"
"0/1","10,6","16","99","202,0,361"
"0/1","10,10","20","99","323,0,319"
"0/1","11,9","20","99","275,0,390"
"0/1","13,14","27","99","423,0,423"
"0/1","12,11","23","99","380,0,417"
"0/1","12,15","27","99","536,0,362"
"0/1","13,16","29","99","570,0,418"
"0/1","13,16","29","99","499,0,415"
"0/1","10,17","27","99","576,0,300"
"0/1","14,21","35","99","742,0,427"
"0/1","10,18","28","99","619,0,326"
"0/1","10,16","26","99","544,0,332"
"0/1","15,10","25","99","322,0,490"
"0/1","8,9","17","99","303,0,264"
"0/1","8,9","17","99","302,0,233"
"0/1","12,11","23","99","349,0,415"
"0/1","10,10","20","99","316,0,348"
"0/1","8,17","25","99","588,0,250"
"0/1","14,7","21","99","224,0,467"
"0/1","14,4","18","99","106,0,520"
"0/1","8,8","16","99","243,0,287"
"0/1","21,10","31","99","317,0,716"
"0/1","17,16","33","99","518,0,569"
"0/1","19,13","32","99","347,0,669"
"0/1","19,12","31","99","404,0,653"
"0/1","19,13","32","99","425,0,652"
"0/1","21,11","32","99","304,0,746"
"0/1","17,11","29","99","325,0,597"
"0/1","18,10","28","99","298,0,578"
"0/1","17,9","26","99","281,0,576"
"0/1","16,23","39","99","734,0,514"
"0/1","20,19","39","99","579,0,620"
"0/1","21,19","40","99","524,0,620"
"0/1","10,15","25","99","536,0,321"
"0/1","8,8","16","99","233,0,275"
"0/1","6,10","16","99","307,0,195"
"0/1","5,10","16","99","367,0,160"
"0/1","11,5","16","99","157,0,395"
"0/1","5,11","16","99","389,0,159"
"0/1","9,14","23","99","488,0,261"
"0/1","13,16","29","99","528,0,363"
"0/1","16,11","27","99","327,0,511"
"0/1","10,15","25","99","449,0,301"
"0/1","7,11","18","99","363,0,230"
"0/1","11,10","21","99","339,0,396"
"0/1","9,14","23","99","432,0,286"
"0/1","14,8","22","99","255,0,420"
"0/1","14,4","18","99","108,0,463"
"0/1","11,7","18","99","227,0,374"
"0/1","10,6","16","99","187,0,348"
"0/1","8,6","14","99","203,0,277"
"0/1","6,3","9","92","92,0,213"
"0/1","7,7","14","99","243,0,241"
"0/1","5,11","16","99","361,0,154"
"0/1","5,8","14","99","290,0,161"
"0/1","6,7","13","99","245,0,191"
"0/1","16,8","24","99","261,0,494"
"0/1","15,8","23","99","255,0,461"
"0/1","16,15","31","99","463,0,532"
"0/1","15,13","28","99","435,0,530"
"0/1","15,12","27","99","403,0,535"
"0/1","15,10","25","99","337,0,497"
"0/1","12,19","31","99","590,0,394"
"0/1","14,22","36","99","709,0,459"
"0/1","8,16","24","99","527,0,239"
"0/1","10,5","15","99","121,0,350"
"0/1","11,16","27","99","514,0,353"
"0/1","15,16","31","99","545,0,468"
"0/1","18,15","33","99","440,0,615"
"0/1","15,15","30","99","415,0,486"
"0/1","14,16","30","99","512,0,451"
"0/1","11,13","24","99","439,0,370"
"0/1","18,13","31","99","437,0,610"
"0/1","18,12","30","99","330,0,623"
"0/1","18,13","31","99","328,0,624"
"0/1","15,11","26","99","357,0,453"
"0/1","17,9","26","99","254,0,581"
"0/1","18,5","23","99","103,0,616"
"0/1","13,14","27","99","371,0,367"
"0/1","18,9","28","99","283,0,602"
"0/1","20,13","33","99","430,0,706"
"0/1","15,7","22","99","170,0,533"
"0/1","18,7","25","99","195,0,614"
"0/1","5,10","15","99","364,0,160"
"0/1","3,13","16","77","488,0,77"
"0/1","17,14","31","99","414,0,566"
"0/1","10,18","28","99","601,0,278"
"0/1","11,12","23","99","391,0,343"
"0/0","8,0","8","18","0,18,229"
"0/1","37,16","53","99","480,0,1197"
"0/1","36,12","48","99","337,0,1218"
"0/1","19,15","35","99","423,0,517"
"0/1","19,14","33","99","485,0,285"
"0/1","9,18","27","99","606,0,264"
"0/1","15,21","36","99","688,0,479"
"0/1","17,18","35","99","614,0,497"
"0/1","18,16","34","99","498,0,609"
"0/1","8,12","20","99","409,0,217"
"0/1","10,14","24","99","489,0,332"
"0/1","11,14","25","99","491,0,366"
"0/1","5,19","24","99","547,0,142"
"0/1","15,11","26","99","371,0,524"
"0/1","10,6","16","99","197,0,315"
"0/1","13,16","29","99","513,0,393"
"0/1","12,16","28","99","511,0,356"
"0/1","10,15","25","99","523,0,234"
"0/0","18,0","18","51","0,51,681"
"0/1","20,13","35","99","126,0,480"
"0/1","50,5","55","42","42,0,1387"
"0/1","91,20","111","99","265,0,2970"
"0/1","118,25","143","99","311,0,3568"
"0/1","18,16","34","99","474,0,575"
"0/1","21,18","39","99","590,0,490"
"0/1","22,17","39","99","518,0,715"
"0/1","11,17","28","99","599,0,362"
"0/1","11,16","27","99","514,0,360"
"0/1","10,8","18","99","231,0,281"
"0/1","13,12","25","99","353,0,435"
"0/1","21,14","35","99","440,0,649"
"0/1","11,15","26","99","510,0,359"
"0/1","17,17","34","99","565,0,574"
"0/1","14,12","26","99","403,0,494"
"0/1","18,12","30","99","397,0,607"
"0/1","9,10","19","99","345,0,310"
"0/1","13,9","22","99","241,0,383"
"0/1","12,12","24","99","370,0,414"
"0/1","15,4","19","99","104,0,482"
"0/1","10,7","17","99","193,0,351"
"0/1","15,14","29","99","469,0,479"
"0/1","11,11","22","99","373,0,370"
"0/1","14,15","29","99","523,0,479"
"0/1","20,14","34","99","451,0,668"
"0/1","14,21","35","99","596,0,382"
"0/1","14,5","19","99","151,0,311"
"0/1","35,9","44","99","173,0,955"
"0/1","41,12","53","99","231,0,1194"
"0/1","47,13","60","99","218,0,1397"
"0/1","52,14","66","99","202,0,1510"
"0/1","61,10","71","99","144,0,1663"
"0/1","51,10","63","53","53,0,1417"
"0/1","22,15","37","99","449,0,698"
"0/1","13,18","31","99","626,0,402"
"0/1","8,16","24","99","532,0,258"
"0/1","10,12","22","99","366,0,294"
"0/1","12,9","21","99","294,0,429"
"0/1","6,11","17","99","323,0,196"
"0/1","10,10","21","99","290,0,268"
"0/1","6,11","17","99","340,0,192"
"0/1","12,6","18","99","191,0,378"
"0/1","10,9","19","99","315,0,281"
"0/1","18,20","38","99","535,0,617"
"0/1","20,19","39","99","650,0,561"
"0/1","21,18","39","99","470,0,623"
"0/1","18,19","37","99","544,0,523"
"0/1","16,14","31","99","419,0,480"
"0/1","20,12","32","99","303,0,616"
"0/1","20,12","32","99","303,0,619"
"0/1","20,11","31","99","291,0,669"
"0/1","12,5","17","99","155,0,397"
"0/1","11,13","24","99","463,0,332"
"0/1","6,9","15","99","308,0,200"
"0/1","5,8","13","99","286,0,164"
"0/1","6,7","13","99","235,0,200"
"0/1","6,8","14","99","277,0,200"
"0/1","6,7","13","99","233,0,210"
"0/1","8,7","15","99","234,0,257"
"0/1","4,5","9","95","178,0,95"
"0/1","4,7","11","93","259,0,93"
"0/1","4,8","12","99","283,0,111"
"0/1","8,14","22","99","456,0,253"
"0/1","8,13","21","99","414,0,251"
"0/1","9,12","21","99","419,0,285"
"0/1","12,13","25","99","373,0,354"
"0/1","12,13","25","99","373,0,362"
"0/1","10,12","22","99","340,0,300"
"0/1","11,13","24","99","334,0,365"
"0/1","11,10","21","99","294,0,374"
"0/1","13,13","26","99","383,0,393"
"0/1","18,13","31","99","439,0,604"
"0/1","18,17","36","99","499,0,545"
"0/1","14,13","31","99","293,0,283"
"0/1","12,15","27","99","399,0,176"
"0/1","15,17","32","99","553,0,470"
"0/1","12,19","31","99","663,0,388"
"0/1","9,21","30","99","469,0,236"
"0/1","14,12","26","99","420,0,341"
"0/1","9,15","24","99","510,0,266"
"0/1","11,10","21","99","355,0,281"
"0/1","6,10","16","99","312,0,195"
"0/1","11,11","22","99","348,0,338"
"0/1","6,9","15","99","267,0,180"
"0/1","7,8","15","99","263,0,232"
"0/1","9,10","19","99","340,0,312"
"0/1","10,17","28","99","596,0,316"
"0/1","13,15","28","99","476,0,446"
"0/1","13,13","26","99","411,0,375"
"0/1","8,18","26","99","587,0,193"
"0/1","12,19","31","99","602,0,370"
"0/1","17,24","41","99","748,0,481"
"0/1","19,17","36","99","523,0,603"
"0/1","18,15","33","99","465,0,493"
"0/1","17,13","30","99","382,0,556"
"0/1","13,15","28","99","509,0,428"
"0/1","19,16","35","99","509,0,492"
"0/1","13,8","21","99","257,0,441"
"0/1","14,10","24","99","322,0,465"
"0/1","14,10","24","99","293,0,485"
"0/1","15,11","26","99","318,0,483"
"0/1","16,11","27","99","274,0,467"
"0/1","13,6","19","99","152,0,414"
"0/1","14,8","22","99","234,0,387"
"0/1","10,18","28","99","557,0,309"
"0/1","10,18","28","99","626,0,313"
"0/1","13,17","30","99","596,0,431"
"0/1","11,16","27","99","503,0,334"
"0/1","15,24","39","99","830,0,408"
"0/1","18,21","39","99","584,0,574"
"0/1","19,28","47","99","914,0,600"
"0/1","24,19","43","99","511,0,787"
"0/1","17,20","37","99","589,0,556"
"0/1","19,14","33","99","450,0,649"
"0/1","21,13","34","99","398,0,726"
"0/1","8,8","16","99","263,0,240"
"0/1","9,24","33","99","839,0,239"
"0/1","11,14","25","99","499,0,334"
"0/1","6,6","12","99","208,0,201"
"0/1","26,24","50","99","742,0,832"
"0/1","18,17","35","99","491,0,570"
"0/1","18,15","33","99","446,0,570"
"0/1","7,12","19","99","374,0,214"
"0/1","12,14","26","99","455,0,288"
"0/1","14,10","40","99","320,0,488"
"0/1","15,12","27","99","356,0,516"
"0/1","25,6","31","99","99,0,707"
"0/1","18,4","23","97","97,0,644"
"0/1","14,13","27","99","366,0,437"
"0/1","8,9","17","99","163,0,146"
"0/1","7,8","15","99","244,0,243"
"0/1","16,14","30","99","419,0,449"
"0/1","9,15","24","99","545,0,260"
"0/1","10,17","27","99","578,0,271"
"0/1","15,10","25","99","338,0,459"
"0/1","16,14","30","99","448,0,523"
"0/1","8,9","17","99","241,0,282"
"0/1","9,12","21","99","423,0,295"
"0/1","19,15","34","99","492,0,649"
"0/1","18,12","30","99","385,0,601"
"0/1","31,6","41","59","59,0,574"
"0/0","68,3","72","99","0,106,1948"
"0/1","44,15","59","99","309,0,1153"
"0/1","44,15","61","99","250,0,1241"
"0/1","12,11","23","99","344,0,396"
"0/1","15,6","21","99","180,0,534"
"0/1","9,11","20","99","391,0,310"
"0/1","9,17","26","99","581,0,289"
"0/1","10,18","28","99","578,0,297"
"0/1","11,15","26","99","511,0,316"
"0/1","8,16","24","99","556,0,193"
"0/1","12,12","24","99","356,0,375"
"0/1","10,10","20","99","336,0,340"
"0/1","13,10","23","99","293,0,454"
"0/1","12,5","17","99","146,0,386"
"0/1","5,13","18","99","440,0,142"
"0/1","5,14","19","99","469,0,153"
"0/1","9,7","16","99","239,0,316"
"0/1","13,16","29","99","530,0,403"
"0/1","16,18","34","99","533,0,526"
"0/1","15,19","34","99","573,0,515"
"0/1","13,9","22","99","304,0,430"
"0/1","5,12","17","99","435,0,151"
"0/1","7,13","20","99","461,0,222"
"0/1","8,15","23","99","535,0,250"
"0/1","10,10","20","99","266,0,350"
"0/1","8,6","14","99","208,0,278"
"0/1","7,9","16","99","319,0,231"
"0/1","4,10","14","99","364,0,118"
"0/1","12,10","22","99","343,0,425"
"0/1","9,10","19","99","326,0,300"
"0/1","13,11","24","99","374,0,461"
"0/1","12,9","21","99","284,0,423"
"0/1","8,8","16","99","274,0,281"
"0/1","15,10","25","99","333,0,476"
"0/1","14,8","22","99","258,0,474"
"0/1","18,9","27","99","292,0,610"
"0/1","9,13","22","99","414,0,306"
"0/1","8,12","20","99","428,0,267"
"0/1","15,11","26","99","334,0,477"
"0/1","14,11","25","99","335,0,492"
"0/1","14,5","19","99","150,0,517"
"0/1","16,13","29","99","375,0,495"
"0/1","19,12","31","99","368,0,629"
"0/1","17,9","26","99","277,0,610"
"0/1","11,11","22","99","383,0,357"
"0/1","13,14","27","99","488,0,431"
"0/1","18,23","41","99","733,0,594"
"0/1","17,21","38","99","663,0,428"
"0/1","15,20","35","99","633,0,357"
"0/1","11,21","32","99","685,0,296"
"0/1","10,20","30","99","590,0,276"
"0/1","13,14","27","99","488,0,407"
"0/1","11,12","23","99","405,0,377"
"0/1","15,11","26","99","296,0,456"
"0/1","17,16","33","99","548,0,472"
"0/1","12,9","21","99","270,0,434"
"0/1","9,9","18","99","279,0,316"
"0/1","12,7","19","99","233,0,434"
"0/1","13,12","25","99","409,0,391"
"0/1","8,12","20","99","387,0,272"
"0/1","15,7","22","99","224,0,499"
"0/1","10,9","19","99","278,0,315"
"0/1","14,12","26","99","411,0,491"
"0/1","12,12","24","99","366,0,411"
"0/1","12,17","29","99","560,0,371"
"0/1","3,16","19","31","587,0,31"
"0/1","11,12","23","99","349,0,383"
"0/1","12,13","25","99","388,0,418"
"0/1","18,14","32","99","472,0,610"
"0/1","11,8","19","99","190,0,364"
"0/1","10,8","18","99","231,0,318"
"0/1","6,6","12","99","126,0,181"
"0/1","7,11","18","99","396,0,222"
"0/1","11,4","15","99","123,0,363"
"0/1","15,9","24","99","297,0,495"
"0/1","10,8","18","99","268,0,349"
"0/1","11,6","17","99","191,0,369"
"0/1","16,15","31","99","527,0,492"
"0/1","16,11","27","99","342,0,539"
"0/1","11,10","22","99","342,0,353"
"0/1","9,9","18","99","237,0,281"
"0/1","7,9","16","99","316,0,215"
"0/1","7,14","21","99","429,0,227"
"0/1","7,12","19","99","384,0,181"
"0/1","10,7","17","99","229,0,358"
"0/1","9,15","24","99","459,0,303"
"0/1","6,9","15","99","324,0,197"
"0/1","6,8","14","99","254,0,174"
"0/1","10,7","17","99","231,0,322"
"0/1","8,13","21","99","427,0,266"
"0/1","14,6","20","99","175,0,471"
"0/1","11,10","21","99","341,0,380"
"0/1","14,12","26","99","396,0,475"
"0/1","16,9","25","99","292,0,551"
"0/1","21,8","29","99","238,0,684"
"0/1","23,5","28","99","106,0,777"
"0/1","14,19","33","99","661,0,470"
"0/1","12,17","29","99","550,0,321"
"0/1","13,11","24","99","361,0,399"
"0/1","11,12","23","99","381,0,332"
"0/1","15,19","34","99","471,0,478"
"0/1","18,11","29","99","343,0,596"
"0/1","12,15","27","99","473,0,365"
"0/1","11,17","28","99","456,0,362"
"0/1","15,16","31","99","552,0,469"
"0/1","11,15","26","99","497,0,371"
"0/1","17,13","30","99","400,0,584"
"0/1","8,9","17","99","308,0,279"
"0/1","14,21","35","99","711,0,393"
"0/1","10,22","32","99","772,0,296"
"0/1","13,15","28","99","414,0,443"
"0/1","14,14","28","99","485,0,479"
"0/1","9,9","18","99","273,0,272"
"0/1","9,9","18","99","305,0,303"
"0/1","6,13","19","99","370,0,197"
"0/1","16,23","39","99","721,0,437"
"0/1","18,15","33","99","316,0,477"
"0/1","24,11","35","99","325,0,671"
"0/0","32,1","33","53","0,53,1124"
"0/0","35,1","36","61","0,61,1224"
"0/0","36,0","40","99","0,102,1319"
"0/0","39,0","39","99","0,108,1396"
"0/0","28,0","33","84","0,84,1029"
"0/0","38,3","41","46","0,46,1397"
"0/0","35,1","38","99","0,102,1362"
"0/0","35,2","38","65","0,65,1319"
"0/0","36,0","36","99","0,108,1400"
"0/0","35,0","35","99","0,99,1280"
"0/0","33,0","33","96","0,96,1238"
"0/0","39,0","39","99","0,105,1318"
"0/0","38,0","38","99","0,108,1412"
"0/0","37,0","37","99","0,102,1304"
"0/0","35,0","35","99","0,99,1299"
"0/0","36,0","36","93","0,93,1185"
"0/0","36,0","36","99","0,102,1342"
"0/1","13,14","27","99","470,0,415"
"0/1","25,11","36","99","285,0,865"
"0/1","21,16","37","99","456,0,719"
"0/1","12,18","30","99","606,0,389"
"0/1","20,18","38","99","607,0,657"
"0/1","12,10","22","99","327,0,418"
"0/1","17,15","32","99","424,0,554"
"0/1","14,16","30","99","546,0,476"
"0/1","8,9","17","99","277,0,240"
"0/1","22,25","47","99","798,0,642"
"0/1","26,17","43","99","540,0,870"
"0/1","11,11","22","99","372,0,332"
"0/1","9,21","31","99","695,0,233"
"0/0","43,0","43","99","0,120,1592"
"0/1","23,12","35","99","356,0,815"
"0/1","23,13","36","99","284,0,778"
"0/1","17,16","33","99","491,0,487"
"0/1","14,13","27","99","448,0,448"
"0/1","17,13","30","99","374,0,537"
"0/1","9,9","18","99","309,0,298"
"0/1","12,6","18","99","183,0,436"
"0/1","18,13","31","99","436,0,549"
"0/1","10,14","24","99","501,0,334"
"0/1","17,17","34","99","505,0,488"
"0/1","13,17","30","99","606,0,400"
"0/1","5,6","11","99","192,0,157"
"0/1","13,10","23","99","325,0,450"
"0/1","12,9","21","99","301,0,423"
"0/1","13,17","30","99","535,0,440"
"0/1","8,11","19","99","348,0,268"
"0/1","17,14","31","99","474,0,512"
"0/1","12,7","19","99","230,0,416"
"0/1","10,23","33","99","816,0,271"
"0/1","8,7","15","99","227,0,271"
"0/1","18,13","31","99","326,0,527"
"0/1","14,15","29","99","495,0,472"
"0/1","3,12","16","7","252,0,7"
"0/1","17,16","33","99","535,0,519"
"0/0","23,0","23","60","0,60,751"
"0/1","27,12","39","99","291,0,797"
"0/1","17,16","33","99","454,0,523"
"0/1","18,15","33","99","469,0,630"
"0/1","20,13","33","99","369,0,699"
"0/1","19,16","35","99","551,0,661"
"0/1","10,8","18","99","203,0,330"
"0/1","15,17","32","99","347,0,406"
"0/1","21,15","36","99","467,0,733"
"0/1","11,13","24","99","423,0,335"
"0/1","13,11","24","99","377,0,392"
"0/0","20,3","23","39","0,39,417"
"0/1","21,15","36","99","450,0,564"
"0/1","15,19","34","99","663,0,478"
"0/1","17,12","29","99","353,0,568"
"0/1","8,18","26","99","560,0,232"
"0/1","18,13","31","99","381,0,534"
"0/1","13,20","33","99","704,0,421"
"0/1","6,11","17","99","399,0,191"
"0/1","6,8","14","99","283,0,157"
"0/1","14,9","23","99","304,0,421"
"0/1","16,16","32","99","477,0,544"
"0/1","10,10","20","99","344,0,334"
"0/1","14,10","24","99","327,0,494"
"0/1","15,23","38","99","700,0,486"
"0/1","12,23","35","99","825,0,263"
"0/1","10,13","23","99","385,0,318"
"0/1","14,18","32","99","490,0,425"
"0/1","19,10","29","99","313,0,598"
"0/1","13,7","20","99","221,0,457"
"0/1","10,10","20","99","326,0,276"
"0/1","8,9","17","99","312,0,266"
"0/1","6,10","16","99","330,0,195"
"0/1","13,15","28","99","489,0,405"
"0/1","8,14","22","99","450,0,225"
"0/1","16,10","26","99","255,0,562"
"0/1","10,8","18","99","271,0,357"
"0/1","13,11","24","99","315,0,448"
"0/1","9,17","26","99","606,0,274"
"0/1","8,9","17","99","300,0,273"
"0/1","17,18","35","99","562,0,524"
"0/1","14,30","44","99","897,0,390"
"0/1","13,25","38","99","824,0,393"
"0/1","10,4","14","99","124,0,296"
"0/1","18,16","34","99","522,0,614"
"0/1","19,15","34","99","417,0,553"
"0/1","7,10","17","99","344,0,236"
"0/1","7,19","26","99","672,0,207"
"0/1","13,14","27","99","361,0,417"
"0/1","11,16","27","99","493,0,351"
"0/1","28,16","44","99","484,0,760"
"0/1","16,18","34","99","632,0,510"
"0/1","15,13","28","99","441,0,423"
"0/1","12,10","22","99","313,0,384"
"0/1","11,23","34","99","666,0,355"
"0/1","11,10","21","99","340,0,375"
"0/1","16,15","31","99","499,0,485"
"0/1","20,23","43","99","651,0,634"
"0/1","18,24","42","99","798,0,543"
"0/1","16,13","29","99","366,0,486"
"0/1","8,15","23","99","507,0,255"
"0/1","13,4","17","80","80,0,431"
"0/1","6,10","16","99","356,0,192"
"0/0","11,0","11","24","0,24,334"
"0/0","9,0","9","21","0,21,294"
"0/1","8,2","10","56","56,0,185"
"0/0","9,0","9","18","0,18,247"
"0/0","6,0","6","12","0,12,162"
"0/1","11,16","27","99","562,0,332"
"0/1","5,5","10","99","167,0,177"
"0/1","10,16","26","99","566,0,256"
"0/1","15,11","26","99","366,0,533"
"0/1","11,8","19","99","265,0,389"
"0/1","9,8","17","99","275,0,313"
"0/1","11,14","25","99","487,0,359"
"0/1","15,10","25","99","327,0,493"
"0/0","23,0","23","63","0,63,845"
"0/1","17,11","28","99","362,0,584"
"0/1","11,14","25","99","479,0,372"
"0/1","27,15","42","99","429,0,955"
"0/1","25,17","42","99","565,0,842"
"0/1","15,10","25","99","335,0,486"
"1/1","3,7","11","12","151,12,0"
"0/1","26,18","45","99","524,0,853"
"0/1","5,42","47","44","1483,0,44"
"0/1","18,9","27","99","239,0,476"
"0/1","6,4","12","96","132,0,96"
"0/1","7,16","23","99","551,0,195"
"0/1","11,21","32","99","580,0,301"
"0/1","11,6","17","99","189,0,393"
"0/1","6,16","22","99","510,0,185"
"0/1","4,11","15","99","399,0,107"
"0/1","29,17","46","99","229,0,809"
"0/1","26,20","46","99","320,0,691"
"0/1","12,7","19","99","228,0,429"
"0/1","10,9","19","99","297,0,347"
"0/1","15,6","21","99","176,0,548"
"0/1","37,9","46","99","178,0,1209"
"0/1","39,13","53","99","234,0,1355"
"0/1","45,12","58","99","199,0,1517"
"0/1","36,6","42","99","122,0,1160"
"0/1","26,5","31","99","101,0,883"
"0/1","12,7","19","99","232,0,427"
"0/1","17,6","23","99","175,0,591"
"0/1","15,10","25","99","303,0,541"
"0/0","26,0","26","75","0,75,1016"
"0/1","15,10","25","99","332,0,503"
"0/1","8,15","23","99","477,0,267"
"0/1","15,13","28","99","450,0,487"
"0/1","41,9","50","99","217,0,1390"
"0/1","9,14","23","99","433,0,220"
"0/1","2,5","7","56","186,0,56"
"0/1","8,18","26","99","605,0,208"
"0/1","11,5","16","99","154,0,349"
"0/1","12,7","19","99","210,0,420"
"0/1","7,7","14","99","235,0,232"
"0/1","7,6","13","99","167,0,219"
"0/1","2,12","14","44","408,0,44"
"0/1","14,10","24","99","317,0,481"
"0/1","12,9","21","99","306,0,424"
"0/1","8,8","16","99","243,0,284"
"0/1","5,6","11","99","217,0,135"
"0/1","13,7","20","99","217,0,466"
"0/1","11,12","23","99","380,0,386"
"0/1","12,9","21","99","303,0,397"
"1/1","0,22","22","60","810,60,0"
"0/1","21,11","34","99","355,0,612"
"0/1","14,12","26","99","207,0,456"
"0/1","11,3","14","10","10,0,315"
"0/1","10,12","22","99","408,0,341"
"0/1","23,17","40","99","510,0,751"
"0/1","15,8","23","99","241,0,458"
"0/0","27,0","27","69","0,69,891"
"0/1","15,16","31","99","452,0,448"
"0/1","12,9","21","99","262,0,420"
"0/1","16,11","27","99","352,0,555"
"0/0","29,0","29","78","0,78,1063"
"1/1","0,34","34","96","1239,96,0"
"0/1","9,4","14","99","120,0,161"
"0/1","14,16","30","99","496,0,212"
"0/1","12,22","34","99","679,0,347"
"0/1","17,20","37","99","621,0,463"
"0/0","23,4","27","21","0,21,720"
"0/1","24,4","28","14","14,0,692"
"0/1","9,12","21","99","397,0,300"
"0/1","12,16","28","99","470,0,362"
"0/1","21,13","34","99","431,0,708"
"0/1","18,16","34","99","502,0,616"
"0/1","13,11","24","99","277,0,350"
"0/1","14,10","24","99","304,0,441"
"0/1","14,13","27","99","358,0,464"
"0/1","7,6","13","99","163,0,124"
"0/0","33,0","33","84","0,84,1041"
"0/1","17,19","37","99","593,0,468"
"0/1","12,19","31","99","663,0,360"
"0/1","8,13","21","99","448,0,193"
"0/1","12,18","30","99","425,0,360"
"0/1","14,6","20","99","154,0,337"
"0/1","8,7","15","99","235,0,280"
"0/1","6,17","23","99","585,0,171"
"0/1","13,2","16","22","22,0,170"
"0/1","6,14","20","99","457,0,183"
"0/1","15,12","28","99","402,0,480"
"0/1","14,18","32","99","584,0,379"
"0/1","35,7","42","74","74,0,591"
"0/1","18,15","34","99","331,0,244"
"0/1","9,17","26","99","578,0,230"
"0/1","13,14","27","99","451,0,407"
"0/0","27,0","27","72","0,72,948"
"0/0","22,0","22","63","0,63,824"
"0/1","20,16","36","99","501,0,646"
"0/1","15,15","30","99","397,0,403"
"0/0","26,1","27","38","0,38,965"
"0/1","13,9","22","99","269,0,306"
"0/1","19,8","27","99","188,0,556"
"0/1","19,19","39","99","616,0,588"
"0/1","112,21","134","99","404,0,3359"
"0/1","117,23","140","99","433,0,3444"
"0/1","77,25","102","99","265,0,2128"
"0/1","73,17","90","99","291,0,1789"
"0/1","59,19","78","99","324,0,1504"
"0/1","44,16","60","99","350,0,1199"
"0/1","99,29","128","99","534,0,2660"
"0/1","128,24","152","99","352,0,3882"
"0/1","21,25","46","99","743,0,700"
"0/1","37,31","69","99","867,0,1047"
"0/1","39,10","49","99","130,0,1151"
"0/1","41,10","51","99","126,0,1235"
"0/1","110,22","132","99","379,0,2681"
"0/0","82,0","82","99","0,232,3015"
"0/1","32,36","68","99","1185,0,1020"
"0/1","5,6","11","99","111,0,99"
"0/1","6,7","13","95","136,0,95"
"0/1","94,17","111","99","120,0,3072"
"0/1","104,20","124","99","237,0,3118"
"0/1","145,24","169","99","337,0,4625"
"0/1","29,10","39","99","191,0,935"
"0/1","24,10","35","99","188,0,812"
"0/1","14,17","31","99","542,0,442"
"0/1","19,20","39","99","567,0,576"
"0/1","17,17","34","99","528,0,516"
"0/1","7,15","22","99","483,0,193"
"0/1","9,31","40","99","845,0,172"
"0/1","12,17","29","99","538,0,385"
"0/1","10,12","22","99","426,0,291"
"0/1","20,12","32","99","359,0,666"
"0/1","17,13","30","99","392,0,595"
"0/1","15,15","30","99","490,0,485"
"0/0","34,0","34","78","0,78,1011"
"0/1","40,9","49","4","4,0,1228"
"0/1","16,15","31","99","481,0,500"
"0/1","13,12","25","99","362,0,419"
"0/1","15,7","22","99","222,0,486"
"0/1","14,13","27","99","334,0,463"
"0/0","15,1","17","39","0,39,484"
"0/0","16,0","18","36","0,36,396"
"0/0","15,1","18","12","0,12,354"
"0/0","16,1","18","9","0,9,323"
"0/0","17,1","18","15","0,15,421"
"0/0","22,0","22","54","0,54,668"
"0/0","21,1","22","27","0,27,568"
"0/0","22,1","23","39","0,39,716"
"0/0","23,1","24","49","0,49,825"
"0/0","23,1","24","49","0,49,832"
"0/0","23,1","24","43","0,43,786"
"0/0","23,1","24","45","0,45,771"
"0/1","3,5","8","61","181,0,61"
"1/1","0,6","6","15","205,15,0"
"0/0","38,1","39","56","0,56,1128"
"0/1","14,8","22","99","216,0,463"
"0/1","28,8","36","81","81,0,967"
"0/1","35,9","44","99","190,0,1185"
"0/1","31,19","50","99","584,0,994"
"0/1","42,17","59","99","454,0,1229"
"0/1","28,27","55","99","881,0,925"
"0/1","49,11","60","99","280,0,1559"
"0/1","50,10","60","99","235,0,1682"
"0/1","40,32","72","99","964,0,1176"
"0/1","27,24","51","99","720,0,839"
"0/1","37,18","56","99","499,0,1075"
"0/1","35,10","45","99","249,0,1021"
"0/1","24,9","33","99","264,0,761"
"0/1","18,12","31","99","394,0,635"
"0/1","15,4","19","84","84,0,536"
"1/1","0,35","35","99","1327,102,0"
"0/0","36,2","38","60","0,60,1133"
"0/1","14,10","24","99","335,0,482"
"0/0","24,0","24","69","0,69,922"
"0/1","27,3","30","25","25,0,999"
"0/1","7,15","22","99","506,0,217"
"0/0","41,0","41","99","0,108,1410"
"0/1","20,22","42","99","668,0,664"
"0/1","25,8","33","99","209,0,807"
"0/0","39,0","39","99","0,111,1469"
"0/1","25,14","39","99","369,0,845"
"0/1","14,16","30","99","517,0,474"
"0/1","13,16","29","99","555,0,398"
"0/1","14,10","24","99","328,0,380"
"0/1","13,21","34","99","702,0,393"
"0/1","16,9","25","99","295,0,501"
"0/1","11,19","30","99","640,0,356"
"0/1","12,10","22","99","334,0,414"
"0/1","16,13","29","99","390,0,484"
"0/1","21,5","27","99","110,0,181"
"0/1","8,11","19","99","381,0,236"
"0/1","11,10","21","99","293,0,380"
"0/1","18,12","30","99","299,0,576"
"0/1","24,14","38","99","425,0,781"
"0/1","15,14","29","99","485,0,451"
"0/1","20,15","35","99","502,0,656"
"0/1","21,21","42","99","686,0,641"
"0/1","16,18","34","99","532,0,475"
"0/1","21,9","30","99","276,0,702"
"0/1","18,11","29","99","345,0,544"
"0/1","19,15","34","99","455,0,628"
"0/1","11,12","23","99","370,0,376"
"0/1","15,12","27","99","362,0,526"
"0/1","10,10","20","99","323,0,347"
"0/1","8,11","19","99","341,0,273"
"0/1","12,9","21","99","272,0,410"
"0/1","8,13","21","99","455,0,223"
"0/1","8,7","15","99","220,0,248"
"0/1","11,11","22","99","384,0,328"
"1/1","0,18","18","54","726,54,0"
"0/1","8,6","14","99","200,0,267"
"0/1","13,14","27","99","501,0,380"
"0/1","11,15","26","99","461,0,353"
"0/1","15,9","24","99","279,0,527"
"0/1","13,8","21","99","232,0,438"
"0/0","12,0","13","21","0,21,233"
"0/1","44,7","51","99","120,0,1379"
"0/1","7,9","16","99","325,0,203"
"0/1","10,15","25","99","506,0,325"
"0/1","8,8","16","99","203,0,288"
"0/1","8,8","16","99","245,0,269"
"0/1","8,9","17","99","321,0,231"
"0/1","12,13","25","99","416,0,381"
"0/1","9,13","22","99","430,0,267"
"0/1","43,9","56","99","107,0,978"
"0/1","40,14","57","99","102,0,1028"
"0/1","37,3","40","4","4,0,1295"
"0/1","46,7","53","99","112,0,1487"
"0/1","11,14","25","99","489,0,351"
"0/1","19,15","34","99","460,0,662"
"0/1","8,13","21","99","415,0,264"
"0/1","11,15","26","99","521,0,372"
"0/1","24,17","41","99","527,0,669"
"0/1","24,18","42","99","571,0,664"
"1/1","1,40","41","99","1352,102,0"
"0/1","18,23","41","99","620,0,542"
"0/1","12,13","26","99","445,0,411"
"0/1","14,19","33","99","662,0,358"
"0/1","14,14","29","99","354,0,468"
"0/1","18,15","33","99","363,0,618"
"0/1","13,14","27","99","473,0,425"
"0/1","13,16","29","99","515,0,405"
"0/1","16,17","33","99","541,0,455"
"0/1","17,16","33","99","511,0,529"
"0/1","18,15","33","99","462,0,561"
"0/1","15,9","24","99","283,0,463"
"0/1","19,12","31","99","394,0,633"
"0/1","8,13","21","99","430,0,251"
"0/1","7,16","23","99","541,0,216"
"0/1","12,7","19","99","220,0,434"
"0/1","14,9","23","99","266,0,504"
"0/1","10,15","25","99","505,0,337"
"0/1","9,14","23","99","452,0,260"
"0/1","8,13","21","99","427,0,257"
"0/1","9,12","21","99","384,0,270"
"0/1","8,8","16","99","245,0,265"
"1/1","0,15","15","39","517,39,0"
"0/1","7,9","16","99","313,0,202"
"0/1","9,3","12","90","90,0,289"
"0/1","10,14","24","99","473,0,304"
"0/1","13,9","22","99","269,0,415"
"0/1","9,16","25","99","515,0,257"
"0/1","9,7","16","99","234,0,284"
"0/1","5,8","13","99","281,0,127"
"0/1","11,13","24","99","392,0,341"
"0/0","10,0","11","27","0,27,339"
"0/1","15,22","37","99","691,0,448"
"0/1","16,11","27","99","329,0,526"
"0/1","11,13","24","99","436,0,335"
"0/1","8,8","16","99","269,0,264"
"0/1","15,26","41","99","786,0,450"
"0/1","11,16","27","99","374,0,265"
"0/1","13,10","23","99","337,0,421"
"0/1","24,10","34","99","218,0,774"
"0/1","17,12","29","99","316,0,565"
"0/1","10,8","18","99","263,0,316"
"0/1","13,12","25","99","418,0,425"
"0/1","12,14","26","99","455,0,365"
"0/1","17,29","46","99","993,0,475"
"0/1","9,14","23","99","449,0,290"
"0/1","15,9","24","99","287,0,498"
"0/1","20,11","31","99","354,0,665"
"0/1","25,12","37","99","310,0,548"
"0/1","14,9","24","99","257,0,451"
"0/1","17,2","20","49","49,0,285"
"0/1","15,5","20","99","132,0,210"
"0/1","16,17","33","99","477,0,509"
"0/1","10,14","24","99","487,0,333"
"0/1","8,5","13","99","157,0,280"
"0/1","8,8","16","99","245,0,247"
"0/1","19,14","33","99","436,0,637"
"0/1","20,19","39","99","484,0,654"
"0/1","12,5","17","99","118,0,376"
"0/1","4,13","17","99","424,0,115"
"0/1","7,4","11","99","121,0,210"
"0/1","12,12","24","99","419,0,422"
"0/1","11,13","24","99","461,0,378"
"0/1","8,9","17","99","302,0,279"
"0/1","11,10","21","99","341,0,384"
"0/1","9,10","19","99","333,0,294"
"0/1","19,7","26","99","155,0,680"
"0/1","16,16","32","99","545,0,494"
"0/1","23,15","38","99","456,0,730"
"0/1","15,19","34","99","619,0,464"
"0/1","19,16","35","99","506,0,589"
"0/1","26,20","47","99","633,0,825"
"0/1","16,15","31","99","441,0,440"
"0/1","13,4","17","99","111,0,453"
"0/1","9,12","21","99","431,0,297"
"0/1","9,14","23","99","485,0,273"
"0/1","15,18","33","99","520,0,407"
"0/1","17,13","30","99","334,0,504"
"0/1","11,7","18","99","225,0,340"
"0/1","17,20","37","99","668,0,574"
"0/1","11,14","25","99","429,0,351"
"0/1","17,17","34","99","520,0,551"
"0/1","14,17","31","99","575,0,465"
"0/1","11,17","28","99","494,0,324"
"0/1","16,19","36","99","572,0,430"
"0/1","23,14","37","99","405,0,793"
"0/1","26,11","37","99","258,0,853"
"0/1","22,11","33","99","274,0,703"
"0/1","18,12","30","99","394,0,598"
"0/0","35,0","35","99","0,105,1404"
"0/1","8,8","16","99","271,0,282"
"0/1","16,18","34","99","530,0,511"
"0/1","15,16","31","99","540,0,498"
"0/1","6,13","19","99","393,0,180"
"0/1","8,7","15","99","201,0,267"
"0/1","9,18","27","99","614,0,276"
"0/1","16,11","27","99","300,0,500"
"0/1","13,15","28","99","467,0,428"
"0/1","16,12","28","99","388,0,521"
"0/1","13,15","28","99","494,0,414"
"0/1","19,14","33","99","421,0,525"
"0/1","20,15","35","99","448,0,639"
"0/0","19,0","19","54","0,54,710"
"0/1","15,11","26","99","330,0,482"
"0/1","27,21","48","99","648,0,838"
"0/1","7,11","18","99","401,0,191"
"0/1","14,10","24","99","323,0,494"
"0/1","21,20","41","99","651,0,675"
"0/1","8,11","19","99","314,0,273"
"0/1","8,5","13","99","160,0,287"
"0/1","14,11","25","99","374,0,501"
"0/1","9,4","13","90","90,0,333"
"0/1","9,4","13","92","92,0,329"
"0/1","21,17","38","99","485,0,677"
"0/1","22,20","42","99","656,0,757"
"0/1","18,22","40","99","660,0,529"
"0/1","19,20","39","99","670,0,636"
"0/1","16,19","35","99","619,0,506"
"0/1","12,23","35","99","717,0,351"
"0/1","15,18","33","99","565,0,420"
"0/1","7,7","14","99","212,0,196"
"0/0","4,1","6","6","0,6,77"
"0/1","16,16","32","99","450,0,540"
"0/1","7,9","16","99","316,0,242"
"0/1","13,11","24","99","349,0,392"
"0/1","13,18","31","99","591,0,422"
"0/1","12,13","25","99","411,0,411"
"0/1","16,9","25","99","297,0,554"
"0/1","11,11","22","99","377,0,315"
"0/1","7,8","15","99","272,0,238"
"0/1","11,10","21","99","342,0,312"
"0/0","11,0","11","27","0,27,317"
"0/1","13,19","32","99","502,0,329"
"0/1","15,6","21","99","187,0,445"
"0/1","14,7","21","99","213,0,496"
"0/1","12,17","29","99","566,0,356"
"0/1","14,11","25","99","374,0,383"
"0/1","18,19","37","99","652,0,573"
"0/1","11,17","28","99","558,0,363"
"0/1","10,8","18","99","261,0,311"
"0/1","14,14","28","99","477,0,405"
"0/0","25,0","25","69","0,69,917"
"0/1","15,12","27","99","370,0,516"
"0/1","18,15","33","99","464,0,512"
"0/1","13,12","25","99","362,0,368"
"0/1","14,21","35","99","686,0,382"
"0/1","11,5","16","99","157,0,369"
"0/1","11,7","18","99","228,0,343"
"0/1","10,16","26","99","473,0,327"
"0/1","15,11","26","99","334,0,470"
"0/1","8,16","24","99","526,0,210"
"0/1","13,6","19","99","128,0,458"
"0/1","16,18","34","99","534,0,543"
"0/1","12,14","26","99","440,0,355"
"0/1","24,17","41","99","479,0,711"
"0/1","17,13","30","99","372,0,609"
"0/1","10,13","23","99","457,0,328"
"0/1","8,7","15","99","238,0,277"
"0/1","7,4","11","99","126,0,139"
"0/1","13,16","29","99","490,0,416"
"0/1","14,20","34","99","676,0,459"
"1/1","0,12","13","24","289,24,0"
"0/1","14,10","24","99","256,0,491"
"0/1","9,15","24","99","477,0,283"
"0/1","15,13","28","99","417,0,445"
"0/1","20,21","41","99","665,0,579"
"0/1","18,16","34","99","455,0,481"
"0/1","16,19","35","99","596,0,481"
"0/1","15,8","23","99","263,0,504"
"0/1","9,8","17","99","271,0,308"
"0/1","13,17","30","99","548,0,429"
"0/1","13,11","24","99","380,0,396"
"0/1","11,6","17","99","184,0,398"
"0/1","11,6","17","99","188,0,401"
"0/1","14,16","30","99","538,0,444"
"0/1","20,14","34","99","419,0,594"
"0/1","13,21","34","99","662,0,386"
"0/1","16,13","29","99","388,0,505"
"0/1","12,11","23","99","378,0,370"
"0/1","9,14","23","99","485,0,275"
"0/1","17,18","36","99","567,0,491"
"0/1","10,10","20","99","315,0,353"
"0/1","11,4","15","99","112,0,389"
"0/1","12,12","24","99","343,0,431"
"0/1","9,10","19","99","276,0,279"
"0/1","15,20","35","99","706,0,450"
"0/1","10,18","28","99","607,0,322"
"0/1","5,4","9","99","105,0,175"
"0/0","22,0","22","66","0,66,858"
"0/1","19,15","34","99","495,0,510"
"0/1","16,18","34","99","584,0,456"
"0/1","9,14","23","99","492,0,288"
"0/1","14,17","31","99","465,0,418"
"0/1","16,14","30","99","366,0,525"
"0/1","14,18","32","99","541,0,471"
"0/1","14,16","30","99","459,0,461"
"0/1","28,13","41","99","293,0,906"
"0/1","32,9","41","99","210,0,1076"
"0/1","32,8","40","99","179,0,1054"
"0/1","14,18","40","99","578,0,428"
"0/1","12,10","22","99","343,0,405"
"0/1","18,11","30","99","359,0,534"
"0/1","19,11","30","99","290,0,632"
"0/1","17,12","30","99","377,0,590"
"0/1","18,13","31","99","406,0,580"
"0/1","13,14","27","99","430,0,421"
"0/1","18,17","35","99","558,0,591"
"0/1","17,14","31","99","466,0,581"
"0/1","15,14","29","99","462,0,503"
"0/1","15,10","25","99","326,0,521"
"0/1","17,11","28","99","342,0,555"
"0/1","12,13","25","99","459,0,399"
"0/1","19,8","27","99","211,0,636"
"0/1","10,10","20","99","334,0,220"
"0/0","12,1","14","12","0,12,149"
"0/1","10,6","16","99","194,0,346"
"0/1","12,15","27","99","525,0,356"
"0/1","27,23","50","99","586,0,815"
"0/1","16,17","33","99","454,0,458"
"0/1","19,19","38","99","522,0,545"
"0/1","25,5","30","85","85,0,679"
"0/0","19,0","19","54","0,54,716"
"0/1","15,4","19","68","68,0,496"
"0/1","12,7","19","99","181,0,396"
"0/1","8,9","17","99","228,0,204"
"0/1","13,8","23","99","262,0,453"
"0/1","21,7","28","57","57,0,732"
"0/1","31,5","36","59","59,0,1015"
"0/1","20,8","28","99","184,0,584"
"0/1","19,7","29","99","156,0,588"
"0/1","11,11","22","99","343,0,328"
"0/1","13,11","24","99","367,0,446"
"0/1","13,14","27","99","460,0,291"
"0/1","13,17","30","99","589,0,360"
"0/1","12,15","27","99","476,0,395"
"0/1","9,16","25","99","496,0,277"
"0/1","21,15","36","99","455,0,647"
"0/1","3,11","14","78","401,0,78"
"0/1","13,15","28","99","532,0,409"
"0/1","13,11","24","99","368,0,381"
"0/1","8,11","19","99","392,0,267"
"0/1","28,7","35","99","167,0,896"
"0/1","13,5","19","4","4,0,440"
"0/1","13,6","22","40","40,0,450"
"0/1","23,5","29","99","100,0,574"
"0/1","25,5","30","99","101,0,612"
"0/1","28,6","35","99","122,0,673"
"0/1","35,5","40","34","34,0,1095"
"0/1","16,9","25","99","190,0,567"
"0/1","21,9","31","99","213,0,687"
"0/1","24,9","33","99","212,0,833"
"0/1","17,20","37","99","590,0,531"
"0/1","9,16","25","99","473,0,230"
"0/1","16,14","30","99","459,0,561"
"0/1","17,15","32","99","500,0,576"
"0/1","9,14","23","99","450,0,301"
"0/1","9,7","16","99","195,0,325"
"0/1","12,11","23","99","317,0,370"
"0/1","16,14","30","99","379,0,518"
"0/1","15,22","37","99","617,0,299"
"0/1","11,13","24","99","427,0,358"
"0/1","15,11","26","99","350,0,439"
"0/1","12,17","29","99","549,0,346"
"0/1","7,21","28","99","589,0,159"
"0/1","18,19","37","99","558,0,566"
"0/1","20,15","35","99","453,0,642"
"0/1","16,17","33","99","549,0,442"
"0/1","10,12","22","99","410,0,322"
"0/1","10,7","17","99","233,0,354"
"0/1","11,8","19","99","256,0,346"
"0/1","14,21","35","99","620,0,458"
"0/1","18,7","25","99","165,0,631"
"0/1","12,16","28","99","520,0,364"
"0/1","17,18","35","99","535,0,508"
"0/1","22,11","33","99","313,0,694"
"0/1","14,9","24","99","276,0,416"
"0/1","26,25","51","99","773,0,822"
"0/1","17,14","31","99","426,0,537"
"0/1","12,13","25","99","442,0,415"
"0/1","25,8","33","99","209,0,779"
"0/1","22,8","30","99","234,0,686"
"0/1","24,6","30","99","129,0,692"
"0/1","22,8","30","99","192,0,679"
"0/1","22,8","30","99","224,0,668"
"0/1","23,8","31","99","221,0,675"
"0/1","17,7","24","99","203,0,511"
"0/1","18,7","25","99","203,0,555"
"0/1","16,15","31","99","444,0,449"
"0/1","15,17","32","99","544,0,442"
"0/1","13,12","25","99","417,0,343"
"0/1","20,23","43","99","636,0,624"
"0/1","26,16","42","99","328,0,712"
"0/1","22,18","40","99","610,0,642"
"0/1","16,13","29","99","366,0,523"
"0/1","13,7","20","99","192,0,461"
"0/0","29,0","29","81","0,81,1050"
"0/1","11,6","17","77","153,0,77"
"0/1","12,7","19","99","187,0,139"
"0/0","19,1","20","14","0,14,622"
"0/1","10,14","25","99","464,0,265"
"0/1","18,5","23","98","98,0,602"
"0/1","14,7","21","99","178,0,457"
"0/1","8,4","12","99","121,0,287"
"0/1","8,4","12","99","123,0,288"
"0/1","10,10","20","99","293,0,352"
"0/1","15,11","26","99","379,0,452"
"0/1","8,15","23","99","543,0,220"
"0/1","14,13","27","99","415,0,491"
"0/1","14,13","27","99","384,0,496"
"0/1","12,16","28","99","561,0,406"
"0/1","12,15","27","99","524,0,411"
"0/1","8,15","23","99","489,0,251"
"0/1","7,8","15","99","270,0,203"
"0/1","16,13","29","99","335,0,475"
"0/1","19,14","33","99","448,0,556"
"0/0","11,1","12","6","0,6,65"
"0/1","11,1","12","19","19,0,70"
"0/1","10,2","13","19","19,0,68"
"0/1","18,16","34","99","449,0,490"
"0/1","16,9","25","99","273,0,525"
"0/1","10,18","28","99","640,0,274"
"0/1","17,14","31","99","481,0,569"
"0/1","13,10","23","99","328,0,393"
"0/1","12,9","21","99","192,0,396"
"0/1","12,14","26","99","395,0,405"
"0/1","22,20","42","99","623,0,692"
"0/1","12,15","27","99","451,0,356"
"0/1","14,18","32","99","522,0,358"
"0/0","22,0","22","63","0,63,810"
"0/1","13,20","33","99","593,0,347"
"0/1","17,13","30","99","440,0,565"
"0/1","12,11","23","99","340,0,401"
"0/1","7,12","19","99","415,0,228"
"0/1","12,18","30","99","640,0,292"
"0/1","13,8","21","99","225,0,460"
"0/1","13,6","19","99","186,0,401"
"0/1","10,7","17","99","234,0,317"
"0/1","13,16","29","99","565,0,431"
"0/1","22,10","32","99","299,0,684"
"0/1","5,26","31","99","917,0,115"
"0/1","14,10","24","99","322,0,479"
"0/1","14,10","24","99","322,0,485"
"0/1","6,8","14","99","251,0,206"
"0/1","5,12","17","99","368,0,159"
"0/1","8,8","16","99","248,0,247"
"0/1","13,9","22","99","275,0,468"
"0/1","9,10","19","99","330,0,313"
"0/1","10,9","19","99","316,0,266"
"0/1","8,12","20","99","433,0,201"
"0/1","10,18","28","99","579,0,263"
"0/1","13,12","25","99","372,0,412"
"0/1","16,10","26","99","305,0,576"
"0/1","10,12","22","99","418,0,346"
"0/1","13,9","22","99","294,0,403"
"0/1","11,6","17","99","192,0,396"
"0/1","4,8","12","99","252,0,130"
"0/1","9,16","25","99","535,0,258"
"0/1","17,15","32","99","402,0,584"
"0/1","8,6","16","99","127,0,284"
"0/1","11,12","23","99","306,0,271"
"0/1","15,13","28","99","439,0,465"
"0/1","14,19","33","99","639,0,432"
"0/1","12,14","26","99","439,0,377"
"0/1","21,16","37","99","494,0,719"
"0/1","7,12","19","99","417,0,221"
"0/1","9,6","15","99","163,0,275"
"0/1","10,12","22","99","387,0,310"
"0/1","13,18","31","99","570,0,440"
"0/1","15,17","32","99","520,0,440"
"0/1","13,15","28","99","502,0,383"
"0/1","24,11","35","99","308,0,801"
"0/1","21,16","37","99","477,0,682"
"0/1","12,16","29","99","434,0,354"
"0/1","7,17","25","99","617,0,179"
"0/1","13,12","25","99","324,0,452"
"0/1","17,21","38","99","735,0,499"
"0/1","20,13","33","99","396,0,671"
"0/1","13,3","16","69","69,0,459"
"0/1","10,13","23","99","450,0,341"
"0/1","12,18","30","99","586,0,358"
"0/1","13,9","22","99","273,0,407"
"0/1","9,10","19","99","309,0,315"
"0/1","21,4","25","37","37,0,773"
"0/1","22,4","26","34","34,0,818"
"0/1","23,4","27","29","29,0,815"
"0/1","15,10","25","99","330,0,503"
"0/1","9,11","20","99","323,0,214"
"0/1","15,10","25","99","245,0,439"
"0/1","19,13","32","99","426,0,654"
"1/1","1,26","27","35","860,35,0"
"1/1","0,27","27","75","987,75,0"
"0/1","16,14","30","99","400,0,350"
"0/1","8,9","17","99","306,0,270"
"0/1","15,15","30","99","505,0,440"
"0/1","15,16","31","99","555,0,517"
"0/1","15,9","24","99","285,0,501"
"0/1","16,19","35","99","631,0,552"
"0/1","12,16","28","99","511,0,368"
"0/1","8,6","14","99","197,0,278"
"0/1","19,12","31","99","298,0,610"
"0/1","10,10","20","99","341,0,337"
"0/1","2,11","13","46","351,0,46"
"0/1","17,7","24","99","154,0,498"
"0/1","13,12","25","99","382,0,286"
"0/1","13,18","31","99","438,0,417"
"0/1","14,18","32","99","599,0,466"
"0/1","16,11","27","99","321,0,531"
"0/1","10,21","31","99","682,0,313"
"0/1","11,14","25","99","386,0,332"
"0/1","8,16","24","99","465,0,126"
"0/1","18,22","40","99","724,0,544"
"0/1","13,23","36","99","752,0,381"
"0/1","11,20","32","99","641,0,239"
"0/1","23,17","40","99","511,0,755"
"0/1","13,10","23","99","322,0,380"
"0/1","8,17","25","99","480,0,236"
"0/1","12,5","17","99","151,0,441"
"0/1","14,18","32","99","600,0,462"
"0/0","13,0","13","36","0,36,477"
"0/0","13,0","13","36","0,36,474"
"0/1","16,12","28","99","400,0,556"
"0/1","11,11","22","99","290,0,301"
"0/1","13,16","29","99","553,0,422"
"0/1","10,17","27","99","598,0,321"
"0/1","15,15","30","99","436,0,532"
"0/1","17,16","33","99","424,0,551"
"0/0","50,1","51","99","0,123,1608"
"0/0","50,1","51","99","0,126,1655"
"0/0","45,2","47","92","0,92,1467"
"0/0","47,0","47","99","0,120,1528"
"0/1","15,14","29","99","379,0,519"
"0/0","15,4","20","24","0,24,303"
"0/1","12,8","20","99","266,0,417"
"0/1","13,5","18","99","148,0,438"
"0/1","15,12","27","99","400,0,527"
"0/1","13,14","27","99","423,0,368"
"0/1","11,14","25","99","435,0,332"
"0/1","11,14","25","99","378,0,377"
"0/1","17,16","33","99","524,0,534"
"0/1","32,7","39","71","71,0,1079"
"0/1","14,15","29","99","456,0,493"
"0/1","9,7","16","99","198,0,272"
"0/1","12,20","32","99","684,0,382"
"0/1","15,20","35","99","682,0,456"
"0/1","24,17","41","99","459,0,790"
"0/1","45,7","53","76","76,0,1591"
"0/1","17,6","23","86","86,0,605"
"0/1","17,6","23","91","91,0,552"
"0/0","18,3","21","29","0,29,640"
"0/0","17,0","17","45","0,45,609"
"0/1","16,3","19","26","26,0,522"
"0/1","16,3","19","53","53,0,475"
"0/1","16,6","22","99","146,0,424"
"0/1","10,11","22","99","236,0,272"
"0/1","12,11","23","99","233,0,286"
"0/1","9,9","18","99","198,0,295"
"0/1","28,6","34","99","144,0,870"
"0/1","26,6","32","99","138,0,830"
"0/1","26,2","28","11","11,0,744"
"0/1","25,2","27","5","5,0,790"
"0/1","22,2","24","17","17,0,676"
"0/1","27,3","30","36","36,0,858"
"0/1","24,9","33","99","271,0,730"
"0/1","23,14","37","99","448,0,650"
"0/1","21,17","38","99","549,0,602"
"0/1","22,14","36","99","453,0,691"
"0/1","19,15","34","99","502,0,569"
"0/1","19,15","34","99","465,0,610"
"0/1","21,15","36","99","500,0,639"
"0/1","18,17","35","99","584,0,599"
"0/1","19,16","35","99","495,0,624"
"0/1","19,17","36","99","570,0,603"
"0/1","20,13","33","99","404,0,686"
"0/1","20,11","31","99","346,0,648"
"0/1","19,11","30","99","337,0,629"
"0/1","21,12","33","99","341,0,733"
"0/1","21,13","34","99","371,0,689"
"1/1","1,21","22","26","753,26,0"
"0/1","20,3","23","8","8,0,708"
"0/1","20,15","35","99","391,0,637"
"0/1","14,18","33","99","486,0,447"
"0/1","16,17","33","99","447,0,541"
"0/1","14,16","30","99","455,0,480"
"0/1","13,15","28","99","419,0,440"
"0/1","13,15","28","99","421,0,436"
"0/1","12,11","23","99","324,0,382"
"0/1","10,8","18","99","219,0,347"
"0/1","10,8","18","99","191,0,324"
"0/1","10,6","17","99","158,0,319"
"0/1","10,4","15","99","119,0,296"
"0/1","12,6","19","99","176,0,392"
"0/1","11,9","21","99","259,0,380"
"0/1","13,11","25","99","293,0,438"
"0/1","14,14","28","99","368,0,457"
"0/1","15,13","28","99","368,0,473"
"0/1","14,14","28","99","378,0,434"
"0/1","13,14","28","99","350,0,442"
"0/1","15,14","29","99","365,0,454"
"0/1","12,24","36","99","653,0,337"
"0/1","14,27","41","99","722,0,394"
"0/1","14,28","42","99","805,0,446"
"0/1","15,27","42","99","750,0,457"
"0/1","16,28","44","99","799,0,493"
"0/1","20,15","35","99","512,0,696"
"0/1","20,17","37","99","493,0,681"
"0/1","17,15","32","99","506,0,512"
"0/1","12,14","26","99","456,0,361"
"0/1","12,15","27","99","493,0,365"
"1/2","0,11,13","24","99","722,395,368,327,0,294"
"0/1","10,13","23","99","431,0,262"
"0/1","13,16","29","99","533,0,424"
"0/1","13,15","28","99","509,0,445"
"0/1","20,18","38","99","603,0,643"
"0/1","22,17","39","99","571,0,660"
"0/1","20,17","37","99","548,0,691"
"0/1","29,10","39","99","233,0,853"
"0/1","22,14","36","99","316,0,703"
"0/1","22,15","37","99","352,0,703"
"0/1","20,16","36","99","531,0,528"
"0/1","23,15","38","99","478,0,737"
"0/1","20,17","37","99","523,0,671"
"0/1","24,14","38","99","451,0,774"
"0/1","21,15","36","99","458,0,690"
"0/1","24,12","36","99","368,0,793"
"0/1","22,12","34","99","359,0,670"
"0/1","24,11","35","99","314,0,777"
"0/1","27,12","39","99","299,0,903"
"0/1","25,8","33","99","190,0,843"
"0/1","21,3","24","44","44,0,739"
"0/1","13,13","26","99","364,0,389"
"0/1","12,14","26","99","459,0,346"
"0/1","20,21","41","99","630,0,612"
"0/1","33,19","52","99","597,0,989"
"0/1","10,13","24","99","226,0,215"
"0/1","12,15","27","99","527,0,408"
"0/1","27,14","41","99","398,0,872"
"0/1","9,14","23","99","400,0,296"
"0/1","13,14","27","99","478,0,391"
"0/1","16,14","30","99","477,0,523"
"0/1","12,14","26","99","458,0,378"
"0/1","17,16","33","99","527,0,584"
"0/1","29,16","45","99","455,0,894"
"0/1","10,13","23","99","376,0,262"
"0/1","10,13","23","99","440,0,244"
"0/1","24,18","42","99","469,0,664"
"0/1","8,7","15","99","203,0,275"
"0/1","14,10","24","99","328,0,489"
"0/1","9,11","20","99","377,0,314"
"0/0","14,2","17","0","0,0,241"
"0/1","15,24","39","99","811,0,492"
"0/1","16,13","29","99","405,0,518"
"0/1","9,14","24","99","341,0,255"
"0/1","17,12","29","99","359,0,563"
"0/1","14,16","30","99","482,0,428"
"0/1","23,6","32","37","37,0,629"
"0/1","11,4","20","44","44,0,207"
"0/1","40,12","52","90","90,0,1234"
"0/0","55,3","58","64","0,64,1581"
"0/1","30,13","48","99","109,0,962"
"0/1","10,9","19","99","295,0,312"
"0/1","11,14","25","99","482,0,360"
"0/1","8,6","15","96","160,0,96"
"0/1","20,14","34","99","447,0,653"
"0/1","19,12","31","99","284,0,633"
"0/1","12,10","24","99","229,0,385"
"0/1","22,15","37","99","419,0,653"
"0/1","16,15","31","99","480,0,457"
"0/1","17,17","34","99","511,0,534"
"0/1","13,19","32","99","613,0,422"
"0/1","13,19","32","99","647,0,411"
"0/1","19,13","32","99","422,0,673"
"0/1","15,15","30","99","520,0,513"
"0/1","18,14","32","99","471,0,583"
"0/1","16,13","29","99","388,0,495"
"0/1","23,13","36","99","320,0,762"
"0/1","36,5","41","53","53,0,1120"
"0/1","15,11","26","99","333,0,521"
"0/1","10,22","32","99","606,0,253"
"0/1","24,7","31","99","122,0,703"
"0/1","15,14","29","99","441,0,394"
"0/1","19,11","30","99","349,0,629"
"0/1","19,9","28","99","276,0,673"
"0/0","42,0","42","99","0,120,1599"
"0/0","9,0","11","24","0,24,288"
"0/0","55,0","55","99","0,132,1685"
"0/1","12,5","17","99","106,0,391"
"0/1","18,11","29","99","265,0,643"
"0/1","13,25","38","99","750,0,371"
"0/1","14,18","32","99","607,0,437"
"0/1","3,9","12","49","268,0,49"
"0/0","18,0","18","48","0,48,615"
"0/0","29,0","29","72","0,72,898"
"0/0","29,0","29","66","0,66,839"
"0/0","18,0","19","45","0,45,582"
"0/1","14,14","28","99","335,0,344"
"0/1","9,12","21","99","381,0,283"
"0/1","10,11","21","99","329,0,302"
"0/1","14,12","26","99","371,0,460"
"0/1","20,17","37","99","466,0,619"
"0/1","21,26","47","99","735,0,630"
"0/1","14,19","33","99","616,0,369"
"0/1","21,13","34","99","365,0,643"
"0/0","40,1","41","99","0,105,1382"
"0/1","17,18","35","99","567,0,505"
"0/1","18,21","39","99","691,0,601"
"0/1","19,18","37","99","588,0,568"
"0/1","12,15","27","99","450,0,325"
"0/1","15,15","30","99","423,0,500"
"0/1","7,24","31","99","727,0,176"
"0/1","10,10","20","99","274,0,337"
"0/1","12,11","23","99","334,0,327"
"0/1","19,17","36","99","539,0,385"
"0/1","15,8","23","99","185,0,449"
"0/1","12,9","22","99","299,0,368"
"0/1","11,9","21","99","300,0,337"
"0/1","22,12","34","99","339,0,617"
"0/1","18,10","28","99","188,0,591"
"0/1","11,11","22","99","319,0,299"
"0/1","14,19","33","99","615,0,437"
"0/1","26,12","39","99","364,0,826"
"0/1","20,8","28","99","192,0,637"
"0/1","25,8","33","99","128,0,633"
"0/1","42,15","57","99","157,0,1216"
"0/1","67,16","83","99","217,0,1600"
"0/1","6,11","17","99","385,0,132"
"0/1","10,11","21","99","299,0,331"
"0/1","13,13","26","99","327,0,346"
"0/1","15,14","29","99","399,0,339"
"0/1","24,14","38","99","436,0,731"
"0/1","18,16","34","99","493,0,592"
"0/1","12,18","30","99","591,0,366"
"0/1","11,18","29","99","552,0,356"
"0/1","17,13","30","99","416,0,551"
"0/1","11,12","23","99","325,0,362"
"0/1","22,19","41","99","607,0,695"
"0/1","16,19","35","99","604,0,488"
"0/1","15,11","26","99","366,0,528"
"0/1","7,9","16","99","271,0,190"
"0/1","21,16","37","99","457,0,561"
"0/1","19,16","35","99","480,0,444"
"0/1","15,17","32","99","528,0,485"
"0/1","10,13","23","99","453,0,335"
"0/1","9,9","18","99","234,0,314"
"0/1","26,16","42","99","449,0,835"
"0/1","16,13","29","99","380,0,516"
"0/1","22,20","42","99","638,0,744"
"0/1","13,24","37","99","800,0,416"
"0/1","16,17","33","99","526,0,499"
"0/1","14,9","23","99","259,0,493"
"0/1","13,11","24","99","372,0,452"
"0/1","14,7","21","99","179,0,454"
"0/1","11,15","26","99","488,0,336"
"0/1","13,13","26","99","444,0,449"
"0/1","17,10","27","99","326,0,552"
"0/1","12,7","19","99","220,0,426"
"0/1","14,8","22","99","262,0,369"
"0/1","17,15","32","99","518,0,556"
"0/1","15,22","37","99","742,0,496"
"0/1","14,13","27","99","402,0,474"
"0/1","13,10","23","99","325,0,464"
"0/1","14,21","35","99","668,0,420"
"0/1","18,17","35","99","573,0,592"
"0/1","11,17","28","99","594,0,360"
"0/1","11,9","20","99","267,0,237"
"0/1","6,6","12","99","173,0,191"
"0/1","9,5","14","99","123,0,327"
"0/0","16,0","16","48","0,48,652"
"0/1","9,11","20","99","358,0,229"
"0/1","15,15","30","99","413,0,400"
"0/1","16,16","32","99","442,0,508"
"0/1","8,10","18","99","306,0,271"
"0/1","14,12","26","99","363,0,429"
"0/1","6,11","17","99","364,0,191"
"0/1","14,11","25","99","337,0,501"
"0/1","18,13","31","99","429,0,620"
"0/1","17,9","26","99","286,0,589"
"0/1","10,12","22","99","419,0,306"
"0/1","11,9","20","99","219,0,309"
"0/1","8,12","20","99","384,0,262"
"0/1","13,14","27","99","478,0,427"
"0/1","8,25","33","99","791,0,191"
"0/1","24,22","46","99","593,0,717"
"0/1","17,19","36","99","510,0,525"
"0/1","13,16","29","99","508,0,245"
"0/1","13,12","25","99","344,0,435"
"0/1","17,13","30","99","407,0,532"
"0/1","22,21","43","99","636,0,731"
"0/1","22,23","45","99","689,0,713"
"0/1","11,15","26","99","512,0,322"
"0/1","11,24","35","99","750,0,348"
"0/1","11,20","31","99","633,0,352"
"0/1","16,13","29","99","430,0,545"
"0/1","3,13","16","68","446,0,68"
"0/1","6,11","17","99","377,0,194"
"0/1","12,5","17","99","146,0,436"
"0/1","8,10","18","99","341,0,272"
"0/1","10,7","17","99","236,0,350"
"0/1","13,4","17","99","108,0,473"
"0/1","23,20","43","99","613,0,753"
"0/0","9,2","12","18","0,18,212"
"0/1","10,6","17","99","152,0,314"
"0/1","10,8","18","99","234,0,341"
"0/1","5,6","11","99","136,0,173"
"0/1","9,8","17","99","234,0,306"
"0/1","50,10","60","99","166,0,953"
"0/1","15,23","38","99","698,0,384"
"0/0","26,0","26","63","0,63,797"
"0/1","14,15","29","99","505,0,479"
"0/1","13,10","23","99","298,0,417"
"0/1","16,11","27","99","356,0,535"
"0/1","15,11","26","99","356,0,479"
"0/1","16,17","33","99","583,0,450"
"0/1","16,16","32","99","472,0,504"
"0/1","16,15","31","99","496,0,487"
"0/1","14,12","26","99","379,0,476"
"0/1","11,12","23","99","410,0,373"
"0/1","16,16","32","99","559,0,491"
"0/1","14,13","27","99","409,0,498"
"0/1","16,14","30","99","480,0,438"
"0/1","9,10","19","99","313,0,276"
"0/1","21,14","35","99","396,0,687"
"0/1","15,6","21","99","126,0,431"
"0/1","11,18","29","99","594,0,309"
"0/1","15,15","30","99","380,0,403"
"0/1","15,15","30","99","488,0,498"
"0/1","16,10","26","99","317,0,566"
"0/1","11,11","22","99","381,0,327"
"0/1","12,17","29","99","555,0,390"
"0/1","8,14","22","99","503,0,251"
"0/1","14,15","29","99","515,0,428"
"0/1","21,26","47","99","811,0,633"
"0/1","15,12","27","99","401,0,482"
"0/1","12,21","33","99","706,0,346"
"0/1","9,7","16","99","224,0,305"
"0/1","9,15","24","99","524,0,243"
"0/1","20,14","34","99","465,0,669"
"0/1","12,14","26","99","415,0,301"
"0/1","7,14","21","99","466,0,215"
"0/1","9,8","17","99","269,0,303"
"0/1","20,18","40","99","605,0,546"
"0/1","16,20","36","99","533,0,364"
"0/1","14,13","27","99","428,0,434"
"0/1","17,13","30","99","421,0,547"
"0/1","12,14","26","99","387,0,397"
"0/1","15,14","29","99","465,0,458"
"0/1","17,17","34","99","539,0,551"
"0/1","16,11","27","99","325,0,560"
"0/1","9,6","15","99","192,0,278"
"0/1","10,12","22","99","390,0,291"
"0/1","19,11","30","99","354,0,637"
"0/1","21,15","36","99","449,0,735"
"0/1","14,10","24","99","318,0,450"
"0/1","11,13","24","99","412,0,363"
"0/1","20,18","38","99","555,0,604"
"0/1","10,13","23","99","457,0,330"
"0/1","12,16","28","99","555,0,294"
"0/1","13,12","25","99","401,0,406"
"0/1","13,14","27","99","426,0,402"
"0/1","19,21","40","99","601,0,594"
"0/1","7,10","17","99","173,0,192"
"0/1","11,19","30","99","589,0,314"
"0/1","34,4","38","7","7,0,1191"
"0/1","11,16","27","99","551,0,333"
"0/1","18,8","26","99","165,0,429"
"0/1","18,11","29","99","332,0,581"
"0/1","15,16","31","99","448,0,501"
"0/1","15,11","26","99","372,0,513"
"0/1","14,12","26","99","385,0,486"
"0/1","5,14","19","99","360,0,140"
"0/1","11,8","19","99","262,0,353"
"0/1","13,10","23","99","243,0,334"
"0/1","9,7","16","99","234,0,312"
"0/1","11,9","20","99","304,0,375"
"0/1","9,18","27","99","592,0,248"
"0/1","17,18","35","99","587,0,573"
"0/1","13,14","27","99","473,0,433"
"0/1","17,7","24","99","217,0,504"
"0/1","10,8","18","99","236,0,358"
"0/1","19,19","38","99","511,0,221"
"0/1","18,14","34","99","380,0,213"
"0/1","19,11","30","99","313,0,582"
"0/1","14,17","31","99","583,0,417"
"0/1","10,20","30","99","614,0,237"
"0/1","15,23","38","99","700,0,449"
"0/1","18,16","34","99","490,0,591"
"0/1","12,27","40","99","917,0,337"
"0/1","22,12","34","99","346,0,780"
"0/1","18,22","40","99","707,0,496"
"0/1","26,21","47","99","614,0,848"
"0/1","20,25","45","99","839,0,611"
"0/1","20,17","37","99","547,0,610"
"0/1","17,16","33","99","470,0,513"
"0/1","19,15","34","99","478,0,591"
"0/1","17,20","37","99","621,0,496"
"0/1","20,16","36","99","494,0,562"
"0/1","21,16","37","99","478,0,691"
"0/1","14,16","31","99","530,0,376"
"0/1","27,17","44","99","438,0,764"
"0/0","28,4","32","29","0,29,885"
"0/0","29,4","33","35","0,35,973"
"0/1","15,12","27","99","390,0,448"
"0/1","16,14","30","99","383,0,539"
"0/0","33,0","33","84","0,84,1081"
"0/0","28,0","28","69","0,69,923"
"0/0","29,0","29","75","0,75,996"
"0/0","28,1","29","41","0,41,928"
"0/1","23,18","41","99","553,0,777"
"0/1","14,20","34","99","640,0,371"
"0/1","11,15","26","99","453,0,300"
"0/1","12,20","32","99","643,0,382"
"0/1","22,11","33","99","329,0,660"
"0/1","20,17","37","99","491,0,667"
"0/1","17,15","32","99","460,0,539"
"0/1","10,4","14","61","141,0,61"
"0/0","15,0","15","42","0,42,543"
"0/1","6,5","11","99","127,0,189"
"0/1","9,8","17","99","231,0,172"
"0/1","11,23","34","99","756,0,351"
"0/1","13,7","24","99","184,0,354"
"0/1","13,7","20","99","217,0,451"
"0/1","9,6","15","99","198,0,283"
"0/1","13,19","32","99","602,0,306"
"0/1","13,24","37","99","773,0,401"
"0/1","10,15","25","99","482,0,293"
"0/0","12,0","13","27","0,27,366"
"0/0","17,1","20","45","0,45,579"
"0/1","16,15","31","99","509,0,515"
"0/1","13,6","19","99","160,0,410"
"0/1","10,10","20","99","282,0,351"
"0/1","16,13","29","99","359,0,540"
"0/1","14,8","22","99","259,0,508"
"0/1","12,11","23","99","349,0,418"
"0/1","14,10","24","99","330,0,416"
"0/1","8,7","15","99","242,0,284"
"0/1","9,9","18","99","309,0,271"
"0/1","2,12","14","37","447,0,37"
"0/1","14,6","20","99","192,0,470"
"0/1","12,10","22","99","300,0,409"
"0/1","13,6","19","99","190,0,474"
"0/1","15,6","21","99","180,0,505"
"0/1","14,5","19","99","146,0,512"
"0/1","5,9","14","99","278,0,163"
"0/1","10,13","23","99","449,0,286"
"0/1","8,11","19","99","389,0,272"
"0/1","11,8","19","99","266,0,360"
"0/1","14,10","24","99","295,0,403"
"0/1","6,2","8","58","58,0,219"
"0/1","10,14","24","99","479,0,332"
"0/1","9,7","16","99","239,0,279"
"0/1","10,7","17","99","232,0,358"
"0/0","25,0","25","69","0,69,911"
"0/0","27,0","27","69","0,69,918"
"0/0","27,0","27","69","0,69,918"
"0/1","16,15","31","99","468,0,524"
"0/1","16,8","24","99","259,0,477"
"0/1","18,9","27","99","286,0,604"
"0/1","10,11","21","99","343,0,344"
"0/1","8,8","16","99","274,0,281"
"0/1","6,13","19","99","415,0,188"
"0/1","8,10","18","99","356,0,266"
"0/1","11,14","25","99","473,0,343"
"0/1","19,15","34","99","505,0,642"
"0/1","13,10","23","99","319,0,434"
"0/0","42,5","47","42","0,42,1205"
"0/0","29,3","32","24","0,24,980"
"0/1","14,24","38","99","714,0,415"
"0/1","9,18","27","99","613,0,276"
"0/1","11,6","17","99","185,0,347"
"0/1","22,17","39","99","524,0,724"
"0/1","15,9","24","99","287,0,479"
"0/1","12,11","23","99","342,0,394"
"0/1","10,17","27","99","502,0,237"
"0/1","9,6","15","99","202,0,317"
"0/1","9,11","20","99","386,0,287"
"0/1","5,17","22","99","635,0,136"
"0/1","7,9","16","99","322,0,205"
"0/1","3,6","9","95","218,0,95"
"0/1","11,8","19","99","265,0,331"
"0/1","8,8","16","99","241,0,270"
"0/1","14,10","24","99","337,0,463"
"0/1","15,12","27","99","346,0,456"
"0/1","8,15","23","99","530,0,208"
"0/1","9,14","23","99","498,0,290"
"0/1","6,10","16","99","359,0,192"
"0/1","13,13","26","99","373,0,442"
"0/1","19,19","38","99","539,0,423"
"0/1","12,16","28","99","472,0,310"
"0/1","17,23","40","99","649,0,442"
"0/1","19,22","41","99","523,0,640"
"0/1","15,18","33","99","603,0,456"
"0/0","25,0","25","69","0,69,918"
"0/1","22,23","45","99","677,0,641"
"0/1","14,23","37","99","703,0,386"
"0/0","9,1","12","27","0,27,336"
"0/1","14,20","34","99","577,0,313"
"0/1","14,10","24","99","292,0,384"
"0/1","13,6","20","99","185,0,466"
"0/1","10,11","21","99","352,0,343"
"0/1","10,8","18","99","273,0,345"
"0/1","14,8","22","99","225,0,503"
"0/1","10,3","13","81","81,0,356"
"0/1","10,10","20","99","337,0,343"
"0/1","21,14","35","99","459,0,687"
"0/1","20,18","38","99","575,0,678"
"0/1","13,18","31","99","580,0,378"
"0/1","19,22","41","99","701,0,565"
"0/1","18,16","34","99","511,0,601"
"0/0","8,0","8","18","0,18,224"
"0/1","11,6","18","96","96,0,348"
"0/1","16,18","34","99","520,0,533"
"0/1","24,18","42","99","546,0,741"
"0/1","15,8","23","99","239,0,440"
"0/1","4,7","11","99","256,0,126"
"0/1","11,10","21","99","312,0,362"
"0/0","35,0","35","96","0,96,1237"
"0/1","14,14","28","99","439,0,441"
"0/1","19,9","28","99","277,0,408"
"0/1","18,21","39","99","617,0,456"
"0/1","4,11","15","99","401,0,117"
"0/1","13,17","30","99","511,0,365"
"0/1","13,17","30","99","532,0,370"
"0/1","15,24","39","99","707,0,426"
"0/1","14,23","37","99","675,0,452"
"0/1","16,16","32","99","545,0,514"
"0/1","16,9","25","99","284,0,521"
"0/1","10,10","20","99","292,0,342"
"0/0","32,0","32","93","0,93,1251"
"0/1","13,18","31","99","568,0,389"
"0/1","21,22","44","99","617,0,694"
"0/1","22,19","41","99","523,0,738"
"0/1","21,19","40","99","516,0,709"
"0/1","23,19","42","99","544,0,769"
"0/1","17,16","33","99","529,0,457"
"0/1","15,15","30","99","495,0,460"
"0/1","10,3","13","80","80,0,343"
"0/1","10,11","21","99","392,0,273"
"0/1","16,14","30","99","478,0,566"
"0/1","13,17","30","99","593,0,399"
"0/1","17,6","23","99","164,0,476"
"0/1","17,6","23","99","131,0,417"
"0/1","5,5","10","99","170,0,138"
"0/1","10,8","18","99","274,0,280"
"0/1","8,10","18","99","283,0,274"
"0/1","3,15","18","49","540,0,49"
"0/1","5,7","12","99","209,0,169"
"0/1","7,20","27","99","625,0,170"
"0/1","18,15","33","99","472,0,531"
"0/1","15,25","40","99","893,0,404"
"0/1","24,13","37","99","349,0,787"
"0/1","21,14","35","99","451,0,720"
"0/1","16,9","25","99","267,0,525"
"0/1","8,19","27","99","662,0,238"
"0/1","17,11","28","99","323,0,553"
"0/1","16,14","30","99","461,0,499"
"0/1","21,20","41","99","648,0,616"
"0/1","13,9","22","99","289,0,448"
"0/1","20,9","29","99","279,0,642"
"0/1","16,12","28","99","365,0,518"
"0/1","16,12","28","99","368,0,481"
"0/1","11,19","30","99","556,0,358"
"0/1","21,11","32","99","297,0,648"
"0/1","13,20","33","99","634,0,392"
"0/1","14,7","21","99","212,0,495"
"0/1","14,21","35","99","581,0,454"
"0/1","19,13","32","99","415,0,550"
"0/1","13,12","25","99","365,0,405"
"0/1","19,14","33","99","316,0,639"
"0/1","11,12","23","99","355,0,308"
"0/1","20,18","38","99","522,0,596"
"0/1","22,21","43","99","651,0,726"
"0/1","16,16","32","99","502,0,468"
"0/1","18,9","27","99","210,0,601"
"0/1","9,19","28","99","572,0,207"
"0/0","29,0","29","81","0,81,1042"
"0/0","28,0","28","81","0,81,1002"
"0/1","16,17","33","99","545,0,497"
"0/1","17,17","34","99","548,0,488"
"0/1","21,17","38","99","531,0,599"
"0/1","22,12","34","99","341,0,734"
"0/1","15,10","25","99","332,0,488"
"0/1","23,14","37","99","413,0,747"
"0/1","22,19","42","99","580,0,733"
"0/1","12,11","23","99","349,0,369"
"0/1","13,13","26","99","421,0,375"
"0/1","11,13","24","99","357,0,364"
"0/1","11,11","22","99","341,0,308"
"0/1","11,12","23","99","384,0,366"
"0/1","21,13","34","99","404,0,739"
"0/1","22,13","35","99","420,0,720"
"0/1","21,17","38","99","539,0,662"
"0/1","18,19","37","99","647,0,598"
"0/1","17,22","39","99","721,0,557"
"0/1","11,12","23","99","369,0,285"
"0/1","13,12","25","99","324,0,410"
"0/1","14,16","30","99","457,0,368"
"0/1","10,11","21","99","310,0,250"
"0/1","10,11","21","99","301,0,271"
"0/1","16,18","34","99","584,0,431"
"0/1","15,17","32","99","519,0,369"
"0/1","15,17","32","99","534,0,393"
"0/1","11,15","26","99","488,0,328"
"0/1","11,18","29","99","595,0,313"
"0/1","12,10","22","99","285,0,395"
"0/0","11,1","12","30","0,30,386"
"0/1","8,1","9","1","1,0,281"
"0/1","2,7","10","61","166,0,61"
"0/1","29,12","41","99","296,0,775"
"0/1","20,12","32","99","383,0,702"
"0/1","21,15","36","99","490,0,679"
"0/1","20,12","32","99","317,0,619"
"0/1","13,15","28","99","496,0,385"
"0/1","12,20","32","99","673,0,310"
"0/1","21,16","37","99","512,0,595"
"0/1","17,12","29","99","390,0,575"
"0/1","23,15","38","99","503,0,620"
"0/1","16,15","31","99","513,0,536"
"0/1","10,11","21","99","328,0,334"
"0/0","22,0","22","60","0,60,801"
"0/1","13,9","22","99","233,0,435"
"0/0","25,0","25","66","0,66,882"
"0/1","15,11","26","99","319,0,459"
"0/1","15,8","23","99","215,0,445"
"0/1","5,4","9","99","128,0,176"
"0/1","5,4","9","99","128,0,170"
"0/1","4,11","15","99","392,0,112"
"0/1","3,6","9","99","176,0,99"
"0/1","8,13","21","99","426,0,263"
"0/1","12,11","23","99","359,0,414"
"0/1","11,19","30","99","667,0,344"
"0/1","8,15","23","99","520,0,221"
"0/1","14,17","31","99","505,0,438"
"0/1","19,13","32","99","394,0,668"
"0/1","19,15","34","99","470,0,626"
"0/1","21,12","33","99","379,0,654"
"0/1","12,12","24","99","397,0,420"
"0/1","16,14","30","99","476,0,510"
"0/1","8,18","26","99","628,0,164"
"0/1","22,16","38","99","482,0,636"
"0/1","16,5","21","99","146,0,439"
"0/1","25,16","41","99","496,0,767"
"0/1","6,5","11","99","174,0,208"
"0/1","10,13","23","99","426,0,334"
"0/1","23,13","36","99","397,0,750"
"0/1","15,11","26","99","374,0,484"
"0/1","13,9","22","99","292,0,458"
"0/1","7,5","12","99","169,0,235"
"0/1","11,8","19","99","268,0,376"
"0/1","24,12","36","99","289,0,573"
"0/1","20,15","35","99","454,0,402"
"0/1","20,15","35","99","232,0,612"
"0/1","32,10","42","99","239,0,580"
"0/1","41,35","76","99","569,0,950"
"0/1","28,17","45","99","463,0,729"
"0/1","15,22","37","99","479,0,495"
"0/1","13,16","29","99","335,0,415"
"0/1","15,19","34","99","542,0,383"
"0/1","21,16","37","99","528,0,600"
"0/1","8,12","20","99","392,0,191"
"0/1","5,10","15","99","353,0,162"
"0/1","8,13","21","99","458,0,262"
"0/1","5,15","20","99","474,0,120"
"0/1","12,8","20","99","226,0,392"
"0/1","12,14","26","99","488,0,399"
"0/1","15,6","21","99","179,0,540"
"0/1","9,7","16","99","195,0,307"
"0/1","6,16","22","99","479,0,149"
"0/1","8,9","17","99","282,0,276"
"0/1","7,9","16","99","316,0,242"
"0/1","8,8","16","99","272,0,276"
"0/1","5,10","15","99","322,0,167"
"0/1","11,10","21","99","336,0,373"
"0/1","7,15","22","99","539,0,210"
"0/1","20,17","37","99","585,0,663"
"0/1","10,16","26","99","567,0,326"
"0/1","13,8","21","99","267,0,426"
"0/1","10,12","22","99","389,0,343"
"0/1","6,10","16","99","361,0,194"
"0/1","12,12","24","99","412,0,402"
"0/1","12,10","22","99","309,0,344"
"0/1","9,10","19","99","311,0,300"
"0/1","10,13","23","99","450,0,301"
"0/1","12,15","27","99","514,0,372"
"0/1","15,9","24","99","295,0,523"
"0/1","15,15","30","99","505,0,467"
"0/1","14,16","30","99","474,0,436"
"0/1","6,10","16","99","362,0,178"
"0/1","60,9","69","99","108,0,1870"
"0/1","46,24","70","99","637,0,1534"
"0/1","62,11","73","99","218,0,2132"
"0/1","30,45","75","99","1420,0,957"
"0/1","60,16","76","99","294,0,2013"
"0/1","61,20","81","99","424,0,2016"
"0/1","75,13","88","99","253,0,2535"
"0/1","31,48","79","99","1600,0,962"
"0/1","31,55","86","99","1794,0,970"
"0/1","25,36","61","99","1163,0,783"
"0/1","24,35","59","99","1122,0,756"
"0/1","25,34","59","99","1110,0,774"
"0/1","49,10","59","99","169,0,1707"
"0/1","18,15","33","99","462,0,630"
"0/1","12,8","20","99","254,0,408"
"0/1","13,9","22","99","254,0,394"
"0/1","19,11","30","99","266,0,629"
"0/1","6,20","26","99","648,0,128"
"0/1","18,8","26","99","138,0,589"
"0/1","37,6","43","91","91,0,1155"
"0/1","53,13","66","99","291,0,1850"
"0/1","23,116","139","99","3840,0,436"
"0/1","64,90","154","99","2847,0,1901"
"0/1","126,31","157","99","734,0,4078"
"0/1","26,128","154","99","4251,0,569"
"0/1","29,119","148","99","4064,0,645"
"0/1","30,118","148","99","4148,0,641"
"0/1","29,118","147","99","4059,0,637"
"0/1","138,37","175","99","928,0,4590"
"0/1","81,105","186","99","3414,0,2411"
"0/1","40,124","164","99","4173,0,1012"
"0/1","37,142","179","99","4654,0,854"
"0/1","40,127","167","99","3899,0,1027"
"0/1","72,88","160","99","2790,0,2292"
"0/1","33,124","157","99","3976,0,743"
"0/1","40,116","156","99","3893,0,1044"
"0/1","80,98","178","99","3184,0,2587"
"0/1","116,24","140","99","435,0,3648"
"0/1","124,32","156","99","697,0,3912"
"0/1","143,39","182","99","832,0,4610"
"0/1","72,118","190","99","3673,0,2065"
"0/1","72,119","191","99","3754,0,2177"
"0/1","142,36","178","99","741,0,4779"
"0/1","28,148","176","99","4838,0,541"
"0/1","57,105","162","99","3157,0,1702"
"0/1","56,104","160","99","3168,0,1596"
"0/1","122,23","146","99","417,0,3882"
"0/1","22,89","116","99","2525,0,321"
"0/1","97,39","136","99","401,0,2878"
"0/1","60,84","145","99","2481,0,1797"
"0/1","118,37","155","99","844,0,3561"
"0/1","35,121","156","99","4261,0,789"
"0/1","143,26","169","99","518,0,4620"
"0/1","52,70","123","99","2038,0,1465"
"0/1","61,70","131","99","2105,0,1776"
"0/1","70,79","149","99","2279,0,2011"
"0/1","114,36","150","99","858,0,3704"
"0/1","122,37","159","99","893,0,4073"
"0/1","123,39","162","99","914,0,4027"
"0/1","130,37","167","99","904,0,4384"
"0/1","129,34","163","99","791,0,4299"
"0/1","114,40","154","99","981,0,3902"
"0/1","117,41","158","99","903,0,3757"
"0/1","49,122","173","99","4095,0,1397"
"0/1","42,124","167","99","3980,0,1133"
"0/1","43,111","154","99","3608,0,1097"
"0/1","41,101","142","99","3449,0,1066"
"0/1","41,100","141","99","3440,0,1066"
"0/1","108,27","135","99","672,0,3662"
"0/1","63,70","133","99","2247,0,1888"
"0/1","36,96","132","99","3099,0,854"
"0/1","102,27","129","99","693,0,3424"
"0/1","30,92","122","99","3063,0,688"
"0/1","27,95","122","99","3288,0,716"
"0/1","22,85","107","99","3002,0,572"
"0/1","26,73","99","99","2442,0,766"
"0/1","24,72","96","99","2465,0,678"
"0/1","27,68","95","99","2288,0,791"
"0/1","24,68","92","99","2323,0,699"
"0/1","25,74","99","99","2532,0,709"
"0/1","46,54","100","99","1847,0,1419"
"0/1","46,52","98","99","1787,0,1445"
"0/1","82,19","101","99","430,0,2908"
"0/1","45,53","98","99","1790,0,1401"
"0/1","29,69","98","99","2432,0,805"
"0/1","81,12","93","99","174,0,2908"
"0/1","23,72","95","99","2561,0,563"
"0/1","87,22","109","99","524,0,3030"
"0/1","43,65","108","99","2175,0,1365"
"0/1","18,85","103","99","3064,0,416"
"0/1","19,85","104","99","2965,0,432"
"0/1","47,55","102","99","1889,0,1540"
"0/1","23,82","105","99","2945,0,552"
"0/1","21,78","99","99","2759,0,487"
"0/1","21,78","99","99","2760,0,503"
"0/1","23,87","110","99","3124,0,535"
"0/1","41,70","111","99","2444,0,1183"
"0/1","98,19","117","99","363,0,3395"
"0/1","21,95","116","99","3371,0,484"
"0/1","21,93","114","99","3214,0,464"
"0/1","23,99","122","99","3411,0,489"
"0/1","21,99","120","99","3438,0,465"
"0/1","28,98","127","99","3312,0,689"
"0/1","25,99","124","99","3418,0,597"
"0/1","27,99","126","99","3389,0,679"
"0/1","28,107","135","99","3627,0,704"
"0/1","107,27","134","99","645,0,3836"
"0/1","110,26","136","99","539,0,3762"
"0/1","54,67","121","99","2236,0,1729"
"0/1","48,63","111","99","2139,0,1437"
"0/1","70,20","90","99","470,0,2483"
"0/1","46,41","87","99","1373,0,1520"
"0/1","30,52","82","99","1732,0,889"
"0/1","31,25","56","99","793,0,968"
"0/1","51,9","60","99","201,0,1641"
"0/1","15,22","37","99","738,0,483"
"0/1","26,15","41","99","457,0,832"
"0/1","19,14","33","99","458,0,635"
"0/1","21,14","35","99","436,0,679"
"0/1","20,15","35","99","470,0,612"
"0/1","18,19","37","99","651,0,575"
"0/1","17,19","36","99","596,0,520"
"0/1","16,17","33","99","505,0,535"
"0/1","15,17","32","99","508,0,496"
"0/1","13,17","30","99","512,0,427"
"0/1","12,19","31","99","578,0,382"
"0/1","14,21","35","99","599,0,373"
"0/1","15,15","30","99","450,0,511"
"0/1","14,15","29","99","427,0,485"
"0/1","17,23","40","99","752,0,512"
"0/1","19,19","38","99","638,0,553"
"0/1","17,16","33","99","493,0,528"
"0/1","15,27","42","99","838,0,438"
"0/1","28,16","44","99","411,0,824"
"0/1","14,31","45","99","1005,0,374"
"0/1","14,28","42","99","935,0,348"
"0/1","14,16","30","99","439,0,389"
"0/1","15,19","34","99","555,0,438"
"0/1","9,20","29","99","603,0,255"
"0/1","12,18","30","99","589,0,382"
"0/1","41,21","62","99","639,0,1436"
"0/1","13,23","36","99","734,0,423"
"0/1","15,12","27","99","387,0,526"
"0/1","10,8","18","99","242,0,351"
"0/1","73,29","103","99","423,0,2189"
"0/1","66,25","91","99","483,0,1598"
"0/1","15,43","58","99","1099,0,230"
"0/1","18,5","24","99","118,0,399"
"0/1","19,18","37","99","554,0,634"
"0/1","19,14","35","99","428,0,343"
"0/1","18,15","33","99","464,0,572"
"0/1","18,22","40","99","664,0,465"
"0/1","15,11","26","99","314,0,500"
"0/1","19,12","31","99","329,0,542"
"0/1","15,8","23","99","176,0,335"
"0/1","10,10","20","99","322,0,246"
"0/1","15,13","28","99","421,0,475"
"0/1","19,16","35","99","417,0,595"
"0/1","23,12","35","99","360,0,638"
"0/1","14,20","34","99","632,0,380"
"0/1","11,18","29","99","525,0,361"
"0/1","15,16","31","99","491,0,436"
"0/1","13,16","29","99","478,0,403"
"0/1","19,19","38","99","596,0,614"
"0/1","17,14","31","99","468,0,595"
"0/1","19,16","35","99","508,0,483"
"0/1","18,13","31","99","412,0,494"
"0/1","15,16","31","99","470,0,498"
"0/1","18,17","35","99","582,0,488"
"0/1","20,17","37","99","532,0,592"
"0/1","15,18","33","99","573,0,417"
"0/1","32,5","37","74","74,0,767"
"0/1","30,6","36","87","87,0,607"
"0/1","29,5","36","83","83,0,685"
"0/1","35,7","42","99","153,0,1186"
"0/1","38,7","45","99","117,0,1167"
"0/1","19,18","37","99","530,0,589"
"0/1","22,15","38","99","382,0,712"
"0/1","21,13","35","99","320,0,718"
"0/1","16,15","32","99","471,0,554"
"0/1","7,22","30","99","610,0,190"
"0/1","13,10","23","99","287,0,408"
"0/1","8,13","21","99","403,0,260"
"0/1","12,16","28","99","477,0,316"
"0/1","12,19","31","99","657,0,394"
"0/1","13,14","27","99","474,0,395"
"0/1","13,12","25","99","364,0,351"
"0/1","11,17","28","99","586,0,328"
"0/1","29,5","34","92","92,0,978"
"0/1","36,3","39","7","7,0,1194"
"0/1","35,8","44","79","79,0,1082"
"0/1","36,8","44","99","125,0,1129"
"0/1","12,10","22","99","346,0,403"
"0/1","13,8","21","99","228,0,430"
"0/1","33,10","43","99","110,0,892"
"0/1","41,14","56","55","55,0,1062"
"0/1","22,49","71","99","728,0,538"
"0/1","17,13","30","99","412,0,495"
"0/1","13,23","36","99","713,0,340"
"0/1","10,16","26","99","548,0,323"
"0/1","5,15","20","99","551,0,143"
"0/1","5,14","19","99","496,0,148"
"0/1","13,8","21","99","225,0,457"
"0/1","7,8","15","99","279,0,230"
"0/1","9,14","23","99","439,0,270"
"0/1","14,10","24","99","288,0,444"
"0/1","25,15","40","99","401,0,724"
"0/1","20,13","33","99","414,0,700"
"0/1","89,32","121","99","674,0,2244"
"0/1","16,14","30","99","468,0,533"
"0/1","40,77","117","99","2079,0,619"
"0/1","51,87","138","99","2388,0,582"
"0/1","53,43","124","99","1077,0,811"
"0/1","21,9","30","99","282,0,615"
"0/1","1,11","12","7","376,0,7"
"0/1","19,12","31","99","366,0,671"
"0/1","11,14","25","99","480,0,301"
"0/0","26,0","26","72","0,72,939"
"0/0","26,0","26","78","0,78,1032"
"0/0","26,0","26","78","0,78,1035"
"0/0","27,0","27","81","0,81,1050"
"0/0","22,0","22","63","0,63,844"
"0/0","22,0","22","63","0,63,856"
"0/0","23,0","23","66","0,66,866"
"0/0","29,0","29","87","0,87,1155"
"0/0","28,0","28","84","0,84,1095"
"0/0","40,0","41","99","0,111,1437"
"0/0","42,0","42","99","0,114,1496"
"0/0","40,0","40","99","0,105,1368"
"0/0","40,0","41","99","0,114,1510"
"0/0","40,0","40","99","0,111,1467"
"0/0","44,0","44","99","0,123,1616"
"0/0","42,0","42","99","0,117,1542"
"0/0","42,0","42","99","0,117,1556"
"0/0","45,0","45","99","0,120,1577"
"0/0","45,0","45","99","0,123,1630"
"0/0","45,0","45","99","0,123,1635"
"0/0","45,0","45","99","0,123,1632"
"0/0","29,0","29","84","0,84,1106"
"0/0","26,0","26","78","0,78,1037"
"0/0","35,0","35","96","0,96,1241"
"0/0","43,0","43","99","0,105,1378"
"0/0","41,0","41","96","0,96,1285"
"0/0","37,0","38","87","0,87,1165"
"0/1","18,19","37","99","572,0,512"
"0/1","17,17","34","99","577,0,558"
"0/1","17,25","42","99","760,0,510"
"0/1","8,14","24","99","321,0,114"
"0/1","13,11","24","99","310,0,234"
"0/1","9,15","24","99","433,0,254"
"0/1","12,11","23","99","357,0,406"
"0/1","10,19","29","99","677,0,283"
"0/1","22,19","41","99","550,0,708"
"0/1","14,16","30","99","551,0,317"
"0/1","13,15","28","99","355,0,328"
"0/1","19,11","30","99","262,0,467"
"0/1","20,14","34","99","462,0,701"
"0/1","12,13","25","99","439,0,373"
"0/1","8,13","21","99","468,0,269"
"0/1","11,6","17","99","178,0,399"
"0/1","19,17","36","99","505,0,498"
"0/1","9,18","27","99","624,0,249"
"0/1","8,9","17","99","299,0,235"
"0/1","24,21","45","99","638,0,769"
"0/1","11,7","18","99","122,0,259"
"0/1","22,21","43","99","591,0,704"
"0/1","21,14","35","99","415,0,736"
"0/0","28,4","33","3","0,3,975"
"0/0","31,4","35","9","0,9,1067"
"0/1","5,4","9","25","142,0,25"
"0/1","15,20","35","99","697,0,451"
"0/1","19,17","36","99","537,0,598"
"0/1","15,17","32","99","516,0,388"
"0/1","21,9","30","99","237,0,583"
"0/1","17,19","37","99","596,0,461"
"0/1","40,17","57","99","405,0,1022"
"0/1","27,13","40","99","362,0,952"
"0/1","16,16","32","99","525,0,444"
"0/1","19,22","41","99","729,0,587"
"0/1","10,15","25","99","502,0,331"
"0/1","11,16","27","99","523,0,337"
"0/1","18,18","36","99","560,0,562"
"0/1","13,13","26","99","402,0,417"
"0/1","6,35","41","95","1071,0,95"
"0/1","14,33","47","99","1107,0,416"
"0/1","15,37","52","99","1209,0,378"
"0/1","36,12","48","99","312,0,1228"
"0/1","25,30","55","99","1028,0,736"
"0/1","30,23","53","99","676,0,1013"
"0/1","19,20","39","99","636,0,497"
"0/1","17,19","36","99","526,0,431"
"0/1","53,12","65","99","227,0,1702"
"0/1","10,27","37","99","743,0,235"
"0/1","20,10","30","99","230,0,543"
"0/1","33,27","60","99","678,0,1058"
"0/1","40,23","63","99","513,0,1249"
"0/1","21,49","70","99","1499,0,441"
"0/1","23,50","73","99","1556,0,478"
"0/1","21,50","71","99","1581,0,246"
"0/1","24,59","84","99","2003,0,433"
"0/1","57,15","72","99","232,0,1778"
"0/1","55,13","68","99","218,0,1663"
"0/1","53,13","66","99","193,0,1552"
"0/1","16,52","68","99","1546,0,250"
"0/1","16,50","66","99","1461,0,221"
"0/1","16,41","57","99","1124,0,414"
"0/1","16,42","58","99","1117,0,417"
"0/1","44,16","60","99","451,0,1194"
"0/1","20,26","46","99","720,0,621"
"0/1","15,24","39","99","758,0,443"
"0/1","14,24","38","99","735,0,378"
"0/1","14,32","46","99","911,0,419"
"0/1","11,32","43","99","936,0,330"
"0/1","31,13","44","99","384,0,995"
"0/1","31,16","47","99","442,0,1011"
"0/1","28,21","49","99","642,0,914"
"0/1","27,21","48","99","645,0,897"
"0/1","17,5","22","99","148,0,519"
"1/2","0,15,47","62","99","2029,1565,1529,464,0,338"
"0/1","37,13","50","99","311,0,1211"
"0/1","14,32","46","99","1045,0,351"
"0/1","6,12","18","99","343,0,194"
"0/1","7,17","24","99","476,0,216"
"0/1","9,24","33","99","716,0,272"
"0/1","11,33","44","99","1090,0,301"
"0/1","11,35","46","99","1157,0,295"
"0/1","12,41","53","99","1393,0,282"
"0/1","12,41","53","99","1384,0,282"
"0/0","6,0","6","6","0,6,74"
"0/0","6,0","6","9","0,9,109"
"0/0","6,0","7","9","0,9,114"
"0/0","6,1","7","9","0,9,117"
"0/0","6,0","7","9","0,9,119"
"0/0","8,0","8","12","0,12,150"
"0/0","8,0","8","12","0,12,156"
"0/0","7,0","8","12","0,12,153"
"0/0","8,0","9","15","0,15,196"
"0/0","8,0","9","15","0,15,189"
"0/1","32,64","96","99","2195,0,749"
"0/1","30,99","129","99","3210,0,712"
"0/1","105,31","136","99","762,0,3392"
"0/1","106,25","131","99","511,0,3512"
"0/1","107,27","134","99","509,0,3501"
"1/1","0,24","24","69","945,69,0"
"0/1","14,10","24","99","260,0,492"
"0/1","6,17","23","99","524,0,182"
"0/1","16,19","35","99","561,0,542"
"0/1","10,18","28","99","548,0,299"
"0/1","18,18","36","99","587,0,600"
"0/1","15,11","26","99","359,0,533"
"0/1","20,25","45","99","742,0,634"
"0/1","4,3","7","58","58,0,102"
"0/1","5,12","17","99","374,0,146"
"0/0","27,0","27","78","0,78,1018"
"0/1","7,4","11","42","42,0,148"
"0/1","12,10","22","99","346,0,417"
"0/1","10,10","20","99","313,0,221"
"0/0","23,0","23","60","0,60,759"
"0/1","18,15","33","99","484,0,592"
"0/0","14,0","14","27","0,27,346"
"0/1","13,16","29","99","489,0,386"
"0/1","7,12","21","99","134,0,219"
"0/1","13,7","20","99","207,0,459"
"0/1","15,14","29","99","445,0,440"
"0/1","7,18","26","99","640,0,170"
"0/1","14,12","26","99","394,0,452"
"0/1","9,9","18","99","310,0,298"
"0/1","12,7","19","99","225,0,389"
"0/1","7,8","15","99","277,0,244"
"0/1","8,12","20","99","430,0,222"
"0/1","13,11","24","99","373,0,428"
"0/1","12,9","21","99","310,0,378"
"0/1","12,9","22","99","180,0,373"
"0/1","16,4","20","99","119,0,447"
"0/1","14,5","19","51","51,0,501"
"0/1","12,5","17","57","57,0,418"
"0/1","13,5","18","43","43,0,390"
"0/1","15,5","20","37","37,0,443"
"0/1","14,11","25","99","175,0,456"
"0/1","20,16","36","99","409,0,476"
"0/1","17,10","27","99","217,0,482"
"0/1","18,10","28","99","194,0,437"
"0/1","22,15","37","99","442,0,766"
"0/1","15,13","28","99","409,0,491"
"0/1","12,9","21","99","299,0,387"
"0/1","11,9","20","99","269,0,383"
"0/1","9,10","19","99","342,0,303"
"0/1","11,10","21","99","341,0,338"
"0/1","16,17","33","99","533,0,510"
"0/1","8,12","20","99","420,0,266"
"0/1","12,14","26","99","486,0,397"
"0/1","9,17","26","99","583,0,224"
"0/1","13,16","29","99","539,0,423"
"0/1","16,24","40","99","807,0,510"
"0/1","24,15","39","99","391,0,790"
"0/1","12,17","29","99","594,0,356"
"0/1","10,7","18","99","166,0,247"
"0/1","15,13","28","99","349,0,477"
"0/1","10,12","22","99","411,0,331"
"0/1","11,13","24","99","409,0,351"
"0/1","21,12","33","99","357,0,682"
"0/1","12,12","24","99","400,0,367"
"0/1","11,17","28","99","504,0,310"
"0/1","17,19","36","99","497,0,509"
"0/1","18,14","32","99","428,0,572"
"0/0","45,10","57","9","0,9,581"
"0/1","21,24","47","99","256,0,342"
"0/1","23,20","45","99","215,0,381"
"0/1","26,22","50","99","327,0,440"
"0/1","17,15","32","99","452,0,434"
"0/1","9,12","21","99","425,0,264"
"0/1","16,18","34","99","559,0,495"
"0/1","12,18","30","99","514,0,391"
"0/1","6,11","17","99","351,0,189"
"0/1","7,15","22","99","519,0,206"
"0/1","9,19","28","99","689,0,240"
"0/1","7,19","26","99","621,0,171"
"0/1","11,12","23","99","420,0,378"
"0/1","12,10","22","99","341,0,417"
"0/1","15,11","26","99","364,0,517"
"0/1","11,11","22","99","376,0,378"
"0/1","11,11","22","99","370,0,373"
"0/1","9,13","22","99","437,0,294"
"0/1","11,15","26","99","461,0,368"
"0/1","4,16","20","99","507,0,109"
"0/1","16,13","29","99","369,0,556"
"0/1","11,19","30","99","582,0,365"
"0/1","14,16","30","99","487,0,443"
"0/1","2,10","12","50","332,0,50"
"0/1","7,12","19","99","418,0,182"
"0/1","15,10","25","99","295,0,470"
"0/1","15,10","25","99","301,0,466"
"0/1","14,13","27","99","405,0,494"
"0/1","8,6","14","99","203,0,270"
"0/1","10,6","16","99","197,0,304"
"0/1","16,8","24","99","220,0,499"
"0/1","11,9","20","99","268,0,382"
"0/1","7,10","17","99","322,0,202"
"0/1","7,11","18","99","361,0,219"
"0/1","10,11","21","99","372,0,300"
"0/1","7,12","19","99","409,0,228"
"0/1","9,11","20","99","341,0,312"
"0/1","10,19","29","99","659,0,283"
"0/1","12,13","25","99","421,0,414"
"0/1","11,11","22","99","375,0,388"
"0/1","12,11","23","99","377,0,425"
"0/1","14,13","27","99","382,0,463"
"0/1","16,11","27","99","309,0,528"
"0/1","14,13","27","99","388,0,499"
"0/1","14,11","25","99","318,0,483"
"0/1","16,10","26","99","310,0,564"
"0/1","17,9","26","99","287,0,540"
"0/1","15,14","29","99","373,0,450"
"0/1","10,14","24","99","448,0,338"
"0/1","7,14","21","99","469,0,229"
"0/1","8,7","15","99","234,0,242"
"0/1","8,7","15","99","223,0,280"
"0/1","5,9","14","99","288,0,144"
"0/1","10,11","21","99","391,0,343"
"0/1","14,9","23","99","254,0,454"
"0/1","8,8","16","99","269,0,282"
"0/1","8,9","17","99","319,0,271"
"0/1","6,14","20","99","498,0,183"
"0/1","11,5","16","99","151,0,364"
"0/1","13,11","24","99","372,0,460"
"0/1","13,10","23","99","338,0,428"
"0/1","8,13","21","99","469,0,246"
"0/1","10,8","18","99","258,0,346"
"0/1","9,6","15","99","202,0,314"
"0/1","9,11","20","99","384,0,296"
"0/1","9,15","24","99","502,0,284"
"0/1","12,17","29","99","500,0,369"
"0/1","15,16","31","99","456,0,518"
"0/1","13,12","25","99","373,0,446"
"0/1","11,12","23","99","425,0,372"
"0/1","11,7","18","99","194,0,390"
"0/1","21,17","38","99","500,0,637"
"0/1","19,16","35","99","470,0,537"
"0/1","12,19","31","99","627,0,299"
"0/1","16,16","32","99","476,0,497"
"0/1","7,23","30","99","688,0,190"
"0/1","7,15","22","99","536,0,214"
"0/0","15,0","18","21","0,21,276"
"0/1","21,8","29","99","243,0,348"
"0/1","20,8","29","99","217,0,468"
"0/1","15,19","34","99","589,0,428"
"0/1","9,20","29","99","652,0,283"
"0/1","18,4","22","99","111,0,419"
"0/1","18,15","33","99","497,0,593"
"0/1","10,12","22","99","417,0,256"
"0/1","29,10","39","99","275,0,772"
"0/1","10,9","19","99","266,0,303"
"0/1","9,9","18","99","310,0,315"
"0/1","17,20","37","99","603,0,503"
"0/1","9,13","22","99","451,0,279"
"0/1","18,13","31","99","402,0,590"
"0/1","4,7","11","90","221,0,90"
"0/1","10,15","25","99","497,0,323"
"0/1","53,16","69","99","426,0,1645"
"0/1","34,34","68","99","978,0,1025"
"1/1","0,12","16","28","360,28,0"
"0/1","15,8","23","99","225,0,507"
"0/1","10,11","21","99","350,0,349"
"0/1","17,20","37","99","656,0,508"
"0/1","13,17","30","99","544,0,291"
"0/1","16,11","27","99","254,0,422"
"0/1","11,15","26","99","520,0,363"
"0/1","9,6","15","99","195,0,316"
"0/1","11,20","31","99","608,0,303"
"0/1","15,15","30","99","418,0,411"
"0/1","13,18","31","99","547,0,396"
"0/1","24,15","39","99","397,0,684"
"0/1","18,11","30","99","361,0,476"
"0/1","12,11","25","99","336,0,180"
"0/1","15,17","32","99","582,0,510"
"0/1","16,11","27","99","365,0,491"
"0/1","15,5","20","99","143,0,510"
"0/1","13,13","26","99","441,0,430"
"0/1","15,15","30","99","506,0,455"
"0/1","16,12","28","99","352,0,487"
"0/1","21,17","38","99","485,0,684"
"0/1","13,17","30","99","548,0,434"
"0/1","33,6","39","99","119,0,891"
"0/1","14,5","19","73","73,0,336"
"0/1","10,5","15","73","73,0,219"
"0/1","12,8","20","99","209,0,390"
"0/1","9,15","24","99","487,0,288"
"0/1","11,13","24","99","407,0,378"
"0/1","18,13","31","99","436,0,608"
"0/1","12,17","29","99","447,0,368"
"0/1","8,7","15","99","240,0,204"
"0/1","15,11","26","99","322,0,516"
"0/1","11,16","27","99","529,0,368"
"0/1","15,12","27","99","384,0,515"
"0/1","14,8","22","99","259,0,496"
"0/1","16,16","32","99","543,0,544"
"0/1","12,14","26","99","476,0,411"
"0/1","14,9","23","99","301,0,468"
"0/1","13,9","22","99","299,0,467"
"0/1","15,9","24","99","261,0,521"
"0/1","15,7","22","99","217,0,490"
"0/1","11,13","24","99","377,0,367"
"0/1","8,14","22","99","494,0,214"
"0/1","7,14","22","99","494,0,211"
"0/1","12,12","24","99","428,0,350"
"0/1","7,6","13","99","189,0,236"
"0/0","20,0","20","60","0,60,819"
"0/0","16,0","16","48","0,48,648"
"0/0","14,0","14","42","0,42,559"
"0/1","7,10","17","99","284,0,242"
"0/1","17,14","31","99","440,0,585"
"0/1","30,8","38","99","155,0,919"
"0/1","35,10","45","78","78,0,1163"
"0/1","39,10","49","86","86,0,994"
"0/0","38,9","47","60","0,60,1084"
"0/1","6,12","18","99","354,0,197"
"0/1","14,5","19","49","49,0,332"
"0/1","11,9","20","99","180,0,254"
"0/1","10,5","15","16","16,0,215"
"0/1","15,13","28","99","442,0,514"
"0/1","14,12","26","99","405,0,483"
"0/1","18,18","36","99","624,0,586"
"0/1","19,19","38","99","595,0,598"
"0/1","9,25","34","99","814,0,239"
"0/1","12,8","20","99","267,0,356"
"0/1","11,17","28","99","602,0,324"
"0/1","17,9","26","99","255,0,610"
"0/1","17,7","24","99","208,0,585"
"0/1","8,11","19","99","356,0,267"
"0/1","12,21","33","99","694,0,376"
"0/1","18,14","32","99","481,0,515"
"0/1","19,12","31","99","368,0,609"
"0/1","10,19","29","99","664,0,312"
"0/1","7,12","19","99","392,0,226"
"0/0","3,0","3","9","0,9,119"
"0/1","13,15","28","99","480,0,403"
"0/1","10,16","26","99","529,0,320"
"0/1","14,12","26","99","405,0,404"
"0/1","13,13","26","99","410,0,415"
"0/1","8,16","24","99","487,0,112"
"0/1","11,12","24","99","345,0,375"
"0/1","15,11","26","65","65,0,405"
"0/1","7,4","12","91","91,0,234"
"0/0","22,0","24","36","0,36,393"
"0/1","4,14","18","78","200,0,78"
"0/0","14,0","14","42","0,42,548"
"0/1","5,20","25","96","733,0,96"
"0/1","15,13","28","99","427,0,522"
"0/1","13,17","30","99","561,0,394"
"0/0","17,0","17","48","0,48,632"
"0/1","2,6","8","22","185,0,22"
"0/1","15,11","26","99","335,0,524"
"0/1","12,13","25","99","444,0,401"
"0/1","11,11","22","99","384,0,377"
"0/1","8,9","17","99","319,0,226"
"0/1","9,14","23","99","454,0,249"
"0/1","9,12","21","99","426,0,268"
"0/1","13,14","27","99","426,0,402"
"0/1","15,24","39","99","800,0,413"
"0/1","11,15","26","99","411,0,261"
"0/1","12,14","26","99","475,0,388"
"0/1","13,8","21","99","219,0,404"
"0/1","16,20","36","99","616,0,494"
"0/1","18,17","35","99","446,0,574"
"0/1","14,15","29","99","444,0,412"
"0/1","10,16","27","99","519,0,322"
"0/1","13,17","30","99","540,0,397"
"0/1","17,12","29","99","396,0,563"
"0/1","9,18","27","99","633,0,286"
"0/1","19,17","36","99","575,0,592"
"0/1","13,10","23","99","319,0,409"
"0/1","11,17","28","99","538,0,339"
"0/1","11,16","27","99","506,0,307"
"0/1","14,12","26","99","406,0,413"
"0/1","15,18","33","99","490,0,467"
"0/1","14,13","27","99","434,0,444"
"0/1","10,9","19","99","315,0,343"
"0/1","18,16","34","99","555,0,556"
"0/1","13,15","28","99","482,0,391"
"0/1","14,18","32","99","619,0,355"
"0/1","9,19","28","99","635,0,286"
"0/1","12,18","30","99","646,0,397"
"0/1","12,28","40","99","1011,0,306"
"0/1","22,15","37","99","491,0,711"
"0/1","21,18","39","99","588,0,662"
"0/1","14,16","30","99","474,0,473"
"0/1","15,16","31","99","452,0,463"
"0/1","12,11","23","99","335,0,377"
"0/1","10,8","18","99","275,0,346"
"1/1","0,20","20","54","717,54,0"
"0/1","15,11","26","99","368,0,514"
"0/1","9,15","24","99","507,0,229"
"0/1","20,12","32","99","359,0,641"
"0/1","16,8","24","99","258,0,524"
"0/1","10,17","27","99","533,0,298"
"0/1","11,17","28","99","555,0,364"
"0/1","14,14","28","99","475,0,431"
"0/1","11,8","19","99","231,0,392"
"0/1","14,14","28","99","487,0,441"
"0/1","18,11","29","99","307,0,496"
"0/1","15,11","26","99","340,0,526"
"0/1","12,9","21","99","268,0,387"
"0/1","12,9","21","99","268,0,380"
"0/1","9,6","15","99","166,0,334"
"0/1","9,15","24","99","491,0,300"
"0/1","11,11","22","99","379,0,371"
"0/1","14,11","25","99","382,0,465"
"0/1","7,10","17","99","316,0,229"
"0/1","15,6","21","99","174,0,543"
"0/1","9,10","19","99","350,0,308"
"0/1","10,16","26","99","541,0,323"
"0/1","15,10","25","99","289,0,462"
"0/1","6,13","19","99","470,0,179"
"0/1","11,16","27","99","571,0,366"
"0/1","7,9","16","99","306,0,234"
"0/1","6,7","13","99","214,0,209"
"0/1","14,16","30","99","546,0,440"
"0/1","14,21","35","99","669,0,357"
"0/1","8,9","17","99","312,0,266"
"0/1","14,9","23","99","288,0,458"
"0/0","17,1","19","36","0,36,456"
"0/0","16,2","18","33","0,33,382"
"0/1","10,16","26","99","534,0,315"
"0/1","22,20","42","99","603,0,759"
"0/1","10,15","25","99","448,0,297"
"0/1","18,14","32","99","403,0,534"
"0/1","9,5","14","99","124,0,321"
"0/1","11,9","20","99","306,0,376"
"0/1","8,13","21","99","462,0,230"
"0/1","13,6","19","99","186,0,426"
"0/1","10,10","20","99","343,0,341"
"0/1","6,6","12","99","206,0,203"
"0/1","19,27","46","99","895,0,578"
"0/1","7,10","17","99","307,0,237"
"0/1","18,11","29","99","267,0,629"
"0/1","23,17","40","99","475,0,767"
"0/1","12,21","33","99","705,0,321"
"0/1","13,6","19","99","179,0,451"
"0/1","9,6","15","99","192,0,314"
"0/1","12,16","28","99","471,0,368"
"0/1","16,26","42","99","697,0,498"
"0/1","12,9","21","99","293,0,421"
"0/1","11,11","22","99","390,0,376"
"0/1","10,7","17","99","234,0,359"
"0/1","9,5","14","99","138,0,317"
"0/1","8,4","12","99","112,0,291"
"0/1","19,11","30","99","347,0,655"
"0/1","23,13","36","99","422,0,674"
"0/1","19,19","38","99","577,0,586"
"0/0","26,0","26","75","0,75,941"
"0/1","17,12","29","99","364,0,585"
"0/1","22,16","38","99","497,0,646"
"0/1","6,9","15","99","290,0,198"
"0/1","16,15","31","99","424,0,513"
"0/1","16,21","37","99","641,0,471"
"0/1","13,14","27","99","428,0,411"
"0/1","6,11","17","99","390,0,195"
"0/1","22,18","40","99","580,0,770"
"0/1","21,25","49","99","607,0,545"
"0/1","12,7","19","99","219,0,427"
"0/1","18,9","29","99","146,0,169"
"0/0","14,0","14","30","0,30,388"
"0/1","26,16","42","99","528,0,842"
"0/1","10,10","20","99","335,0,334"
"0/1","7,12","19","99","399,0,221"
"0/1","17,12","29","99","341,0,477"
"0/1","15,27","42","99","912,0,444"
"0/1","15,18","33","99","536,0,464"
"0/1","13,14","28","99","437,0,371"
"0/1","24,12","36","99","352,0,809"
"0/1","7,5","12","62","62,0,87"
"0/1","6,6","12","99","204,0,201"
"0/1","13,8","21","99","259,0,466"
"0/1","10,7","17","99","218,0,322"
"0/1","14,7","21","99","185,0,465"
"0/1","3,6","9","56","181,0,56"
"0/1","11,13","24","99","402,0,360"
"0/1","9,8","17","99","275,0,316"
"0/1","8,12","21","99","417,0,248"
"0/1","10,10","21","99","349,0,346"
"0/1","10,12","22","99","386,0,339"
"0/1","16,10","26","99","302,0,571"
"0/1","17,11","28","99","334,0,610"
"0/1","9,19","28","99","583,0,284"
"0/1","9,15","24","99","535,0,256"
"0/1","15,14","29","99","426,0,412"
"0/1","21,31","52","99","923,0,655"
"0/1","15,13","28","99","387,0,486"
"0/0","21,0","21","57","0,57,748"
"0/0","21,0","21","57","0,57,747"
"0/0","19,0","19","45","0,45,604"
"0/1","14,12","26","99","337,0,420"
"0/1","18,14","32","99","329,0,528"
"0/1","15,23","38","99","762,0,401"
"0/1","7,23","30","99","622,0,162"
"0/1","15,18","33","99","590,0,489"
"0/1","14,11","25","99","369,0,464"
"0/1","20,12","32","99","342,0,700"
"0/1","17,16","33","99","477,0,512"
"0/1","7,6","13","99","207,0,209"
"0/1","12,7","19","99","230,0,390"
"0/1","11,15","26","99","466,0,322"
"0/1","5,10","15","99","322,0,161"
"0/1","9,6","15","59","203,0,59"
"0/1","19,11","31","99","313,0,586"
"0/1","14,16","30","99","543,0,469"
"0/1","10,14","25","99","314,0,307"
"0/1","11,18","29","99","623,0,320"
"0/1","10,7","17","99","236,0,353"
"0/1","12,11","23","99","366,0,363"
"0/1","10,12","22","99","365,0,336"
"0/1","12,9","21","99","302,0,348"
"0/1","17,11","28","99","310,0,499"
"0/0","24,0","24","69","0,69,913"
"0/0","23,0","23","69","0,69,923"
"0/1","11,8","19","99","258,0,389"
"0/1","20,12","32","99","326,0,631"
"0/1","14,16","30","99","520,0,448"
"0/1","18,17","35","99","518,0,617"
"0/0","15,0","15","45","0,45,585"
"0/1","15,15","30","99","469,0,509"
"0/1","13,14","27","99","486,0,406"
"0/1","15,10","25","99","294,0,489"
"0/1","17,17","34","99","542,0,555"
"0/1","17,17","34","99","558,0,577"
"0/1","12,20","32","99","693,0,382"
"0/1","22,27","49","99","894,0,702"
"0/1","7,12","19","99","370,0,228"
"0/1","9,12","21","99","382,0,302"
"0/1","6,11","17","99","387,0,191"
"0/1","20,11","31","99","353,0,559"
"0/1","19,18","37","99","573,0,632"
"0/1","17,13","30","99","429,0,574"
"0/1","25,9","39","99","113,0,505"
"0/1","16,14","30","99","420,0,518"
"0/1","11,12","23","99","336,0,292"
"0/1","16,15","31","99","487,0,506"
"0/1","14,13","27","99","402,0,473"
"0/1","10,8","18","99","238,0,353"
"0/1","12,7","19","99","230,0,417"
"0/1","7,13","20","99","429,0,213"
"0/1","11,10","21","99","347,0,312"
"0/1","9,9","18","99","300,0,318"
"0/1","18,7","25","99","168,0,661"
"0/1","6,5","11","99","172,0,214"
"0/1","11,15","26","99","486,0,270"
"0/0","21,0","27","60","0,60,787"
"0/1","10,16","26","99","557,0,310"
"0/1","12,17","29","99","548,0,327"
"0/1","14,16","30","99","525,0,476"
"0/1","17,17","34","99","557,0,573"
"0/1","10,18","28","99","621,0,295"
"0/1","19,13","32","99","425,0,671"
"0/1","20,23","43","99","730,0,655"
"0/1","8,7","15","99","204,0,275"
"0/1","12,3","15","77","77,0,444"
"0/1","13,7","20","99","189,0,433"
"0/1","47,5","52","14","14,0,1447"
"0/0","44,4","48","14","0,14,1375"
"1/1","0,97","97","99","2326,195,0"
"0/0","66,0","66","99","0,147,1750"
"0/0","23,0","23","66","0,66,825"
"0/1","28,7","35","99","131,0,882"
"0/1","19,10","29","99","281,0,679"
"0/1","18,13","31","99","379,0,624"
"0/1","8,13","21","99","456,0,252"
"0/1","10,16","26","99","537,0,331"
"0/1","13,17","30","99","504,0,405"
"0/1","8,8","16","99","183,0,281"
"0/1","8,10","18","99","266,0,278"
"0/1","17,20","37","99","650,0,522"
"0/1","13,17","30","99","520,0,400"
"0/1","18,13","32","99","380,0,623"
"0/1","8,16","24","99","543,0,215"
"0/1","23,9","32","99","228,0,792"
"0/1","32,10","42","99","167,0,1097"
"0/1","16,16","32","99","472,0,527"
"0/1","11,19","30","99","643,0,337"
"0/1","22,9","31","99","237,0,785"
"0/1","21,7","28","99","182,0,769"
"0/1","14,18","32","99","620,0,468"
"0/0","30,0","30","78","0,78,1073"
"0/1","33,13","46","99","384,0,1154"
"0/1","25,5","30","99","117,0,916"
"0/1","24,12","36","99","350,0,755"
"0/1","21,11","32","99","360,0,658"
"0/1","8,15","23","99","464,0,266"
"0/1","5,15","20","99","522,0,148"
"0/1","9,17","26","99","608,0,272"
"0/1","10,18","28","99","637,0,319"
"0/1","20,12","32","99","392,0,682"
"0/1","15,17","32","99","548,0,506"
"0/1","18,14","32","99","404,0,504"
"0/1","14,18","32","99","542,0,409"
"0/1","14,14","28","99","457,0,470"
"0/1","12,12","24","99","377,0,410"
"0/1","9,16","25","99","517,0,291"
"0/1","18,10","28","99","302,0,606"
"0/1","9,18","27","99","603,0,279"
"0/1","14,22","36","99","711,0,445"
"0/1","18,21","39","99","734,0,518"
"0/1","10,12","22","99","406,0,296"
"0/1","22,21","43","99","557,0,692"
"1/1","1,44","45","99","1581,120,0"
"0/1","16,16","32","99","505,0,530"
"0/1","13,10","23","99","287,0,454"
"0/1","16,11","27","99","355,0,482"
"0/1","23,13","36","99","423,0,735"
"0/1","23,13","36","99","431,0,715"
"0/1","12,16","28","99","530,0,316"
"0/1","12,16","28","99","532,0,299"
"0/1","11,15","26","99","502,0,293"
"0/1","13,8","21","99","257,0,383"
"0/1","11,15","26","99","529,0,330"
"0/1","21,19","40","99","638,0,671"
"0/1","21,19","40","99","637,0,673"
"0/1","16,14","30","99","402,0,507"
"0/1","16,17","33","99","473,0,473"
"0/1","14,18","32","99","582,0,442"
"0/1","16,14","30","99","483,0,453"
"0/1","10,19","29","99","502,0,317"
"0/1","13,20","33","99","669,0,360"
"0/1","11,17","28","99","596,0,306"
"0/1","6,14","20","99","505,0,184"
"0/0","66,0","66","99","0,193,2592"
"0/1","40,9","49","99","216,0,1356"
"0/0","26,0","26","78","0,78,1036"
"0/1","36,21","57","99","560,0,1244"
"0/1","8,32","40","99","987,0,170"
"0/1","25,10","35","99","244,0,821"
"0/1","26,15","41","99","434,0,935"
"0/1","39,13","52","99","251,0,1401"
"0/1","42,18","60","99","516,0,1377"
"0/1","23,18","42","99","583,0,732"
"0/1","23,10","33","99","253,0,821"
"0/1","16,12","28","99","371,0,580"
"0/1","17,13","30","99","389,0,570"
"0/1","20,11","31","99","367,0,629"
"0/1","22,10","32","99","280,0,771"
"0/1","21,15","36","99","503,0,711"
"0/1","32,12","44","99","323,0,1038"
"0/1","17,11","28","99","353,0,609"
"0/1","24,23","47","99","787,0,652"
"0/1","32,13","45","99","375,0,1030"
"0/1","16,14","30","99","459,0,513"
"0/1","10,19","29","99","681,0,301"
"1/1","1,9","10","15","164,15,0"
"0/1","11,14","25","99","363,0,350"
"0/1","15,6","21","99","112,0,491"
"0/1","16,6","22","99","109,0,523"
"0/1","15,3","18","30","30,0,518"
"0/1","23,8","31","99","151,0,806"
"0/1","25,6","31","99","107,0,834"
"0/1","26,6","32","75","75,0,799"
"0/1","27,6","33","98","98,0,915"
"0/1","34,8","42","99","113,0,1224"
"0/1","31,9","40","99","164,0,1115"
"0/1","32,9","41","99","167,0,1108"
"0/1","29,9","38","99","170,0,1042"
"0/1","32,9","41","99","244,0,1030"
"0/1","30,8","38","99","206,0,959"
"0/1","29,8","37","99","206,0,962"
"0/1","26,8","34","99","212,0,887"
"0/1","24,9","33","99","258,0,843"
"0/1","17,16","33","99","554,0,583"
"0/1","21,4","25","88","88,0,741"
"0/1","23,4","27","51","51,0,779"
"0/1","23,5","28","85","85,0,767"
"0/1","24,8","32","99","235,0,800"
"0/1","12,16","28","99","501,0,374"
"0/1","11,11","22","99","334,0,342"
"0/1","6,15","21","99","519,0,187"
"0/1","16,11","27","99","329,0,556"
"1/1","0,17","17","48","646,48,0"
"0/1","10,8","18","99","278,0,306"
"0/1","21,9","30","99","281,0,584"
"0/1","9,13","22","99","377,0,290"
"0/1","13,19","32","99","658,0,349"
"0/1","16,22","38","99","584,0,423"
"0/1","14,13","27","99","421,0,435"
"0/0","36,0","37","99","0,108,1395"
"0/0","34,0","34","99","0,102,1339"
"0/0","34,0","34","99","0,102,1301"
"0/0","28,1","29","84","0,84,1112"
"0/0","32,0","32","87","0,87,1145"
"0/1","9,14","23","99","481,0,241"
"0/1","9,16","25","99","550,0,252"
"0/0","35,0","35","99","0,105,1376"
"0/0","42,0","42","99","0,111,1482"
"0/0","39,1","40","85","0,85,1410"
"0/0","51,0","51","99","0,132,1731"
"0/1","18,7","26","99","193,0,625"
"0/1","12,7","19","99","222,0,376"
"0/1","20,12","32","99","378,0,616"
"0/1","25,12","38","99","253,0,302"
"0/1","3,7","10","85","246,0,85"
"0/1","15,17","32","99","544,0,516"
"0/1","13,7","20","99","193,0,475"
"0/1","13,7","20","99","220,0,474"
"0/1","9,14","23","99","423,0,231"
"0/1","13,14","27","99","440,0,363"
"0/1","18,20","38","99","688,0,509"
"0/1","8,22","30","99","728,0,194"
"0/1","21,23","44","99","683,0,582"
"0/1","13,7","20","99","219,0,458"
"0/1","12,7","19","99","221,0,409"
"0/1","17,12","29","99","368,0,564"
"0/1","15,22","37","99","772,0,449"
"0/1","21,22","43","99","708,0,673"
"0/1","16,19","36","99","598,0,433"
"0/1","16,20","37","99","677,0,464"
"0/1","15,21","38","99","679,0,453"
"0/1","14,18","32","99","606,0,452"
"0/1","18,17","35","99","586,0,603"
"0/1","17,19","37","99","616,0,546"
"0/1","14,7","21","99","226,0,458"
"0/1","14,15","29","99","478,0,465"
"0/1","4,14","18","99","408,0,115"
"0/1","7,6","13","99","164,0,251"
"0/1","10,11","21","99","282,0,343"
"0/1","11,10","21","99","268,0,387"
"0/1","9,9","18","99","267,0,311"
"0/1","7,11","18","99","395,0,236"
"0/1","15,10","25","99","311,0,486"
"0/1","4,12","16","99","401,0,115"
"0/1","8,9","17","99","309,0,275"
"0/1","12,16","28","99","523,0,405"
"0/1","11,10","21","99","350,0,333"
"0/1","12,10","22","99","322,0,420"
"0/1","7,12","19","99","395,0,174"
"0/1","7,16","23","99","470,0,209"
"0/1","11,17","28","99","532,0,365"
"0/1","16,13","29","99","396,0,461"
"0/1","13,11","24","99","359,0,443"
"0/1","20,11","31","99","310,0,641"
"1/1","0,22","22","63","858,63,0"
"0/1","8,12","20","99","416,0,262"
"0/1","13,11","24","99","333,0,424"
"0/1","21,12","33","99","321,0,733"
"0/1","11,16","27","99","489,0,279"
"0/1","19,11","30","99","329,0,608"
"0/1","8,13","22","99","417,0,259"
"0/1","7,12","19","99","387,0,233"
"0/1","14,6","20","99","177,0,504"
"0/1","9,4","13","99","123,0,328"
"0/1","9,13","22","99","459,0,303"
"0/1","9,20","29","99","684,0,273"
"0/1","13,9","22","99","262,0,448"
"0/1","13,8","21","99","263,0,405"
"0/1","11,12","23","99","378,0,368"
"0/1","12,7","19","99","227,0,426"
"0/1","14,10","24","99","296,0,481"
"0/1","13,12","25","99","372,0,450"
"0/1","13,6","19","99","191,0,445"
"0/1","12,10","22","99","350,0,387"
"0/1","7,10","17","99","320,0,207"
"0/1","16,13","29","99","416,0,527"
"0/1","8,17","25","99","556,0,240"
"0/1","7,10","17","99","339,0,223"
"0/1","6,5","11","99","160,0,158"
"0/1","10,16","26","99","557,0,316"
"0/1","9,11","20","99","349,0,304"
"0/0","31,2","33","7","0,7,957"
"0/1","35,5","40","22","22,0,1088"
"0/1","14,21","35","99","651,0,391"
"0/1","12,12","24","99","412,0,376"
"0/1","15,16","31","99","515,0,432"
"0/1","19,20","39","99","636,0,633"
"0/1","23,18","41","99","495,0,770"
"0/1","21,14","35","99","391,0,620"
"0/1","19,21","40","99","731,0,543"
"0/1","13,26","39","99","850,0,389"
"0/1","23,20","43","99","643,0,788"
"0/1","18,18","36","99","618,0,601"
"0/1","10,19","29","99","687,0,307"
"0/1","10,11","21","99","385,0,302"
"0/1","12,28","40","99","907,0,324"
"0/1","9,14","23","99","429,0,296"
"0/1","12,13","25","99","446,0,409"
"0/1","12,15","27","99","482,0,363"
"0/1","11,12","23","99","399,0,378"
"0/1","4,10","14","99","370,0,123"
"0/1","13,8","21","99","265,0,432"
"0/1","11,7","18","99","239,0,325"
"0/1","7,15","22","99","482,0,230"
"0/1","14,5","19","99","142,0,512"
"0/1","9,13","22","99","466,0,218"
"0/1","14,15","29","99","526,0,440"
"0/1","11,8","19","99","271,0,355"
"0/1","21,16","37","99","549,0,641"
"0/1","16,19","36","99","601,0,511"
"0/1","18,18","36","99","564,0,595"
"0/1","7,13","20","99","469,0,216"
"0/1","8,12","20","99","429,0,262"
"0/1","17,16","33","99","456,0,548"
"0/1","10,11","21","99","340,0,232"
"0/1","9,12","21","99","384,0,299"
"0/1","12,7","19","99","233,0,387"
"0/1","9,14","23","99","467,0,270"
"0/1","8,4","12","99","126,0,291"
"0/1","8,10","18","99","358,0,270"
"0/1","18,11","29","99","353,0,634"
"0/1","10,15","25","99","529,0,288"
"0/1","8,9","17","99","314,0,266"
"0/1","5,10","15","99","362,0,147"
"0/1","14,18","32","99","502,0,403"
"0/1","7,10","17","99","343,0,226"
"0/1","7,12","19","99","427,0,221"
"0/1","17,13","30","99","434,0,560"
"0/1","8,11","19","99","386,0,262"
"0/1","15,13","29","99","437,0,476"
"0/1","16,13","29","99","437,0,530"
"0/1","19,12","31","99","333,0,566"
"0/1","14,16","30","99","529,0,401"
"0/1","15,11","26","99","372,0,394"
"0/1","22,18","40","99","513,0,605"
"0/1","24,21","45","99","612,0,625"
"0/1","24,16","40","99","485,0,764"
"0/1","18,16","34","99","529,0,551"
"0/1","16,16","32","99","524,0,458"
"0/1","19,8","27","99","237,0,583"
"0/1","9,18","27","99","594,0,272"
"0/1","10,22","32","99","725,0,267"
"0/1","19,15","34","99","475,0,630"
"0/1","12,16","28","99","549,0,365"
"0/1","11,14","25","99","453,0,347"
"0/1","8,16","25","99","491,0,202"
"0/1","15,11","26","99","260,0,516"
"0/1","18,15","33","99","465,0,543"
"0/1","21,15","36","99","445,0,710"
"0/1","21,15","36","99","463,0,726"
"0/1","24,12","36","99","326,0,820"
"0/1","16,9","25","99","255,0,403"
"0/1","10,11","21","99","361,0,297"
"0/1","13,14","27","99","486,0,401"
"0/1","16,15","31","99","474,0,501"
"0/1","14,17","31","99","539,0,450"
"0/1","16,18","34","99","591,0,472"
"0/1","15,16","31","99","520,0,489"
"0/1","13,26","39","99","777,0,364"
"0/1","14,25","39","99","847,0,368"
"0/1","11,24","35","99","791,0,294"
"0/1","10,7","17","99","226,0,308"
"0/1","7,10","17","99","303,0,195"
"0/1","9,10","19","99","297,0,299"
"0/1","12,15","27","99","412,0,314"
"0/1","11,13","24","99","421,0,336"
"0/1","12,11","23","99","340,0,334"
"0/1","14,11","25","99","351,0,460"
"0/1","15,9","24","99","208,0,506"
"0/1","13,9","22","99","300,0,343"
"0/1","14,14","28","99","454,0,285"
"0/1","14,14","28","99","419,0,362"
"0/1","16,12","28","99","354,0,452"
"0/1","14,20","34","99","654,0,449"
"0/1","13,20","33","99","639,0,389"
"0/1","14,23","37","99","808,0,433"
"0/1","15,19","34","99","574,0,479"
"0/1","8,11","19","99","329,0,259"
"0/1","7,11","18","99","327,0,226"
"0/1","9,10","19","99","292,0,300"
"0/1","14,13","27","99","428,0,406"
"0/1","16,15","31","99","465,0,528"
"0/1","12,15","27","99","520,0,365"
"0/1","14,15","29","99","435,0,404"
"0/1","12,13","25","99","389,0,269"
"0/1","12,11","23","99","278,0,362"
"0/1","8,10","19","99","316,0,269"
"0/1","4,12","16","99","392,0,115"
"0/1","4,11","15","99","391,0,120"
"0/1","9,11","20","99","374,0,299"
"0/1","12,9","21","99","120,0,187"
"0/1","5,13","18","99","139,0,101"
"0/1","8,7","15","52","152,0,52"
"0/1","15,14","29","99","470,0,510"
"0/1","15,16","31","99","524,0,496"
"0/1","8,12","20","99","340,0,266"
"0/1","15,14","30","99","449,0,485"
"0/1","5,12","17","99","432,0,142"
"0/1","6,10","17","99","326,0,192"
"0/1","14,18","32","99","595,0,357"
"0/1","13,5","18","99","149,0,472"
"0/1","7,6","13","99","199,0,244"
"0/1","10,14","24","99","467,0,269"
"0/1","7,20","27","99","651,0,206"
"0/1","12,10","22","99","347,0,384"
"0/1","15,12","27","99","405,0,449"
"0/1","18,5","23","99","143,0,628"
"0/1","17,17","34","99","524,0,592"
"0/1","12,7","19","99","160,0,286"
"0/1","10,13","23","73","447,0,73"
"0/1","12,11","23","99","355,0,415"
"0/1","13,9","22","99","233,0,361"
"0/1","16,11","27","99","362,0,256"
"0/1","25,11","36","99","369,0,416"
"0/1","35,11","46","99","191,0,897"
"0/1","44,13","57","99","120,0,1094"
"0/1","7,3","10","95","95,0,218"
"0/1","7,8","15","99","281,0,228"
"0/1","7,8","15","99","284,0,228"
"0/1","9,7","16","99","237,0,314"
"0/1","4,8","12","93","293,0,93"
"0/1","10,9","19","99","300,0,315"
"0/1","19,8","27","99","240,0,644"
"0/1","18,9","27","99","249,0,635"
"0/1","12,18","30","99","572,0,405"
"0/1","11,18","29","99","574,0,365"
"0/1","7,11","18","99","393,0,231"
"0/1","16,10","26","99","287,0,576"
"0/1","11,15","26","99","487,0,372"
"0/1","10,11","21","99","342,0,344"
"0/1","11,11","22","99","361,0,381"
"0/1","14,8","22","99","258,0,492"
"0/1","12,9","21","99","265,0,400"
"0/1","12,9","21","99","306,0,414"
"0/1","12,13","25","99","423,0,399"
"0/1","9,9","18","99","273,0,279"
"0/1","12,8","20","99","261,0,422"
"0/1","11,6","17","99","185,0,388"
"0/1","5,6","11","99","209,0,169"
"0/1","10,9","19","99","295,0,349"
"0/1","9,9","18","99","245,0,272"
"0/1","16,19","35","99","627,0,546"
"0/1","12,10","22","99","342,0,350"
"0/1","6,9","15","99","285,0,202"
"0/1","16,12","28","99","363,0,534"
"0/1","7,14","21","99","453,0,224"
"0/1","10,12","22","99","412,0,294"
"0/1","14,8","22","99","257,0,419"
"0/1","13,9","22","99","267,0,419"
"0/1","18,12","30","99","359,0,551"
"0/1","20,14","34","99","463,0,632"
"0/1","14,17","31","99","506,0,338"
"0/1","20,9","29","99","272,0,687"
"0/1","14,7","21","99","224,0,459"
"0/1","13,11","24","99","306,0,450"
"0/1","12,12","24","99","381,0,401"
"0/1","8,13","21","99","471,0,267"
"0/1","7,12","19","99","357,0,200"
"0/1","14,9","23","99","284,0,473"
"0/1","14,7","21","99","183,0,458"
"0/1","14,19","33","99","547,0,484"
"0/1","7,10","17","99","352,0,238"
"0/1","8,8","16","99","232,0,267"
"0/1","9,10","19","99","268,0,304"
"0/1","8,5","13","99","164,0,291"
"0/1","7,5","12","99","167,0,253"
"0/1","7,7","14","99","240,0,242"
"0/1","15,20","36","99","586,0,466"
"0/1","19,21","40","99","594,0,592"
"0/1","20,18","38","99","552,0,623"
"0/1","14,22","36","99","699,0,386"
"0/1","12,21","33","99","578,0,405"
"0/1","4,4","8","99","130,0,101"
"0/1","16,5","21","99","112,0,515"
"0/1","17,5","22","99","115,0,555"
"0/1","19,8","27","99","199,0,619"
"0/1","19,11","30","99","332,0,416"
"0/1","65,25","90","99","512,0,1773"
"0/0","52,5","57","44","0,44,1541"
"0/0","40,6","46","15","0,15,1250"
"0/0","18,4","22","11","0,11,563"
"0/1","7,8","16","99","211,0,206"
"0/1","16,9","25","99","286,0,457"
"0/1","11,11","22","99","332,0,370"
"0/1","11,12","23","99","412,0,364"
"0/1","17,18","35","99","550,0,539"
"0/1","16,21","37","99","666,0,485"
"0/0","9,0","9","27","0,27,349"
"0/1","7,7","14","99","241,0,211"
"0/1","9,11","20","99","350,0,260"
"0/1","9,10","19","99","339,0,302"
"0/1","13,18","31","99","633,0,399"
"0/1","11,16","27","99","531,0,363"
"0/1","8,10","18","99","346,0,273"
"0/1","10,10","20","99","349,0,302"
"0/1","8,10","18","99","310,0,273"
"0/1","12,10","22","99","294,0,387"
"0/1","10,12","22","99","417,0,328"
"0/1","18,13","31","99","432,0,560"
"0/1","9,10","19","99","338,0,276"
"0/1","9,11","20","99","383,0,275"
"0/1","14,12","26","99","370,0,465"
"0/1","11,21","32","99","705,0,356"
"0/1","19,6","26","99","134,0,429"
"0/1","16,7","23","99","146,0,315"
"0/1","18,18","36","99","575,0,484"
"0/1","16,18","34","99","429,0,432"
"0/1","18,21","39","99","528,0,518"
"0/1","12,20","32","99","656,0,370"
"0/1","18,20","38","99","679,0,525"
"0/1","15,9","24","99","288,0,524"
"0/1","9,10","19","99","339,0,296"
"0/1","11,7","18","99","223,0,379"
"0/1","10,13","23","99","451,0,300"
"0/1","11,8","19","99","262,0,387"
"0/1","15,10","25","99","261,0,437"
"0/1","8,6","14","99","190,0,279"
"0/1","6,7","13","99","206,0,206"
"0/1","11,6","17","99","187,0,341"
"0/1","11,4","15","99","121,0,318"
"0/1","10,7","17","99","236,0,337"
"0/1","12,5","17","99","160,0,367"
"0/1","18,11","29","99","371,0,578"
"0/1","17,11","28","99","364,0,541"
"0/1","19,12","31","99","351,0,576"
"0/1","17,12","29","99","362,0,584"
"1/1","0,28","28","81","1049,81,0"
"0/1","11,8","20","99","262,0,354"
"0/1","15,5","20","80","80,0,520"
"0/1","20,14","34","99","351,0,705"
"0/0","44,0","44","99","0,123,1569"
"0/1","11,18","29","99","559,0,350"
"0/1","14,14","28","99","408,0,328"
"0/1","17,12","29","99","329,0,557"
"0/0","14,1","15","10","0,10,456"
"0/0","12,1","13","9","0,9,449"
"0/0","12,1","13","9","0,9,438"
"0/0","16,1","17","22","0,22,600"
"0/1","10,10","20","99","352,0,350"
"0/1","14,9","23","99","254,0,488"
"0/1","9,20","29","99","681,0,285"
"0/1","9,15","24","99","535,0,256"
"0/1","6,8","14","99","272,0,188"
"0/1","10,15","25","99","500,0,326"
"0/1","16,9","25","99","261,0,470"
"0/1","22,17","39","99","489,0,740"
"0/1","13,18","31","99","628,0,437"
"0/1","21,8","29","99","219,0,696"
"0/1","8,9","17","99","316,0,274"
"0/1","9,7","16","99","227,0,284"
"0/1","14,17","31","99","538,0,464"
"0/1","15,16","31","99","505,0,430"
"0/1","5,7","12","99","224,0,129"
"0/1","9,17","26","99","547,0,247"
"0/1","15,7","22","99","216,0,503"
"0/1","10,10","20","99","341,0,335"
"0/1","10,9","19","99","276,0,300"
"0/1","9,12","21","99","432,0,269"
"1/1","0,23","23","54","661,54,0"
"0/1","10,7","17","99","223,0,284"
"0/1","10,10","20","99","251,0,316"
"0/1","22,12","34","99","261,0,717"
"0/1","39,9","48","99","215,0,985"
"0/1","26,11","37","99","118,0,737"
"0/1","6,11","17","99","379,0,191"
"0/1","12,11","23","99","345,0,372"
"0/1","8,16","24","99","537,0,207"
"0/1","7,18","25","99","586,0,170"
"0/1","7,13","20","99","454,0,217"
"0/1","14,12","26","99","333,0,488"
"0/1","16,6","22","99","180,0,540"
"0/1","12,10","22","99","225,0,348"
"0/1","7,6","13","99","186,0,237"
"0/1","18,12","30","99","235,0,339"
"0/1","20,19","39","99","464,0,628"
"0/1","19,22","41","99","678,0,599"
"0/1","20,19","39","99","570,0,631"
"0/1","17,11","28","99","291,0,575"
"0/1","9,10","19","99","312,0,267"
"0/1","13,18","31","99","533,0,430"
"0/1","16,6","22","99","181,0,581"
"0/1","5,9","14","99","269,0,164"
"0/1","13,9","22","99","258,0,411"
"0/1","9,13","22","99","464,0,270"
"0/1","11,12","23","99","410,0,360"
"0/1","18,15","33","99","496,0,599"
"0/1","29,15","44","99","476,0,884"
"0/1","18,23","41","99","692,0,498"
"0/1","14,13","27","99","431,0,473"
"0/0","40,0","40","99","0,108,1418"
"0/1","23,19","42","99","613,0,708"
"0/1","13,14","27","99","480,0,377"
"0/1","10,10","20","99","311,0,337"
"0/1","4,3","7","68","99,0,68"
"0/1","10,6","16","99","197,0,361"
"0/1","20,14","34","99","467,0,670"
"0/1","12,11","23","99","380,0,374"
"0/1","8,15","23","99","492,0,244"
"0/1","9,6","15","99","193,0,236"
"0/1","14,12","26","99","410,0,422"
"0/1","7,6","13","99","207,0,216"
"0/1","25,19","44","99","620,0,790"
"0/1","25,19","44","99","628,0,779"
"0/1","19,16","35","99","471,0,581"
"0/1","19,21","40","99","657,0,613"
"0/1","18,23","41","99","730,0,593"
"0/1","12,9","22","99","274,0,393"
"0/1","12,10","22","99","336,0,372"
"0/1","10,9","19","99","242,0,301"
"0/1","7,6","13","99","201,0,217"
"0/1","9,6","15","99","200,0,317"
"0/1","9,15","24","99","421,0,300"
"0/1","5,8","13","99","252,0,137"
"0/1","21,15","36","99","475,0,707"
"0/1","9,6","15","99","198,0,317"
"0/1","10,16","26","99","514,0,282"
"0/1","21,15","36","99","480,0,647"
"0/1","17,21","38","99","734,0,497"
"0/1","12,22","34","99","731,0,349"
"0/1","14,9","23","99","298,0,458"
"0/1","14,12","26","99","393,0,491"
"0/1","20,15","35","99","491,0,708"
"0/1","11,13","24","99","416,0,378"
"0/1","12,16","28","99","548,0,406"
"0/1","9,15","24","99","497,0,290"
"0/1","10,15","25","99","529,0,319"
"0/1","14,10","24","99","323,0,499"
"0/1","26,13","39","99","380,0,851"
"0/1","15,13","28","99","419,0,487"
"0/1","14,12","26","99","387,0,451"
"0/1","16,7","23","99","207,0,583"
"0/1","8,9","17","99","245,0,281"
"0/1","10,6","16","99","195,0,359"
"0/1","7,13","20","99","427,0,232"
"0/1","8,11","19","99","350,0,237"
"0/1","12,14","26","99","435,0,344"
"0/1","10,15","25","99","468,0,301"
"0/1","13,7","20","99","217,0,423"
"0/1","9,11","20","99","381,0,264"
"0/1","6,9","15","99","320,0,195"
"0/1","16,12","28","99","403,0,533"
"0/1","10,15","25","99","464,0,330"
"0/1","12,12","24","99","375,0,421"
"0/1","28,13","41","99","363,0,979"
"0/1","10,12","22","99","393,0,291"
"0/1","18,10","28","99","313,0,608"
"0/1","10,6","16","99","177,0,339"
"0/1","15,11","26","99","354,0,488"
"0/1","13,19","32","99","663,0,368"
"0/1","18,17","35","99","493,0,550"
"0/1","10,8","18","99","266,0,353"
"0/1","9,3","12","53","53,0,331"
"0/1","9,10","19","99","313,0,276"
"0/1","6,10","16","99","315,0,161"
"0/1","7,9","16","99","324,0,200"
"0/1","10,13","23","99","386,0,336"
"0/1","10,13","23","99","416,0,314"
"0/1","16,3","19","56","56,0,553"
"0/1","13,13","26","99","417,0,423"
"0/1","18,13","31","99","371,0,598"
"0/1","8,10","18","99","308,0,267"
"0/1","17,13","30","99","432,0,553"
"0/1","17,11","28","99","360,0,565"
"0/1","7,8","15","99","283,0,208"
"0/1","6,12","18","99","433,0,188"
"0/1","9,5","14","99","158,0,305"
"0/1","12,8","20","99","252,0,427"
"0/1","12,13","25","99","420,0,418"
"0/1","9,8","17","99","263,0,316"
"0/1","7,9","16","99","314,0,235"
"0/1","10,10","20","99","340,0,347"
"0/1","12,19","31","99","597,0,283"
"0/1","14,12","26","99","397,0,452"
"0/1","10,13","23","99","450,0,303"
"0/1","20,17","37","99","523,0,605"
"0/1","15,19","34","99","642,0,474"
"0/1","17,13","30","99","356,0,588"
"0/1","17,14","31","99","387,0,534"
"0/1","18,13","31","99","369,0,630"
"0/1","20,16","36","99","408,0,624"
"0/1","24,15","39","99","441,0,701"
"0/1","10,11","21","99","376,0,343"
"0/1","9,12","21","99","396,0,306"
"0/1","11,8","19","99","236,0,392"
"0/1","4,14","18","99","439,0,114"
"0/1","16,4","20","66","66,0,520"
"0/1","9,10","19","99","314,0,318"
"0/1","11,10","21","99","345,0,308"
"0/1","17,13","30","99","410,0,580"
"0/1","16,12","28","99","416,0,459"
"0/1","11,6","17","99","189,0,387"
"0/1","10,7","17","99","226,0,359"
"0/1","11,9","20","99","306,0,386"
"0/1","8,11","19","99","355,0,265"
"0/1","14,7","21","99","188,0,507"
"0/1","8,9","17","99","323,0,232"
"0/1","10,6","16","99","192,0,359"
"0/1","10,6","16","99","202,0,358"
"0/1","11,12","23","99","423,0,373"
"0/1","11,9","20","99","280,0,382"
"0/1","18,8","26","99","243,0,564"
"0/1","12,13","25","99","398,0,397"
"0/1","10,15","25","99","525,0,299"
"0/1","17,14","31","99","462,0,549"
"0/1","14,13","27","99","420,0,417"
"0/1","10,14","24","99","460,0,273"
"0/1","18,21","39","99","731,0,599"
"0/1","12,13","26","99","455,0,369"
"0/1","12,15","27","99","401,0,395"
"0/1","9,6","15","99","186,0,312"
"0/1","20,21","41","99","643,0,626"
"0/1","17,7","24","99","174,0,541"
"0/1","7,17","24","99","559,0,204"
"0/1","11,19","30","99","634,0,332"
"0/1","12,17","29","99","594,0,400"
"0/1","20,11","31","99","315,0,724"
"0/1","17,11","28","99","354,0,607"
"0/1","18,15","33","99","452,0,595"
"0/1","17,19","36","99","587,0,568"
"0/1","16,19","35","99","537,0,551"
"0/1","14,13","27","99","445,0,474"
"0/1","11,13","24","99","417,0,374"
"0/1","16,21","37","99","645,0,528"
"0/1","12,7","19","99","228,0,422"
"0/1","8,18","26","99","640,0,200"
"0/1","11,14","25","99","429,0,372"
"0/1","15,14","29","99","413,0,477"
"0/1","15,11","26","99","337,0,512"
"0/1","18,11","29","99","329,0,620"
"0/1","22,13","35","99","336,0,710"
"0/1","13,15","28","99","527,0,427"
"0/1","15,19","34","99","606,0,454"
"0/1","13,24","37","99","805,0,374"
"0/1","14,18","32","99","590,0,380"
"0/1","14,17","31","99","562,0,360"
"0/1","16,10","26","99","316,0,550"
"0/1","13,20","33","99","664,0,413"
"0/1","16,20","36","99","532,0,555"
"0/1","17,21","38","99","564,0,505"
"0/1","16,19","35","99","659,0,492"
"0/1","12,7","19","99","191,0,343"
"0/1","17,11","28","99","272,0,607"
"0/1","17,8","25","99","216,0,569"
"0/1","20,11","31","99","360,0,641"
"1/1","0,25","25","72","953,72,0"
"0/0","9,0","9","27","0,27,352"
"0/0","9,0","9","24","0,24,313"
"0/0","9,0","9","24","0,24,315"
"0/0","9,0","9","27","0,27,355"
"0/1","8,11","19","99","364,0,265"
"0/1","8,11","19","99","384,0,270"
"0/1","15,12","27","99","409,0,496"
"0/1","8,4","12","99","124,0,283"
"0/1","6,9","15","99","273,0,205"
"0/1","7,17","24","99","617,0,212"
"0/1","12,11","23","99","328,0,412"
"0/1","19,15","34","99","410,0,609"
"0/1","17,12","29","99","392,0,594"
"0/1","10,12","22","99","338,0,342"
"0/1","13,9","22","99","300,0,388"
"0/1","15,19","34","99","654,0,418"
"0/1","8,13","21","99","428,0,231"
"0/1","7,11","18","99","398,0,201"
"0/1","8,10","18","99","355,0,234"
"0/1","15,15","30","99","519,0,470"
"0/1","9,10","20","99","345,0,305"
"0/1","6,11","17","99","394,0,157"
"0/1","10,14","24","99","492,0,334"
"0/1","23,23","46","99","796,0,702"
"0/1","14,11","25","99","345,0,437"
"0/1","17,14","31","99","459,0,534"
"0/1","9,9","18","99","274,0,309"
"0/1","5,8","13","99","237,0,167"
"0/1","16,16","32","99","503,0,496"
"0/0","17,0","17","48","0,48,628"
"0/1","18,14","32","99","468,0,590"
"0/1","14,17","31","99","590,0,434"
"0/1","6,31","37","70","944,0,70"
"0/1","9,13","22","99","414,0,304"
"0/1","14,20","34","99","669,0,422"
"0/1","14,10","24","99","301,0,491"
"0/1","18,10","29","99","327,0,461"
"0/1","34,16","50","99","254,0,1016"
"0/1","20,15","35","99","441,0,659"
"0/1","33,8","42","99","113,0,1009"
"0/1","36,8","44","99","132,0,1217"
"0/1","35,11","46","99","219,0,1197"
"0/1","37,13","50","99","385,0,1206"
"0/1","11,13","24","99","382,0,331"
"0/1","15,22","37","99","758,0,473"
"0/1","6,14","20","99","495,0,184"
"0/1","6,6","12","99","209,0,170"
"0/1","8,12","20","99","417,0,266"
"0/1","10,10","20","99","310,0,355"
"0/1","20,17","37","99","515,0,664"
"0/1","7,8","15","99","286,0,174"
"0/1","9,5","14","99","161,0,293"
"0/1","8,6","14","99","201,0,251"
"0/1","7,6","13","99","211,0,210"
"0/1","11,11","22","99","370,0,377"
"0/1","6,10","16","99","346,0,192"
"0/1","5,9","14","99","289,0,161"
"0/1","10,9","19","99","233,0,318"
"0/1","13,9","22","99","297,0,458"
"0/1","12,6","18","99","155,0,362"
"0/1","8,9","17","99","272,0,259"
"0/1","16,14","30","99","466,0,506"
"0/1","14,14","28","99","479,0,438"
"0/1","17,15","32","99","474,0,506"
"0/1","16,14","30","99","400,0,515"
"0/1","21,5","26","99","120,0,722"
"0/1","12,9","21","99","294,0,413"
"0/0","14,0","14","39","0,39,523"
"0/1","9,12","21","99","428,0,299"
"0/1","12,19","31","99","584,0,385"
"0/0","21,0","21","60","0,60,764"
"0/1","17,12","29","99","399,0,592"
"0/1","16,15","31","99","439,0,552"
"0/1","11,14","25","99","478,0,333"
"0/1","10,10","20","99","326,0,332"
"0/1","13,12","25","99","400,0,370"
"0/1","14,18","32","99","590,0,468"
"0/1","18,18","36","99","603,0,610"
"0/1","15,15","30","99","501,0,522"
"0/1","14,10","24","99","310,0,504"
"0/1","11,7","18","99","194,0,394"
"0/1","5,13","18","99","425,0,151"
"0/1","13,10","23","99","294,0,433"
"0/1","6,7","13","99","243,0,206"
"0/1","8,9","17","99","285,0,274"
"0/1","11,11","22","99","380,0,381"
"0/1","7,5","12","99","166,0,238"
"0/1","11,13","24","99","424,0,292"
"0/1","8,14","22","99","450,0,261"
"0/1","8,19","27","99","642,0,240"
"0/1","7,19","26","99","628,0,171"
"0/1","13,9","22","99","295,0,461"
"0/1","7,12","19","99","305,0,194"
"0/1","11,16","27","99","514,0,338"
"0/1","16,7","23","99","213,0,572"
"0/1","14,9","23","99","300,0,471"
"0/1","18,11","29","99","345,0,604"
"0/1","19,13","32","99","417,0,422"
"0/1","20,14","34","99","389,0,596"
"0/1","23,20","43","99","632,0,711"
"0/1","20,15","35","99","480,0,576"
"0/1","21,13","34","99","397,0,563"
"0/1","18,13","31","99","360,0,560"
"0/1","14,16","30","99","551,0,474"
"0/0","27,0","27","81","0,81,1094"
"0/1","13,12","25","99","372,0,421"
"0/1","15,22","37","99","651,0,465"
"0/1","8,13","21","99","424,0,261"
"0/1","10,16","26","99","492,0,333"
"0/1","11,15","26","99","497,0,375"
"0/1","13,11","24","99","348,0,442"
"0/1","11,8","19","99","273,0,322"
"0/1","19,15","35","99","468,0,607"
"0/1","16,8","24","99","167,0,331"
"0/1","13,11","24","99","287,0,297"
"0/1","15,24","40","99","833,0,458"
"0/1","19,12","31","99","363,0,570"
"0/1","15,12","27","99","388,0,452"
"0/1","18,17","35","99","561,0,594"
"0/1","12,12","24","99","412,0,421"
"0/1","17,13","30","99","440,0,525"
"0/0","28,0","28","81","0,81,1077"
"0/1","12,15","27","99","501,0,374"
"0/1","13,13","26","99","405,0,412"
"0/1","14,11","25","99","369,0,483"
"0/1","7,11","18","99","387,0,229"
"0/1","14,10","24","99","266,0,469"
"0/1","11,8","19","99","233,0,358"
"0/1","16,12","28","99","403,0,559"
"0/1","6,10","16","99","356,0,180"
"0/1","15,14","29","99","489,0,496"
"0/1","5,16","21","99","556,0,140"
"0/1","13,9","22","99","268,0,398"
"0/1","17,13","30","99","431,0,472"
"0/1","15,16","31","99","545,0,500"
"0/1","7,14","21","99","513,0,216"
"0/1","10,9","19","99","312,0,313"
"0/1","10,9","19","99","307,0,342"
"0/0","21,0","21","60","0,60,809"
"0/1","18,19","37","99","651,0,590"
"0/1","7,15","22","99","532,0,218"
"0/0","12,0","12","36","0,36,485"
"0/1","15,15","30","99","512,0,511"
"0/1","26,14","40","99","376,0,818"
"0/1","10,14","24","99","453,0,320"
"0/1","13,11","24","99","338,0,444"
"0/1","8,12","20","99","416,0,259"
"0/1","14,12","26","99","406,0,476"
"0/1","9,12","21","99","379,0,218"
"0/1","15,13","28","99","205,0,484"
"0/1","11,8","19","99","236,0,395"
"0/1","15,12","27","99","384,0,530"
"0/1","13,9","22","99","294,0,449"
"0/1","13,19","32","99","554,0,368"
"0/1","8,8","16","99","222,0,284"
"0/1","12,11","23","99","273,0,382"
"0/1","15,10","25","99","332,0,531"
"0/0","16,0","16","21","0,21,282"
"0/1","9,13","24","99","392,0,149"
"0/1","17,15","32","99","479,0,548"
"0/1","11,6","18","7","7,0,215"
"0/1","22,11","34","99","330,0,754"
"0/1","12,10","22","99","301,0,414"
"0/1","7,12","19","99","412,0,194"
"0/1","18,8","26","99","248,0,584"
"0/1","14,21","35","99","713,0,362"
"0/1","20,18","38","99","504,0,706"
"0/1","17,11","28","99","329,0,573"
"0/1","14,12","26","99","357,0,471"
"0/1","13,13","26","99","375,0,420"
"0/1","11,12","23","99","377,0,339"
"0/1","21,12","33","99","323,0,677"
"0/1","13,11","24","99","358,0,411"
"0/1","23,17","40","99","484,0,801"
"0/1","44,25","70","99","404,0,974"
"0/1","22,7","29","99","117,0,678"
"0/1","11,15","26","99","501,0,372"
"0/1","21,12","33","99","357,0,685"
"0/1","10,14","24","99","499,0,304"
"0/1","6,10","16","99","361,0,199"
"0/1","7,7","15","99","231,0,247"
"0/1","8,13","21","99","413,0,231"
"0/1","8,11","19","99","390,0,270"
"0/1","15,9","24","99","263,0,548"
"0/1","13,5","18","99","143,0,426"
"0/1","8,10","18","99","318,0,259"
"0/1","7,27","34","99","949,0,181"
"0/1","18,17","35","99","473,0,613"
"0/1","15,19","34","99","561,0,506"
"0/1","16,6","22","99","189,0,500"
"0/1","8,11","19","99","327,0,217"
"0/1","12,12","24","99","387,0,353"
"0/1","17,10","27","99","329,0,603"
"0/1","14,12","26","99","395,0,456"
"0/1","12,10","22","99","325,0,414"
"0/1","9,13","22","99","452,0,289"
"0/1","8,23","31","99","685,0,160"
"0/1","20,4","25","69","69,0,431"
"0/1","11,9","20","99","218,0,380"
"0/1","12,8","20","99","279,0,321"
"0/1","16,12","28","99","375,0,529"
"0/1","16,16","32","99","553,0,519"
"0/1","6,16","22","99","549,0,180"
"0/1","13,9","22","99","214,0,432"
"0/1","18,12","30","99","353,0,607"
"0/0","25,0","25","69","0,69,901"
"0/0","26,0","26","69","0,69,925"
"0/0","24,0","24","66","0,66,844"
"0/0","25,0","25","72","0,72,927"
"0/1","12,9","21","99","286,0,415"
"0/1","13,15","28","99","491,0,391"
"0/1","21,11","32","99","290,0,672"
"0/1","18,14","32","99","471,0,610"
"0/1","9,8","17","99","242,0,310"
"0/1","16,22","38","99","685,0,493"
"0/1","19,15","34","99","470,0,667"
"0/1","28,16","44","99","477,0,924"
"0/1","16,18","34","99","547,0,515"
"0/1","13,18","31","99","631,0,384"
"0/1","14,16","30","99","486,0,459"
"0/1","12,16","28","99","526,0,393"
"0/1","10,14","24","99","491,0,325"
"0/1","10,21","31","99","761,0,279"
"0/1","12,16","28","99","570,0,400"
"0/1","13,15","28","99","482,0,443"
"0/1","6,14","20","99","473,0,151"
"0/1","16,11","27","99","292,0,578"
"0/1","15,19","34","99","586,0,489"
"0/1","19,25","44","99","811,0,546"
"0/1","9,8","17","99","235,0,282"
"0/1","7,11","18","99","347,0,228"
"0/1","7,10","17","99","314,0,234"
"0/1","14,20","34","99","570,0,436"
"0/1","17,15","32","99","469,0,556"
"0/1","16,11","27","99","344,0,417"
"0/1","8,8","16","99","275,0,275"
"0/1","11,11","23","99","294,0,322"
"0/1","9,16","25","99","560,0,290"
"0/1","13,16","29","99","481,0,405"
"0/1","10,12","22","99","418,0,338"
"0/1","13,11","24","99","340,0,455"
"0/1","14,19","33","99","586,0,462"
"0/1","15,17","32","99","546,0,516"
"0/1","9,15","24","99","508,0,303"
"0/1","12,14","26","99","491,0,395"
"0/1","17,18","35","99","585,0,536"
"0/1","13,11","24","99","361,0,389"
"0/1","8,16","24","99","543,0,218"
"0/1","11,11","22","99","368,0,368"
"0/1","8,9","17","99","311,0,241"
"0/1","13,10","23","99","340,0,454"
"0/1","8,16","24","99","516,0,258"
"0/1","19,11","30","99","355,0,643"
"0/1","13,13","26","99","442,0,411"
"0/1","23,22","45","99","673,0,719"
"0/1","12,4","16","99","122,0,399"
"0/1","17,8","25","99","245,0,596"
"0/1","14,10","24","99","295,0,431"
"0/1","24,18","42","99","455,0,528"
"0/1","18,46","64","99","1209,0,417"
"0/1","32,8","40","99","141,0,940"
"0/1","28,7","35","99","152,0,907"
"0/1","38,4","43","30","30,0,1282"
"0/1","32,8","44","99","135,0,975"
"0/1","29,14","44","99","414,0,926"
"0/1","24,14","38","99","340,0,394"
"1/1","0,22","22","63","829,63,0"
"0/1","9,9","18","99","305,0,279"
"1/1","0,17","17","51","677,51,0"
"0/1","6,7","13","99","245,0,204"
"0/1","9,14","23","99","511,0,188"
"0/1","17,10","27","99","263,0,495"
"0/1","19,5","24","99","133,0,631"
"0/1","21,8","29","99","245,0,692"
"0/1","10,17","27","99","561,0,264"
"0/1","9,15","24","99","524,0,288"
"0/1","11,5","16","99","133,0,366"
"0/1","10,9","19","99","263,0,347"
"0/1","23,15","39","99","482,0,731"
"0/1","25,13","38","99","328,0,861"
"0/1","15,11","26","99","355,0,460"
"0/1","12,14","26","99","486,0,396"
"0/1","12,17","29","99","517,0,356"
"0/0","41,0","41","99","0,105,1394"
"0/1","24,7","31","99","185,0,780"
"0/1","9,13","22","99","456,0,269"
"1/1","0,16","16","42","568,42,0"
"0/1","11,11","22","99","288,0,344"
"0/1","13,11","24","99","355,0,391"
"0/1","10,11","21","99","372,0,327"
"0/1","14,9","23","99","239,0,477"
"0/1","14,10","24","99","316,0,481"
"0/1","17,19","36","99","578,0,543"
"0/1","16,20","36","99","682,0,499"
"0/1","25,17","42","99","559,0,881"
"0/1","17,27","44","99","953,0,486"
"0/1","15,24","39","99","840,0,437"
"0/1","18,16","34","99","541,0,571"
"0/1","15,16","32","99","472,0,483"
"0/1","6,9","15","99","320,0,200"
"0/1","7,7","14","99","242,0,230"
"0/1","7,8","15","99","275,0,238"
"0/1","12,13","25","99","436,0,409"
"0/1","21,9","30","99","180,0,524"
"0/1","9,8","17","99","276,0,310"
"0/1","14,18","32","99","546,0,473"
"0/1","16,7","23","99","217,0,532"
"0/1","4,5","9","99","175,0,127"
"0/1","27,16","44","99","466,0,717"
"0/1","25,12","37","99","338,0,685"
"0/1","16,21","37","99","677,0,492"
"0/1","23,16","39","99","486,0,814"
"0/1","15,15","30","99","446,0,480"
"0/1","23,14","37","99","462,0,783"
"0/1","14,5","19","99","135,0,478"
"0/1","8,15","23","99","459,0,262"
"0/1","11,14","25","99","423,0,340"
"0/1","13,13","26","99","438,0,444"
"0/1","18,11","29","99","319,0,600"
"0/1","11,12","23","99","417,0,350"
"0/1","5,10","15","99","349,0,158"
"0/1","12,12","24","99","409,0,419"
"0/1","13,12","25","99","390,0,356"
"0/1","16,21","37","99","648,0,427"
"0/1","11,14","25","99","452,0,369"
"0/1","8,7","15","99","222,0,244"
"0/1","12,9","21","99","303,0,352"
"0/1","13,11","24","99","379,0,447"
"0/1","11,11","22","99","388,0,376"
"0/1","14,14","28","99","435,0,398"
"0/1","17,23","40","99","712,0,541"
"0/1","15,12","27","99","305,0,392"
"0/1","15,11","26","99","325,0,420"
"0/0","37,1","38","62","0,62,1257"
"0/0","34,1","35","56","0,56,1207"
"0/0","31,0","31","87","0,87,1152"
"0/1","21,17","38","99","431,0,752"
"0/1","12,13","25","99","439,0,403"
"0/1","17,9","26","99","250,0,603"
"0/1","25,12","37","99","385,0,767"
"0/1","14,8","22","99","261,0,501"
"0/1","13,16","29","99","562,0,353"
"0/1","17,12","29","99","346,0,590"
"0/1","15,13","28","99","359,0,533"
"0/1","8,11","19","99","358,0,263"
"0/1","18,15","33","99","471,0,523"
"0/1","20,10","30","99","326,0,592"
"0/1","14,13","27","99","446,0,445"
"0/1","14,11","25","99","335,0,449"
"0/1","20,19","39","99","591,0,654"
"0/1","15,16","31","99","548,0,457"
"0/1","17,15","32","99","477,0,500"
"0/1","18,14","32","99","421,0,612"
"0/1","18,21","39","99","624,0,584"
"0/1","12,11","23","99","374,0,389"
"0/1","11,14","25","99","483,0,375"
"0/1","19,14","34","99","406,0,593"
"0/1","9,10","19","99","338,0,268"
"0/1","8,6","14","99","204,0,243"
"0/1","8,6","14","99","205,0,265"
"0/1","11,7","18","99","223,0,392"
"0/1","14,12","27","99","406,0,457"
"0/1","13,11","24","99","383,0,384"
"0/1","13,7","20","99","201,0,403"
"0/1","15,8","23","99","258,0,506"
"0/1","16,8","24","99","222,0,514"
"0/1","6,9","15","99","312,0,200"
"0/1","4,10","14","99","330,0,121"
"0/1","7,14","21","99","507,0,217"
"0/1","70,13","83","99","197,0,1242"
"0/1","116,14","130","99","303,0,1691"
"0/0","10,0","10","21","0,21,282"
"0/1","16,16","32","99","505,0,493"
"0/1","17,26","43","99","868,0,518"
"0/1","15,19","34","99","599,0,461"
"0/1","10,17","27","99","509,0,295"
"0/1","10,12","22","99","415,0,333"
"0/1","12,9","21","99","263,0,418"
"0/1","7,6","13","99","198,0,248"
"0/1","7,10","17","99","303,0,223"
"0/1","13,14","27","99","449,0,438"
"0/1","13,16","29","99","490,0,442"
"0/1","16,12","28","99","392,0,447"
"0/1","15,4","19","80","80,0,533"
"0/1","14,10","24","99","234,0,424"
"0/1","3,3","6","33","33,0,64"
"0/1","22,11","33","99","317,0,606"
"0/1","9,5","14","99","161,0,287"
"0/1","6,10","16","99","358,0,177"
"0/1","19,12","31","99","296,0,645"
"0/1","7,8","15","99","285,0,228"
"0/1","9,10","19","99","344,0,306"
"0/1","13,13","26","99","418,0,410"
"1/1","0,29","29","75","905,75,0"
"0/1","23,13","36","99","407,0,692"
"0/1","15,14","29","99","392,0,445"
"0/1","28,15","43","99","365,0,756"
"0/1","24,20","44","99","564,0,698"
"0/1","4,27","31","5","904,0,5"
"0/1","13,19","32","99","595,0,350"
"0/1","26,8","34","99","190,0,773"
"0/1","26,7","33","99","161,0,731"
"0/1","10,2","12","52","52,0,294"
"0/1","12,19","31","99","683,0,318"
"0/1","20,18","38","99","540,0,635"
"0/1","17,19","36","99","588,0,481"
"0/1","6,17","23","99","553,0,170"
"0/1","17,22","39","99","713,0,434"
"0/1","15,17","32","99","538,0,502"
"0/1","18,19","37","99","614,0,534"
"0/1","18,23","42","99","721,0,546"
"0/1","14,13","27","99","439,0,449"
"0/1","10,16","26","99","466,0,330"
"0/1","10,12","22","99","412,0,285"
"0/1","2,12","14","3","365,0,3"
"0/1","9,11","20","99","386,0,298"
"0/1","18,13","31","99","437,0,627"
"1/1","1,28","29","47","1034,47,0"
"0/1","11,18","29","99","504,0,298"
"0/1","11,19","30","99","659,0,357"
"0/1","5,10","15","99","362,0,160"
"0/1","25,12","37","99","313,0,840"
"0/1","8,8","16","99","268,0,272"
"1/1","0,28","28","81","1081,81,0"
"0/1","18,20","39","99","612,0,561"
"0/1","7,11","18","99","373,0,230"
"0/1","16,9","25","99","254,0,524"
"0/1","13,7","20","99","228,0,409"
"0/1","19,14","33","99","467,0,661"
"0/1","15,20","35","99","692,0,459"
"0/1","23,13","36","99","354,0,787"
"0/1","40,16","56","99","402,0,734"
"0/1","11,2","13","43","43,0,245"
"0/1","18,21","39","99","655,0,572"
"1/1","1,35","36","59","1176,59,0"
"0/1","16,15","31","99","511,0,520"
"0/1","15,18","33","99","591,0,477"
"0/1","11,7","18","99","230,0,387"
"0/1","11,11","22","99","388,0,343"
"0/1","9,7","16","99","219,0,309"
"0/1","12,11","23","99","376,0,374"
"0/1","9,11","20","99","392,0,263"
"0/1","8,10","18","99","350,0,260"
"0/1","11,12","23","99","423,0,340"
"0/1","9,9","18","99","312,0,307"
"0/0","17,0","17","51","0,51,689"
"0/1","16,22","38","99","749,0,536"
"0/1","12,6","18","99","194,0,163"
"0/1","20,16","36","99","491,0,691"
"0/1","14,18","32","99","448,0,480"
"0/1","18,24","42","99","725,0,565"
"0/1","19,17","36","99","582,0,654"
"0/1","16,27","43","99","920,0,479"
"0/1","14,16","30","99","552,0,449"
"0/1","8,17","25","99","534,0,258"
"0/1","16,18","34","99","599,0,481"
"0/1","21,12","33","99","322,0,697"
"0/1","19,14","33","99","398,0,580"
"0/1","8,8","16","99","226,0,260"
"0/1","14,13","27","99","430,0,447"
"0/1","10,16","26","99","537,0,327"
"0/1","26,15","42","99","444,0,857"
"0/1","14,18","32","99","559,0,426"
"0/1","18,10","28","99","315,0,613"
"0/1","19,20","40","99","568,0,584"
"0/1","13,11","24","99","324,0,418"
"0/1","9,4","13","99","127,0,291"
"0/1","11,17","28","99","539,0,358"
"0/1","13,15","28","99","446,0,452"
"0/1","19,21","40","99","616,0,640"
"0/1","5,1","6","24","24,0,189"
"0/1","16,8","24","99","217,0,551"
"0/1","5,14","19","99","497,0,146"
"0/1","14,12","27","99","389,0,245"
"0/1","12,9","21","99","297,0,416"
"0/1","15,13","28","99","445,0,486"
"0/1","15,12","27","99","399,0,434"
"0/1","11,17","28","99","540,0,349"
"0/1","25,16","41","99","342,0,554"
"0/1","39,24","63","99","525,0,908"
"0/1","33,20","54","99","274,0,689"
"0/1","47,15","63","19","19,0,809"
"0/1","31,17","48","99","244,0,802"
"0/1","28,16","44","99","237,0,715"
"0/1","35,12","47","99","119,0,931"
"0/1","24,18","42","99","518,0,642"
"0/1","19,15","35","99","348,0,617"
"0/1","21,20","41","99","678,0,663"
"0/1","21,20","41","99","679,0,715"
"0/1","22,21","43","99","622,0,717"
"0/1","17,18","35","99","547,0,469"
"0/1","21,16","37","99","488,0,612"
"0/1","8,11","19","99","389,0,222"
"0/1","22,17","39","99","559,0,697"
"0/1","25,19","44","99","617,0,712"
"0/1","9,20","29","99","648,0,239"
"0/1","18,7","25","99","142,0,497"
"0/1","10,19","29","99","478,0,276"
"0/1","21,13","34","99","328,0,698"
"0/1","20,13","33","99","382,0,628"
"0/1","14,12","26","99","398,0,454"
"0/1","12,20","32","99","684,0,362"
"0/1","13,23","36","99","754,0,344"
"0/1","18,27","45","99","791,0,403"
"0/1","21,14","35","99","463,0,699"
"0/1","17,6","24","99","139,0,546"
"0/1","18,7","25","99","211,0,646"
"0/1","19,6","25","99","173,0,636"
"0/1","18,13","31","99","349,0,575"
"0/1","24,14","38","99","338,0,804"
"0/1","11,11","22","99","335,0,386"
"0/1","11,13","24","99","376,0,207"
"0/1","17,15","32","99","474,0,451"
"0/1","23,18","41","99","588,0,725"
"0/1","9,8","17","99","255,0,293"
"0/1","10,14","24","99","466,0,326"
"0/1","18,8","26","99","174,0,487"
"0/1","11,16","27","99","472,0,337"
"0/1","12,16","28","99","502,0,396"
"0/1","18,13","31","99","423,0,586"
"0/1","15,23","38","99","733,0,490"
"0/1","22,19","41","99","611,0,668"
"0/1","21,12","33","99","254,0,378"
"0/1","9,4","13","99","120,0,325"
"0/1","11,12","23","99","363,0,363"
"0/1","18,8","27","99","224,0,513"
"0/1","19,15","34","99","442,0,607"
"0/1","15,24","39","99","774,0,476"
"0/1","24,15","39","99","462,0,800"
"0/1","12,19","31","99","629,0,384"
"0/1","14,22","36","99","648,0,452"
"0/1","15,14","29","99","449,0,436"
"0/1","17,13","30","99","437,0,515"
"0/1","17,10","27","99","334,0,526"
"0/1","17,17","34","99","543,0,207"
"0/1","12,11","23","99","371,0,415"
"0/1","10,17","27","99","594,0,325"
"0/1","8,10","18","99","347,0,258"
"0/1","7,17","24","99","462,0,185"
"0/1","16,12","28","99","394,0,552"
"0/1","19,7","26","99","207,0,606"
"0/1","12,16","28","99","560,0,403"
"0/1","15,10","25","99","297,0,529"
"0/1","15,15","31","99","395,0,453"
"0/1","14,8","22","99","266,0,464"
"0/1","13,16","29","99","463,0,406"
"0/1","27,4","31","82","82,0,806"
"0/1","11,8","19","99","266,0,321"
"0/1","21,22","43","99","681,0,613"
"0/1","3,10","13","80","359,0,80"
"0/1","5,12","17","99","389,0,140"
"0/1","12,14","26","99","476,0,371"
"0/1","14,15","29","99","476,0,437"
"0/1","8,10","18","99","350,0,268"
"0/1","13,15","28","99","452,0,459"
"0/1","12,12","24","99","414,0,370"
"0/1","8,7","15","99","242,0,237"
"0/1","17,15","32","99","496,0,582"
"0/1","20,18","38","99","548,0,654"
"0/1","14,17","31","99","601,0,450"
"0/1","9,5","14","99","154,0,315"
"0/0","15,1","16","42","0,42,566"
"0/1","18,21","39","99","580,0,565"
"0/1","18,13","31","99","356,0,622"
"0/1","19,16","35","99","403,0,618"
"0/1","13,16","29","99","448,0,394"
"0/1","17,11","28","99","352,0,547"
"0/1","16,21","37","99","680,0,396"
"0/1","23,22","45","99","711,0,730"
"0/1","16,22","38","99","712,0,528"
"0/1","11,26","37","99","854,0,295"
"0/0","36,0","36","96","0,96,1294"
"0/1","16,12","28","99","384,0,547"
"0/1","10,14","24","99","474,0,320"
"0/1","19,14","33","99","428,0,619"
"0/1","22,16","38","99","507,0,757"
"0/1","14,17","31","99","558,0,461"
"0/1","10,16","26","99","556,0,323"
"0/1","16,19","35","99","567,0,495"
"0/1","19,13","32","99","360,0,675"
"0/1","20,11","31","99","338,0,721"
"0/1","16,21","37","99","721,0,488"
"0/1","16,10","26","99","285,0,481"
"0/1","16,11","27","99","270,0,484"
"0/1","12,17","29","99","536,0,322"
"0/1","30,11","41","99","281,0,931"
"0/1","10,13","23","99","330,0,216"
"0/1","13,17","30","99","543,0,302"
"0/1","14,12","26","99","348,0,450"
"0/1","15,15","30","99","433,0,442"
"0/1","15,13","28","99","438,0,483"
"0/1","12,13","25","99","414,0,418"
"0/1","21,16","37","99","464,0,525"
"0/1","20,18","38","99","586,0,634"
"0/1","3,14","17","72","476,0,72"
"0/1","11,10","21","99","334,0,345"
"0/1","8,14","22","99","471,0,264"
"0/1","11,14","25","99","495,0,347"
"0/1","15,16","31","99","520,0,506"
"0/1","14,18","32","99","527,0,358"
"0/1","22,12","35","99","338,0,695"
"0/1","16,17","33","99","545,0,541"
"0/1","19,16","35","99","473,0,653"
"0/1","13,25","38","99","826,0,377"
"0/1","23,10","33","99","284,0,767"
"0/1","16,18","34","99","619,0,542"
"0/1","7,10","17","99","299,0,203"
"0/1","7,14","21","99","390,0,182"
"0/1","14,6","20","99","217,0,135"
"0/1","14,6","20","99","174,0,448"
"0/1","6,14","20","99","507,0,178"
"0/1","14,6","20","99","174,0,511"
"0/1","10,16","26","99","572,0,320"
"0/1","7,15","22","99","476,0,219"
"0/1","14,14","28","99","475,0,476"
"0/1","8,8","16","99","227,0,281"
"0/1","9,12","21","99","380,0,263"
"0/1","10,11","21","99","287,0,313"
"0/1","18,19","37","99","587,0,580"
"0/1","8,12","20","99","413,0,267"
"0/1","8,16","24","99","548,0,247"
"0/1","14,22","36","99","774,0,410"
"0/1","9,15","24","99","504,0,222"
"0/1","9,5","14","99","166,0,290"
"0/1","11,15","26","99","502,0,341"
"0/1","8,11","19","99","370,0,255"
"0/1","15,13","28","99","354,0,484"
"0/1","10,19","29","99","592,0,310"
"0/1","13,10","23","99","326,0,451"
"0/1","13,9","22","99","293,0,423"
"0/1","17,10","27","99","311,0,577"
"0/1","23,12","35","99","368,0,767"
"0/1","15,7","22","99","221,0,502"
"0/1","8,11","19","99","346,0,273"
"0/1","17,15","32","99","417,0,457"
"0/1","15,15","30","99","439,0,470"
"0/1","9,9","18","99","313,0,313"
"0/1","7,13","20","99","430,0,222"
"0/1","47,7","55","79","79,0,1477"
"0/0","11,0","11","15","0,15,180"
"0/1","5,2","8","23","23,0,61"
"0/1","12,16","28","99","526,0,393"
"0/1","19,24","43","99","766,0,646"
"0/1","10,14","24","99","483,0,325"
"0/1","53,5","58","41","41,0,1641"
"0/1","54,5","59","37","37,0,1721"
"0/1","53,8","61","99","108,0,1702"
"0/1","50,14","64","99","227,0,1572"
"0/1","39,8","47","99","175,0,1083"
"0/1","55,7","62","55","55,0,1767"
"0/1","21,22","43","99","735,0,674"
"0/1","23,22","45","99","705,0,790"
"0/1","18,17","35","99","506,0,452"
"0/1","17,17","34","99","508,0,595"
"0/1","43,9","52","75","75,0,1449"
"0/1","42,9","55","72","72,0,1144"
"0/1","19,18","37","99","611,0,618"
"0/1","15,22","37","99","734,0,496"
"0/1","16,25","41","99","860,0,525"
"0/1","7,10","17","99","346,0,195"
"0/1","19,20","39","99","648,0,569"
"0/1","19,14","33","99","478,0,581"
"0/1","15,13","28","99","427,0,523"
"0/1","14,13","27","99","371,0,471"
"0/1","11,8","19","99","268,0,383"
"0/1","9,16","25","99","503,0,273"
"0/1","12,12","24","99","415,0,410"
"0/0","18,2","20","12","0,12,654"
"0/1","16,10","26","99","298,0,528"
"0/1","11,10","21","99","347,0,351"
"0/1","7,12","19","99","430,0,228"
"0/1","6,7","13","99","244,0,203"
"0/1","12,7","19","99","232,0,370"
"0/1","20,12","32","99","339,0,637"
"0/1","14,12","26","99","397,0,491"
"0/1","16,18","34","99","533,0,474"
"0/1","18,20","38","99","541,0,532"
"0/1","18,20","38","99","624,0,488"
"0/1","21,13","34","99","402,0,639"
"0/1","19,14","33","99","424,0,621"
"0/1","10,12","22","99","382,0,341"
"0/1","17,20","37","99","620,0,520"
"0/1","22,24","46","99","641,0,610"
"0/1","17,16","33","99","511,0,510"
"0/1","12,15","27","99","485,0,397"
"0/1","17,19","36","99","545,0,497"
"0/1","10,19","29","99","479,0,282"
"0/1","15,12","27","99","357,0,479"
"0/1","18,15","33","99","429,0,556"
"0/1","23,17","40","99","462,0,710"
"0/1","12,19","31","99","650,0,383"
"0/1","22,22","44","99","692,0,745"
"0/1","14,7","21","99","231,0,396"
"0/1","11,11","22","99","306,0,263"
"0/1","12,7","19","99","223,0,403"
"0/1","5,8","13","99","276,0,129"
"0/1","15,16","31","99","495,0,462"
"0/1","14,16","30","99","558,0,457"
"0/1","14,8","22","99","264,0,491"
"0/1","7,8","15","99","280,0,234"
"0/1","17,16","33","99","532,0,543"
"0/1","13,8","21","99","260,0,418"
"0/1","7,18","25","99","523,0,207"
"0/1","8,19","27","99","539,0,244"
"0/1","13,21","35","99","559,0,371"
"0/1","18,10","28","99","319,0,580"
"0/1","19,12","32","99","382,0,652"
"0/1","15,19","34","99","644,0,492"
"0/1","22,14","36","99","409,0,733"
"0/1","7,13","20","99","401,0,232"
"0/1","11,13","24","99","453,0,340"
"0/1","21,20","41","99","585,0,698"
"0/1","17,11","28","99","333,0,562"
"0/1","11,23","34","99","776,0,298"
"0/1","16,21","37","99","678,0,534"
"0/1","8,14","22","99","493,0,234"
"0/1","16,18","34","99","607,0,521"
"0/1","16,14","30","99","471,0,559"
"0/1","11,12","23","99","410,0,347"
"0/1","7,9","16","99","276,0,245"
"0/1","8,15","23","99","532,0,240"
"1/1","0,23","23","66","887,66,0"
"0/1","10,15","25","99","489,0,327"
"0/1","16,17","34","99","550,0,500"
"0/1","14,9","23","99","295,0,495"
"0/1","11,10","21","99","342,0,370"
"0/1","12,11","23","99","378,0,420"
"0/1","12,9","21","99","301,0,395"
"0/1","12,12","24","99","416,0,414"
"0/1","17,18","35","99","532,0,547"
"0/1","16,12","28","99","391,0,428"
"0/0","36,0","36","99","0,99,1253"
"0/0","40,0","40","99","0,108,1431"
"0/0","43,0","43","99","0,120,1561"
"0/0","43,0","43","99","0,120,1565"
"0/0","36,0","36","99","0,102,1361"
"0/1","10,16","26","99","567,0,286"
"0/1","20,22","42","99","698,0,645"
"0/1","11,12","23","99","406,0,380"
"0/1","20,20","40","99","583,0,637"
"0/1","20,16","36","99","514,0,695"
"0/1","23,12","35","99","326,0,760"
"0/1","12,9","21","99","267,0,368"
"0/1","12,13","25","99","420,0,404"
"0/1","10,16","26","99","434,0,323"
"0/1","15,10","26","99","331,0,400"
"0/1","10,20","30","99","651,0,313"
"0/1","13,22","35","99","700,0,410"
"0/1","9,16","25","99","572,0,257"
"0/1","23,19","42","99","513,0,653"
"0/1","19,18","37","99","564,0,624"
"0/1","33,15","48","99","391,0,1083"
"0/1","30,16","46","99","434,0,957"
"0/1","28,16","44","99","463,0,925"
"0/1","27,15","42","99","426,0,898"
"0/1","17,14","31","99","444,0,593"
"0/1","15,9","24","99","280,0,523"
"0/1","13,17","30","99","565,0,336"
"0/1","13,14","27","99","480,0,428"
"0/1","12,17","29","99","609,0,360"
"0/1","12,18","30","99","613,0,331"
"0/1","3,17","20","62","617,0,62"
"0/1","13,6","19","99","189,0,389"
"0/1","17,7","24","99","145,0,577"
"0/1","15,11","26","99","304,0,458"
"0/1","10,8","18","99","271,0,356"
"0/1","9,10","19","99","340,0,308"
"0/1","9,9","18","99","287,0,285"
"0/0","26,0","26","75","0,75,1019"
"0/1","10,13","23","99","419,0,324"
"0/1","19,8","27","99","239,0,610"
"0/1","9,19","28","99","634,0,240"
"0/1","29,27","56","99","918,0,859"
"0/1","10,22","32","99","696,0,302"
"0/1","15,6","21","99","181,0,536"
"0/1","9,9","18","99","308,0,310"
"0/1","11,9","20","99","295,0,391"
"0/1","9,7","16","99","237,0,280"
"0/1","16,10","26","99","287,0,514"
"0/1","15,7","22","99","221,0,500"
"0/1","11,11","22","99","384,0,275"
"0/1","5,4","9","99","126,0,177"
"0/1","4,3","7","99","101,0,138"
"0/1","14,14","28","99","469,0,451"
"0/1","17,9","26","99","287,0,570"
"0/1","9,8","17","99","260,0,302"
"0/1","15,13","28","99","370,0,433"
"0/1","8,12","21","99","410,0,269"
"0/1","11,7","18","99","236,0,359"
"0/1","15,16","31","99","532,0,486"
"0/1","11,14","25","99","457,0,305"
"0/1","10,16","26","99","558,0,329"
"0/1","14,10","24","99","304,0,460"
"0/1","13,13","26","99","382,0,418"
"0/1","18,15","33","99","440,0,637"
"0/1","22,25","47","99","847,0,618"
"0/1","25,11","36","99","310,0,777"
"0/1","14,9","23","99","288,0,403"
"0/1","7,23","30","99","779,0,177"
"0/1","8,18","28","99","568,0,197"
"0/1","11,25","36","99","814,0,284"
"0/1","12,16","28","99","420,0,401"
"0/1","13,16","29","99","441,0,436"
"0/1","13,18","31","99","593,0,414"
"0/1","11,13","24","99","433,0,241"
"0/1","10,14","24","99","469,0,254"
"0/1","15,19","34","99","593,0,417"
"0/1","10,17","27","99","531,0,316"
"0/1","10,13","23","99","413,0,337"
"0/1","14,4","18","99","111,0,503"
"0/1","7,13","20","99","359,0,232"
"0/1","11,10","21","99","268,0,392"
"0/1","12,14","26","99","486,0,365"
"0/1","8,14","22","99","435,0,230"
"0/1","13,8","21","99","263,0,435"
"0/1","11,13","24","99","457,0,372"
"0/1","12,14","26","99","464,0,346"
"0/1","4,11","15","99","367,0,103"
"0/1","12,16","28","99","496,0,345"
"0/1","13,10","23","99","336,0,409"
"0/0","30,3","33","50","0,50,1105"
"0/0","28,3","31","38","0,38,958"
"0/1","13,23","36","99","653,0,421"
"0/0","40,3","43","45","0,45,1470"
"0/0","37,3","40","41","0,41,1388"
"0/0","43,3","46","4","0,4,1444"
"0/1","30,3","33","38","38,0,940"
"0/1","9,18","28","99","622,0,265"
"0/1","7,16","23","99","544,0,185"
"0/1","15,9","24","99","301,0,469"
"0/1","8,8","16","99","282,0,238"
"0/1","7,14","21","99","476,0,229"
"0/1","7,13","20","99","449,0,186"
"0/1","11,11","22","99","366,0,365"
"0/1","18,19","37","99","647,0,543"
"0/1","14,13","27","99","440,0,443"
"0/1","16,6","22","99","184,0,526"
"0/1","22,15","37","99","442,0,682"
"0/1","9,9","18","99","307,0,296"
"0/1","11,18","29","99","568,0,322"
"0/1","15,17","32","99","531,0,348"
"0/1","11,16","27","99","543,0,358"
"0/1","9,17","27","99","557,0,279"
"0/1","12,13","25","99","403,0,405"
"0/1","26,20","46","99","604,0,870"
"0/1","25,17","42","99","467,0,860"
"0/1","16,21","37","99","676,0,502"
"0/1","8,17","25","99","578,0,244"
"0/1","16,16","32","99","513,0,540"
"0/1","8,13","21","99","461,0,239"
"0/1","23,11","34","99","302,0,824"
"0/1","24,11","35","99","328,0,850"
"0/1","22,22","44","99","663,0,746"
"0/1","19,14","33","99","364,0,597"
"0/1","16,6","22","99","170,0,543"
"0/1","12,14","26","99","479,0,372"
"0/1","12,13","25","99","384,0,372"
"0/1","15,18","33","99","617,0,458"
"0/1","17,14","31","99","431,0,558"
"0/1","16,12","28","99","317,0,527"
"0/1","12,9","21","99","233,0,408"
"0/1","8,6","14","99","198,0,275"
"0/1","7,14","21","99","463,0,227"
"0/1","9,16","25","99","539,0,297"
"0/1","12,10","22","99","333,0,420"
"0/1","10,12","22","99","421,0,335"
"0/1","2,12","14","43","408,0,43"
"0/1","6,14","20","99","460,0,151"
"0/1","11,10","21","99","331,0,337"
"0/1","19,19","38","99","568,0,651"
"0/1","14,18","32","99","615,0,463"
"0/1","26,17","43","99","558,0,840"
"0/1","17,13","30","99","422,0,530"
"0/1","5,16","21","99","542,0,134"
"0/1","12,8","20","99","270,0,426"
"0/1","11,8","19","99","267,0,352"
"0/1","13,11","24","99","361,0,375"
"0/1","5,13","18","99","436,0,149"
"0/1","10,13","23","99","372,0,346"
"0/1","14,10","24","99","260,0,464"
"0/1","15,20","35","99","609,0,444"
"0/1","10,4","14","52","52,0,334"
"0/1","8,2","10","18","18,0,300"
"0/1","13,4","17","99","109,0,470"
"0/1","7,10","17","99","322,0,234"
"0/1","13,14","27","99","490,0,414"
"0/1","10,14","24","99","499,0,327"
"0/1","12,15","27","99","496,0,401"
"0/1","20,10","30","99","276,0,657"
"0/1","23,16","39","99","506,0,747"
"0/1","6,16","22","99","502,0,180"
"0/1","13,12","25","99","393,0,436"
"0/1","11,13","24","99","359,0,366"
"0/1","10,7","17","99","182,0,328"
"0/1","11,12","23","99","406,0,336"
"0/1","17,17","34","99","588,0,529"
"0/1","17,18","35","99","581,0,518"
"0/1","12,12","24","99","381,0,297"
"0/1","9,11","20","99","385,0,199"
"0/1","12,13","25","99","426,0,284"
"0/1","16,20","36","99","634,0,457"
"0/1","11,19","30","99","622,0,323"
"0/1","10,13","23","99","417,0,291"
"0/1","22,13","35","99","433,0,630"
"0/1","22,15","37","99","491,0,711"
"0/1","7,19","26","99","686,0,175"
"0/1","8,8","16","99","210,0,244"
"0/1","10,6","16","99","200,0,243"
"1/1","0,13","13","36","476,36,0"
"0/1","8,4","12","99","121,0,286"
"0/1","7,1","8","16","16,0,258"
"0/1","14,11","25","99","356,0,414"
"0/1","14,14","28","99","367,0,449"
"0/1","7,14","21","99","470,0,222"
"0/1","18,16","34","99","548,0,540"
"0/1","13,9","22","99","307,0,389"
"0/1","12,6","18","99","198,0,406"
"0/1","10,3","13","86","86,0,352"
"0/1","11,6","17","99","196,0,403"
"0/1","18,20","38","99","569,0,607"
"0/1","17,21","38","99","617,0,571"
"0/1","21,14","35","99","378,0,724"
"0/1","11,20","31","99","678,0,318"
"0/1","15,13","28","99","403,0,505"
"0/1","22,16","39","99","480,0,714"
"0/1","25,17","42","99","519,0,792"
"0/1","12,15","27","99","514,0,406"
"0/1","12,15","27","99","502,0,398"
"0/1","16,12","28","99","379,0,533"
"0/1","7,9","16","99","317,0,234"
"0/1","9,14","23","99","455,0,246"
"0/1","5,9","14","90","251,0,90"
"0/1","6,14","20","99","436,0,190"
"0/1","17,12","29","99","370,0,609"
"0/1","11,10","21","99","334,0,350"
"0/1","12,12","24","99","415,0,382"
"0/1","13,9","22","99","309,0,403"
"0/1","14,10","24","99","307,0,419"
"0/1","12,6","18","99","191,0,396"
"0/1","8,6","14","99","206,0,204"
"0/1","12,14","26","99","471,0,343"
"0/1","15,19","34","99","574,0,468"
"0/1","11,17","28","99","536,0,359"
"0/1","11,8","19","99","262,0,378"
"0/1","11,11","22","99","366,0,380"
"0/1","11,18","29","99","583,0,368"
"0/1","9,22","31","99","689,0,271"
"0/1","14,7","22","99","175,0,490"
"0/1","15,13","28","99","396,0,408"
"0/1","25,11","36","99","238,0,576"
"0/1","20,9","29","99","248,0,510"
"0/1","14,16","30","99","501,0,333"
"0/1","21,16","37","99","519,0,656"
"0/1","22,17","39","99","506,0,629"
"0/1","19,19","38","99","637,0,418"
"0/1","18,21","39","99","710,0,573"
"0/1","20,19","39","99","602,0,649"
"0/1","14,15","29","99","524,0,352"
"0/1","15,14","29","99","388,0,522"
"0/1","18,15","33","99","517,0,583"
"0/1","17,16","33","99","554,0,540"
"0/1","19,17","36","99","546,0,557"
"0/1","18,15","33","99","468,0,525"
"0/1","16,14","30","99","376,0,477"
"0/1","12,15","27","99","365,0,374"
"0/1","9,16","25","99","459,0,254"
"0/1","16,22","38","99","725,0,476"
"0/1","24,17","41","99","510,0,772"
"0/1","17,17","34","99","516,0,590"
"0/1","16,7","23","99","173,0,546"
"0/1","16,8","24","99","230,0,537"
"0/1","22,14","36","99","405,0,735"
"0/1","12,19","31","99","667,0,374"
"0/1","28,14","42","99","417,0,782"
"0/1","24,21","45","99","586,0,667"
"0/1","23,12","35","99","346,0,723"
"0/1","10,13","23","99","372,0,331"
"0/1","12,7","19","99","233,0,386"
"0/1","12,18","30","99","603,0,344"
"0/1","17,9","26","99","288,0,606"
"0/1","24,18","42","99","596,0,784"
"0/1","14,13","27","99","412,0,412"
"0/1","16,10","26","99","341,0,449"
"0/0","31,2","33","26","0,26,1028"
"0/0","29,2","31","23","0,23,999"
"0/1","9,15","24","99","500,0,251"
"0/1","14,12","26","99","411,0,442"
"0/1","27,20","47","99","629,0,873"
"0/1","12,18","30","99","623,0,384"
"0/1","15,15","30","99","477,0,349"
"0/1","13,16","29","99","479,0,362"
"0/1","23,20","43","99","642,0,673"
"0/1","26,17","43","99","519,0,793"
"0/1","22,13","35","99","388,0,743"
"0/1","26,13","39","99","393,0,864"
"0/1","12,23","35","99","742,0,387"
"0/1","26,22","48","99","632,0,653"
"0/1","16,17","33","99","518,0,497"
"0/1","22,18","41","99","518,0,726"
"0/1","23,15","38","99","442,0,697"
"0/1","25,20","45","99","588,0,793"
"0/1","19,16","35","99","537,0,625"
"0/1","19,18","37","99","554,0,668"
"0/1","14,18","32","99","528,0,451"
"0/1","15,15","30","99","514,0,442"
"0/1","19,10","29","99","318,0,594"
"0/1","19,13","32","99","366,0,615"
"0/1","13,15","28","99","516,0,419"
"0/1","12,20","32","99","707,0,394"
"0/1","17,17","34","99","564,0,540"
"0/1","25,7","32","99","158,0,783"
"0/1","18,10","28","99","253,0,566"
"0/1","11,16","27","99","486,0,320"
"0/1","12,25","38","99","759,0,309"
"0/1","10,22","32","99","712,0,302"
"0/1","12,23","35","99","817,0,344"
"0/1","28,8","36","99","153,0,978"
"0/1","27,7","34","99","170,0,908"
"0/1","16,19","35","99","592,0,511"
"0/1","17,9","26","99","300,0,513"
"0/1","11,13","24","99","377,0,326"
"0/1","12,9","21","99","267,0,411"
"0/1","15,7","22","99","216,0,495"
"0/1","5,14","19","99","456,0,145"
"0/1","5,10","15","99","300,0,160"
"0/1","20,13","33","99","362,0,626"
"0/1","19,19","38","99","609,0,574"
"0/1","19,16","35","99","495,0,508"
"0/1","13,23","36","99","623,0,325"
"0/1","20,20","40","99","609,0,525"
"0/1","18,7","25","99","210,0,537"
"0/1","17,7","24","99","210,0,537"
"0/1","19,9","28","99","199,0,642"
"0/1","14,12","26","99","327,0,460"
"0/1","9,20","31","99","661,0,199"
"0/1","23,13","36","99","338,0,713"
"0/1","25,13","38","99","331,0,777"
"0/1","8,11","19","99","339,0,220"
"0/1","13,11","24","99","301,0,326"
"0/0","24,0","24","57","0,57,729"
"0/0","29,0","29","72","0,72,893"
"0/1","10,16","26","99","408,0,296"
"0/1","4,3","7","99","99,0,144"
"0/1","12,11","23","99","311,0,392"
"0/1","5,3","8","99","99,0,168"
"0/1","11,9","20","99","309,0,380"
"0/1","10,14","24","99","461,0,320"
"0/1","10,10","20","99","337,0,329"
"0/1","6,11","17","99","355,0,197"
"0/1","10,5","15","99","150,0,325"
"0/1","19,12","31","99","355,0,642"
"0/1","21,17","38","99","526,0,643"
"0/1","20,17","37","99","505,0,597"
"0/0","41,2","43","73","0,73,1416"
"0/1","19,19","38","99","563,0,550"
"0/1","18,16","34","99","542,0,574"
"0/1","12,19","31","99","628,0,341"
"0/1","8,17","25","99","495,0,251"
"0/1","19,7","26","99","168,0,696"
"0/1","15,18","33","99","580,0,506"
"0/1","6,22","28","99","699,0,170"
"0/1","7,20","27","99","627,0,210"
"0/1","11,15","26","99","455,0,335"
"0/1","2,6","8","47","207,0,47"
"0/1","3,8","11","86","272,0,86"
"0/1","11,20","31","99","637,0,328"
"0/1","13,16","29","99","507,0,407"
"0/1","13,15","28","99","505,0,415"
"0/1","18,15","33","99","506,0,547"
"0/1","18,14","32","99","422,0,545"
"0/1","20,14","34","99","467,0,641"
"0/1","20,17","37","99","567,0,653"
"0/1","15,14","29","99","368,0,510"
"0/1","23,19","42","99","536,0,776"
"0/1","11,21","32","99","736,0,305"
"0/1","21,24","45","99","527,0,659"
"0/1","17,17","34","99","528,0,539"
"0/1","7,9","16","99","281,0,155"
"0/1","8,8","16","99","274,0,239"
"0/1","14,7","21","99","220,0,361"
"0/1","11,14","25","99","398,0,297"
"0/1","10,7","17","99","222,0,324"
"0/1","11,6","17","99","190,0,357"
"0/1","7,12","19","99","430,0,196"
"0/1","9,12","21","99","423,0,269"
"0/1","7,9","16","99","250,0,171"
"0/1","9,12","22","99","387,0,303"
"0/1","15,11","26","99","338,0,374"
"0/1","12,14","27","99","482,0,294"
"0/1","15,16","31","99","372,0,455"
"0/0","39,0","39","99","0,102,1338"
"0/1","6,15","21","99","459,0,175"
"0/1","14,12","26","99","408,0,441"
"0/1","12,14","26","99","471,0,402"
"0/1","19,18","37","99","549,0,573"
"0/1","12,21","33","99","680,0,386"
"0/1","17,19","36","99","582,0,542"
"0/1","13,22","35","99","787,0,368"
"0/1","22,16","38","99","467,0,725"
"0/1","15,21","36","99","746,0,455"
"0/1","13,11","24","99","347,0,441"
"0/1","11,13","24","99","438,0,368"
"0/1","16,13","29","99","416,0,448"
"0/1","20,15","35","99","467,0,483"
"0/1","13,21","34","99","665,0,409"
"0/1","10,18","28","99","551,0,305"
"0/1","12,14","26","99","429,0,397"
"0/1","16,18","34","99","617,0,437"
"0/1","20,17","37","99","569,0,643"
"0/1","21,20","41","99","550,0,623"
"0/1","17,11","28","99","365,0,556"
"0/1","12,16","28","99","530,0,364"
"0/0","32,3","35","10","0,10,1072"
"0/1","9,11","20","99","320,0,306"
"0/1","14,11","25","99","299,0,389"
"0/1","4,3","7","87","87,0,105"
"0/1","12,13","25","99","420,0,359"
"0/1","12,19","31","99","583,0,380"
"0/1","10,15","26","99","530,0,308"
"0/1","9,8","17","99","245,0,234"
"0/1","11,5","16","99","157,0,372"
"0/1","14,3","17","66","66,0,471"
"0/1","14,3","17","68","68,0,513"
"0/1","9,8","17","99","239,0,314"
"0/1","18,16","34","99","471,0,564"
"0/1","9,4","13","86","86,0,308"
"0/1","6,4","10","99","140,0,172"
"0/1","4,10","14","99","311,0,123"
"0/1","11,8","19","99","269,0,294"
"1/1","3,17","20","21","641,21,0"
"0/1","10,4","14","99","99,0,311"
"0/1","11,7","18","99","163,0,310"
"0/1","10,10","20","99","343,0,305"
"0/1","10,9","19","99","308,0,344"
"0/1","14,8","22","99","224,0,363"
"0/1","7,11","18","99","345,0,229"
"0/1","12,6","18","99","149,0,445"
"0/1","7,7","14","99","243,0,226"
"0/1","11,8","19","99","230,0,377"
"0/1","12,10","22","99","229,0,325"
"0/1","9,11","20","99","356,0,272"
"0/1","12,6","18","99","182,0,324"
"0/1","13,6","19","99","166,0,370"
"0/1","8,13","21","99","433,0,215"
"0/1","9,9","18","99","277,0,239"
"0/1","9,12","21","99","356,0,265"
"0/1","10,7","17","99","232,0,316"
"0/1","5,2","8","59","59,0,160"
"0/1","4,10","14","75","238,0,75"
"0/1","10,4","14","83","83,0,231"
"0/1","8,9","17","99","235,0,282"
"0/1","8,15","23","99","500,0,251"
"0/1","21,11","32","99","339,0,704"
"0/1","15,14","29","99","484,0,465"
"0/1","9,10","19","99","319,0,310"
"0/1","21,16","37","99","496,0,664"
"0/1","17,12","29","99","375,0,576"
"0/1","15,17","32","99","573,0,453"
"0/1","23,11","34","99","340,0,565"
"0/1","20,16","36","99","534,0,649"
"0/1","14,19","33","99","586,0,424"
"0/1","18,13","31","99","348,0,602"
"0/1","14,9","23","99","293,0,492"
"0/1","21,13","34","99","384,0,608"
"0/1","11,12","23","99","364,0,363"
"0/1","13,10","23","99","328,0,396"
"0/1","17,16","33","99","505,0,525"
"0/1","18,12","30","99","400,0,485"
"0/0","27,0","27","69","0,69,852"
"0/1","20,6","26","99","142,0,514"
"0/0","21,0","21","45","0,45,615"
"0/1","19,10","29","99","217,0,653"
"0/1","8,7","15","99","235,0,277"
"0/1","8,6","14","99","195,0,288"
"0/1","11,15","26","99","535,0,371"
"0/1","13,8","21","99","232,0,356"
"0/1","10,13","23","99","417,0,326"
"0/1","13,13","26","99","395,0,412"
"0/1","23,20","43","99","640,0,758"
"0/1","13,26","39","99","785,0,380"
"0/1","15,4","19","99","100,0,460"
"0/1","10,8","18","99","212,0,334"
"0/1","8,21","29","99","671,0,234"
"0/1","17,12","29","99","387,0,574"
"0/1","16,10","26","99","324,0,498"
"0/1","14,13","27","99","427,0,488"
"0/1","16,12","28","99","346,0,530"
"0/1","15,22","37","99","726,0,436"
"0/1","14,17","31","99","560,0,421"
"0/1","10,18","28","99","465,0,332"
"0/1","26,21","47","99","673,0,776"
"0/1","23,15","38","99","434,0,738"
"0/1","20,11","31","99","317,0,595"
"0/1","21,15","36","99","451,0,616"
"0/1","19,16","35","99","509,0,511"
"0/1","9,13","22","99","393,0,301"
"0/1","12,12","24","99","363,0,384"
"0/1","15,13","28","99","361,0,479"
"0/1","15,10","25","99","258,0,410"
"0/1","9,10","19","99","246,0,312"
"0/1","9,10","19","99","267,0,315"
"0/1","10,10","20","99","323,0,334"
"0/0","40,12","52","42","0,42,1128"
"0/1","13,10","23","99","228,0,286"
"0/0","10,0","10","27","0,27,329"
"0/1","12,2","14","7","7,0,360"
"0/1","12,3","15","65","65,0,370"
"0/1","9,5","14","99","109,0,210"
"0/1","7,3","10","99","99,0,105"
"1/1","0,6","6","18","219,18,0"
"0/1","11,7","18","99","226,0,347"
"0/1","15,10","25","99","329,0,535"
"1/1","0,7","7","12","148,12,0"
"0/1","3,8","11","76","282,0,76"
"0/1","5,9","14","99","279,0,141"
"0/1","11,5","16","99","124,0,279"
"0/1","10,12","22","99","319,0,338"
"0/1","8,6","14","99","198,0,282"
"0/1","14,6","20","99","156,0,427"
"0/1","12,5","17","99","149,0,398"
"0/1","19,13","32","99","369,0,618"
"0/1","20,13","33","99","368,0,656"
"0/1","12,7","19","99","230,0,408"
"0/1","14,12","26","99","303,0,446"
"0/1","8,3","11","95","95,0,180"
"0/1","5,11","16","86","408,0,86"
"0/1","22,21","43","99","615,0,555"
"0/1","24,15","39","99","438,0,717"
"0/1","15,17","32","99","512,0,377"
"0/1","14,17","31","99","546,0,448"
"0/1","13,17","30","99","529,0,354"
"0/1","15,13","28","99","369,0,454"
"0/1","12,16","28","99","498,0,386"
"0/1","19,12","31","99","365,0,648"
"0/1","9,21","30","99","604,0,252"
"0/1","18,26","44","99","844,0,507"
"0/1","25,19","44","99","582,0,699"
"0/1","20,24","44","99","771,0,593"
"0/1","21,22","43","99","716,0,654"
"0/1","20,20","40","99","696,0,633"
"0/1","10,14","24","99","444,0,328"
"0/1","12,9","21","99","259,0,325"
"0/1","19,10","29","99","274,0,594"
"0/1","21,12","33","99","333,0,665"
"0/1","13,13","26","99","349,0,311"
"0/1","17,13","30","99","308,0,510"
"0/1","15,10","25","99","229,0,407"
"0/1","13,15","28","99","452,0,389"
"0/1","15,11","26","99","349,0,476"
"0/1","13,12","25","99","375,0,436"
"0/1","13,12","25","99","319,0,444"
"0/1","16,11","27","99","358,0,549"
"0/1","14,23","37","99","603,0,360"
"0/1","13,23","36","99","713,0,345"
"0/1","16,21","37","99","671,0,411"
"0/1","21,13","34","99","370,0,410"
"0/1","16,6","22","99","154,0,476"
"0/1","14,9","23","99","287,0,245"
"0/1","12,10","22","99","344,0,375"
"0/1","11,4","15","99","115,0,407"
"0/1","9,13","22","99","451,0,300"
"0/1","9,2","11","53","53,0,292"
"0/1","9,11","20","99","389,0,314"
"0/1","7,12","19","99","384,0,225"
"0/1","9,13","22","99","430,0,282"
"0/1","9,9","18","99","309,0,301"
"0/1","9,13","22","99","424,0,303"
"0/1","14,15","29","99","525,0,448"
"0/1","12,12","24","99","372,0,401"
"0/1","12,13","25","99","408,0,397"
"0/1","15,11","26","99","366,0,535"
"0/1","12,15","27","99","520,0,377"
"0/1","20,19","39","99","640,0,680"
"0/1","19,18","37","99","573,0,578"
"0/1","23,17","40","99","565,0,791"
"0/1","20,17","37","99","562,0,640"
"0/1","17,25","42","99","769,0,529"
"0/1","18,23","41","99","671,0,610"
"0/1","19,12","31","99","326,0,620"
"0/1","14,16","30","99","499,0,469"
"0/1","18,16","35","99","531,0,616"
"0/1","24,15","39","99","447,0,815"
"0/1","12,13","25","99","455,0,390"
"0/1","5,7","12","99","256,0,126"
"0/1","6,10","16","99","355,0,189"
"0/1","9,10","19","99","353,0,272"
"0/1","11,11","22","99","335,0,374"
"0/1","13,7","20","99","227,0,460"
"0/1","15,9","24","99","292,0,529"
"0/1","11,19","30","99","625,0,316"
"0/1","19,9","28","99","236,0,630"
"0/1","9,15","24","99","532,0,274"
"0/1","10,11","21","99","377,0,308"
"0/1","14,11","25","99","350,0,409"
"0/1","15,17","32","99","546,0,496"
"0/1","14,18","32","99","589,0,463"
"0/1","17,17","34","99","541,0,547"
"0/1","21,14","35","99","462,0,711"
"0/1","16,13","29","99","429,0,561"
"0/1","27,13","40","99","375,0,895"
"0/1","24,10","34","99","306,0,793"
"0/1","21,14","35","99","438,0,687"
"0/1","47,17","65","99","406,0,1555"
"0/1","56,19","75","99","450,0,1797"
"0/1","69,13","82","99","225,0,2327"
"0/1","72,15","87","99","304,0,2214"
"0/1","53,9","62","99","99,0,1567"
"0/1","56,11","67","99","110,0,1687"
"0/1","31,6","38","90","90,0,1086"
"0/1","17,13","30","99","329,0,566"
"0/1","9,13","22","99","442,0,296"
"0/1","20,13","33","99","381,0,659"
"0/1","14,10","24","99","337,0,422"
"0/1","8,7","15","99","238,0,208"
"0/1","10,8","18","99","275,0,356"
"0/1","8,7","15","99","211,0,240"
"0/1","8,15","23","99","508,0,259"
"0/1","7,5","12","99","133,0,220"
"0/1","5,4","9","99","130,0,175"
"0/1","9,9","18","99","281,0,285"
"0/1","8,8","16","99","268,0,271"
"0/1","15,7","22","99","224,0,508"
"0/1","5,9","14","99","314,0,160"
"0/1","8,6","14","99","198,0,283"
"0/1","11,7","18","99","241,0,327"
"0/1","12,17","29","99","590,0,343"
"0/1","11,11","22","99","376,0,345"
"0/1","6,20","26","99","652,0,136"
"0/1","12,8","20","99","249,0,405"
"0/1","12,8","20","99","226,0,350"
"0/1","8,4","12","99","127,0,283"
"0/1","6,10","16","99","330,0,154"
"0/1","18,4","22","99","105,0,532"
"0/1","11,27","39","99","740,0,250"
"0/1","15,15","30","99","372,0,462"
"0/1","11,10","21","99","298,0,365"
"0/1","14,14","28","99","449,0,455"
"0/1","19,16","35","99","542,0,611"
"0/1","14,15","29","99","496,0,474"
"0/1","15,9","24","99","272,0,515"
"0/1","12,10","23","99","326,0,392"
"0/1","8,7","15","99","240,0,276"
"0/1","6,10","16","99","341,0,179"
"0/1","15,19","34","99","593,0,462"
"0/1","14,17","32","99","514,0,432"
"0/1","16,32","48","99","1060,0,429"
"0/1","12,27","39","99","947,0,234"
"0/0","38,2","40","37","0,37,1324"
"0/1","31,9","40","91","91,0,1088"
"0/1","33,8","41","51","51,0,1131"
"0/1","20,15","35","99","453,0,626"
"0/1","12,15","27","99","459,0,398"
"0/1","19,11","30","99","314,0,663"
"0/1","12,14","26","99","422,0,422"
"0/1","9,12","21","99","396,0,304"
"0/1","22,16","38","99","504,0,743"
"0/1","20,23","43","99","657,0,675"
"0/1","10,11","21","99","381,0,343"
"0/1","9,11","20","99","392,0,307"
"0/1","13,16","29","99","537,0,444"
"0/1","16,13","29","99","450,0,522"
"0/1","14,13","27","99","455,0,406"
"0/1","9,21","30","99","723,0,266"
"0/1","14,13","27","99","435,0,483"
"0/1","14,13","27","99","443,0,492"
"0/1","9,11","20","99","396,0,304"
"0/1","7,11","18","99","395,0,233"
"0/1","4,9","13","99","318,0,120"
"0/1","5,4","9","99","121,0,173"
"0/1","13,19","32","99","675,0,429"
"0/1","7,8","15","99","284,0,245"
"0/1","9,12","21","99","418,0,307"
"0/1","9,13","22","99","453,0,270"
"0/1","14,14","28","99","445,0,418"
"0/1","12,20","32","99","579,0,332"
"0/1","35,27","62","99","836,0,939"
"0/1","35,27","62","99","705,0,963"
"0/1","13,29","42","99","968,0,354"
"0/1","12,17","29","99","557,0,348"
"0/1","15,16","31","99","525,0,428"
"0/1","29,18","47","99","553,0,799"
"0/1","24,14","38","99","410,0,838"
"0/1","22,14","36","99","418,0,759"
"0/1","16,19","35","99","650,0,542"
"0/1","14,10","24","99","330,0,454"
"0/1","13,14","27","99","437,0,407"
"0/1","31,21","54","99","212,0,575"
"0/1","8,3","12","83","83,0,147"
"0/1","5,9","14","99","281,0,129"
"0/1","10,6","16","99","164,0,306"
"0/1","14,15","29","99","477,0,479"
"0/1","8,9","17","99","305,0,269"
"0/1","15,13","28","99","381,0,428"
"0/1","13,11","24","99","338,0,374"
"0/1","11,8","19","99","238,0,322"
"0/1","8,6","14","99","173,0,273"
"0/1","9,9","18","99","300,0,275"
"0/1","9,7","16","99","203,0,322"
"0/1","12,8","20","99","260,0,420"
"0/1","16,7","23","99","208,0,563"
"0/1","19,13","32","99","365,0,629"
"0/1","17,16","33","99","476,0,538"
"0/1","18,12","30","99","346,0,591"
"0/1","13,11","24","99","367,0,431"
"0/0","20,1","21","34","0,34,736"
"0/1","7,9","16","99","292,0,237"
"0/1","19,19","38","99","641,0,639"
"0/1","11,13","24","99","360,0,347"
"0/1","15,9","24","99","277,0,497"
"0/1","21,14","35","99","466,0,753"
"0/1","14,23","37","99","817,0,458"
"0/1","14,18","32","99","623,0,399"
"0/1","15,17","32","99","581,0,456"
"0/1","14,16","30","99","544,0,425"
"0/1","21,12","33","99","373,0,618"
"0/1","12,21","33","99","593,0,343"
"0/1","12,12","24","99","293,0,375"
"0/1","10,20","30","99","692,0,238"
"0/1","8,7","15","99","228,0,195"
"0/1","16,16","32","99","459,0,542"
"0/1","13,13","26","99","356,0,399"
"0/1","18,18","36","99","584,0,535"
"0/1","12,15","27","99","470,0,391"
"0/1","13,15","28","99","515,0,413"
"0/1","11,6","17","99","166,0,366"
"0/1","9,21","30","99","647,0,280"
"0/0","29,0","29","84","0,84,1143"
"0/1","15,24","39","99","602,0,339"
"0/1","14,13","27","99","444,0,446"
"0/1","20,12","32","99","305,0,661"
"0/1","19,16","35","99","310,0,590"
"0/1","34,9","43","78","78,0,1107"
"0/1","23,20","43","99","427,0,694"
"0/1","32,13","45","99","231,0,896"
"0/1","14,13","27","99","324,0,467"
"0/1","9,18","27","99","604,0,145"
"0/1","18,5","23","99","126,0,619"
"0/1","17,7","24","99","170,0,610"
"0/1","13,19","32","99","425,0,404"
"0/1","18,17","35","99","473,0,603"
"0/1","18,10","28","99","197,0,301"
"0/1","24,17","41","99","546,0,823"
"0/1","22,19","41","99","594,0,683"
"0/1","15,20","35","99","649,0,432"
"0/1","15,16","31","99","471,0,447"
"0/1","15,18","34","99","467,0,457"
"0/1","15,15","30","99","513,0,258"
"0/1","15,13","28","99","428,0,493"
"0/1","16,12","28","99","417,0,415"
"0/1","8,12","20","99","436,0,189"
"0/1","11,16","27","99","576,0,363"
"0/1","12,15","27","99","464,0,355"
"0/1","16,17","33","99","493,0,493"
"0/1","14,13","27","99","426,0,393"
"0/1","12,15","27","99","505,0,358"
"0/1","10,17","28","99","555,0,292"
"0/1","16,9","25","99","247,0,505"
"0/1","18,17","35","99","498,0,525"
"0/1","20,9","29","99","244,0,656"
"0/1","10,22","32","99","717,0,263"
"0/1","8,17","25","99","569,0,231"
"0/1","16,12","28","99","401,0,554"
"0/1","23,6","29","99","119,0,734"
"0/1","23,5","28","99","113,0,707"
"0/1","22,6","28","99","122,0,731"
"0/1","15,31","46","99","1087,0,427"
"0/1","22,9","31","99","267,0,699"
"0/1","10,28","39","99","982,0,193"
"0/1","37,8","45","99","109,0,1247"
"0/1","38,6","44","43","43,0,1303"
"0/1","39,6","45","25","25,0,1305"
"0/1","41,6","47","31","31,0,1326"
"0/1","46,8","54","75","75,0,1607"
"0/1","36,8","44","99","102,0,1240"
"0/1","14,18","32","99","598,0,467"
"0/1","15,11","26","99","334,0,499"
"0/1","12,14","26","99","380,0,269"
"0/1","12,10","22","99","337,0,424"
"0/1","7,9","16","99","317,0,205"
"0/1","17,6","23","99","173,0,583"
"0/1","10,15","25","99","527,0,334"
"0/1","8,12","20","99","390,0,272"
"0/1","10,4","14","99","115,0,350"
"0/1","11,4","15","99","118,0,387"
"0/1","13,5","18","99","154,0,433"
"0/1","11,7","18","99","229,0,395"
"0/1","17,8","25","99","203,0,588"
"0/1","12,13","26","99","323,0,366"
"0/1","16,18","34","99","632,0,509"
"0/1","15,15","30","99","502,0,516"
"0/1","18,23","41","99","793,0,552"
"0/1","15,11","26","99","312,0,477"
"0/1","18,18","36","99","504,0,569"
"0/1","9,11","20","99","382,0,273"
"0/1","19,6","26","88","88,0,643"
"0/0","3,0","3","6","0,6,74"
"0/1","24,7","31","96","96,0,631"
"0/1","28,8","37","90","90,0,707"
"0/1","10,12","22","99","409,0,266"
"0/0","7,1","8","15","0,15,190"
"0/0","10,0","10","21","0,21,262"
"0/1","19,12","31","99","375,0,605"
"0/1","14,8","22","99","251,0,435"
"0/1","23,20","43","99","610,0,667"
"0/1","16,15","31","99","410,0,538"
"0/1","17,22","39","99","557,0,256"
"0/1","12,16","28","99","550,0,344"
"0/1","22,10","32","99","155,0,580"
"0/1","26,8","34","42","42,0,639"
"0/0","37,4","41","11","0,11,1180"
"0/0","36,4","40","2","0,2,1297"
"0/1","17,9","26","99","230,0,579"
"0/1","17,9","26","99","233,0,544"
"0/1","7,10","17","99","338,0,231"
"0/1","14,11","25","99","374,0,454"
"0/1","25,14","39","99","358,0,842"
"0/1","17,20","39","99","579,0,478"
"0/1","14,17","31","99","544,0,414"
"0/1","10,7","17","99","194,0,356"
"0/1","15,18","33","99","493,0,434"
"0/1","15,17","32","99","534,0,386"
"0/1","18,22","40","99","699,0,576"
"0/1","14,18","32","99","527,0,410"
"0/1","11,17","28","99","559,0,321"
"0/1","8,12","20","99","366,0,253"
"0/1","18,12","30","99","353,0,611"
"0/1","15,13","28","99","368,0,481"
"0/1","8,8","16","99","261,0,244"
"0/1","10,6","16","99","177,0,337"
"0/1","10,14","24","99","368,0,336"
"0/1","10,14","24","99","290,0,339"
"0/1","13,13","27","99","449,0,360"
"0/1","16,14","30","99","373,0,469"
"0/1","14,14","28","99","437,0,390"
"0/1","14,13","27","99","410,0,392"
"0/1","13,14","27","99","415,0,368"
"0/1","13,14","27","99","468,0,358"
"0/1","16,21","37","99","641,0,466"
"0/1","16,20","36","99","657,0,520"
"0/1","17,22","39","99","675,0,521"
"0/1","21,8","29","99","201,0,717"
"0/1","17,4","21","55","55,0,627"
"0/1","16,4","20","58","58,0,589"
"0/1","17,4","21","52","52,0,614"
"0/1","17,6","23","99","134,0,580"
"0/1","19,9","28","99","234,0,664"
"0/1","13,8","21","99","177,0,325"
"0/0","16,1","17","42","0,42,549"
"0/0","21,0","21","60","0,60,786"
"0/1","15,13","28","99","346,0,529"
"0/1","19,11","30","99","350,0,687"
"0/1","28,13","41","99","414,0,909"
"0/1","28,11","39","99","336,0,905"
"0/1","28,8","36","99","228,0,915"
"0/1","22,20","42","99","659,0,689"
"0/1","22,20","42","99","679,0,748"
"0/1","38,10","48","99","266,0,1340"
"0/1","35,9","44","99","239,0,1167"
"0/1","40,11","52","99","306,0,1249"
"0/1","28,13","41","99","260,0,885"
"0/1","22,15","37","99","489,0,699"
"0/1","40,9","49","99","140,0,1098"
"0/1","28,10","38","99","248,0,964"
"0/1","24,14","38","99","433,0,806"
"0/1","18,24","42","99","748,0,542"
"0/1","29,14","43","99","343,0,904"
"0/1","10,25","35","99","906,0,270"
"0/1","10,16","26","99","487,0,250"
"0/1","37,3","40","3","3,0,1257"
"0/1","36,3","39","9","9,0,1233"
"0/1","31,10","41","99","252,0,957"
"0/1","42,14","56","99","366,0,1393"
"0/0","45,1","46","98","0,98,1520"
"0/1","26,8","34","99","202,0,907"
"0/0","42,3","45","10","0,10,1501"
"0/1","45,10","55","99","174,0,1525"
"0/1","42,7","49","99","110,0,1406"
"0/1","42,7","49","99","110,0,1390"
"0/1","30,8","38","99","159,0,994"
"0/1","29,8","37","99","199,0,981"
"0/1","15,12","27","99","409,0,523"
"0/1","22,18","40","99","586,0,734"
"0/0","29,0","29","81","0,81,1080"
"0/1","17,13","30","99","258,0,543"
"0/1","16,20","36","99","672,0,494"
"0/1","20,14","34","99","397,0,677"
"0/1","59,13","73","73","73,0,1498"
"0/1","57,15","72","99","152,0,1444"
"0/1","57,15","72","99","133,0,1465"
"0/1","57,14","71","99","123,0,1516"
"0/1","17,15","32","99","488,0,512"
"0/1","15,8","23","99","245,0,441"
"0/1","16,10","26","99","320,0,517"
"0/1","13,9","22","99","303,0,426"
"0/1","12,10","22","99","347,0,350"
"0/1","12,17","29","99","564,0,368"
"0/0","27,0","27","81","0,81,1070"
"0/1","18,15","33","99","374,0,568"
"0/1","15,11","26","99","328,0,485"
"0/0","27,0","27","78","0,78,1065"
"0/1","9,10","19","99","310,0,300"
"0/1","11,14","25","99","463,0,293"
"0/1","9,6","15","99","158,0,325"
"0/1","5,16","21","99","580,0,142"
"0/1","16,15","31","99","474,0,542"
"0/1","11,16","27","99","499,0,319"
"0/1","11,19","30","99","671,0,319"
"0/1","11,10","21","99","338,0,352"
"0/1","14,23","37","99","751,0,444"
"0/1","24,12","36","99","334,0,797"
"0/1","12,13","25","99","340,0,337"
"0/1","6,11","17","99","244,0,121"
"0/1","8,12","20","99","405,0,259"
"0/1","9,14","23","99","495,0,300"
"0/1","16,16","32","99","516,0,560"
"0/1","16,15","31","99","467,0,547"
"0/1","15,18","33","99","568,0,447"
"0/0","23,0","23","63","0,63,841"
"0/1","22,22","44","99","702,0,748"
"1/1","0,10","10","24","285,24,0"
"0/0","5,2","7","15","0,15,192"
"0/0","13,1","14","36","0,36,474"
"0/1","17,12","31","99","367,0,472"
"0/1","18,17","35","99","545,0,601"
"0/1","7,17","24","99","594,0,206"
"0/0","22,0","22","63","0,63,840"
"0/0","22,0","22","63","0,63,836"
"0/0","20,0","20","51","0,51,688"
"0/0","19,0","20","54","0,54,725"
"0/1","14,14","28","99","450,0,488"
"0/1","8,5","13","99","166,0,283"
"0/1","22,19","41","99","611,0,744"
"0/1","22,17","39","99","525,0,684"
"0/1","17,13","30","99","398,0,533"
"0/1","8,13","21","99","433,0,194"
"0/1","17,13","30","99","448,0,520"
"0/1","8,7","15","99","234,0,281"
"0/1","14,11","25","99","376,0,474"
"0/1","11,21","32","99","680,0,334"
"0/1","19,15","34","99","451,0,546"
"0/1","13,19","32","99","590,0,437"
"0/1","14,14","28","99","484,0,475"
"0/1","11,17","28","99","429,0,333"
"0/1","21,12","33","99","388,0,670"
"0/1","15,16","31","99","426,0,514"
"0/1","12,15","27","99","416,0,406"
"0/1","10,11","21","99","311,0,329"
"0/1","8,8","16","99","256,0,212"
"0/1","11,8","19","99","237,0,376"
"0/1","5,18","23","99","566,0,136"
"0/1","8,13","21","99","448,0,246"
"0/1","15,18","33","99","456,0,506"
"0/1","17,25","42","99","789,0,515"
"0/1","12,19","31","99","637,0,307"
"0/1","12,23","35","99","752,0,371"
"0/1","24,12","36","99","370,0,783"
"0/1","13,20","33","99","592,0,393"
"0/1","13,15","28","99","460,0,434"
"0/1","9,16","25","99","551,0,257"
"0/1","9,11","20","99","396,0,296"
"0/1","12,20","32","99","655,0,389"
"0/1","4,4","8","99","141,0,139"
"0/1","5,4","9","99","132,0,173"
"0/1","6,9","15","99","323,0,163"
"0/1","12,6","18","99","110,0,355"
"0/0","12,0","12","33","0,33,433"
"0/1","5,9","14","99","286,0,166"
"0/1","10,6","16","99","174,0,362"
"0/1","3,4","7","99","138,0,102"
"0/1","4,4","8","99","101,0,141"
"0/1","7,4","11","99","132,0,209"
"0/1","12,9","21","99","266,0,320"
"0/1","10,10","20","99","343,0,347"
"0/1","6,5","11","99","164,0,201"
"0/1","8,9","17","99","275,0,223"
"0/1","8,8","16","99","205,0,284"
"0/1","9,12","21","99","345,0,305"
"0/1","10,7","17","99","232,0,284"
"0/1","6,6","12","99","151,0,196"
"0/1","5,9","14","99","291,0,132"
"0/1","12,14","26","99","486,0,408"
"0/1","16,13","29","99","396,0,515"
"0/1","13,12","25","99","422,0,380"
"0/1","18,10","28","99","327,0,484"
"0/1","18,17","35","99","502,0,600"
"1/2","0,9,10","19","99","651,321,294,330,0,303"
"0/1","11,10","21","99","332,0,365"
"0/1","10,10","20","99","341,0,340"
"0/1","17,21","38","99","704,0,533"
"0/1","14,12","26","99","416,0,486"
"0/1","13,9","22","99","300,0,423"
"0/0","13,0","13","39","0,39,523"
"0/1","19,17","36","99","551,0,580"
"0/1","15,11","26","99","363,0,463"
"0/1","9,9","18","99","282,0,269"
"0/0","38,0","39","39","0,39,481"
"0/1","21,21","42","99","718,0,692"
"0/0","7,0","8","18","0,18,220"
"0/1","11,9","20","99","304,0,353"
"0/1","8,14","22","99","411,0,220"
"0/1","15,10","25","99","332,0,523"
"0/1","2,16","18","26","595,0,26"
"0/1","6,12","18","99","406,0,183"
"0/1","6,12","18","99","427,0,178"
"0/1","5,5","11","25","144,0,25"
"0/1","5,13","18","99","482,0,143"
"1/1","0,19","19","54","732,54,0"
"0/1","8,2","10","55","55,0,232"
"0/1","19,24","43","99","726,0,543"
"0/1","5,7","12","99","240,0,107"
"0/0","13,0","13","30","0,30,352"
"0/1","17,14","31","99","441,0,577"
"0/1","24,22","46","99","653,0,754"
"0/1","10,16","26","99","467,0,256"
"0/1","9,12","21","99","424,0,275"
"0/0","19,0","20","45","0,45,571"
"0/1","12,11","23","99","261,0,262"
"0/0","24,0","24","48","0,48,627"
"0/1","12,15","27","99","461,0,373"
"0/1","14,15","29","99","446,0,462"
"0/1","12,8","20","99","253,0,422"
"0/1","18,16","34","99","439,0,575"
"0/1","16,4","20","57","57,0,93"
"0/1","21,14","37","95","132,0,95"
"0/1","18,6","25","46","46,0,55"
"0/1","10,15","25","99","442,0,179"
"0/1","16,8","24","99","214,0,497"
"0/1","13,17","30","99","517,0,438"
"0/1","17,10","27","99","324,0,599"
"0/1","15,20","35","99","637,0,474"
"0/1","22,9","31","99","262,0,752"
"0/1","3,5","8","96","183,0,96"
"0/1","23,11","37","99","324,0,486"
"0/1","8,15","23","99","548,0,221"
"0/1","17,22","39","99","514,0,435"
"0/1","22,12","34","99","324,0,753"
"0/1","14,14","28","99","415,0,401"
"0/1","16,11","27","99","324,0,497"
"0/1","12,13","25","99","336,0,267"
"0/1","13,17","30","99","462,0,371"
"0/1","8,10","18","99","361,0,239"
"0/1","15,16","31","99","552,0,465"
"0/0","11,0","11","30","0,30,379"
"0/0","30,0","30","87","0,87,1098"
"0/1","14,12","26","99","303,0,468"
"0/1","8,12","20","99","353,0,263"
"0/1","13,4","17","87","87,0,486"
"0/1","14,4","18","77","77,0,519"
"0/1","16,6","22","99","120,0,587"
"0/1","10,6","16","99","191,0,342"
"0/1","6,6","12","96","117,0,96"
"0/1","12,6","18","99","192,0,390"
"0/1","11,11","29","99","177,0,336"
"0/1","10,8","18","99","250,0,309"
"0/1","12,20","32","99","501,0,345"
"0/1","18,18","36","99","617,0,461"
"0/0","24,0","25","54","0,54,691"
"0/1","13,9","22","99","259,0,421"
"0/1","12,16","28","99","477,0,378"
"0/1","16,12","28","99","399,0,562"
"0/1","12,15","27","99","517,0,395"
"0/1","18,14","32","99","460,0,566"
"0/1","8,11","19","99","271,0,254"
"0/1","8,20","28","99","724,0,225"
"0/1","22,7","29","99","196,0,736"
"0/1","11,16","27","99","520,0,351"
"0/1","15,14","29","99","483,0,496"
"0/1","14,16","30","99","418,0,463"
"0/1","22,17","39","99","558,0,673"
"0/0","14,1","15","12","0,12,145"
"0/1","17,18","35","99","571,0,574"
"0/1","13,5","18","99","138,0,99"
"0/1","28,4","32","32","32,0,913"
"0/0","34,0","34","99","0,102,1322"
"0/1","11,21","32","99","653,0,313"
"0/1","16,20","36","99","659,0,491"
"0/1","16,18","34","99","466,0,553"
"0/1","16,18","34","99","528,0,542"
"0/1","13,11","24","99","233,0,409"
"0/1","17,22","39","99","687,0,535"
"0/1","21,21","42","99","625,0,691"
"0/1","22,18","40","99","537,0,661"
"0/1","37,12","49","99","389,0,148"
"0/1","13,18","31","99","496,0,333"
"0/1","15,17","32","99","496,0,366"
"0/1","16,14","30","99","284,0,461"
"0/1","14,15","29","99","443,0,345"
"0/1","16,13","29","99","416,0,462"
"0/1","9,20","29","99","516,0,271"
"0/1","11,19","30","99","547,0,347"
"0/1","11,18","29","99","509,0,346"
"0/1","10,19","29","99","522,0,276"
"0/1","11,9","20","99","244,0,333"
"0/1","10,8","18","99","175,0,315"
"0/1","8,7","15","99","143,0,275"
"0/1","7,7","14","99","179,0,224"
"0/1","10,5","15","99","137,0,332"
"0/1","9,5","14","99","155,0,207"
"0/1","9,6","15","99","189,0,233"
"0/1","15,7","22","99","165,0,526"
"0/1","17,8","25","99","164,0,522"
"0/1","21,17","38","99","511,0,602"
"0/1","16,18","34","99","584,0,465"
"0/1","19,9","28","99","214,0,562"
"0/1","13,14","27","99","396,0,422"
"0/1","13,16","30","99","529,0,268"
"0/1","22,14","36","99","351,0,550"
"0/1","21,20","41","99","602,0,623"
"0/1","22,23","45","99","665,0,650"
"0/1","17,12","29","99","348,0,507"
"0/1","19,23","42","99","717,0,486"
"0/1","11,20","31","99","541,0,359"
"0/1","8,16","24","99","449,0,251"
"0/1","15,22","37","99","671,0,476"
"0/1","14,20","34","99","601,0,378"
"0/1","20,22","42","99","486,0,535"
"0/1","13,20","33","99","623,0,421"
"0/1","9,19","28","99","472,0,273"
"0/1","11,12","24","99","316,0,354"
"0/1","11,13","24","99","349,0,370"
"0/1","14,12","26","99","255,0,448"
"0/1","4,9","13","99","116,0,113"
"0/1","8,8","16","99","134,0,170"
"0/1","9,5","14","99","144,0,290"
"0/1","14,7","21","99","184,0,402"
"0/1","14,5","19","99","155,0,383"
"0/1","13,7","20","99","228,0,354"
"0/1","16,11","27","99","354,0,426"
"0/1","18,23","41","99","605,0,519"
"0/1","17,23","40","99","654,0,515"
"0/1","27,15","43","99","284,0,767"
"0/1","34,16","50","99","463,0,933"
"0/1","47,21","68","99","361,0,1156"
"0/1","47,27","74","99","650,0,1054"
"0/1","53,18","71","99","487,0,1103"
"0/1","12,14","26","99","418,0,399"
"0/1","13,10","23","99","324,0,431"
"0/1","15,10","25","99","254,0,487"
"0/1","10,13","23","99","411,0,310"
"0/1","15,15","31","99","427,0,457"
"0/1","18,17","35","99","473,0,556"
"0/1","12,17","29","99","523,0,325"
"0/0","25,0","25","60","0,60,777"
"0/1","11,18,0","29","99","529,0,251,556,299,855"
"0/1","14,16","30","99","461,0,417"
"0/1","15,16","31","99","543,0,404"
"0/1","8,10","19","99","340,0,228"
"0/1","22,13","35","99","380,0,783"
"0/1","23,12","35","99","342,0,808"
"0/1","8,10","18","99","358,0,201"
"0/1","11,15","26","99","521,0,327"
"0/1","27,13","40","99","390,0,875"
"0/1","17,18","35","99","589,0,538"
"0/1","21,19","40","99","633,0,632"
"0/1","8,10","18","99","336,0,254"
"0/1","28,16","44","99","387,0,930"
"0/1","10,11","21","99","359,0,293"
"0/1","11,10","21","99","342,0,316"
"0/1","10,6","16","99","194,0,344"
"0/0","32,0","33","51","0,51,668"
"0/1","13,16","29","99","481,0,428"
"0/1","14,10","24","99","301,0,172"
"0/1","15,14","29","99","352,0,452"
"0/1","12,18","30","99","572,0,390"
"0/1","10,14","24","99","454,0,338"
"0/1","23,24","47","99","732,0,738"
"0/1","19,15","34","99","507,0,599"
"0/1","12,17","29","99","536,0,317"
"0/1","13,6","19","99","182,0,475"
"0/1","4,7","12","99","254,0,132"
"0/1","9,5","14","99","140,0,283"
"0/1","8,8","16","99","240,0,284"
"0/1","10,7","17","99","242,0,312"
"0/1","11,17","28","99","534,0,356"
"0/1","16,18","34","99","519,0,468"
"0/1","14,12","26","99","396,0,433"
"0/1","13,15","28","99","468,0,439"
"0/1","20,22","42","99","645,0,661"
"0/1","9,9","18","99","316,0,279"
"0/1","13,9","22","99","238,0,436"
"0/1","9,3","12","87","87,0,325"
"0/1","11,7","18","99","233,0,356"
"0/1","12,10","22","99","260,0,427"
"0/1","3,16","19","68","526,0,68"
"0/0","32,0","32","90","0,90,1190"
"0/1","10,9","19","99","307,0,331"
"0/0","26,0","26","69","0,69,933"
"0/0","16,0","16","48","0,48,636"
"0/1","15,15","30","99","510,0,511"
"0/1","15,14","29","99","416,0,418"
"0/0","24,0","24","66","0,66,865"
"0/1","17,12","29","99","388,0,595"
"0/1","13,7","20","99","222,0,466"
"0/1","17,26","43","99","861,0,558"
"0/1","5,24","29","50","680,0,50"
"0/1","16,10","26","99","240,0,474"
"0/1","12,12","24","99","357,0,411"
"0/1","15,17","32","99","502,0,488"
"0/1","12,15","27","99","494,0,323"
"0/1","8,22","30","99","733,0,239"
"0/1","5,11","16","99","353,0,158"
"0/1","14,13","27","99","436,0,449"
"0/1","7,6","13","99","154,0,246"
"0/1","16,14","30","99","449,0,515"
"0/1","12,18","30","99","538,0,337"
"0/1","14,14","28","99","407,0,489"
"0/1","55,7","62","80","80,0,1658"
"0/1","55,9","64","99","108,0,1534"
"0/1","4,6","10","99","173,0,126"
"0/0","21,0","21","60","0,60,821"
"0/1","6,11","17","99","370,0,121"
"0/1","8,11","19","99","359,0,226"
"0/1","9,10","19","99","310,0,287"
"0/1","12,13","25","99","426,0,365"
"0/1","16,17","33","99","532,0,504"
"0/1","19,13","32","99","386,0,596"
"0/1","17,12","29","99","318,0,602"
"0/1","13,18","31","99","601,0,418"
"0/1","10,14","24","99","484,0,290"
"0/0","17,0","17","48","0,48,656"
"0/1","10,10","20","99","315,0,338"
"0/1","12,14","26","99","460,0,377"
"0/1","9,14","23","99","463,0,264"
"0/1","14,22","36","99","737,0,408"
"0/1","13,20","33","99","682,0,389"
"0/1","11,4","15","99","117,0,395"
"0/1","7,9","16","99","310,0,239"
"0/1","11,11","22","99","336,0,387"
"0/1","4,7","11","98","252,0,98"
"0/1","15,17","32","99","598,0,489"
"0/1","7,12","19","99","424,0,214"
"0/1","2,5","7","56","186,0,56"
"0/1","10,6","16","99","160,0,325"
"0/0","19,0","19","48","0,48,658"
"0/1","14,11","25","99","342,0,439"
"0/1","9,11","20","99","373,0,302"
"0/1","15,15","30","99","507,0,415"
"0/1","15,18","33","99","474,0,445"
"0/1","16,14","30","99","441,0,514"
"0/0","24,2","26","8","0,8,513"
"0/1","17,12","29","99","388,0,563"
"0/0","28,0","28","81","0,81,1049"
"0/1","11,5","16","99","154,0,406"
"0/1","12,19","31","99","638,0,373"
"0/1","6,9","15","99","306,0,199"
"0/1","9,12","21","99","432,0,264"
"0/1","9,14","23","99","494,0,252"
"0/1","6,10","16","99","356,0,153"
"0/1","6,19","25","99","591,0,168"
"0/1","5,7","12","99","246,0,163"
"0/1","15,21","36","99","733,0,496"
"0/1","10,18","28","99","645,0,294"
"1/1","0,21","21","63","856,63,0"
"0/1","6,10","16","99","327,0,185"
"0/1","9,12","21","99","412,0,304"
"0/1","2,3","5","68","110,0,68"
"0/1","9,13","22","99","446,0,255"
"0/1","8,10","18","99","345,0,266"
"0/1","4,13","17","74","449,0,74"
"0/1","6,10","16","99","355,0,196"
"0/1","5,12","17","99","396,0,139"
"1/1","0,20","20","60","820,60,0"
"0/1","14,10","24","99","332,0,493"
"0/1","3,8","11","82","294,0,82"
"0/1","10,10","20","99","308,0,353"
"0/1","11,20","31","99","652,0,347"
"0/1","18,10","28","99","280,0,618"
"0/1","22,20","42","99","552,0,727"
"0/1","17,10","28","99","163,0,404"
"0/1","25,13","38","99","362,0,841"
"0/1","15,16","31","99","471,0,509"
"0/1","10,16","26","99","575,0,331"
"0/1","16,10","26","99","325,0,575"
"0/1","25,7","32","15","15,0,247"
"0/1","44,10","56","99","228,0,1579"
"0/1","34,10","45","99","161,0,1180"
"0/1","35,7","42","83","83,0,1141"
"0/1","34,7","41","61","61,0,1114"
"0/0","40,0","40","99","0,114,1517"
"0/1","10,15","25","99","431,0,287"
"0/1","16,5","21","99","142,0,537"
"0/1","14,23","37","99","733,0,462"
"0/1","22,15","37","99","467,0,729"
"0/0","20,0","20","60","0,60,808"
"0/1","13,13","26","99","401,0,369"
"0/1","16,18","34","99","626,0,502"
"0/0","28,0","28","75","0,75,1026"
"0/1","11,9","20","99","289,0,372"
"0/1","11,11","22","99","340,0,357"
"0/1","11,8","19","99","270,0,346"
"0/1","8,6","14","99","198,0,250"
"0/1","6,7","13","99","239,0,201"
"0/1","12,9","21","99","258,0,434"
"0/1","11,13","24","99","428,0,368"
"0/1","14,13","27","99","418,0,456"
"0/1","12,6","18","99","183,0,422"
"0/1","15,15","30","99","469,0,473"
"0/1","19,16","35","99","490,0,599"
"0/1","15,13","28","99","447,0,525"
"0/1","11,15","26","99","460,0,333"
"0/1","9,12","21","99","424,0,307"
"0/1","11,12","23","99","360,0,330"
"0/1","7,4","11","99","127,0,247"
"0/1","7,12","19","99","394,0,212"
"0/1","11,7","18","99","203,0,362"
"0/1","11,12","23","99","362,0,386"
"0/0","26,0","26","72","0,72,981"
"0/1","9,20","29","99","633,0,286"
"0/1","20,8","28","99","249,0,659"
"0/0","20,0","20","57","0,57,776"
"0/1","17,10","27","99","326,0,593"
"0/0","27,1","28","66","0,66,910"
"0/1","19,5","24","20","20,0,693"
"0/1","18,8","26","49","49,0,652"
"0/1","20,8","28","45","45,0,723"
"0/1","18,16","34","99","483,0,590"
"0/1","9,16","25","99","533,0,290"
"0/1","15,10","25","99","334,0,497"
"0/1","25,26","51","99","919,0,779"
"0/1","12,10","22","99","317,0,428"
"0/1","11,11","22","99","301,0,337"
"0/1","13,9","22","99","286,0,407"
"0/1","13,11","24","99","369,0,426"
"0/1","14,13","27","99","450,0,471"
"0/1","16,19","35","99","625,0,547"
"0/1","16,16","32","99","519,0,553"
"0/1","16,14","30","99","428,0,523"
"0/1","18,21","39","99","714,0,596"
"0/1","15,19","34","99","630,0,462"
"0/1","19,16","35","99","493,0,614"
"0/1","18,18","36","99","550,0,568"
"0/1","19,13","32","99","361,0,605"
"0/1","15,16","31","99","472,0,517"
"0/1","15,17","32","99","514,0,511"
"0/1","14,20","34","99","617,0,469"
"0/1","14,20","34","99","621,0,456"
"0/1","14,19","33","99","591,0,470"
"0/1","13,18","31","99","554,0,440"
"0/1","14,18","32","99","560,0,433"
"0/1","12,14","26","99","484,0,402"
"0/1","9,15","24","99","483,0,296"
"0/1","10,18","28","99","606,0,323"
"0/1","7,16","23","99","477,0,220"
"0/1","9,17","26","99","539,0,289"
"0/1","9,18","27","99","576,0,284"
"0/1","10,18","28","99","563,0,324"
"0/1","14,16","30","99","482,0,467"
"0/1","14,15","29","99","433,0,485"
"0/1","14,16","30","99","485,0,473"
"0/1","13,17","30","99","512,0,438"
"0/1","16,6","22","99","174,0,576"
"0/1","14,14","28","99","472,0,489"
"0/1","15,15","30","99","463,0,526"
"0/1","12,13","25","99","328,0,418"
"0/1","10,10","20","99","258,0,347"
"0/1","8,8","16","99","240,0,271"
"0/1","13,9","22","99","300,0,451"
"0/1","10,14","24","99","501,0,327"
"0/1","16,15","31","99","496,0,550"
"0/1","17,17","34","99","583,0,538"
"0/1","14,14","28","99","432,0,471"
"0/1","17,19","36","99","620,0,563"
"0/1","19,9","28","99","233,0,609"
"0/1","21,20","41","99","683,0,698"
"0/1","12,10","22","99","334,0,386"
"0/1","13,10","23","99","346,0,421"
"0/1","15,12","27","99","410,0,520"
"0/1","16,13","29","99","444,0,563"
"0/1","16,16","32","99","549,0,546"
"0/1","20,19","39","99","627,0,638"
"0/1","22,16","38","99","482,0,731"
"0/1","21,22","43","99","724,0,625"
"0/1","17,19","36","99","577,0,567"
"0/1","14,22","36","99","702,0,414"
"0/1","15,14","29","99","444,0,449"
"0/1","18,18","36","99","571,0,614"
"0/1","16,20","36","99","682,0,442"
"0/1","16,14","31","99","357,0,387"
"0/1","23,15","38","99","423,0,474"
"0/1","20,16","37","99","347,0,444"
"0/1","15,14","29","99","425,0,468"
"0/1","18,16","34","99","474,0,604"
"0/1","14,13","27","99","402,0,483"
"0/1","13,15","28","99","525,0,450"
"0/1","14,15","29","99","518,0,484"
"0/1","20,27","47","99","909,0,668"
"0/1","22,18","40","99","552,0,626"
"0/1","9,23","32","99","792,0,262"
"0/1","15,18","33","99","600,0,493"
"0/1","18,9","27","99","271,0,595"
"0/1","21,25","46","99","844,0,628"
"0/1","19,19","38","99","583,0,620"
"0/1","24,16","40","99","491,0,805"
"0/1","18,14","32","99","420,0,595"
"0/1","5,10","15","99","362,0,164"
"0/1","16,19","35","99","644,0,510"
"0/1","17,10","27","99","252,0,576"
"0/1","17,4","21","96","96,0,615"
"0/1","17,4","21","94","94,0,611"
"0/1","13,4","17","99","112,0,463"
"0/1","5,15","20","99","541,0,147"
"0/1","10,10","20","99","333,0,350"
"0/1","9,8","17","99","227,0,314"
"0/1","8,8","16","99","250,0,211"
"0/1","9,10","19","99","319,0,312"
"0/1","13,9","22","99","246,0,448"
"0/1","10,10","20","99","336,0,344"
"0/1","9,10","19","99","352,0,309"
"0/1","9,5","14","99","169,0,262"
"0/1","4,10","14","99","367,0,121"
"0/1","9,10","19","99","345,0,273"
"0/1","14,8","22","99","225,0,481"
"0/1","14,8","22","99","229,0,492"
"0/1","11,9","20","99","276,0,364"
"0/1","17,11","29","99","327,0,348"
"0/1","14,10","24","99","298,0,461"
"0/1","9,7","16","99","228,0,287"
"1/1","0,11","11","27","347,27,0"
"0/1","10,4","17","43","43,0,278"
"0/1","13,17","30","99","512,0,422"
"0/0","21,0","21","63","0,63,838"
"0/1","11,10","21","99","333,0,382"
"0/1","13,11","24","99","338,0,464"
"0/1","11,9","20","99","272,0,317"
"0/1","15,12","27","99","359,0,524"
"0/1","21,10","31","99","294,0,714"
"0/1","43,13","56","99","135,0,1266"
"0/1","55,18","73","99","223,0,1660"
"0/1","58,17","75","99","155,0,1671"
"0/1","12,15","27","99","481,0,339"
"0/0","43,0","44","99","0,120,1584"
"0/1","18,18","36","99","619,0,591"
"0/1","21,17","39","99","532,0,632"
"0/0","18,0","18","54","0,54,703"
"0/1","13,13","26","99","412,0,446"
"0/1","13,18","31","99","596,0,358"
"0/1","6,8","21","99","246,0,203"
"0/1","16,16","32","99","482,0,521"
"0/1","10,9","19","99","308,0,327"
"0/1","6,10","17","99","273,0,146"
"0/1","21,22","43","99","695,0,639"
"0/1","9,12","21","99","372,0,291"
"0/1","11,4","15","99","100,0,385"
"0/1","11,6","17","99","198,0,321"
"0/1","15,9","24","99","260,0,506"
"0/1","13,10","23","99","329,0,426"
"0/1","9,6","15","99","182,0,301"
"0/0","25,0","25","75","0,75,992"
"0/1","13,12","25","99","407,0,442"
"0/1","6,6","12","99","166,0,201"
"0/1","9,12","21","99","426,0,301"
"0/0","17,0","17","33","0,33,438"
"0/1","10,10","20","99","231,0,121"
"0/1","10,10","20","99","350,0,316"
"0/1","13,4","17","99","111,0,470"
"0/1","13,11","24","99","375,0,462"
"0/1","14,12","26","99","408,0,491"
"0/1","13,14","27","99","443,0,403"
"0/0","27,0","27","78","0,78,1027"
"0/1","9,24","37","15","524,0,15"
"0/1","9,17","27","99","249,0,154"
"0/1","14,8","22","99","207,0,455"
"1/1","1,3","4","6","53,6,0"
"0/1","10,16","26","99","533,0,317"
"0/1","17,17","34","99","484,0,403"
"0/1","10,13","23","99","421,0,299"
"0/1","8,17","25","99","400,0,200"
"0/0","8,0","8","15","0,15,196"
"0/0","7,1","8","15","0,15,193"
"0/1","12,16","28","99","550,0,374"
"0/1","22,24","46","99","797,0,638"
"0/0","11,0","12","27","0,27,346"
"0/1","12,23","35","99","821,0,328"
"0/1","19,29","48","99","936,0,628"
"0/1","18,14","32","99","430,0,517"
"0/1","18,16","34","99","529,0,487"
"0/1","9,12","21","99","412,0,273"
"0/1","9,12","21","99","415,0,269"
"0/1","15,16","31","99","538,0,507"
"0/1","22,24","46","99","756,0,689"
"0/1","15,15","30","99","506,0,456"
"0/0","35,0","35","90","0,90,1138"
"0/0","36,0","36","96","0,96,1237"
"0/0","36,0","36","99","0,99,1297"
"0/0","36,0","36","99","0,99,1267"
"0/0","39,0","39","99","0,105,1307"
"0/0","47,1","49","96","0,96,1209"
"0/0","45,1","48","90","0,90,1162"
"0/1","45,10","56","99","141,0,1245"
"0/1","50,11","62","99","138,0,1361"
"0/0","62,1","67","99","0,144,1835"
"0/0","32,0","32","81","0,81,1057"
"0/0","31,1","32","69","0,69,887"
"0/1","56,31","87","99","712,0,1421"
"0/1","50,28","83","99","533,0,1332"
"0/1","67,31","99","99","268,0,1706"
"0/1","73,25","98","99","191,0,1779"
"0/1","71,24","95","99","381,0,1511"
"0/1","49,12","61","99","120,0,1120"
"0/1","54,16","72","99","261,0,1163"
"0/0","63,2","65","99","0,112,1689"
"0/1","58,18","76","99","271,0,1332"
"0/1","60,15","75","99","178,0,1485"
"0/0","42,1","43","87","0,87,1374"
"0/0","54,2","56","69","0,69,1459"
"0/0","50,1","57","93","0,93,1431"
"0/0","46,1","51","93","0,93,1460"
"0/0","30,4","35","18","0,18,874"
"0/0","29,1","32","81","0,81,1017"
"0/0","26,2","30","15","0,15,846"
"0/0","28,4","33","1","0,1,884"
"0/0","33,1","34","81","0,81,1005"
"0/0","31,3","35","54","0,54,936"
"0/0","29,0","34","72","0,72,902"
"0/0","32,1","33","75","0,75,943"
"0/0","29,2","31","51","0,51,909"
"0/0","29,2","31","51","0,51,912"
"0/1","13,19","32","99","620,0,434"
"0/1","13,19","32","99","672,0,431"
"0/1","17,23","40","99","730,0,517"
"0/1","9,12","21","99","309,0,295"
"0/1","14,8","22","99","241,0,458"
"0/1","6,13","19","99","460,0,173"
"0/1","12,16","28","99","528,0,371"
"0/1","12,17","29","99","571,0,322"
"0/1","17,18","35","99","589,0,575"
"0/1","20,14","34","99","387,0,661"
"0/1","17,16","33","99","522,0,547"
"0/1","13,18","31","99","618,0,396"
"0/1","11,11","22","99","366,0,369"
"0/1","11,12","23","99","393,0,359"
"0/1","13,18","31","99","525,0,433"
"0/1","15,15","30","99","471,0,473"
"0/1","11,17","28","99","568,0,351"
"0/1","12,12","24","99","390,0,415"
"0/1","8,7","16","99","129,0,198"
"0/1","11,20","31","99","721,0,349"
"0/1","16,13","29","99","434,0,531"
"0/1","18,4","23","55","55,0,239"
"0/1","8,14","22","99","352,0,259"
"0/1","14,9","23","99","303,0,468"
"0/1","9,7","16","99","186,0,285"
"0/1","15,18","33","99","585,0,517"
"0/1","16,12","28","99","411,0,506"
"0/1","14,15","29","99","479,0,437"
"0/1","7,9","16","99","277,0,242"
"0/1","11,15","26","99","440,0,337"
"0/1","18,11","29","99","349,0,565"
"0/1","17,11","28","99","350,0,546"
"0/1","8,8","16","99","271,0,238"
"0/1","16,20","36","99","675,0,488"
"0/1","14,19","33","99","619,0,424"
"0/1","8,11","19","99","390,0,260"
"0/1","11,6","17","99","196,0,388"
"0/1","11,7","18","99","235,0,393"
"1/1","3,5","11","15","184,15,0"
"0/1","3,10","13","19","162,0,19"
"0/1","4,9","13","16","191,0,16"
"0/1","17,35","52","99","1237,0,501"
"0/1","13,18","31","99","568,0,422"
"0/1","12,12","24","99","414,0,363"
"0/1","21,10","31","99","309,0,758"
"0/1","12,6","18","99","157,0,400"
"0/1","10,7","17","99","227,0,356"
"0/1","28,16","44","99","455,0,803"
"0/1","29,16","45","99","493,0,910"
"0/1","9,13","22","99","392,0,310"
"0/1","11,10","21","99","339,0,387"
"0/1","12,14","26","99","463,0,354"
"0/1","17,26","43","99","823,0,497"
"0/1","11,19","30","99","609,0,344"
"0/1","16,13","29","99","417,0,457"
"0/1","20,21","41","99","659,0,644"
"0/1","16,14","30","99","406,0,562"
"0/1","8,18","26","99","638,0,249"
"0/1","7,11","18","99","392,0,228"
"0/1","13,12","25","99","417,0,422"
"0/1","14,15","29","99","514,0,477"
"0/1","11,17","28","99","566,0,329"
"0/1","17,17","34","99","543,0,543"
"0/1","10,17","27","99","582,0,197"
"0/1","11,13","24","99","374,0,341"
"0/1","4,10","14","99","327,0,116"
"0/1","22,8","30","99","240,0,721"
"0/1","18,14","32","99","397,0,573"
"0/1","17,14","31","99","399,0,541"
"0/1","14,20","34","99","629,0,393"
"0/1","22,13","35","99","373,0,781"
"0/1","19,14","33","99","388,0,644"
"0/1","13,14","28","99","486,0,406"
"0/1","8,12","20","99","420,0,228"
"0/1","11,13","24","99","452,0,365"
"0/1","9,11","20","99","379,0,268"
"0/1","7,11","18","99","348,0,209"
"0/1","13,10","23","99","331,0,416"
"0/1","16,4","20","99","106,0,547"
"0/1","14,7","21","99","219,0,496"
"0/1","14,12","26","99","362,0,481"
"0/1","10,17","27","99","560,0,316"
"0/1","10,18","29","99","581,0,296"
"0/1","16,18","34","99","528,0,509"
"0/1","16,13","29","99","440,0,517"
"0/1","16,11","27","99","370,0,452"
"0/1","13,14","27","99","468,0,393"
"0/1","12,14","26","99","443,0,391"
"0/1","12,13","25","99","393,0,382"
"0/1","13,12","25","99","399,0,397"
"0/1","15,8","23","99","234,0,486"
"0/1","15,12","27","99","406,0,351"
"0/1","12,20","32","99","503,0,379"
"0/1","10,17","31","99","470,0,314"
"0/1","16,18","34","99","533,0,457"
"0/1","14,13","27","99","387,0,369"
"0/1","9,7","17","99","201,0,285"
"0/1","11,9","24","99","173,0,225"
"0/1","5,14","19","99","464,0,143"
"0/1","4,12","16","99","352,0,108"
"0/1","5,9","14","99","320,0,139"
"0/1","10,6","16","99","175,0,329"
"0/1","13,7","20","99","199,0,456"
"0/1","17,7","24","99","168,0,608"
"0/1","17,9","26","99","266,0,591"
"0/1","17,10","27","99","289,0,590"
"0/1","18,11","29","99","348,0,624"
"0/1","18,12","30","99","352,0,558"
"0/1","21,15","36","99","500,0,626"
"0/1","20,15","35","99","488,0,603"
"0/1","18,16","34","99","532,0,523"
"0/1","18,15","33","99","498,0,571"
"0/1","18,16","34","99","503,0,588"
"0/1","20,11","31","99","339,0,692"
"0/1","19,12","31","99","373,0,656"
"0/1","18,13","31","99","391,0,600"
"0/1","13,13","26","99","451,0,448"
"0/1","13,14","27","99","414,0,454"
"0/1","12,14","26","99","455,0,311"
"0/1","12,14","26","99","486,0,336"
"0/1","12,15","27","99","516,0,334"
"0/1","12,13","25","99","438,0,346"
"0/1","12,11","23","99","375,0,374"
"0/1","8,7","15","99","229,0,245"
"0/1","10,7","17","99","230,0,347"
"0/1","8,9","17","99","314,0,268"
"0/1","10,10","20","99","300,0,338"
"0/1","6,8","14","99","232,0,203"
"0/1","12,5","17","99","144,0,409"
"0/1","13,7","20","99","230,0,412"
"0/1","12,7","19","99","233,0,394"
"0/1","14,10","24","99","338,0,443"
"0/1","14,12","26","99","394,0,437"
"0/1","9,13","22","99","375,0,301"
"0/1","9,13","22","99","415,0,291"
"0/1","12,15","27","99","517,0,394"
"0/1","12,15","27","99","521,0,389"
"0/1","14,18","32","99","605,0,437"
"0/1","19,17","36","99","457,0,604"
"0/1","21,17","38","99","488,0,680"
"0/1","19,16","35","99","405,0,610"
"0/1","18,19","37","99","556,0,540"
"0/1","17,17","34","99","478,0,553"
"0/1","16,17","33","99","479,0,490"
"0/1","9,13","22","99","373,0,289"
"0/1","15,12","27","99","364,0,483"
"0/1","16,7","24","99","184,0,568"
"0/1","10,7","17","99","220,0,351"
"0/1","16,13","29","99","275,0,535"
"0/1","15,14","29","99","344,0,491"
"0/1","11,14","25","99","399,0,355"
"0/1","14,14","28","99","386,0,433"
"0/1","15,8","24","99","257,0,458"
"0/1","14,8","23","99","249,0,483"
"0/1","16,9","25","99","206,0,574"
"0/1","16,8","24","99","234,0,500"
"0/1","18,7","25","99","212,0,644"
"0/1","10,9","19","99","313,0,349"
"0/1","15,12","27","99","313,0,544"
"0/1","10,7","17","99","200,0,349"
"0/1","9,8","17","99","242,0,309"
"0/1","11,8","19","99","270,0,385"
"0/1","9,13","22","99","429,0,289"
"0/1","10,12","22","99","396,0,341"
"0/1","13,8","21","99","262,0,459"
"0/1","13,9","22","99","267,0,462"
"0/1","18,9","27","99","293,0,613"
"0/1","4,10","14","99","367,0,120"
"0/1","11,4","15","99","112,0,396"
"0/1","7,9","16","99","325,0,187"
"0/1","6,12","18","99","401,0,157"
"0/1","4,8","12","99","248,0,120"
"0/1","4,6","10","99","178,0,121"
"0/1","4,11","15","99","320,0,114"
"0/1","4,11","15","99","330,0,106"
"0/1","6,15","21","99","490,0,130"
"0/1","7,14","21","99","431,0,189"
"0/1","12,16","28","99","558,0,363"
"0/1","6,8","14","99","280,0,169"
"0/1","7,13","20","99","432,0,224"
"0/1","7,13","20","99","359,0,232"
"0/1","6,6","12","99","207,0,181"
"0/1","9,10","19","99","274,0,304"
"0/1","11,9","20","99","307,0,366"
"0/1","19,19","38","99","550,0,649"
"0/1","18,19","37","99","651,0,593"
"0/1","15,15","30","99","521,0,464"
"0/1","9,14","23","99","500,0,303"
"0/1","9,11","20","99","397,0,260"
"0/1","8,5","13","99","126,0,289"
"0/1","13,5","18","99","155,0,480"
"0/1","12,5","17","99","156,0,440"
"0/1","14,8","22","99","263,0,510"
"0/1","13,15","28","99","466,0,446"
"0/0","35,0","37","87","0,87,1115"
"0/1","11,15","26","99","536,0,360"
"0/1","12,15","27","99","461,0,403"
"0/1","13,8","21","99","263,0,459"
"0/1","12,20","32","99","682,0,389"
"0/1","18,11","29","99","359,0,600"
"0/1","26,14","40","99","444,0,915"
"0/1","2,13","16","22","160,0,22"
"0/1","18,11","29","99","300,0,484"
"0/1","12,11","23","99","360,0,368"
"0/1","22,20","42","99","657,0,672"
"0/1","11,13","24","99","428,0,350"
"0/1","6,7","13","99","217,0,209"
"0/1","12,13","25","99","421,0,367"
"0/1","14,17","31","99","508,0,382"
"0/1","10,10","20","99","333,0,316"
"0/1","19,14","33","99","394,0,608"
"0/1","13,13","27","99","207,0,396"
"0/1","12,11","23","99","297,0,293"
"0/1","12,19","31","99","644,0,360"
"0/1","12,4","16","99","108,0,395"
"0/1","11,11","22","99","305,0,342"
"0/1","14,13","27","99","384,0,459"
"0/1","15,10","25","99","326,0,517"
"0/1","11,18","29","99","619,0,315"
"0/1","11,12","23","99","426,0,315"
"0/1","10,9","19","99","269,0,343"
"0/1","11,14","25","99","496,0,318"
"0/0","21,0","21","60","0,60,815"
"0/1","14,14","28","99","480,0,470"
"0/1","24,10","34","99","165,0,801"
"0/1","24,10","34","99","162,0,791"
"0/1","25,11","36","99","192,0,832"
"0/1","7,7","14","99","242,0,242"
"0/1","10,8","18","99","263,0,340"
"0/1","5,9","14","99","320,0,161"
"0/1","7,13","20","99","450,0,232"
"0/1","9,10","19","99","353,0,270"
"0/1","8,7","15","99","242,0,248"
"0/1","11,9","20","99","296,0,371"
"0/1","8,13","21","99","432,0,250"
"0/1","6,18","24","99","631,0,171"
"0/1","13,11","24","99","357,0,444"
"0/1","8,12","20","99","431,0,255"
"0/1","8,10","18","99","312,0,267"
"0/1","13,8","21","99","256,0,458"
"0/1","11,5","16","99","157,0,392"
"0/1","6,11","17","99","361,0,192"
"0/1","15,12","27","99","307,0,545"
"0/1","24,13","37","99","407,0,771"
"0/1","16,13","29","99","395,0,544"
"0/1","10,12","22","99","250,0,330"
"0/1","12,12","24","99","361,0,361"
"0/1","16,10","26","99","334,0,480"
"0/1","16,10","26","99","316,0,445"
"0/1","13,14","27","99","454,0,448"
"0/1","15,14","29","99","448,0,484"
"0/1","13,7","20","99","219,0,470"
"0/1","11,12","23","99","425,0,377"
"0/1","11,11","22","99","311,0,355"
"0/1","9,9","18","99","282,0,281"
"0/1","9,10","19","99","288,0,284"
"0/1","11,8","19","99","233,0,385"
"0/1","7,8","15","99","281,0,159"
"0/1","10,10","20","99","319,0,306"
"0/1","9,7","16","99","238,0,322"
"0/1","2,6","8","56","218,0,56"
"0/1","6,9","15","99","322,0,195"
"0/1","11,18","29","99","593,0,326"
"0/1","11,24","35","99","804,0,290"
"0/1","15,11","26","99","356,0,526"
"0/1","18,22","40","99","587,0,585"
"0/1","11,7","18","99","130,0,300"
"0/1","16,13","29","99","370,0,473"
"0/1","13,12","25","99","380,0,420"
"0/1","13,6","19","99","190,0,463"
"0/1","17,15","32","99","487,0,590"
"0/1","11,26","37","99","922,0,300"
"0/1","16,18","34","99","536,0,467"
"0/1","10,6","17","92","137,0,92"
"0/0","18,4","23","27","0,27,308"
"0/1","11,14","25","99","424,0,341"
"0/1","15,11","26","99","329,0,501"
"0/1","15,10","25","99","298,0,490"
"0/1","10,13","23","99","457,0,331"
"0/1","15,16","31","99","554,0,498"
"0/1","12,14","26","99","488,0,363"
"0/1","13,14","27","99","409,0,417"
"0/1","15,17","32","99","517,0,469"
"0/1","15,9","24","99","248,0,516"
"0/1","18,13","31","99","413,0,575"
"0/1","19,15","34","99","440,0,639"
"0/1","16,24","40","99","760,0,440"
"0/1","14,9","23","99","269,0,423"
"0/1","17,12","29","99","333,0,518"
"0/1","14,16","30","99","542,0,405"
"0/1","21,12","33","99","348,0,647"
"0/1","11,18","29","99","568,0,352"
"0/1","13,8","21","99","208,0,428"
"0/1","11,8","19","99","216,0,363"
"0/1","11,7","18","99","189,0,369"
"0/1","7,9","16","99","238,0,216"
"0/1","10,9","20","99","220,0,255"
"0/1","21,22","43","99","756,0,694"
"0/1","9,8","17","99","260,0,307"
"0/1","46,14","60","99","337,0,1237"
"0/1","36,8","44","58","58,0,1197"
"0/1","18,21","39","99","691,0,556"
"0/1","14,16","30","99","519,0,435"
"0/1","18,26","44","99","812,0,560"
"0/1","16,9","25","99","266,0,540"
"0/0","21,1","22","20","0,20,650"
"0/1","10,8","18","99","271,0,311"
"0/1","16,10","26","99","324,0,521"
"0/1","23,20","43","99","669,0,682"
"0/0","23,1","24","24","0,24,637"
"0/1","25,14","39","99","346,0,833"
"0/1","15,12","27","99","331,0,521"
"0/1","14,21","35","99","570,0,410"
"0/1","18,12","30","99","345,0,533"
"0/1","15,11","26","99","336,0,427"
"0/1","16,20","36","99","657,0,531"
"0/1","20,15","35","99","455,0,619"
"0/1","11,8","19","99","249,0,381"
"0/0","11,0","11","33","0,33,438"
"0/1","23,8","31","76","76,0,688"
"0/1","23,8","31","74","74,0,695"
"0/1","28,6","34","53","53,0,846"
"0/1","24,26","50","99","815,0,720"
"0/1","17,16","33","99","529,0,552"
"0/1","20,25","45","99","869,0,666"
"0/1","17,16","33","99","427,0,568"
"0/1","13,16","29","99","455,0,394"
"0/1","9,10","19","61","61,0,181"
"0/1","11,4","15","99","109,0,226"
"0/1","8,5","13","99","169,0,256"
"0/1","12,6","18","99","198,0,401"
"0/1","21,10","31","99","311,0,697"
"0/1","18,14","32","99","352,0,542"
"0/1","18,17","35","99","479,0,627"
"0/1","16,9","25","99","283,0,571"
"0/1","17,9","26","99","252,0,609"
"0/1","12,11","23","99","330,0,372"
"0/1","12,13","25","99","445,0,368"
"0/1","6,8","14","99","279,0,193"
"0/1","11,12","23","99","420,0,354"
"0/1","10,10","20","99","315,0,352"
"0/1","14,11","25","99","340,0,470"
"0/1","13,14","27","99","448,0,449"
"0/1","12,11","23","99","333,0,409"
"0/1","18,11","29","99","316,0,609"
"0/1","9,5","14","99","155,0,308"
"0/1","14,11","25","99","363,0,448"
"0/1","21,16","37","99","523,0,707"
"0/1","14,11","25","99","377,0,439"
"0/1","23,17","40","99","522,0,652"
"0/1","13,5","18","99","115,0,422"
"0/1","12,5","17","99","145,0,389"
"0/1","9,9","18","99","275,0,318"
"0/1","15,18","33","99","555,0,479"
"0/1","13,20","33","99","595,0,395"
"0/1","18,14","32","99","442,0,538"
"0/1","24,14","38","99","447,0,732"
"0/1","14,17","31","99","588,0,466"
"0/1","18,17","35","99","487,0,573"
"0/1","16,10","26","99","325,0,538"
"0/0","27,0","27","72","0,72,939"
"0/1","15,21","36","99","700,0,502"
"0/1","8,16","24","99","561,0,253"
"0/1","8,16","24","99","561,0,237"
"0/1","9,17","26","99","596,0,272"
"0/1","27,12","39","99","315,0,758"
"0/1","16,11","27","99","316,0,546"
"0/1","18,14","32","99","472,0,540"
"0/1","20,20","40","99","593,0,668"
"0/1","10,17","27","99","598,0,314"
"0/1","11,9","20","99","299,0,366"
"0/1","14,17","31","99","580,0,461"
"0/1","14,20","34","99","558,0,448"
"0/1","22,19","41","99","518,0,678"
"0/1","14,20","34","99","652,0,451"
"0/1","25,19","44","99","593,0,833"
"0/1","21,14","35","99","421,0,742"
"0/1","16,17","33","99","591,0,551"
"0/1","11,12","23","99","424,0,313"
"0/1","12,13","25","99","354,0,343"
"0/1","9,7","16","99","205,0,317"
"0/0","29,0","29","81","0,81,1079"
"0/1","15,13","28","99","405,0,515"
"0/1","15,5","20","99","136,0,494"
"0/1","15,16","31","99","548,0,452"
"0/1","13,19","32","99","620,0,407"
"0/1","9,11","20","99","355,0,297"
"0/1","15,11","26","99","321,0,438"
"0/1","15,11","26","99","357,0,468"
"0/1","9,13","22","99","461,0,288"
"0/1","6,10","16","99","286,0,203"
"0/1","9,9","18","99","315,0,303"
"0/1","21,13","34","99","401,0,649"
"0/1","12,7","19","99","198,0,426"
"0/1","8,9","17","99","314,0,261"
"0/0","17,0","17","48","0,48,651"
"0/1","13,16","29","99","559,0,446"
"0/1","15,17","32","99","592,0,480"
"0/1","12,13","25","99","414,0,367"
"0/1","12,14","26","99","386,0,370"
"0/1","11,7","18","99","217,0,346"
"0/1","15,13","28","99","418,0,420"
"0/1","10,10","20","99","322,0,342"
"0/1","45,10","55","99","106,0,860"
"0/1","12,14","26","99","456,0,409"
"0/1","9,12","21","99","377,0,304"
"0/1","22,26","48","99","799,0,646"
"0/1","48,28","76","99","878,0,1562"
"0/1","52,30","82","99","935,0,1587"
"0/1","11,8","19","51","152,0,51"
"0/1","11,21","32","99","616,0,312"
"0/1","11,8","19","99","232,0,319"
"0/1","20,13","33","99","397,0,523"
"0/1","17,7","24","99","223,0,579"
"0/1","8,14","22","99","504,0,260"
"0/1","18,16","34","99","491,0,571"
"0/1","13,10","23","99","335,0,447"
"0/1","10,12","22","99","379,0,337"
"0/1","13,11","24","99","377,0,422"
"0/1","16,8","24","99","247,0,565"
"0/1","13,8","21","99","263,0,460"
"0/1","28,26","54","99","855,0,917"
"0/1","11,12","23","99","365,0,365"
"0/1","11,16","27","99","488,0,354"
"0/1","11,8","19","99","272,0,384"
"0/1","14,17","31","99","574,0,462"
"0/1","17,18","35","99","546,0,570"
"0/1","9,22","31","99","777,0,272"
"0/1","16,26","42","99","835,0,467"
"0/1","18,20","38","99","687,0,519"
"0/1","11,12","23","99","396,0,375"
"0/1","21,6","27","99","162,0,774"
"0/1","15,16","31","99","440,0,517"
"0/1","13,12","25","99","412,0,424"
"0/1","21,14","35","99","418,0,680"
"0/1","14,12","26","99","381,0,440"
"0/1","7,7","14","99","243,0,229"
"0/1","14,13","27","99","440,0,462"
"0/1","9,14","23","99","497,0,300"
"0/1","11,20","31","99","622,0,358"
"0/1","15,15","31","99","492,0,456"
"0/1","10,6","16","99","194,0,341"
"0/1","12,17","29","99","562,0,388"
"0/1","4,17","21","91","542,0,91"
"0/1","12,12","24","99","388,0,407"
"0/1","10,8","18","99","274,0,313"
"0/1","12,19","31","99","633,0,360"
"0/1","14,12","26","99","404,0,431"
"0/1","7,24","31","99","647,0,153"
"0/1","9,10","19","99","313,0,265"
"0/1","9,20","29","99","695,0,187"
"0/1","15,16","31","99","482,0,451"
"0/1","8,18","27","99","640,0,200"
"0/1","14,21","35","99","717,0,467"
"0/1","5,19","24","97","569,0,97"
"0/1","22,15","37","99","435,0,749"
"0/1","22,14","36","99","460,0,692"
"0/1","19,20","39","99","612,0,629"
"0/1","20,20","40","99","613,0,642"
"0/1","17,18","36","99","548,0,466"
"0/1","7,13","20","99","474,0,225"
"0/0","12,0","12","33","0,33,448"
"0/1","11,13","24","99","396,0,328"
"0/1","19,25","44","99","829,0,526"
"0/1","21,20","41","99","544,0,620"
"0/1","8,8","16","99","265,0,279"
"0/1","6,9","15","99","324,0,202"
"0/1","6,6","12","99","207,0,206"
"0/1","16,14","30","99","409,0,465"
"0/1","10,15","25","99","528,0,332"
"0/0","30,0","31","78","0,78,999"
"0/1","12,12","24","99","406,0,408"
"0/1","14,21","35","99","733,0,321"
"0/1","19,19","38","99","610,0,610"
"0/1","15,10","25","99","288,0,521"
"0/1","16,9","25","99","261,0,518"
"0/1","13,16","29","99","520,0,443"
"0/1","14,17","31","99","543,0,429"
"1/1","0,22","22","39","464,39,0"
"0/1","10,14","24","99","493,0,303"
"0/1","13,10","23","99","301,0,451"
"0/1","15,11","26","99","362,0,523"
"0/1","11,10","21","99","342,0,389"
"0/0","12,0","13","33","0,33,449"
"0/0","21,0","21","63","0,63,836"
"0/1","6,14","20","99","499,0,184"
"0/1","10,17","27","99","530,0,294"
"0/1","16,8","24","99","227,0,545"
"0/1","7,13","20","99","460,0,219"
"0/1","15,21","36","99","718,0,509"
"0/1","11,18","29","99","631,0,258"
"0/1","11,12","23","99","403,0,376"
"0/1","16,19","35","99","631,0,485"
"0/1","14,15","29","99","530,0,448"
"0/1","8,11","19","99","392,0,250"
"0/1","10,5","15","99","155,0,352"
"0/1","16,9","25","99","250,0,546"
"0/1","13,18","31","99","611,0,354"
"0/1","12,11","24","99","346,0,413"
"0/1","13,9","22","99","293,0,467"
"0/1","12,10","22","99","328,0,355"
"0/1","10,15","25","99","507,0,313"
"0/1","5,11","16","99","359,0,155"
"0/1","7,11","18","99","389,0,164"
"0/1","9,13","22","99","458,0,261"
"0/1","11,20","31","99","679,0,359"
"0/0","17,0","17","51","0,51,694"
"0/0","30,2","35","44","0,44,994"
"0/1","14,19","33","99","623,0,465"
"0/1","23,8","31","99","237,0,634"
"0/1","14,12","26","99","406,0,476"
"0/1","19,16","35","99","436,0,564"
"1/1","0,33","33","93","1217,93,0"
"0/1","13,5","18","99","148,0,454"
"0/1","16,9","25","99","292,0,494"
"0/1","14,12","26","99","412,0,451"
"1/1","1,16","17","30","369,30,0"
"0/1","17,18","35","99","510,0,580"
"0/1","11,23","34","99","772,0,337"
"0/1","17,18","35","99","611,0,579"
"0/1","19,17","36","99","573,0,635"
"0/0","6,3","9","15","0,15,172"
"0/1","12,14","26","99","440,0,400"
"0/1","13,12","25","99","343,0,423"
"0/1","9,10","20","99","330,0,204"
"0/1","21,17","38","99","496,0,687"
"0/1","18,24","42","99","732,0,551"
"0/1","7,11","18","99","378,0,226"
"0/1","9,14","23","99","455,0,296"
"0/1","7,4","11","99","127,0,259"
"0/1","11,13","24","99","345,0,346"
"0/1","12,15","27","99","512,0,406"
"0/1","7,13","20","99","458,0,222"
"0/1","8,15","23","99","447,0,196"
"0/1","9,12","21","99","386,0,272"
"0/1","5,7","12","99","229,0,159"
"0/1","12,10","22","99","281,0,391"
"0/1","6,16","22","99","549,0,165"
"0/1","18,11","29","99","313,0,565"
"0/1","14,11","25","99","323,0,496"
"0/1","22,17","39","99","453,0,616"
"0/1","14,15","29","99","526,0,428"
"0/1","9,14","23","99","490,0,298"
"0/1","9,16","25","99","501,0,248"
"0/1","15,12","27","99","405,0,525"
"0/1","12,15","27","99","432,0,385"
"0/1","15,9","24","99","298,0,468"
"0/1","17,21","38","99","590,0,511"
"0/1","20,14","34","99","422,0,615"
"0/1","9,7","16","99","200,0,304"
"0/1","12,10","22","99","331,0,412"
"0/0","14,0","14","21","0,21,285"
"0/1","11,10","21","99","309,0,375"
"0/1","12,9","21","99","272,0,414"
"0/1","11,12","23","99","420,0,338"
"0/1","10,8","18","99","274,0,280"
"0/1","7,9","16","99","248,0,242"
"0/1","9,13","22","99","430,0,304"
"0/1","6,5","11","99","162,0,207"
"0/1","11,19","30","99","625,0,359"
"0/1","26,14","41","99","448,0,838"
"0/1","30,18","48","99","541,0,897"
"0/1","8,8","16","99","275,0,272"
"0/1","9,9","18","99","298,0,307"
"0/1","14,12","26","99","310,0,406"
"0/1","1,11","12","4","345,0,4"
"0/1","15,16","31","99","535,0,494"
"0/1","15,16","31","99","514,0,482"
"0/1","16,9","25","99","295,0,482"
"0/1","11,13","24","99","303,0,307"
"0/1","17,20","37","99","635,0,549"
"0/1","19,19","38","99","574,0,614"
"0/1","15,10","25","99","342,0,494"
"0/1","16,19","35","99","625,0,489"
"0/1","16,17","33","99","584,0,531"
"0/0","28,0","28","78","0,78,1004"
"0/1","17,16","33","99","552,0,583"
"0/1","17,25","42","99","730,0,491"
"0/1","13,12","25","99","373,0,408"
"0/1","10,11","21","99","376,0,328"
"0/1","10,10","20","99","315,0,341"
"0/1","9,9","18","99","310,0,311"
"0/1","11,11","22","99","338,0,371"
"0/1","18,19","37","99","589,0,624"
"0/1","15,8","23","99","254,0,422"
"0/1","12,8","20","99","263,0,377"
"0/1","4,21","25","9","633,0,9"
"0/1","24,16","40","99","455,0,783"
"0/0","14,1","16","36","0,36,492"
"0/1","21,11","32","99","262,0,742"
"0/1","18,23","41","99","818,0,577"
"0/1","13,17","30","99","607,0,400"
"0/1","19,10","29","99","249,0,653"
"0/1","20,14","34","99","392,0,643"
"0/1","10,23","33","99","741,0,292"
"0/1","8,10","18","99","330,0,261"
"0/1","13,10","23","99","296,0,450"
"0/1","5,10","15","99","357,0,158"
"0/1","7,9","16","99","293,0,228"
"0/1","21,14","35","99","440,0,626"
"0/1","23,15","38","99","430,0,744"
"0/1","22,15","37","99","501,0,723"
"0/1","10,13","23","99","439,0,330"
"0/1","22,20","42","99","544,0,607"
"0/1","21,16","37","99","493,0,744"
"0/1","14,23","38","99","768,0,428"
"0/1","13,15","28","99","457,0,446"
"0/1","13,10","23","99","336,0,424"
"0/1","20,13","33","99","356,0,707"
"0/1","20,15","35","99","409,0,675"
"0/1","12,12","24","99","400,0,358"
"0/1","13,16","29","99","567,0,362"
"0/1","16,15","31","99","483,0,451"
"0/1","15,14","29","99","434,0,486"
"0/1","15,9","24","99","290,0,480"
"0/1","13,7","20","99","217,0,457"
"0/0","11,0","11","30","0,30,396"
"0/1","11,21","32","99","614,0,350"
"0/1","11,9","20","99","270,0,374"
"0/0","26,0","26","78","0,78,1042"
"0/1","14,12","26","99","408,0,483"
"0/1","17,18","35","99","634,0,538"
"0/1","17,11","28","99","371,0,532"
"0/0","28,0","28","81","0,81,1093"
"0/1","8,6","14","99","197,0,283"
"0/1","10,11","21","99","312,0,338"
"0/1","17,14","31","99","455,0,539"
"0/1","13,15","28","99","478,0,353"
"0/1","25,8","33","99","215,0,824"
"0/1","12,21","33","99","707,0,364"
"0/1","16,14","30","99","449,0,501"
"0/1","17,17","34","99","527,0,488"
"0/1","33,6","39","88","88,0,1129"
"0/1","31,6","37","94","94,0,1040"
"0/1","27,6","33","89","89,0,970"
"0/1","28,5","34","74","74,0,861"
"0/1","26,5","31","99","105,0,915"
"0/1","31,8","39","99","126,0,1018"
"0/1","34,7","41","47","47,0,1191"
"0/1","11,19","30","99","404,0,316"
"0/1","28,9","37","99","210,0,403"
"0/1","38,16","54","99","410,0,1136"
"0/1","15,13","28","99","387,0,505"
"0/1","11,13","24","99","458,0,338"
"0/1","7,7","14","99","225,0,229"
"0/1","14,19","33","99","631,0,457"
"0/1","18,16","34","99","533,0,610"
"0/1","14,14","28","99","485,0,447"
"0/1","10,6","16","99","135,0,141"
"0/1","10,5","15","99","135,0,101"
"0/1","10,5","17","13","13,0,246"
"0/1","7,9","17","13","178,0,13"
"0/1","11,10","21","99","167,0,111"
"0/1","19,5","24","87","87,0,568"
"0/0","31,0","31","90","0,90,1148"
"0/0","29,0","29","81","0,81,1054"
"0/1","9,15","24","99","498,0,288"
"0/1","14,8","22","99","222,0,514"
"0/1","14,3","17","75","75,0,477"
"0/1","13,9","22","99","272,0,433"
"0/1","12,10","22","99","276,0,395"
"0/1","5,5","10","42","158,0,42"
"0/1","25,13","38","99","407,0,887"
"0/1","9,13","22","99","428,0,288"
"0/1","16,10","26","99","327,0,527"
"0/1","18,13","31","99","351,0,542"
"0/1","25,21","46","99","665,0,741"
"0/1","8,14","22","99","473,0,256"
"0/1","15,10","25","99","330,0,489"
"0/1","17,13","30","99","311,0,397"
"0/1","19,4","23","99","100,0,551"
"0/0","4,0","6","6","0,6,72"
"0/1","8,9","17","99","274,0,256"
"0/1","18,12","30","99","352,0,634"
"0/1","21,20","41","99","586,0,655"
"0/1","8,19","27","99","443,0,172"
"0/1","8,10","18","99","358,0,230"
"0/1","8,11","19","99","385,0,264"
"0/1","9,12","21","99","377,0,292"
"0/1","9,11","20","99","345,0,306"
"0/1","13,10","23","99","340,0,447"
"0/1","9,13","22","99","433,0,304"
"0/1","10,9","19","99","274,0,321"
"0/1","13,12","25","99","375,0,410"
"0/1","9,4","13","99","117,0,291"
"0/1","14,22","36","99","741,0,420"
"0/1","15,13","28","99","426,0,472"
"0/0","15,0","15","36","0,36,468"
"0/1","14,10","24","99","330,0,466"
"0/1","15,17","32","99","571,0,479"
"0/1","16,12","28","99","415,0,459"
"0/1","14,8","23","99","267,0,454"
"0/1","16,14","30","99","434,0,482"
"0/1","19,14","33","99","447,0,602"
"0/1","13,14","27","99","415,0,367"
"0/1","14,8","22","99","256,0,492"
"0/1","16,21","37","99","478,0,444"
"0/1","17,8","26","99","125,0,403"
"0/1","11,17","28","99","556,0,233"
"0/1","24,14","38","99","437,0,849"
"0/0","29,0","29","81","0,81,1000"
"0/1","64,11","84","99","161,0,1723"
"0/1","62,18","84","99","307,0,1634"
"0/2","44,5,10","59","87","120,87,1345,0,1126,1249"
"0/1","17,21","38","99","420,0,331"
"0/1","14,11","25","99","367,0,437"
"0/1","15,10","25","99","322,0,534"
"0/1","13,8","21","99","262,0,451"
"0/0","24,0","24","69","0,69,941"
"0/0","23,0","23","66","0,66,898"
"0/1","11,5","16","99","152,0,393"
"0/1","10,13","23","99","452,0,333"
"0/1","11,11","22","99","375,0,386"
"0/1","8,9","17","99","308,0,264"
"0/1","18,10","28","99","313,0,636"
"0/1","21,9","30","99","158,0,670"
"0/1","17,16","33","99","431,0,532"
"0/1","18,19","37","99","595,0,607"
"0/1","14,13","27","99","436,0,410"
"0/1","20,15","35","99","465,0,654"
"0/1","12,6","18","99","193,0,427"
"0/1","10,6","16","99","192,0,348"
"0/1","11,16","27","99","575,0,366"
"0/1","14,17","31","99","505,0,464"
"0/1","11,19","30","99","666,0,357"
"0/1","14,14","28","99","433,0,482"
"0/1","14,13","27","99","421,0,400"
"0/1","16,12","28","99","383,0,517"
"0/1","10,14","24","99","477,0,312"
"0/1","23,16","40","99","506,0,792"
"0/1","13,14","27","99","424,0,402"
"0/1","13,12","25","99","404,0,451"
"0/1","13,14","27","99","490,0,450"
"0/1","11,10","21","99","341,0,369"
"0/1","12,11","23","99","342,0,414"
"0/1","22,20","42","99","538,0,618"
"0/0","30,0","30","81","0,81,1052"
"0/1","16,18","35","99","511,0,383"
"0/1","12,14","26","99","377,0,367"
"0/1","13,30","43","99","777,0,379"
"0/1","16,17","33","99","575,0,496"
"0/1","14,12","26","99","404,0,425"
"0/1","12,16","28","99","473,0,348"
"0/1","27,12","39","99","360,0,931"
"0/1","12,12","24","99","418,0,414"
"0/1","15,12","27","99","396,0,520"
"0/1","11,6","17","99","200,0,328"
"0/1","12,12","24","99","419,0,387"
"0/1","9,19","28","99","672,0,226"
"0/1","11,9","20","99","275,0,396"
"0/1","12,8","20","99","265,0,393"
"0/1","13,9","22","99","299,0,446"
"0/1","11,15","26","99","480,0,366"
"0/0","32,0","32","96","0,96,1244"
"0/1","21,14","35","99","449,0,724"
"0/1","7,14","21","99","478,0,222"
"0/1","6,10","16","99","356,0,197"
"0/1","8,10","18","99","346,0,264"
"0/1","16,8","27","99","214,0,529"
"0/0","12,2","15","18","0,18,230"
"0/1","27,8","35","99","229,0,833"
"0/1","15,27","42","99","941,0,446"
"0/1","18,12","30","99","359,0,586"
"0/1","11,9","20","99","299,0,374"
"0/0","23,0","24","42","0,42,541"
"0/1","22,7","29","76","76,0,492"
"0/1","15,10","27","83","83,0,387"
"0/1","14,13","27","99","357,0,483"
"0/1","9,8","17","99","268,0,310"
"0/1","5,10","16","99","262,0,139"
"0/1","10,16","27","99","453,0,254"
"0/1","17,15","32","99","515,0,540"
"0/1","32,10","42","99","191,0,1103"
"0/1","32,12","44","99","237,0,1120"
"0/1","33,14","47","99","384,0,1147"
"0/1","34,14","48","99","382,0,1133"
"0/1","37,17","54","99","445,0,1220"
"0/1","36,17","53","99","443,0,1208"
"0/1","37,19","56","99","473,0,1240"
"0/1","39,23","62","99","621,0,1214"
"0/1","38,22","61","99","657,0,1244"
"0/1","38,22","61","99","610,0,1244"
"0/1","33,25","58","99","657,0,1057"
"0/1","35,23","58","99","542,0,1093"
"0/1","32,26","58","99","712,0,1035"
"0/1","33,26","59","99","718,0,983"
"0/1","25,27","52","99","763,0,845"
"0/1","25,27","52","99","787,0,862"
"0/1","28,29","57","99","824,0,901"
"0/1","27,30","57","99","923,0,900"
"0/1","27,27","54","99","824,0,872"
"0/1","29,26","55","99","753,0,1002"
"0/1","31,25","56","99","749,0,1070"
"0/1","34,22","56","99","662,0,1100"
"0/1","35,22","57","99","580,0,1098"
"0/1","32,24","57","99","691,0,925"
"0/1","32,24","56","99","665,0,1041"
"0/1","32,21","53","99","592,0,1096"
"0/1","31,22","53","99","523,0,1057"
"0/1","35,17","52","99","418,0,1098"
"0/1","36,17","53","99","409,0,1129"
"0/1","32,13","46","99","366,0,1064"
"0/1","36,15","51","99","445,0,1216"
"0/1","31,21","52","99","591,0,1074"
"0/1","32,19","51","99","604,0,1051"
"0/1","29,17","46","99","500,0,984"
"0/1","32,18","50","99","529,0,1029"
"0/1","31,16","47","99","456,0,1031"
"0/1","33,15","48","99","411,0,1091"
"0/1","34,14","48","99","344,0,1117"
"0/1","31,14","45","99","342,0,969"
"0/1","7,14","21","99","375,0,171"
"0/0","32,0","32","93","0,93,1245"
"0/1","7,5","12","99","149,0,246"
"0/1","9,11","20","99","380,0,306"
"0/1","18,16","34","99","393,0,499"
"0/1","18,6","24","99","161,0,620"
"0/1","5,19","24","57","653,0,57"
"0/1","17,14","31","99","461,0,554"
"0/1","7,11","18","99","392,0,230"
"0/1","7,9","16","99","290,0,239"
"0/1","9,9","18","99","244,0,324"
"0/1","9,13","22","99","457,0,279"
"0/1","13,7","20","99","221,0,396"
"0/1","9,9","18","99","309,0,271"
"0/1","11,8","19","99","238,0,351"
"0/1","12,7","19","99","191,0,425"
"0/1","11,7","18","99","230,0,346"
"0/1","10,12","22","99","420,0,348"
"0/1","23,13","36","99","375,0,736"
"0/1","21,16","37","99","528,0,728"
"0/1","9,14","23","99","487,0,303"
"0/1","13,12","25","99","396,0,456"
"0/1","12,15","27","99","443,0,405"
"0/1","12,18","30","99","480,0,350"
"0/1","14,15","29","99","450,0,414"
"0/1","7,13","20","99","417,0,225"
"0/1","19,18","37","99","504,0,570"
"0/1","25,18","43","99","594,0,785"
"0/1","14,24","38","99","779,0,402"
"0/1","16,17","33","99","560,0,510"
"0/1","14,12","26","99","367,0,456"
"0/1","13,17","30","99","532,0,376"
"0/1","12,19","31","99","643,0,310"
"0/1","8,5","13","99","126,0,291"
"0/1","11,17","28","99","568,0,301"
"0/1","12,8","20","99","225,0,389"
"0/1","10,5","17","99","161,0,139"
"0/1","16,16","32","99","527,0,502"
"0/1","21,12","33","99","337,0,663"
"0/1","23,12","35","99","335,0,767"
"0/1","12,15","27","99","530,0,368"
"0/1","7,9","17","99","218,0,149"
"0/0","10,1","13","12","0,12,107"
"0/1","15,14","29","99","481,0,493"
"0/1","11,5","16","99","157,0,398"
"0/1","22,20","42","99","668,0,743"
"0/1","19,19","38","99","567,0,653"
"0/1","10,20","30","99","648,0,187"
"0/1","16,20","36","99","584,0,453"
"0/1","20,19","39","99","596,0,633"
"0/1","14,22","36","99","708,0,408"
"0/1","10,8","18","99","269,0,345"
"0/1","11,12","23","99","379,0,334"
"0/1","21,20","42","99","654,0,559"
"0/1","10,9","19","99","307,0,347"
"0/1","9,11","20","99","384,0,310"
"0/1","16,19","35","99","576,0,472"
"0/1","17,21","38","99","727,0,575"
"0/1","16,15","31","99","408,0,517"
"0/1","16,16","32","99","497,0,476"
"0/1","18,21","39","99","651,0,462"
"0/1","16,19","35","99","591,0,533"
"0/1","21,15","36","99","420,0,653"
"0/1","13,22","35","99","730,0,379"
"0/1","13,4","17","99","112,0,307"
"0/1","6,19","25","99","693,0,165"
"0/1","9,6","15","99","192,0,314"
"0/1","8,13","21","99","460,0,256"
"0/1","13,11","24","99","363,0,427"
"0/1","10,10","20","99","333,0,278"
"0/1","13,15","28","99","496,0,450"
"0/1","19,17","36","99","550,0,569"
"0/1","9,14","23","99","493,0,285"
"0/1","17,13","30","99","376,0,534"
"0/0","21,0","21","54","0,54,700"
"0/0","22,0","22","57","0,57,711"
"0/1","16,18","34","99","473,0,510"
"0/1","15,17","32","99","536,0,424"
"0/1","23,18","41","99","559,0,771"
"0/1","11,16","28","99","510,0,233"
"0/0","19,0","20","54","0,54,695"
"0/0","20,0","20","54","0,54,702"
"0/0","20,0","20","54","0,54,705"
"0/0","21,0","21","57","0,57,745"
"0/0","20,0","21","57","0,57,744"
"0/0","21,0","21","54","0,54,706"
"0/0","21,0","21","54","0,54,705"
"0/0","21,0","21","54","0,54,688"
"1/1","0,28","29","69","868,69,0"
"0/1","16,16","32","99","511,0,504"
"0/1","13,11","24","99","326,0,445"
"0/1","11,14","25","99","478,0,332"
"0/1","11,8","19","99","270,0,351"
"0/1","9,8","17","99","261,0,306"
"0/1","9,6","15","99","195,0,241"
"0/1","18,17","35","99","547,0,571"
"0/1","19,14","33","99","465,0,588"
"0/1","12,17","29","99","557,0,353"
"0/1","9,17","26","99","566,0,254"
"0/1","16,13","29","99","391,0,511"
"0/1","8,7","15","99","169,0,223"
"0/1","15,11","26","99","374,0,483"
"0/1","17,25","42","99","782,0,512"
"0/1","23,17","40","99","520,0,771"
"0/1","8,20","28","99","616,0,248"
"0/1","10,11","21","99","379,0,300"
"0/1","22,8","30","99","188,0,784"
"0/1","8,6","14","99","201,0,250"
"0/1","11,12","23","99","408,0,331"
"0/1","22,23","45","99","750,0,688"
"0/1","18,27","45","99","954,0,546"
"0/1","22,25","47","99","790,0,676"
"0/1","19,11","30","99","349,0,649"
"0/1","11,13","24","99","349,0,378"
"0/1","13,12","25","99","388,0,437"
"0/1","18,13","31","99","431,0,628"
"0/1","14,12","26","99","359,0,484"
"0/0","14,0","16","39","0,39,532"
"0/1","7,4","11","75","75,0,247"
"0/1","9,4","13","43","43,0,323"
"0/1","17,12","29","99","400,0,536"
"0/1","18,16","34","99","459,0,623"
"0/1","29,9","38","99","207,0,913"
"0/1","36,4","40","22","22,0,1192"
"0/1","35,4","39","22","22,0,1206"
"0/1","40,10","51","99","126,0,1123"
"0/1","32,14","47","99","193,0,813"
"0/1","45,18","63","99","389,0,1207"
"0/1","34,18","60","99","426,0,995"
"0/1","39,19","58","99","382,0,1091"
"0/1","33,12","47","99","270,0,949"
"0/1","33,15","48","99","294,0,863"
"0/1","27,9","37","99","162,0,490"
"0/0","8,0","9","18","0,18,229"
"0/1","9,11","20","99","374,0,251"
"0/1","8,10","18","99","352,0,258"
"0/1","6,6","12","99","204,0,206"
"0/1","15,11","26","99","326,0,474"
"0/1","19,12","32","99","352,0,511"
"0/1","16,11","27","99","355,0,540"
"0/1","18,11","29","99","342,0,636"
"0/1","11,8","19","99","214,0,299"
"0/1","12,21","33","99","687,0,326"
"0/1","18,12","30","99","360,0,603"
"0/1","16,10","26","99","328,0,569"
"0/1","12,14","26","99","461,0,332"
"0/1","12,16","28","99","525,0,397"
"0/1","11,8","19","99","278,0,315"
"0/1","14,16","30","99","547,0,403"
"0/1","13,10","23","99","334,0,452"
"0/1","16,28","44","99","920,0,513"
"0/1","15,24","39","99","800,0,458"
"0/1","21,10","31","99","246,0,620"
"0/1","16,21","37","99","672,0,504"
"0/1","16,23","39","99","598,0,477"
"0/1","15,14","30","99","432,0,403"
"0/1","16,11","27","99","348,0,552"
"0/1","19,13","32","99","384,0,646"
"0/1","10,10","20","99","328,0,323"
"0/1","15,16","32","99","508,0,467"
"0/1","18,14","32","99","468,0,572"
"0/1","20,16","36","99","529,0,610"
"0/1","10,11","21","99","372,0,305"
"0/1","12,20","32","99","626,0,350"
"0/1","12,20","32","99","630,0,381"
"0/1","24,15","39","99","451,0,780"
"0/1","16,6","22","99","177,0,525"
"0/1","11,9","20","99","315,0,324"
"0/1","3,24","27","42","882,0,42"
"0/1","19,10","29","99","315,0,639"
"0/1","24,16","40","99","528,0,738"
"0/1","15,8","23","99","250,0,454"
"0/1","20,10","30","99","241,0,599"
"0/1","20,11","31","99","252,0,614"
"0/1","20,8","28","99","208,0,665"
"0/1","19,9","28","99","257,0,603"
"0/1","23,20","43","99","643,0,768"
"0/0","21,1","22","23","0,23,734"
"0/1","10,11","21","99","361,0,262"
"0/0","21,1","22","63","0,63,836"
"0/0","19,1","20","57","0,57,751"
"0/0","20,1","21","60","0,60,791"
"0/1","14,14","28","99","396,0,452"
"0/1","16,15","31","99","481,0,525"
"0/1","19,16","35","99","444,0,518"
"0/1","26,14","40","99","437,0,728"
"0/0","27,2","29","6","0,6,949"
"0/1","9,19","28","99","625,0,268"
"0/1","10,11","21","99","387,0,339"
"0/0","24,1","25","41","0,41,896"
"0/0","21,1","22","32","0,32,790"
"0/0","28,1","29","53","0,53,1072"
"0/1","17,13","30","99","434,0,606"
"0/1","12,11","24","99","336,0,420"
"0/1","25,12","37","99","371,0,815"
"0/1","29,6","35","99","147,0,965"
"0/1","24,10","34","99","309,0,758"
"0/1","30,6","36","78","78,0,748"
"0/1","12,4","17","99","106,0,370"
"0/1","51,9","60","99","147,0,1572"
"0/1","17,24","41","99","549,0,510"
"0/1","9,13","22","99","378,0,231"
"0/1","10,11","21","99","378,0,340"
"0/1","7,12","19","99","420,0,222"
"0/1","10,15","25","99","477,0,333"
"0/1","14,20","34","99","611,0,426"
"0/1","12,20","32","99","578,0,375"
"0/1","14,11","25","99","293,0,359"
"0/1","19,3","22","57","57,0,693"
"0/1","20,3","23","51","51,0,737"
"0/1","20,3","23","54","54,0,739"
"0/1","12,20","33","99","682,0,300"
"0/0","12,0","14","12","0,12,157"
"0/1","18,18","36","99","588,0,587"
"0/0","13,1","14","36","0,36,437"
"0/1","13,16","29","99","485,0,381"
"0/1","24,13","37","99","337,0,810"
"0/1","6,27","33","99","941,0,124"
"0/1","18,24","42","99","743,0,569"
"0/1","12,9","21","99","286,0,377"
"0/1","6,7","13","99","246,0,198"
"0/1","13,12","25","99","377,0,436"
"0/1","14,17","31","99","528,0,470"
"0/1","9,8","17","99","261,0,299"
"0/1","14,9","23","99","298,0,491"
"0/1","5,13","18","99","430,0,148"
"0/1","18,9","27","99","248,0,606"
"0/1","15,14","29","99","471,0,516"
"0/0","11,0","11","18","0,18,223"
"0/1","24,12","39","99","175,0,627"
"0/1","22,9","34","96","96,0,474"
"0/1","3,7","10","59","218,0,59"
"0/1","5,4","9","67","67,0,150"
"0/1","5,3","8","30","30,0,151"
"0/1","16,11","27","99","366,0,511"
"0/1","17,12","30","99","310,0,433"
"0/0","37,1","38","81","0,81,1057"
"0/1","15,23","39","99","639,0,286"
"0/0","41,7","48","11","0,11,1192"
"0/0","27,1","28","72","0,72,905"
"0/1","8,13","21","99","385,0,245"
"0/1","16,9","25","99","283,0,529"
"0/1","10,19","29","99","689,0,319"
"0/1","16,7","23","99","213,0,572"
"0/1","12,7","19","99","223,0,353"
"0/1","13,13","26","99","428,0,371"
"0/1","11,18","29","99","598,0,357"
"0/1","7,16","23","99","577,0,168"
"0/1","21,16","37","99","475,0,670"
"0/1","10,9","20","99","303,0,268"
"0/1","12,13","25","99","423,0,365"
"0/1","13,17","30","99","581,0,434"
"0/1","8,13","21","99","465,0,224"
"0/1","19,12","31","99","360,0,604"
"0/1","16,17","33","99","530,0,503"
"0/1","18,11","29","99","256,0,593"
"0/1","16,15","31","99","509,0,492"
"0/1","15,14","29","99","437,0,505"
"0/1","26,16","42","99","515,0,752"
"0/1","10,21","31","99","436,0,310"
"0/1","17,13","30","99","405,0,523"
"0/1","15,22","37","99","675,0,494"
"0/1","13,10","23","99","326,0,453"
"0/1","11,2","13","44","44,0,361"
"0/1","13,12","25","99","366,0,434"
"0/1","6,10","16","99","351,0,154"
"0/1","13,6","19","99","182,0,461"
"0/1","6,11","17","99","399,0,177"
"0/1","7,11","18","99","396,0,196"
"0/1","16,10","26","99","342,0,510"
"0/1","9,7","16","99","232,0,285"
"0/1","10,13","23","99","376,0,344"
"0/1","12,11","23","99","360,0,411"
"0/1","11,11","22","99","362,0,376"
"0/1","7,11","18","99","387,0,226"
"0/1","11,11","22","99","340,0,349"
"0/1","7,13","20","99","428,0,202"
"0/1","13,11","24","99","366,0,375"
"0/1","15,19","34","99","562,0,445"
"0/1","12,10","22","99","337,0,309"
"0/1","14,12","26","99","347,0,380"
"0/1","13,14","27","99","434,0,401"
"0/1","17,20","37","99","680,0,546"
"0/1","7,14","21","99","497,0,223"
"0/1","18,9","27","99","281,0,573"
"0/1","14,14","28","99","416,0,442"
"0/1","19,17","36","99","547,0,546"
"0/1","21,14","35","99","402,0,638"
"0/1","18,21","39","99","612,0,582"
"0/1","19,12","31","99","322,0,629"
"0/1","18,8","26","99","251,0,602"
"0/1","8,3","11","86","86,0,289"
"0/1","7,13","20","99","415,0,196"
"0/1","5,11","16","99","401,0,118"
"0/1","18,7","25","99","212,0,549"
"0/1","16,6","22","99","181,0,541"
"0/1","12,12","24","99","417,0,365"
"0/1","14,12","26","99","405,0,435"
"0/1","19,15","34","99","494,0,650"
"0/1","13,16","29","99","564,0,431"
"0/1","6,18","24","99","652,0,170"
"0/1","7,19","26","99","692,0,201"
"0/1","10,19","29","99","624,0,310"
"0/1","13,19","32","99","623,0,384"
"0/1","13,19","32","99","643,0,389"
"0/1","11,16","27","99","528,0,363"
"0/1","14,17","31","99","561,0,469"
"0/1","14,17","31","99","564,0,479"
"0/1","14,20","34","99","670,0,467"
"0/1","14,21","35","99","678,0,431"
"0/1","12,19","31","99","619,0,364"
"0/1","11,16","27","99","570,0,361"
"0/1","14,13","27","99","411,0,417"
"0/1","10,9","19","99","307,0,354"
"0/1","11,8","19","99","267,0,385"
"0/1","12,9","21","99","309,0,392"
"0/1","14,8","22","99","230,0,474"
"0/1","16,10","26","99","289,0,514"
"0/1","16,10","26","99","323,0,506"
"0/1","8,11","19","99","386,0,266"
"0/1","9,14","23","99","489,0,288"
"0/1","11,15","26","99","520,0,362"
"0/1","11,10","21","99","336,0,372"
"0/1","11,12","23","99","415,0,375"
"0/1","13,12","25","99","356,0,458"
"0/1","15,15","30","99","515,0,472"
"0/1","19,13","32","99","437,0,565"
"0/1","10,16","26","99","484,0,337"
"0/1","14,15","29","99","478,0,446"
"0/1","7,17","24","99","586,0,216"
"0/1","8,13","21","99","431,0,248"
"0/1","9,13","22","99","452,0,278"
"0/1","13,22","35","99","694,0,378"
"0/1","14,26","40","99","794,0,439"
"0/1","18,17","37","99","443,0,537"
"0/1","23,14","37","99","422,0,754"
"0/1","12,14","26","99","474,0,392"
"0/1","7,10","17","99","347,0,219"
"0/1","14,9","23","99","266,0,454"
"0/1","19,17","36","99","528,0,581"
"0/1","13,11","24","99","332,0,404"
"0/1","14,14","28","99","471,0,431"
"0/1","12,8","20","99","236,0,343"
"0/1","14,17","31","99","505,0,417"
"0/1","14,18","32","99","551,0,422"
"0/1","13,13","26","99","426,0,424"
"0/1","13,13","26","99","418,0,411"
"0/1","11,12","23","99","376,0,377"
"0/1","7,13","20","99","464,0,230"
"0/1","10,11","21","99","381,0,340"
"0/1","16,8","24","99","259,0,422"
"0/1","12,7","19","99","133,0,405"
"0/1","15,17","32","99","521,0,503"
"0/1","19,12","31","99","380,0,604"
"0/1","14,19","33","99","623,0,457"
"0/1","17,14","31","99","423,0,538"
"0/1","17,16","33","99","509,0,550"
"0/1","17,17","34","99","539,0,554"
"0/1","16,16","32","99","487,0,545"
"0/1","13,15","28","99","439,0,440"
"0/1","11,5","16","99","157,0,380"
"0/1","9,6","15","99","204,0,321"
"0/1","4,7","11","99","244,0,129"
"0/1","5,7","12","99","237,0,161"
"0/1","8,9","17","99","313,0,273"
"0/1","13,11","24","99","365,0,448"
"0/1","10,11","21","99","386,0,338"
"0/1","11,11","22","99","378,0,374"
"0/1","10,16","26","99","566,0,323"
"0/1","10,16","26","99","555,0,331"
"0/1","12,18","30","99","649,0,386"
"0/1","25,12","37","99","364,0,864"
"0/1","27,13","40","99","394,0,898"
"0/1","17,17","34","99","574,0,527"
"0/1","16,16","33","99","508,0,521"
"0/1","14,15","29","99","460,0,479"
"0/1","9,17","26","99","563,0,276"
"0/1","16,20","36","99","616,0,537"
"0/1","13,12","25","99","362,0,396"
"0/1","13,12","25","99","372,0,409"
"0/1","14,12","26","99","297,0,476"
"0/1","15,13","28","99","305,0,473"
"0/1","12,14","26","99","366,0,409"
"0/1","15,19","34","99","531,0,452"
"0/1","11,21","32","99","621,0,332"
"0/1","16,16","32","99","487,0,533"
"0/1","18,10","28","99","311,0,519"
"0/1","7,22","29","99","734,0,181"
"0/1","19,13","32","99","403,0,563"
"0/1","18,11","29","99","362,0,537"
"0/1","18,10","28","99","281,0,528"
"0/1","20,8","28","99","166,0,675"
"0/1","18,14","32","99","345,0,634"
"0/1","17,14","31","99","434,0,544"
"0/1","18,16","34","99","497,0,616"
"0/1","13,9","22","99","297,0,384"
"0/1","13,6","19","99","180,0,423"
"0/1","16,8","24","99","241,0,465"
"0/1","24,17","41","99","525,0,787"
"0/1","22,17","39","99","503,0,777"
"0/1","18,15","33","99","443,0,563"
"0/1","10,15","25","99","496,0,327"
"0/1","5,15","20","99","541,0,147"
"0/1","5,15","20","99","468,0,145"
"0/1","5,16","21","99","565,0,137"
"0/1","5,17","22","99","575,0,137"
"0/1","11,15","26","99","431,0,375"
"0/1","8,14","22","99","415,0,265"
"0/1","10,8","18","99","265,0,349"
"0/1","10,8","18","99","268,0,353"
"0/1","11,8","19","99","267,0,392"
"0/1","10,9","19","99","309,0,353"
"0/1","8,7","15","99","242,0,284"
"0/1","9,12","21","99","422,0,260"
"0/1","10,13","23","99","464,0,295"
"0/1","10,12","22","99","431,0,291"
"0/1","10,13","23","99","462,0,291"
"0/1","9,13","22","99","468,0,291"
"0/1","11,15","26","99","530,0,366"
"0/1","17,19","36","99","640,0,532"
"0/1","12,20","32","99","627,0,356"
"0/1","12,23","35","99","783,0,364"
"0/1","14,24","38","99","845,0,402"
"0/1","16,25","41","99","807,0,519"
"0/1","20,22","42","99","659,0,617"
"0/1","15,14","29","99","430,0,495"
"0/1","15,14","29","99","437,0,514"
"0/1","13,16","29","99","529,0,435"
"0/1","16,13","29","99","433,0,528"
"0/1","16,10","26","99","283,0,571"
"0/1","12,17","29","99","610,0,353"
"0/1","21,13","34","99","421,0,717"
"0/1","21,14","35","99","458,0,627"
"0/1","26,15","41","99","424,0,860"
"0/1","16,13","29","99","410,0,557"
"0/1","15,8","23","99","258,0,519"
"0/1","17,8","25","99","249,0,611"
"0/1","16,8","24","99","247,0,568"
"0/1","16,12","28","99","382,0,565"
"0/1","10,11","22","99","359,0,215"
"0/1","9,12","21","99","367,0,192"
"0/1","18,6","24","99","118,0,607"
"0/1","17,7","24","99","169,0,418"
"0/1","14,9","23","99","234,0,401"
"0/1","13,9","22","99","215,0,341"
"0/1","13,9","22","99","219,0,389"
"0/1","15,7","22","99","168,0,505"
"0/1","12,11","23","99","231,0,375"
"0/1","14,7","21","99","141,0,500"
"0/1","13,7","20","99","147,0,454"
"0/1","19,8","27","99","163,0,603"
"0/1","24,6","30","99","119,0,758"
"0/1","4,12","16","76","375,0,76"
"0/1","14,7","21","99","160,0,472"
"0/1","19,9","28","99","219,0,619"
"0/1","15,19","34","99","569,0,497"
"0/1","12,11","23","99","250,0,401"
"0/1","12,10","22","99","257,0,414"
"0/1","8,14","22","99","364,0,234"
"0/1","7,10","17","99","289,0,228"
"0/1","13,4","17","59","59,0,469"
"0/1","9,8","17","99","143,0,310"
"0/0","22,0","22","57","0,57,709"
"0/1","38,17","55","99","444,0,1323"
"0/1","39,11","50","99","284,0,1368"
"0/1","34,19","53","99","509,0,1097"
"0/1","31,17","48","99","491,0,1051"
"0/1","30,16","46","99","465,0,1037"
"0/1","30,10","40","99","284,0,1019"
"0/1","18,9","27","99","207,0,589"
"0/1","14,6","20","99","166,0,463"
"0/1","18,17","35","99","386,0,599"
"0/1","11,14","26","99","418,0,367"
"0/1","13,13","26","99","422,0,400"
"0/1","13,13","26","99","413,0,389"
"0/1","11,12","23","99","357,0,341"
"0/1","12,8","20","99","256,0,368"
"0/1","12,7","19","99","205,0,397"
"0/1","7,12","19","99","410,0,208"
"0/1","17,14","31","99","356,0,480"
"0/1","11,16","27","99","443,0,334"
"0/1","15,16","31","99","493,0,430"
"0/1","18,16","34","99","419,0,490"
"0/1","16,16","32","99","398,0,380"
"0/1","13,18","32","99","415,0,306"
"0/1","18,12","31","99","361,0,481"
"0/1","10,7","17","99","205,0,345"
"0/1","7,11","18","99","335,0,208"
"0/1","10,7","17","99","214,0,334"
"0/1","9,8","17","99","196,0,302"
"0/1","13,12","25","99","391,0,451"
"0/1","17,11","28","99","355,0,595"
"0/1","22,11","33","99","311,0,675"
"0/1","21,10","31","99","293,0,644"
"0/1","14,12","26","99","353,0,466"
"0/1","12,11","23","99","329,0,413"
"0/1","13,11","24","99","344,0,434"
"0/1","15,10","25","99","302,0,499"
"0/1","17,11","28","99","303,0,588"
"0/1","18,10","28","99","292,0,584"
"0/1","19,13","32","99","354,0,639"
"0/1","21,11","32","99","292,0,705"
"0/1","20,13","33","99","405,0,602"
"0/1","16,15","31","99","506,0,469"
"0/1","17,16","33","99","538,0,462"
"0/1","19,14","33","99","458,0,539"
"0/1","17,17","34","99","512,0,549"
"0/1","13,17","30","99","576,0,416"
"0/1","13,17","30","99","554,0,424"
"0/1","14,16","30","99","398,0,471"
"0/1","15,16","31","99","465,0,490"
"0/1","13,15","28","99","426,0,441"
"0/1","17,14","31","99","461,0,544"
"0/1","18,12","31","99","392,0,545"
"0/1","14,13","27","99","412,0,409"
"0/1","26,15","41","99","475,0,623"
"0/1","26,7","33","99","138,0,842"
"0/1","21,4","25","17","17,0,663"
"0/1","12,7","20","99","140,0,371"
"0/1","10,11","21","99","261,0,327"
"0/1","24,15","39","99","425,0,647"
"0/1","12,8","20","99","144,0,370"
"0/1","17,8","25","99","161,0,471"
"0/1","25,13","38","99","290,0,615"
"0/1","14,13","27","99","406,0,416"
"0/1","16,8","25","31","31,0,238"
"0/1","23,15","38","99","452,0,641"
"0/1","27,18","45","99","525,0,660"
"0/1","23,5","28","99","119,0,825"
"0/1","7,20","27","99","681,0,158"
"0/0","31,0","32","54","0,54,668"
"0/1","16,18","36","99","563,0,493"
"0/1","4,37","41","16","1200,0,16"
"0/1","24,28","52","99","882,0,704"
"0/1","23,21","44","99","624,0,665"
"0/1","12,20","32","99","599,0,404"
"0/1","13,14","27","99","409,0,397"
"0/1","19,25","44","99","807,0,585"
"0/1","11,15","26","99","519,0,337"
"0/1","11,14","25","99","432,0,322"
"0/1","12,23","35","99","760,0,379"
"0/1","34,9","43","99","118,0,1043"
"0/1","12,14","26","99","452,0,377"
"0/0","19,1","20","17","0,17,636"
"0/0","24,0","24","66","0,66,868"
"0/0","23,0","23","63","0,63,838"
"0/1","11,9","20","99","300,0,387"
"0/1","15,11","27","99","189,0,468"
"1/1","0,12","12","33","443,33,0"
"0/1","12,16","28","99","486,0,394"
"0/1","36,18","54","99","528,0,790"
"0/1","14,20","34","99","583,0,476"
"0/1","14,12","26","99","369,0,452"
"0/1","21,20","41","99","618,0,625"
"0/1","13,13","26","99","350,0,350"
"0/1","21,21","42","99","591,0,663"
"0/0","38,1","39","49","0,49,936"
"0/1","18,8","27","99","242,0,403"
"0/1","8,13","21","99","398,0,267"
"0/1","12,6","18","99","197,0,317"
"0/1","8,8","16","99","266,0,238"
"0/1","17,22","39","99","638,0,556"
"0/1","19,14","33","99","450,0,669"
"0/1","20,18","38","99","549,0,684"
"0/1","17,15","32","99","458,0,435"
"0/1","34,10","44","99","180,0,789"
"0/1","32,9","41","99","252,0,955"
"0/1","43,10","53","47","47,0,1060"
"0/1","11,12","23","99","408,0,320"
"0/1","15,20","35","99","690,0,448"
"0/1","17,18","35","99","576,0,532"
"0/1","16,16","32","99","512,0,513"
"0/1","5,9","14","99","286,0,127"
"0/0","34,1","35","68","0,68,1259"
"0/1","8,14","22","99","483,0,260"
"0/1","19,11","30","99","290,0,537"
"0/1","18,9","27","99","232,0,536"
"0/1","14,15","29","99","512,0,419"
"0/1","13,19","32","99","611,0,426"
"0/1","16,15","31","99","353,0,442"
"0/1","32,16","48","99","473,0,980"
"0/1","13,21","34","99","693,0,414"
"0/1","13,13","26","99","389,0,341"
"0/1","4,16","20","99","477,0,104"
"0/1","7,11","18","99","303,0,220"
"0/1","9,10","19","99","306,0,263"
"1/1","1,14","15","39","523,39,0"
"1/1","0,14","14","33","419,33,0"
"1/1","0,44","45","99","1497,114,0"
"0/1","22,9","31","99","225,0,402"
"0/1","15,18","33","99","538,0,465"
"0/1","16,15","31","99","447,0,531"
"0/1","19,15","34","99","383,0,627"
"0/1","18,22","40","99","649,0,599"
"0/1","15,19","34","99","577,0,431"
"0/1","12,19","31","99","623,0,388"
"0/1","9,6","15","99","167,0,216"
"0/1","8,19","27","99","635,0,239"
"0/1","21,14","35","99","469,0,605"
"0/1","17,18","35","99","597,0,546"
"0/1","11,20","31","99","717,0,302"
"0/1","7,15","22","99","536,0,224"
"0/1","6,11","17","99","395,0,193"
"0/1","18,11","29","99","359,0,624"
"0/1","11,21","32","99","714,0,305"
"0/1","21,14","35","99","411,0,410"
"0/1","17,20","37","99","620,0,511"
"0/1","10,19","29","99","678,0,285"
"0/0","25,0","25","42","0,42,520"
"0/1","10,5","15","99","124,0,327"
"0/1","18,12","31","99","321,0,444"
"0/1","16,17","33","99","400,0,294"
"1/1","3,20","23","22","674,22,0"
"0/1","16,25","41","99","728,0,475"
"0/1","11,12","23","99","382,0,346"
"0/0","26,0","26","75","0,75,1001"
"0/1","16,10","26","99","295,0,515"
"0/1","6,9","16","99","317,0,192"
"1/1","1,22","23","54","712,54,0"
"0/1","14,10","24","99","295,0,392"
"0/1","20,14","35","99","469,0,612"
"0/1","8,16","24","99","479,0,217"
"0/1","12,9","21","99","288,0,369"
"0/1","17,13","30","99","419,0,588"
"0/1","13,11","24","99","373,0,373"
"0/1","17,13","30","99","413,0,565"
"0/1","17,22","39","99","671,0,527"
"0/1","12,18","30","99","625,0,337"
"0/1","21,15","36","99","508,0,619"
"0/1","12,19","31","99","668,0,329"
"0/0","21,0","21","63","0,63,838"
"0/1","18,12","30","99","370,0,561"
"0/1","13,22","35","99","721,0,380"
"0/1","11,18","29","99","557,0,321"
"0/1","14,15","29","99","508,0,454"
"0/1","6,12","18","99","432,0,193"
"0/1","8,10","18","99","339,0,275"
"0/1","17,12","29","99","395,0,582"
"0/1","15,20","35","99","675,0,453"
"0/1","21,11","32","99","356,0,662"
"0/1","10,12","22","99","381,0,338"
"0/1","22,16","38","99","523,0,728"
"0/1","9,7","16","99","168,0,265"
"0/1","8,9","17","99","315,0,274"
"0/1","3,18","21","25","676,0,25"
"0/0","13,0","13","39","0,39,501"
"0/1","13,8","21","99","267,0,458"
"0/1","8,27","35","99","937,0,135"
"0/1","16,10","26","99","254,0,481"
"0/1","13,12","25","99","408,0,391"
"0/0","15,0","15","39","0,39,502"
"0/1","11,5","16","99","149,0,389"
"0/1","7,6","13","99","206,0,240"
"1/1","0,29","29","78","1065,78,0"
"0/1","8,9","17","99","304,0,263"
"0/1","5,8","13","99","251,0,162"
"0/1","12,5","17","99","152,0,435"
"0/0","21,0","21","57","0,57,759"
"0/1","5,6","11","99","170,0,175"
"0/0","21,0","21","63","0,63,842"
"0/1","14,20","34","99","655,0,419"
"1/1","0,28","28","81","1078,81,0"
"0/1","11,4","15","99","118,0,396"
"0/1","16,12","28","99","274,0,543"
"0/1","14,11","25","99","364,0,413"
"0/1","7,16","23","99","538,0,205"
"0/0","34,1","35","57","0,57,1169"
"0/0","34,1","35","66","0,66,1277"
"0/0","34,1","35","66","0,66,1269"
"0/1","18,13","31","99","357,0,463"
"0/1","22,16","38","99","491,0,737"
"0/1","11,12","23","99","396,0,341"
"0/1","15,9","24","99","285,0,503"
"0/1","18,18","36","99","515,0,628"
"0/1","13,9","22","99","304,0,423"
"0/1","11,15","26","99","495,0,294"
"0/1","17,14","31","99","469,0,532"
"0/1","12,8","20","99","131,0,398"
"0/1","10,2","12","29","29,0,345"
"0/0","21,1","22","54","0,54,737"
"0/1","13,13","26","99","414,0,436"
"0/0","42,3","45","99","0,108,1453"
"0/1","25,13","41","99","169,0,855"
"0/1","26,16","42","99","464,0,796"
"0/1","12,12","24","99","307,0,403"
"0/1","14,13","27","99","407,0,421"
"0/1","7,11","18","99","368,0,151"
"0/1","9,12","21","99","426,0,293"
"0/1","12,12","24","99","417,0,375"
"0/1","29,21","50","99","630,0,929"
"0/1","21,15","36","99","500,0,690"
"0/1","19,13","32","99","392,0,626"
"0/1","18,18","36","99","551,0,568"
"0/1","16,17","33","99","563,0,548"
"0/1","28,8","36","99","185,0,991"
"0/1","17,16","33","99","520,0,476"
"0/1","17,16","33","99","550,0,502"
"0/1","18,16","34","99","438,0,475"
"0/1","15,11","26","99","351,0,528"
"0/1","14,9","23","99","302,0,421"
"0/1","10,12","22","99","327,0,326"
"0/1","9,10","19","99","324,0,244"
"0/1","13,10","23","99","327,0,452"
"0/1","14,17","31","99","546,0,435"
"0/1","19,18","37","99","550,0,565"
"0/1","7,17","24","99","558,0,202"
"0/1","18,23","41","99","798,0,442"
"0/1","19,11","30","99","349,0,641"
"0/1","17,11","28","99","250,0,518"
"0/1","19,14","33","99","415,0,550"
"0/1","12,15","27","99","492,0,363"
"0/0","25,1","26","30","0,30,885"
"0/1","8,14","22","99","487,0,264"
"0/1","11,8","19","99","272,0,375"
"0/1","7,11","18","99","352,0,227"
"1/1","0,21","21","63","849,63,0"
"0/1","16,24","40","99","698,0,468"
"1/1","1,19","20","10","415,10,0"
"0/1","13,13","26","99","457,0,377"
"0/1","22,12","34","99","355,0,681"
"0/1","21,15","36","99","475,0,631"
"0/1","19,20","39","99","599,0,615"
"0/1","18,27","45","99","839,0,545"
"0/1","11,9","20","99","302,0,374"
"0/1","16,21","37","99","728,0,534"
"0/1","15,19","34","99","580,0,463"
"0/1","13,10","23","99","348,0,412"
"0/1","13,13","26","99","459,0,385"
"0/1","13,13","26","99","448,0,434"
"0/1","12,12","24","99","415,0,347"
"0/1","18,20","38","99","711,0,438"
"0/1","22,7","29","99","206,0,390"
"0/0","22,0","22","33","0,33,418"
"0/1","22,4","26","13","13,0,772"
"0/1","21,8","29","99","253,0,675"
"0/1","18,8","26","99","228,0,577"
"0/1","11,17","28","99","599,0,271"
"0/0","14,0","14","42","0,42,560"
"0/0","16,0","16","45","0,45,588"
"0/0","16,0","16","45","0,45,586"
"0/1","21,4","25","60","60,0,680"
"0/1","20,4","24","26","26,0,626"
"0/1","18,3","21","34","34,0,517"
"1/1","0,9","9","24","303,24,0"
"0/1","27,6","33","86","86,0,905"
"0/0","30,4","34","19","0,19,1071"
"0/1","12,18","30","99","609,0,316"
"0/0","14,0","14","42","0,42,559"
"0/0","22,0","22","60","0,60,827"
"0/0","19,0","19","48","0,48,648"
"0/0","18,0","18","45","0,45,612"
"0/1","11,10","21","99","349,0,352"
"0/1","22,17","39","99","504,0,717"
"0/1","18,17","35","99","432,0,558"
"0/1","10,15","25","99","451,0,326"
"0/1","9,17","26","99","462,0,258"
"0/1","10,14","24","99","420,0,333"
"0/1","12,7","19","99","215,0,389"
"1/1","0,25,0","25","66","862,66,0,862,66,862"
"0/1","20,16","36","99","495,0,693"
"0/1","22,12","34","99","380,0,765"
"0/1","21,13","34","99","387,0,517"
"0/1","17,16","33","99","463,0,561"
"0/1","13,19","32","99","570,0,446"
"0/1","4,6","10","99","138,0,119"
"0/1","15,14","29","99","421,0,432"
"1/1","0,14","14","30","341,30,0"
"0/1","9,9","18","99","296,0,276"
"0/1","9,9","18","99","294,0,274"
"0/1","12,13","25","99","385,0,410"
"0/1","8,17","25","25","600,0,25"
"0/1","10,8","18","99","262,0,270"
"0/1","13,14","27","99","330,0,418"
"0/1","15,11","26","99","371,0,482"
"0/1","15,11","26","99","305,0,532"
"0/1","12,14","26","99","490,0,400"
"0/1","13,12","25","99","415,0,412"
"0/1","13,17","30","99","549,0,384"
"0/1","9,12","21","99","359,0,295"
"0/1","5,10","15","99","353,0,154"
"0/1","13,9","22","99","251,0,448"
"0/1","9,12","21","99","414,0,297"
"0/1","8,8","16","99","208,0,179"
"0/1","10,16","26","99","546,0,254"
"0/1","9,15","24","99","520,0,226"
"0/1","12,13","25","99","360,0,230"
"0/1","18,6","24","62","62,0,472"
"0/1","9,8","17","99","158,0,272"
"0/1","12,13","25","99","410,0,285"
"0/1","13,18","31","99","618,0,428"
"0/1","10,12","22","99","370,0,252"
"0/1","14,13","27","99","403,0,440"
"0/0","95,0","96","99","0,265,3347"
"1/1","8,240","250","99","7820,361,0"
"1/1","10,239","250","99","7969,375,0"
"0/1","9,5","14","84","84,0,174"
"0/1","42,18","60","99","570,0,456"
"0/1","11,10","21","99","110,0,318"
"0/1","11,10","21","99","110,0,317"
"0/0","29,2","31","66","0,66,876"
"0/1","16,11","27","99","316,0,355"
"0/1","20,8","28","99","225,0,682"
"0/1","10,24","34","99","726,0,296"
"0/1","14,19","33","99","654,0,461"
"0/1","16,17","33","99","557,0,487"
"0/1","19,11","30","99","360,0,583"
"0/1","18,16","34","99","537,0,594"
"0/1","13,15","28","99","498,0,385"
"0/1","15,9","25","99","255,0,500"
"0/1","14,18","32","99","561,0,444"
"0/1","10,18","28","99","620,0,220"
"0/0","19,0","19","54","0,54,728"
"0/1","11,12","23","99","378,0,378"
"0/1","7,12","19","99","434,0,216"
"0/1","18,23","41","99","806,0,577"
"0/1","7,9","16","99","277,0,242"
"0/1","12,13","25","99","456,0,399"
"0/1","10,12","22","99","379,0,344"
"0/1","10,11","22","99","374,0,346"
"0/1","14,7","21","99","180,0,503"
"0/1","33,6","39","99","123,0,1118"
"0/1","13,16","30","99","544,0,436"
"1/1","0,28","28","78","1034,78,0"
"0/1","20,13","33","99","441,0,637"
"0/1","12,13","25","99","454,0,400"
"0/0","23,0","23","69","0,69,931"
"0/1","13,27","40","99","802,0,339"
"0/1","12,18","30","99","560,0,361"
"0/1","10,17","27","99","573,0,326"
"0/1","14,19","33","99","600,0,467"
"0/1","13,15","28","99","497,0,442"
"0/1","19,11","30","99","316,0,582"
"0/1","4,21","25","93","724,0,93"
"0/1","18,11","29","99","320,0,609"
"0/0","25,0","25","72","0,72,961"
"0/1","10,15","25","99","531,0,332"
"0/1","17,17","34","99","513,0,588"
"0/1","21,20","42","99","660,0,686"
"0/1","9,10","19","99","312,0,299"
"0/1","14,20","34","99","674,0,402"
"0/1","11,12","23","99","373,0,347"
"0/1","9,9","18","99","282,0,209"
"0/1","15,11","26","99","359,0,526"
"0/1","7,13","20","99","437,0,232"
"0/1","9,12","21","99","426,0,304"
"0/1","10,15","25","99","505,0,337"
"0/1","10,5","15","99","158,0,325"
"0/1","17,13","30","99","350,0,593"
"0/1","23,15","38","99","445,0,592"
"0/0","36,3","39","26","0,26,1102"
"0/0","36,2","38","99","0,102,1359"
"0/0","36,1","37","99","0,99,1240"
"0/1","13,11","25","99","377,0,370"
"0/1","10,9","19","99","288,0,309"
"0/1","7,6","13","99","210,0,172"
"0/1","24,3","27","26","26,0,671"
"0/1","13,8","21","99","220,0,437"
"0/1","10,9","19","99","306,0,346"
"0/1","13,11","24","99","366,0,405"
"0/1","11,14","25","99","480,0,324"
"0/1","11,6","17","99","196,0,395"
"0/1","12,7","19","99","225,0,406"
"0/1","9,9","18","99","316,0,308"
"0/1","13,6","19","99","183,0,459"
"0/1","9,10","19","99","313,0,281"
"0/1","8,8","16","99","246,0,244"
"0/1","12,4","16","99","115,0,400"
"0/1","17,12","29","99","393,0,493"
"0/1","15,11","26","99","357,0,449"
"0/1","15,11","26","99","291,0,487"
"0/1","9,9","18","99","286,0,320"
"0/1","10,10","20","99","332,0,332"
"0/1","7,12","19","99","344,0,229"
"0/1","10,10","20","99","265,0,308"
"0/1","11,12","23","99","345,0,319"
"0/1","11,14","25","99","454,0,288"
"0/1","22,13","35","99","332,0,679"
"0/1","18,13","31","99","363,0,587"
"0/1","16,15","31","99","395,0,444"
"0/1","13,14","29","99","491,0,425"
"0/1","16,20","36","99","640,0,472"
"0/1","10,9","19","99","293,0,284"
"0/1","12,6","18","99","186,0,362"
"0/1","6,13","19","99","424,0,185"
"0/1","12,16","28","99","485,0,365"
"0/1","11,13","24","99","445,0,364"
"0/1","13,9","22","99","288,0,434"
"0/1","14,14","28","99","445,0,477"
"0/0","29,0","29","78","0,78,1053"
"0/1","26,12","38","99","119,0,720"
"0/1","27,13","40","99","184,0,449"
"0/1","37,17","56","94","94,0,855"
"0/1","44,13","57","46","46,0,1016"
"0/1","33,15","49","99","124,0,718"
"0/1","30,12","43","99","125,0,623"
"0/0","12,2","15","0","0,0,271"
"0/0","15,0","15","30","0,30,342"
"0/1","19,6","25","99","133,0,661"
"0/1","6,7","13","99","207,0,204"
"0/1","23,12","35","99","336,0,740"
"0/1","14,15","30","99","349,0,453"
"0/1","16,12","28","99","393,0,523"
"0/1","11,10","21","99","333,0,342"
"0/1","13,10","23","99","333,0,419"
"0/1","11,9","20","99","303,0,384"
"0/1","43,20","63","99","297,0,1128"
"0/1","32,20","53","99","345,0,765"
"0/1","33,20","53","99","384,0,802"
"0/1","34,22","56","99","297,0,832"
"0/1","48,17","65","99","294,0,1190"
"0/1","20,6","26","7","7,0,613"
"0/0","24,0","24","60","0,60,773"
"0/0","22,0","22","51","0,51,654"
"0/0","20,0","20","48","0,48,619"
"0/1","34,9","44","99","165,0,1149"
"0/1","50,13","63","99","253,0,1483"
"0/1","27,6","33","99","99,0,920"
"0/1","26,6","32","99","119,0,885"
"0/1","16,13","29","99","368,0,467"
"0/1","4,11","15","84","402,0,84"
"0/1","13,12","25","99","382,0,428"
"0/1","13,9","22","99","261,0,436"
"0/1","6,4","10","92","92,0,218"
"0/1","12,9","21","99","301,0,427"
"0/1","5,19","24","99","693,0,131"
"0/1","16,18","34","99","588,0,519"
"0/1","32,9","41","99","135,0,997"
"0/1","36,13","49","99","278,0,1160"
"0/1","35,12","47","99","247,0,1118"
"0/1","37,12","49","99","185,0,1183"
"0/1","18,11","29","99","354,0,646"
"0/1","12,13","25","99","410,0,352"
"0/1","12,11","23","99","374,0,423"
"0/1","6,8","14","99","241,0,201"
"0/1","9,7","16","99","198,0,219"
"0/1","17,17","34","99","563,0,575"
"0/1","15,14","29","99","450,0,440"
"0/1","13,14","27","99","490,0,389"
"0/1","13,18","31","99","643,0,413"
"0/1","16,25","41","99","759,0,509"
"0/1","14,21","35","99","678,0,460"
"0/1","16,15","31","99","515,0,506"
"0/0","28,0","28","81","0,81,1071"
"0/1","12,24","36","99","780,0,376"
"0/1","12,19","32","99","659,0,305"
"0/1","16,11","27","99","298,0,563"
"0/1","13,4","17","78","78,0,477"
"0/1","13,4","17","78","78,0,481"
"0/1","9,23","32","99","676,0,276"
"0/1","12,7","19","99","227,0,430"
"0/1","16,15","31","99","527,0,480"
"0/1","11,8","19","99","241,0,354"
"0/1","10,14","24","99","464,0,290"
"0/1","10,14","24","99","493,0,291"
"0/1","21,17","38","99","553,0,511"
"1/1","0,43","43","99","1451,111,0"
"0/1","56,18","75","99","185,0,1345"
"0/1","23,19","42","99","418,0,638"
"0/1","18,9","27","99","209,0,551"
"0/0","38,0","38","93","0,93,1197"
"0/1","25,11","36","99","333,0,772"
"0/1","9,7","16","99","244,0,276"
"0/0","11,0","11","18","0,18,219"
"0/1","9,12","21","99","427,0,264"
"0/1","10,13","23","99","454,0,331"
"0/1","9,15","24","99","500,0,261"
"0/1","16,9","25","99","256,0,335"
"0/1","15,11","26","99","247,0,338"
"0/1","15,20","35","99","595,0,409"
"0/1","15,26","41","99","719,0,401"
"0/1","18,9","27","99","265,0,626"
"0/1","19,11","30","99","309,0,616"
"0/1","23,9","32","99","242,0,725"
"0/0","26,2","29","57","0,57,988"
"0/0","45,1","46","99","0,108,1438"
"0/0","38,0","39","99","0,108,1450"
"0/1","11,7","18","99","228,0,390"
"0/1","13,14","27","99","471,0,443"
"0/1","6,8","14","99","287,0,205"
"0/1","7,11","18","99","385,0,208"
"0/1","12,16","28","99","508,0,395"
"0/1","15,8","23","99","224,0,528"
"0/0","9,0","9","27","0,27,362"
"0/1","9,6","15","99","197,0,314"
"0/1","19,16","35","99","481,0,533"
"0/1","17,14","31","99","464,0,540"
"0/1","14,13","27","99","399,0,450"
"0/1","18,14","32","99","439,0,577"
"0/1","15,23","38","99","779,0,365"
"0/1","4,9","14","95","293,0,95"
"0/1","6,5","11","99","167,0,166"
"0/1","28,2","30","17","17,0,707"
"0/0","31,5","38","4","0,4,1042"
"0/0","32,5","37","7","0,7,1056"
"0/1","47,14","64","99","117,0,1260"
"0/1","3,1","4","28","28,0,65"
"0/1","8,3","11","92","92,0,255"
"0/1","8,3","11","95","95,0,255"
"0/1","17,4","21","74","74,0,516"
"0/1","10,13","23","99","443,0,333"
"0/1","10,8","18","99","152,0,129"
"0/1","23,12","35","99","301,0,678"
"0/1","18,18","37","99","451,0,415"
"0/1","5,6","11","99","214,0,176"
"0/1","9,6","15","99","205,0,315"
"0/1","13,10","23","99","334,0,461"
"0/1","8,8","16","99","278,0,203"
"0/1","7,12","19","99","414,0,216"
"0/1","8,10","18","99","256,0,248"
"0/1","11,10","21","99","346,0,350"
"0/1","14,10","24","99","337,0,470"
"0/1","12,8","20","99","262,0,393"
"0/1","9,11","20","99","373,0,297"
"0/1","14,9","23","99","303,0,455"
"0/1","8,7","15","99","196,0,272"
"0/0","21,0","21","57","0,57,775"
"0/1","21,17","38","99","535,0,742"
"0/1","15,21","36","99","655,0,499"
"0/0","11,0","11","30","0,30,369"
"0/0","11,0","11","30","0,30,372"
"0/0","12,0","12","33","0,33,403"
"0/1","6,11","17","99","327,0,200"
"0/1","6,5","11","99","171,0,214"
"0/1","6,22","28","99","722,0,164"
"0/1","7,5","12","99","132,0,256"
"0/1","14,15","29","99","519,0,472"
"0/0","20,0","20","60","0,60,788"
"0/1","14,15","29","99","435,0,492"
"0/1","17,16","33","99","425,0,588"
"0/1","15,17","32","99","568,0,457"
"0/1","8,5","13","99","172,0,216"
"0/1","8,8","16","99","224,0,250"
"0/1","9,9","18","99","312,0,305"
"0/1","9,12","21","99","427,0,267"
"0/0","21,0","21","63","0,63,843"
"0/1","12,17","29","99","489,0,381"
"0/1","19,16","35","99","540,0,613"
"0/1","11,14","25","99","473,0,369"
"0/1","11,9","20","99","255,0,352"
"0/1","13,12","25","99","408,0,420"
"0/1","16,11","27","99","337,0,397"
"0/1","18,16","34","99","487,0,592"
"0/1","22,6","28","99","159,0,533"
"0/0","36,1","37","61","0,61,993"
"0/1","19,11","31","99","331,0,645"
"0/1","18,10","28","99","279,0,622"
"0/1","16,15","31","99","439,0,570"
"0/1","14,11","25","99","325,0,494"
"0/1","11,7","18","99","214,0,385"
"0/0","15,0","15","33","0,33,398"
"0/1","8,1","9","27","27,0,125"
"0/1","6,15","21","99","499,0,185"
"0/1","17,13","30","99","389,0,609"
"0/1","12,5","17","99","121,0,412"
"0/1","11,5","16","99","157,0,361"
"0/1","7,8","15","99","277,0,239"
"0/1","21,13","34","99","380,0,733"
"0/1","13,11","24","99","339,0,426"
"0/1","11,8","19","99","258,0,390"
"0/1","14,12","26","99","407,0,490"
"0/1","12,12","24","99","375,0,403"
"0/1","20,7","27","99","192,0,664"
"0/1","9,14","23","99","429,0,304"
"0/1","10,13","23","99","386,0,336"
"0/1","8,8","16","99","279,0,275"
"0/1","9,11","20","99","336,0,305"
"0/1","10,20","31","99","631,0,314"
"0/1","10,21","31","99","671,0,265"
"0/1","11,10","21","99","326,0,384"
"0/1","10,15","25","99","541,0,295"
"0/1","9,14","23","13","281,0,13"
"0/1","17,14","31","99","453,0,546"
"0/1","10,11","21","99","347,0,344"
"0/1","13,16","29","99","515,0,376"
"0/1","13,11","24","99","296,0,429"
"0/1","12,13","25","99","384,0,402"
"0/0","7,0","7","21","0,21,267"
"0/1","2,4","6","61","132,0,61"
"0/0","37,0","37","93","0,93,1229"
"0/1","12,7","19","99","228,0,359"
"0/1","5,7","12","99","239,0,164"
"0/0","28,0","28","69","0,69,922"
"0/0","26,0","26","72","0,72,928"
"0/1","11,7","18","99","186,0,165"
"0/1","11,6","17","99","159,0,402"
"0/1","11,4","15","99","122,0,401"
"0/1","20,13","33","99","422,0,679"
"0/1","11,12","23","99","392,0,350"
"0/1","16,10","26","99","325,0,493"
"0/1","14,14","28","99","353,0,432"
"0/1","9,13","22","99","411,0,298"
"0/1","11,15","26","99","485,0,372"
"0/0","23,0","23","66","0,66,874"
"0/1","19,11","30","99","242,0,602"
"0/1","11,14","25","99","404,0,329"
"0/1","12,16","28","99","549,0,402"
"0/0","30,0","30","87","0,87,1137"
"0/1","19,20","39","99","689,0,630"
"0/1","12,4","17","99","112,0,402"
"0/1","7,11","18","99","378,0,229"
"0/1","13,5","18","99","111,0,457"
"0/1","10,7","17","99","221,0,351"
"0/1","11,14","25","99","359,0,357"
"0/1","14,12","26","99","384,0,461"
"0/1","15,18","33","99","613,0,431"
"0/1","10,12","22","99","402,0,216"
"0/1","11,14","25","99","409,0,364"
"0/1","14,15","29","99","520,0,409"
"0/1","20,20","40","99","683,0,569"
"0/1","25,17","42","99","540,0,838"
"0/1","15,22","37","99","758,0,461"
"0/1","12,12","24","99","294,0,307"
"0/0","28,0","28","66","0,66,726"
"0/1","12,15","27","99","238,0,232"
"0/1","16,10","26","99","220,0,176"
"0/1","16,20","36","99","666,0,408"
"0/1","16,19","35","99","587,0,321"
"0/1","22,19","41","99","602,0,682"
"0/1","19,18","37","99","485,0,562"
"0/1","17,15","32","99","440,0,568"
"0/1","10,9","19","99","239,0,316"
"0/1","11,13","24","99","454,0,347"
"0/1","24,15","39","99","488,0,785"
"0/1","23,12","35","99","380,0,802"
"0/1","11,10","21","99","343,0,384"
"0/1","12,13","25","99","450,0,370"
"0/1","18,14","32","99","417,0,629"
"0/1","15,21","36","99","623,0,424"
"0/1","14,20","34","99","618,0,456"
"0/1","12,11","23","99","355,0,368"
"0/1","11,13","24","99","405,0,333"
"0/1","11,8","19","99","273,0,360"
"0/1","14,7","21","99","127,0,289"
"0/1","14,9","23","99","288,0,458"
"0/1","11,13","24","99","454,0,367"
"0/1","12,8","20","99","254,0,424"
"1/1","1,22","23","21","612,21,0"
"0/1","45,15","60","99","356,0,1059"
"0/1","6,8","14","99","247,0,205"
"0/1","14,9","23","99","300,0,459"
"0/1","16,19","36","99","556,0,434"
"0/1","25,18","43","99","552,0,853"
"1/1","1,21","22","26","822,26,0"
"0/0","22,2","24","24","0,24,862"
"0/0","22,2","24","25","0,25,852"
"0/0","23,2","25","27","0,27,900"
"0/0","23,2","25","27","0,27,897"
"0/0","22,2","24","24","0,24,844"
"0/0","15,2","17","17","0,17,585"
"0/0","17,1","18","51","0,51,695"
"0/0","17,1","18","14","0,14,647"
"0/0","18,1","19","20","0,20,690"
"0/0","23,1","24","40","0,40,816"
"0/0","24,0","25","69","0,69,895"
"1/1","0,26","26","72","943,72,0"
"0/1","33,10","43","99","279,0,1167"
"0/1","38,10","48","99","188,0,1331"
"0/1","29,6","35","99","144,0,981"
"0/1","15,12","27","99","387,0,473"
"0/1","32,7","39","99","114,0,956"
"0/1","19,3","22","66","66,0,549"
"0/1","12,8","20","99","227,0,395"
"0/1","19,8","28","99","167,0,402"
"0/1","15,11","26","99","321,0,402"
"0/1","20,20","42","99","614,0,556"
"0/1","45,15","60","99","319,0,1518"
"0/1","47,20","67","99","459,0,1529"
"0/1","12,19","31","99","611,0,357"
"0/1","18,19","37","99","614,0,486"
"0/1","16,20","36","99","617,0,453"
"0/0","11,1","12","14","0,14,406"
"0/0","10,1","11","11","0,11,381"
"0/1","8,16","24","99","514,0,214"
"0/1","12,12","24","99","426,0,315"
"0/1","7,20","27","99","599,0,190"
"0/1","10,10","20","99","343,0,339"
"0/1","19,19","38","99","556,0,569"
"0/1","21,18","39","99","559,0,567"
"0/1","23,18","41","99","510,0,761"
"0/1","10,9","19","99","310,0,344"
"0/1","9,11","20","99","350,0,310"
"0/1","3,16","19","69","541,0,69"
"1/1","2,41","43","47","1435,47,0"
"0/1","10,18","28","99","579,0,302"
"0/1","8,6","14","99","205,0,285"
"0/1","12,15","27","99","520,0,398"
"0/1","7,15","22","99","545,0,223"
"1/1","0,28","28","78","1061,78,0"
"0/0","53,1","54","42","0,42,896"
"0/1","40,14","54","99","376,0,430"
"0/0","25,0","25","30","0,30,393"
"0/1","14,17","31","99","481,0,440"
"0/1","3,21","24","45","717,0,45"
"0/1","13,16","29","99","525,0,332"
"0/1","18,15","33","99","461,0,562"
"0/1","18,20","38","99","587,0,577"
"0/1","16,18","34","99","608,0,527"
"0/1","14,8","22","99","180,0,462"
"0/2","43,11,59","113","99","682,415,1435,0,687,969"
"0/1","41,13","54","99","377,0,928"
"0/1","17,16","33","99","484,0,541"
"0/1","11,16","27","99","511,0,357"
"0/1","20,18","38","99","583,0,499"
"0/1","13,22","35","99","703,0,304"
"0/1","11,15","26","99","535,0,365"
"0/1","4,37","41","34","1167,0,34"
"0/1","17,12","29","99","397,0,609"
"0/1","9,10","19","99","265,0,315"
"0/1","7,8","15","99","279,0,239"
"0/1","25,6","31","99","124,0,815"
"0/1","23,10","33","99","297,0,776"
"0/1","21,13","34","99","409,0,719"
"0/1","32,15","47","99","480,0,839"
"0/1","11,20","31","99","638,0,301"
"0/1","11,21","32","99","549,0,311"
"0/0","19,0","19","51","0,51,662"
"1/1","0,23","23","63","830,63,0"
"1/1","0,29","30","75","928,75,0"
"0/1","8,4","12","90","90,0,187"
"0/1","11,7","18","99","185,0,312"
"0/0","18,0","18","51","0,51,677"
"0/1","19,8","27","99","141,0,472"
"0/1","13,12","25","99","349,0,183"
"1/1","1,6","7","15","196,15,0"
"1/1","3,15","18","42","561,42,0"
"0/1","11,10","21","99","313,0,232"
"0/1","1,9","10","10","283,0,10"
"1/1","1,25","27","40","922,40,0"
"1/1","2,29","31","9","1026,9,0"
"1/1","0,13","13","33","431,33,0"
"0/1","13,10","23","99","343,0,288"
"0/1","18,25","43","99","793,0,544"
"0/1","12,14","26","99","437,0,351"
"0/1","10,23","33","99","752,0,259"
"0/1","14,14","28","99","421,0,482"
"0/1","12,16","28","99","568,0,400"
"0/1","20,14","34","99","382,0,682"
"0/1","20,9","29","99","280,0,611"
"1/1","3,24","27","69","933,69,0"
"0/1","13,15","28","99","423,0,452"
"0/1","21,15","36","99","440,0,726"
"0/1","8,8","16","99","284,0,203"
"0/1","10,4","14","99","109,0,311"
"0/1","10,5","15","99","150,0,355"
"1/1","0,20","20","60","799,60,0"
"1/1","0,21","21","63","828,63,0"
"0/1","16,6","22","99","179,0,287"
"0/1","12,11","23","99","294,0,205"
"0/0","14,4","18","0","0,0,485"
"0/1","7,7","14","90","90,0,157"
"0/1","15,9","24","99","290,0,488"
"0/1","11,13","24","99","443,0,333"
"0/1","9,11","20","99","300,0,101"
"0/1","14,14","28","99","443,0,474"
"1/1","2,33","35","31","1242,31,0"
"0/1","14,19","33","99","647,0,463"
"0/1","19,11","30","99","342,0,666"
"0/1","12,16","29","99","547,0,401"
"0/1","19,14","33","99","351,0,668"
"0/0","12,1","13","21","0,21,250"
"0/1","12,18","30","99","575,0,376"
"0/0","5,0","5","9","0,9,104"
"0/1","2,11","13","41","362,0,41"
"0/1","9,9","18","99","282,0,281"
"1/1","0,14","14","42","581,42,0"
"1/1","0,14","14","42","572,42,0"
"0/1","17,14","31","99","482,0,110"
"0/1","22,10","32","99","296,0,560"
"1/1","0,13","13","30","365,30,0"
"0/1","16,6","22","99","177,0,479"
"1/1","1,18","19","20","554,20,0"
"0/1","13,9","22","99","209,0,427"
"0/1","8,4","12","99","120,0,249"
"0/1","20,22","42","99","657,0,567"
"1/1","0,26","26","66","844,66,0"
"0/1","11,14","25","99","452,0,301"
"1/1","0,25","25","72","978,72,0"
"0/1","18,16","34","99","507,0,605"
"0/1","16,18","34","99","510,0,413"
"0/1","22,15","37","99","499,0,659"
"0/1","15,15","30","99","482,0,481"
"0/1","7,4","11","96","96,0,255"
"0/1","14,15","29","99","414,0,412"
"0/1","6,9","15","99","279,0,203"
"0/1","9,10","19","99","310,0,318"
"0/1","14,15","29","99","486,0,414"
"0/1","18,12","30","99","359,0,628"
"1/1","3,35","38","13","1272,13,0"
"0/1","17,21","38","99","708,0,538"
"0/0","30,0","30","87","0,87,1173"
"1/1","0,36","36","99","1312,99,0"
"0/1","14,19","33","99","633,0,348"
"0/1","29,17","46","99","550,0,884"
"0/1","14,12","26","99","415,0,427"
"0/1","10,8","18","99","270,0,352"
"0/1","13,10","23","99","325,0,437"
"0/1","24,11","35","99","309,0,834"
"0/0","14,0","14","42","0,42,557"
"0/0","16,0","16","48","0,48,638"
"0/0","17,0","17","48","0,48,628"
"0/0","20,0","20","60","0,60,790"
"0/1","11,6","17","99","189,0,353"
"0/1","16,18","34","99","624,0,542"
"0/1","22,19","41","99","507,0,771"
"0/1","23,12","35","99","365,0,760"
"0/1","27,15","43","99","427,0,849"
"0/1","13,18","31","99","538,0,440"
"0/1","12,11","23","99","341,0,430"
"0/1","14,19","33","99","548,0,451"
"0/0","24,0","24","66","0,66,911"
"0/1","9,5","14","99","161,0,311"
"0/1","16,11","27","99","293,0,516"
"0/1","18,13","31","99","385,0,602"
"0/1","16,22","38","99","646,0,366"
"0/1","11,6","17","99","185,0,375"
"0/1","22,16","38","99","463,0,704"
"0/1","16,16","32","99","457,0,454"
"0/1","3,9","12","83","324,0,83"
"0/1","11,7","18","99","211,0,354"
"0/1","13,13","26","99","440,0,443"
"0/1","9,10","19","99","348,0,271"
"0/1","19,24","43","99","751,0,568"
"0/1","14,9","23","99","277,0,468"
"0/1","19,13","32","99","418,0,579"
"0/1","20,14","34","99","456,0,656"
"0/1","10,18","28","99","595,0,302"
"0/1","15,11","26","99","371,0,498"
"0/1","15,10","25","99","301,0,514"
"0/1","9,15","24","99","439,0,248"
"0/1","17,11","29","99","283,0,296"
"0/0","39,0","39","99","0,111,1469"
"0/0","21,1","22","60","0,60,804"
"0/1","17,16","33","99","512,0,527"
"0/1","11,9","20","99","306,0,356"
"0/1","11,9","20","99","310,0,349"
"0/1","10,7","17","99","218,0,280"
"0/1","14,10","24","99","285,0,454"
"0/1","4,9","13","99","250,0,121"
"0/1","10,20","30","99","671,0,299"
"0/1","22,16","45","99","382,0,539"
"0/0","15,0","15","42","0,42,519"
"0/1","11,8","19","99","256,0,325"
"0/1","22,16","38","99","402,0,685"
"0/1","11,12","23","99","359,0,332"
"0/1","13,16","29","99","520,0,264"
"0/1","15,9","24","99","294,0,518"
"0/1","11,11","22","99","301,0,341"
"0/1","13,9","22","99","247,0,451"
"0/1","7,9","16","99","287,0,241"
"1/1","4,22","26","54","729,54,0"
"0/1","11,9","20","99","299,0,371"
"0/1","15,13","28","99","442,0,459"
"0/1","18,24","42","99","833,0,535"
"0/1","14,15","30","99","485,0,447"
"0/1","13,15","28","99","413,0,365"
"0/1","13,24","37","99","810,0,383"
"0/1","18,13","31","99","387,0,582"
"0/1","14,15","29","99","481,0,420"
"0/1","15,15","30","99","485,0,448"
"0/1","13,12","25","99","414,0,432"
"0/1","10,18","28","99","612,0,316"
"0/1","12,7","19","99","228,0,392"
"0/1","24,10","34","99","297,0,860"
"0/1","11,13","24","99","425,0,381"
"0/1","15,12","27","99","358,0,528"
"0/1","11,14","25","99","461,0,331"
"0/1","15,5","20","99","143,0,502"
"0/1","15,8","23","99","241,0,480"
"0/1","15,8","23","99","251,0,532"
"0/1","16,17","33","99","543,0,545"
"0/1","14,20","34","99","706,0,462"
"0/1","9,7","16","99","207,0,310"
"0/1","9,17","26","99","544,0,219"
"0/1","8,10","18","99","317,0,227"
"0/1","7,7","15","99","241,0,238"
"0/1","21,13","34","99","322,0,711"
"0/1","8,18","26","99","520,0,199"
"0/1","8,21","29","99","700,0,233"
"0/1","13,18","31","99","589,0,437"
"0/1","12,14","26","99","464,0,406"
"0/1","11,15","26","99","532,0,371"
"0/1","18,10","28","99","325,0,598"
"0/1","10,13","23","99","460,0,329"
"0/1","14,17","31","99","535,0,476"
"0/1","13,14","27","99","494,0,385"
"0/1","4,7","11","92","257,0,92"
"0/1","3,6","9","93","200,0,93"
"0/1","4,10","14","99","349,0,121"
"0/1","13,12","25","99","417,0,411"
"0/1","12,13","25","99","448,0,377"
"0/1","11,12","23","99","424,0,346"
"0/1","15,14","29","99","482,0,475"
"0/1","9,9","18","99","254,0,305"
"0/1","11,17","28","99","577,0,368"
"0/1","6,19","25","99","662,0,175"
"0/1","15,8","23","99","231,0,407"
"0/1","9,6","15","99","200,0,312"
"0/1","8,5","13","99","166,0,284"
"0/1","8,8","16","99","273,0,276"
"0/1","18,9","27","99","283,0,584"
"0/1","10,16","26","99","330,0,303"
"0/1","13,13","26","99","445,0,453"
"0/1","6,12","18","99","435,0,190"
"0/1","6,11","17","99","347,0,157"
"0/1","16,17","33","99","432,0,499"
"0/1","29,14","43","99","414,0,950"
"0/0","28,0","28","72","0,72,982"
"0/1","9,16","26","99","543,0,218"
"0/1","11,13","24","99","446,0,303"
"0/1","7,10","17","99","359,0,197"
"0/1","9,13","22","99","458,0,283"
"0/1","13,20","33","99","636,0,369"
"0/1","19,11","30","99","336,0,641"
"0/1","17,8","25","99","250,0,534"
"0/1","22,20","42","99","633,0,632"
"0/1","8,20","28","99","672,0,246"
"0/0","32,0","32","96","0,96,1304"
"0/0","33,0","33","96","0,96,1302"
"0/0","26,0","26","75","0,75,1008"
"0/1","11,19","31","99","591,0,334"
"0/1","8,18","26","99","615,0,179"
"0/1","14,19","33","99","583,0,447"
"0/1","5,10","15","99","347,0,157"
"0/1","9,7","16","99","247,0,241"
"0/1","8,7","15","99","242,0,284"
"0/1","15,8","23","99","249,0,540"
"0/1","18,15","33","99","477,0,628"
"0/1","9,12","21","99","426,0,301"
"0/1","15,12","27","99","401,0,488"
"0/1","10,16","26","99","490,0,325"
"0/1","10,6","16","99","196,0,352"
"0/1","8,10","18","99","301,0,276"
"0/1","10,11","21","99","379,0,332"
"0/1","5,11","16","99","380,0,155"
"0/1","9,7","16","99","194,0,320"
"0/0","15,0","16","39","0,39,494"
"0/1","15,17","32","99","502,0,493"
"0/1","13,20","33","99","590,0,418"
"0/1","10,27","37","99","876,0,292"
"0/1","9,4","13","31","55,0,31"
"0/1","23,15","38","99","496,0,757"
"0/1","13,8","22","99","267,0,393"
"0/1","5,9","14","99","332,0,153"
"0/1","6,8","14","99","281,0,197"
"0/1","6,10","16","99","358,0,194"
"0/1","7,9","16","99","321,0,164"
"0/1","12,22","34","99","646,0,367"
"0/1","37,7","45","93","93,0,985"
"0/1","9,14","23","99","498,0,293"
"0/1","15,12","27","99","362,0,388"
"0/1","16,15","31","99","436,0,526"
"0/1","14,10","24","99","319,0,475"
"0/1","45,15","60","99","284,0,1242"
"0/1","22,18","40","99","564,0,711"
"0/1","13,18","31","99","588,0,420"
"0/1","10,19","29","99","585,0,252"
"0/1","11,15","26","99","516,0,322"
"0/1","10,14","24","99","439,0,323"
"0/1","16,25","41","99","800,0,427"
"0/1","11,10","21","99","339,0,380"
"0/1","12,9","21","99","304,0,389"
"0/1","19,20","43","99","573,0,538"
"0/0","27,0","27","75","0,75,994"
"0/1","19,15","34","99","487,0,613"
"0/1","11,3","14","80","80,0,392"
"0/1","10,6","16","99","193,0,346"
"0/1","6,9","15","99","288,0,189"
"0/1","16,10","26","99","326,0,575"
"0/1","20,17","37","99","525,0,618"
"0/1","19,15","34","99","502,0,659"
"0/1","28,13","41","99","393,0,855"
"0/1","22,22","44","99","742,0,658"
"0/1","17,23","40","99","693,0,443"
"0/1","4,16","20","99","517,0,111"
"0/0","16,0","16","45","0,45,600"
"0/0","16,0","16","42","0,42,563"
"0/0","16,0","16","45","0,45,598"
"0/0","28,0","28","81","0,81,1077"
"0/0","28,0","28","81","0,81,1074"
"0/1","33,5","38","28","28,0,1010"
"0/1","21,19","40","99","651,0,679"
"0/1","22,21","43","99","689,0,698"
"0/1","20,19","39","99","614,0,676"
"0/1","13,24","37","99","846,0,413"
"0/1","8,4","12","99","126,0,288"
"0/1","23,7","30","99","169,0,797"
"0/1","17,5","22","99","122,0,583"
"0/1","5,1","6","19","19,0,181"
"0/0","7,0","7","21","0,21,264"
"0/1","178,72","250","99","1925,0,5817"
"0/1","21,19","40","99","574,0,710"
"0/1","10,32","42","96","954,0,96"
"0/1","16,14","30","99","492,0,480"
"0/1","3,25","29","78","267,0,78"
"0/1","10,13","23","99","427,0,334"
"0/1","19,16","35","99","495,0,642"
"0/0","22,0","22","66","0,66,872"
"0/1","18,17","35","99","520,0,541"
"0/1","18,10","28","99","283,0,604"
"0/1","18,23","41","99","774,0,567"
"0/1","16,12","28","99","323,0,508"
"0/1","18,18","36","99","575,0,533"
"0/1","13,17","30","99","601,0,424"
"0/1","14,15","29","99","519,0,435"
"0/1","15,7","22","99","193,0,509"
"0/1","10,12","22","99","423,0,346"
"0/1","10,26","36","99","767,0,312"
"0/1","10,23","33","99","835,0,303"
"0/1","23,7","30","99","193,0,779"
"0/1","20,17","37","99","484,0,601"
"0/1","15,16","31","99","470,0,513"
"0/1","23,17","40","99","550,0,653"
"0/0","40,1","41","74","0,74,1436"
"0/1","19,16","35","99","566,0,484"
"0/1","15,5","20","99","106,0,517"
"0/1","20,15","35","99","434,0,662"
"0/1","14,16","30","99","546,0,443"
"0/1","21,15","36","99","439,0,655"
"0/1","8,17","25","99","587,0,245"
"0/1","10,10","20","99","310,0,340"
"0/1","10,15","25","99","498,0,318"
"0/1","14,16","30","99","485,0,419"
"0/1","9,18","27","99","599,0,288"
"0/1","7,7","14","99","245,0,232"
"0/1","12,12","24","99","398,0,331"
"0/1","2,15","17","22","125,0,22"
"0/1","16,15","31","99","500,0,543"
"0/1","26,12","38","99","384,0,854"
"0/1","13,10","23","99","331,0,411"
"0/1","10,19","29","99","649,0,236"
"0/1","14,11","26","99","330,0,450"
"0/1","8,9","17","99","278,0,269"
"0/1","6,10","16","99","355,0,185"
"0/1","7,7","14","99","238,0,245"
"0/1","11,8","19","99","262,0,395"
"0/1","6,11","17","99","393,0,191"
"0/1","19,20","39","99","616,0,650"
"0/1","12,6","18","99","196,0,396"
"0/1","8,7","15","99","206,0,254"
"0/1","9,12","21","99","418,0,291"
"0/1","11,10","21","99","325,0,349"
"0/1","10,4","14","99","116,0,320"
"0/1","10,6","16","99","160,0,321"
"0/1","19,19","38","99","647,0,580"
"0/1","9,3","12","89","89,0,328"
"0/1","10,9","19","99","318,0,318"
"0/0","32,0","32","90","0,90,1154"
"0/1","21,17","38","99","558,0,690"
"0/1","11,7","18","99","192,0,362"
"0/0","35,0","35","96","0,96,1248"
"0/1","16,15","31","99","436,0,504"
"0/0","28,0","28","84","0,84,1093"
"0/0","25,0","25","66","0,66,870"
"0/0","30,0","30","81","0,81,1070"
"0/0","31,0","31","84","0,84,1103"
"0/1","22,11","33","99","293,0,701"
"0/1","12,19","31","99","512,0,270"
"0/1","18,16","34","99","496,0,544"
"0/0","32,1","33","87","0,87,1137"
"0/1","16,18","34","99","562,0,486"
"0/1","16,12","28","99","386,0,538"
"0/1","14,19","33","99","586,0,431"
"0/1","14,17","31","99","499,0,418"
"0/1","14,16","30","99","504,0,427"
"0/1","12,16","28","99","509,0,352"
"0/1","14,8","22","99","223,0,441"
"0/1","10,12","22","99","402,0,325"
"0/1","16,11","27","99","351,0,487"
"0/1","14,16","30","99","475,0,421"
"0/1","8,12","20","99","326,0,228"
"0/1","11,9","20","99","215,0,281"
"0/1","10,18","28","99","488,0,260"
"0/1","18,23","41","99","661,0,521"
"0/1","7,15","22","99","452,0,170"
"0/1","17,16","34","99","385,0,485"
"0/1","15,19","34","99","586,0,460"
"0/1","13,17","30","99","557,0,383"
"0/1","13,11","24","99","347,0,439"
"0/1","11,15","26","99","324,0,311"
"0/1","13,13","27","99","357,0,328"
"0/1","13,19","33","99","531,0,353"
"0/1","15,18","33","99","501,0,444"
"0/1","13,18","31","99","575,0,308"
"0/1","16,13","29","99","400,0,486"
"0/0","35,0","35","96","0,96,1198"
"0/0","37,0","37","99","0,99,1242"
"0/0","38,0","38","99","0,99,1294"
"1/1","0,37","37","96","1237,96,0"
"0/0","33,0","33","93","0,93,1147"
"0/0","32,0","32","90","0,90,1129"
"0/0","28,1","29","54","0,54,1048"
"0/0","29,0","29","84","0,84,1106"
"0/0","29,0","29","84","0,84,1102"
"0/0","32,0","32","90","0,90,1181"
"0/1","18,11","29","99","287,0,559"
"0/0","21,1","22","60","0,60,800"
"0/1","15,8","24","99","242,0,470"
"0/1","11,18","29","99","524,0,325"
"0/1","14,20","34","99","605,0,452"
"0/1","14,13","27","99","446,0,437"
"0/1","12,16","28","99","531,0,369"
"0/1","20,17","37","99","527,0,651"
"0/1","13,12","25","99","402,0,444"
"0/1","13,17","30","99","583,0,388"
"0/1","5,7","12","99","215,0,169"
"0/1","22,10","32","99","299,0,746"
"0/1","8,9","17","99","307,0,230"
"0/1","15,22","37","99","749,0,456"
"0/1","15,23","38","99","824,0,494"
"0/1","9,12","21","99","418,0,304"
"0/1","9,5","14","99","161,0,282"
"0/1","9,12","21","99","382,0,292"
"0/1","7,8","15","99","277,0,241"
"0/1","17,16","33","99","506,0,511"
"0/1","16,14","30","99","474,0,508"
"0/1","16,14","30","99","441,0,426"
"0/1","12,12","24","99","394,0,417"
"0/1","11,21","32","99","694,0,354"
"0/1","17,14","31","99","440,0,549"
"1/1","0,15","15","42","559,42,0"
"0/1","3,10","13","81","361,0,81"
"0/1","6,12","18","99","386,0,192"
"0/1","5,12","17","99","404,0,157"
"0/1","19,13","32","99","402,0,646"
"0/1","12,13","25","99","454,0,394"
"0/1","6,14","20","99","458,0,166"
"0/1","12,10","22","99","341,0,408"
"0/1","11,11","22","99","350,0,383"
"0/1","14,13","27","99","388,0,472"
"0/1","18,16","34","99","496,0,634"
"0/1","9,17","26","99","581,0,264"
"0/1","12,15","27","99","483,0,368"
"0/1","12,18","30","99","593,0,389"
"0/1","10,15","25","99","514,0,331"
"0/1","10,14","24","99","504,0,328"
"0/1","6,12","18","99","368,0,154"
"0/1","10,18","28","99","619,0,270"
"0/1","10,12","22","99","386,0,332"
"0/1","6,13","19","99","469,0,187"
"0/1","11,15","26","99","530,0,365"
"0/1","13,10","23","99","338,0,421"
"0/1","11,12","23","99","384,0,381"
"0/1","13,14","27","99","480,0,400"
"0/1","16,14","30","99","468,0,512"
"0/1","13,21","34","99","660,0,420"
"0/1","13,10","23","99","295,0,423"
"0/1","22,14","36","99","439,0,740"
"0/1","22,14","36","99","423,0,736"
"0/1","19,19","38","99","519,0,630"
"0/1","12,10","22","99","331,0,390"
"0/1","16,9","25","99","295,0,503"
"0/1","11,14","25","99","452,0,375"
"0/1","15,11","26","99","330,0,541"
"0/1","8,6","14","99","207,0,283"
"0/0","13,0","13","39","0,39,520"
"0/1","9,15","24","99","458,0,267"
"0/1","11,10","21","99","304,0,386"
"0/1","6,4","10","99","99,0,213"
"0/1","10,10","20","99","342,0,295"
"0/1","9,7","16","99","241,0,313"
"0/1","13,15","28","99","482,0,411"
"0/1","11,16","27","99","498,0,357"
"0/1","13,11","24","99","375,0,455"
"0/1","12,10","22","99","299,0,390"
"0/1","13,14","27","99","462,0,378"
"0/1","13,10","23","99","338,0,427"
"0/1","17,8","25","99","255,0,580"
"0/1","11,13","24","99","430,0,380"
"1/1","0,26","26","75","1015,75,0"
"0/1","19,12","31","99","367,0,678"
"0/1","11,4","15","99","115,0,393"
"0/1","15,9","24","99","266,0,472"
"0/1","8,14","22","99","433,0,272"
"0/1","13,6","19","99","180,0,482"
"0/1","8,11","19","99","353,0,272"
"1/1","1,10","11","27","350,27,0"
"0/1","14,7","22","74","74,0,139"
"0/1","14,15","29","99","478,0,456"
"0/1","12,12","24","99","368,0,376"
"0/0","35,0","35","81","0,81,1047"
"0/1","15,13","28","99","444,0,476"
"0/1","24,19","43","99","630,0,762"
"0/1","8,10","18","99","295,0,276"
"0/1","14,9","23","99","285,0,474"
"0/1","9,11","20","99","371,0,302"
"0/0","33,1","38","57","0,57,1230"
"0/1","3,13","16","77","437,0,77"
"0/1","6,11","17","99","325,0,202"
"0/1","22,17","39","99","567,0,687"
"0/0","26,0","26","75","0,75,995"
"0/1","13,13","26","99","446,0,388"
"0/1","11,11","22","99","391,0,329"
"0/1","12,6","18","99","186,0,429"
"0/1","15,13","28","99","434,0,516"
"0/1","15,9","24","99","220,0,488"
"0/1","16,23","39","99","581,0,472"
"0/1","11,22","33","99","686,0,315"
"0/1","15,21","36","99","693,0,449"
"0/1","12,13","25","99","417,0,366"
"0/1","11,12","23","99","408,0,372"
"0/1","21,19","41","99","570,0,692"
"0/1","20,21","41","99","652,0,652"
"0/1","10,16","27","99","469,0,315"
"0/1","9,16","25","99","531,0,210"
"0/1","12,18","30","99","616,0,399"
"0/1","12,24","36","99","737,0,390"
"0/1","18,23","41","99","816,0,607"
"0/1","15,14","29","99","459,0,502"
"0/1","13,16","29","99","520,0,433"
"0/1","16,16","34","99","554,0,462"
"0/1","12,20","32","99","623,0,362"
"0/1","23,23","46","99","681,0,681"
"0/1","23,21","44","99","617,0,691"
"0/1","18,20","38","99","692,0,597"
"0/1","19,21","40","99","728,0,611"
"0/1","19,19","38","99","653,0,579"
"0/1","8,11","19","99","351,0,256"
"0/1","8,8","16","99","268,0,228"
"0/1","6,13","19","99","395,0,184"
"0/1","18,17","35","99","528,0,629"
"0/1","12,20","32","99","677,0,362"
"0/1","17,20","37","99","596,0,426"
"0/1","13,4","17","78","78,0,247"
"0/0","31,0","31","84","0,84,1061"
"0/1","8,12","20","99","412,0,254"
"0/1","22,16","38","99","507,0,713"
"0/1","17,19","36","99","594,0,505"
"0/1","8,5","13","99","130,0,194"
"0/1","10,15","25","99","462,0,236"
"0/1","14,13","27","99","396,0,428"
"0/0","27,0","27","81","0,81,1100"
"0/1","13,21","34","99","683,0,412"
"1/1","0,25","25","66","887,66,0"
"0/1","12,14","26","99","410,0,374"
"0/1","11,13","24","99","459,0,384"
"0/1","13,9","22","99","285,0,443"
"0/1","4,9","13","99","243,0,126"
"0/1","10,8","18","99","248,0,316"
"0/1","17,12","29","99","406,0,552"
"0/1","11,10","21","99","343,0,386"
"0/1","10,5","15","99","163,0,294"
"0/1","11,10","21","99","342,0,342"
"0/1","16,9","25","99","294,0,460"
"0/1","11,11","22","99","377,0,344"
"0/1","8,11","19","99","390,0,262"
"0/1","7,10","17","99","346,0,231"
"0/1","13,15","28","99","478,0,406"
"0/1","10,7","17","99","232,0,356"
"0/1","14,14","28","99","432,0,353"
"0/1","22,17","39","99","566,0,712"
"0/1","22,17","39","99","550,0,706"
"0/1","8,22","30","99","665,0,212"
"0/1","14,6","20","99","190,0,467"
"0/1","10,19","29","99","511,0,271"
"0/1","16,19","35","99","615,0,544"
"0/1","4,28","33","34","874,0,34"
"0/1","22,19","42","99","528,0,705"
"0/1","12,9","21","99","279,0,245"
"0/1","21,17","38","99","488,0,724"
"0/1","18,15","33","99","450,0,597"
"0/1","10,11","21","99","344,0,349"
"0/1","15,19","36","99","570,0,487"
"0/1","12,15","27","99","528,0,398"
"0/1","11,17","28","99","530,0,337"
"0/1","19,22","41","99","750,0,612"
"0/1","10,16","26","99","523,0,326"
"0/1","20,13","33","99","400,0,710"
"0/1","14,9","23","99","258,0,497"
"0/1","17,19","36","99","558,0,556"
"0/1","15,21","36","99","751,0,426"
"0/1","13,16","29","99","439,0,350"
"0/1","23,16","39","99","490,0,789"
"0/1","14,12","26","99","403,0,448"
"0/1","19,17","36","99","435,0,592"
"0/1","18,13","31","99","391,0,624"
"0/1","19,19","38","99","651,0,606"
"0/1","9,11","20","99","382,0,295"
"0/1","24,19","43","99","609,0,673"
"0/1","18,15","33","99","419,0,635"
"0/1","17,20","37","99","583,0,513"
"0/1","16,4","20","99","103,0,593"
"0/1","21,14","35","99","422,0,739"
"0/1","20,13","33","99","406,0,660"
"1/1","0,21","21","54","703,54,0"
"1/1","0,20","21","51","681,51,0"
"0/1","14,10","24","99","280,0,474"
"0/1","11,9","20","99","312,0,342"
"0/1","10,14","24","99","427,0,346"
"0/1","14,16","30","99","542,0,409"
"0/1","12,13","25","99","457,0,369"
"0/1","10,16","26","99","558,0,318"
"0/1","10,10","20","99","340,0,346"
"0/1","9,13","22","99","417,0,304"
"0/1","14,12","26","99","325,0,466"
"0/1","14,12","26","99","311,0,468"
"1/1","0,32","32","93","1237,93,0"
"0/1","13,6","19","99","182,0,477"
"0/1","21,19","40","99","595,0,676"
"0/1","29,22","51","99","671,0,1004"
"0/1","9,12","21","99","385,0,250"
"0/1","6,22","29","72","545,0,72"
"0/1","19,19","38","99","587,0,609"
"0/1","7,8","15","99","278,0,242"
"0/1","9,7","16","99","235,0,257"
"0/1","22,8","30","99","220,0,746"
"0/1","10,21","31","99","649,0,315"
"0/1","12,15","27","99","527,0,375"
"0/1","7,15","22","99","494,0,210"
"0/1","22,6","28","52","52,0,770"
"0/1","19,20","39","99","614,0,662"
"0/1","29,8","39","99","173,0,990"
"0/1","25,17","42","99","529,0,830"
"0/1","18,17","35","99","485,0,619"
"0/1","8,12","20","99","387,0,260"
"0/1","16,13","29","99","429,0,449"
"0/1","8,10","18","99","261,0,254"
"0/1","8,14","22","99","483,0,259"
"0/1","18,11","29","99","342,0,637"
"0/1","9,13","22","99","455,0,296"
"0/1","14,9","23","99","294,0,491"
"0/1","11,6","17","99","158,0,398"
"0/1","11,13","24","99","383,0,380"
"0/1","57,17","74","99","454,0,1549"
"0/1","13,13","26","99","350,0,380"
"0/1","18,17","35","99","511,0,594"
"0/1","20,16","36","99","536,0,696"
"0/1","20,7","27","93","93,0,602"
"0/1","19,6","27","55","55,0,550"
"0/1","12,22","34","99","737,0,385"
"0/0","35,4","42","25","0,25,1163"
"0/0","32,5","37","21","0,21,975"
"0/1","13,16","29","99","528,0,383"
"0/1","8,18","26","99","609,0,245"
"0/1","7,39","46","99","1216,0,114"
"0/1","14,13","27","99","392,0,439"
"0/1","12,9","21","99","309,0,381"
"0/1","11,15","26","99","453,0,354"
"0/1","12,15","27","99","492,0,369"
"0/1","15,18","33","99","600,0,503"
"0/0","5,0","6","9","0,9,124"
"0/1","12,9","21","99","295,0,420"
"0/1","11,12","23","99","411,0,302"
"0/1","13,10","23","99","343,0,419"
"0/1","15,11","26","99","357,0,495"
"0/1","12,10","22","99","280,0,360"
"0/1","9,10","19","99","341,0,306"
"0/1","13,10","23","99","335,0,417"
"0/1","10,10","20","99","344,0,303"
"0/1","6,6","12","99","211,0,211"
"0/1","12,9","21","99","284,0,384"
"0/1","8,20","28","99","679,0,181"
"0/0","28,0","28","66","0,66,860"
"0/1","19,11","30","99","280,0,481"
"0/1","17,12","29","99","360,0,602"
"0/1","19,18","37","99","550,0,651"
"0/1","12,17","29","99","558,0,376"
"0/0","22,0","22","66","0,66,864"
"0/1","11,17","28","99","559,0,361"
"0/0","18,0","18","51","0,51,702"
"0/1","9,13","22","99","421,0,272"
"0/1","8,6","14","99","195,0,283"
"0/1","8,6","14","99","193,0,278"
"0/1","8,11","19","99","359,0,224"
"0/1","18,11","29","99","368,0,592"
"0/1","16,12","28","99","387,0,534"
"0/1","21,12","33","99","369,0,639"
"0/1","20,20","41","99","649,0,589"
"0/1","6,4","10","99","99,0,130"
"0/1","7,11","19","28","105,0,28"
"0/1","9,19","28","99","215,0,231"
"0/1","18,23","41","99","802,0,561"
"0/1","13,16","29","99","539,0,377"
"0/1","28,6","34","4","4,0,738"
"0/1","9,8","17","99","278,0,311"
"0/0","24,0","24","66","0,66,882"
"0/1","16,13","29","99","353,0,500"
"0/1","19,12","31","99","350,0,624"
"0/1","19,18","37","99","516,0,607"
"0/1","14,19","33","99","653,0,371"
"0/1","13,18","31","99","591,0,399"
"0/1","18,9","27","99","140,0,506"
"0/1","21,6","28","91","91,0,568"
"0/1","8,7","15","99","127,0,204"
"0/1","11,10","21","99","338,0,372"
"0/1","11,13","24","99","415,0,370"
"0/1","12,10","22","99","338,0,418"
"0/1","8,9","17","99","316,0,274"
"0/1","18,9","27","99","247,0,573"
"0/1","12,8","20","99","257,0,417"
"0/1","9,11","20","99","367,0,247"
"0/1","11,15","26","99","523,0,290"
"0/1","8,7","15","99","209,0,253"
"0/1","11,12","23","99","377,0,384"
"0/1","12,9","21","99","291,0,425"
"0/1","11,5","16","99","163,0,324"
"0/1","12,16","28","99","507,0,366"
"0/1","7,14","21","99","477,0,193"
"0/1","8,7","15","99","238,0,238"
"0/1","8,10","18","99","333,0,267"
"0/1","9,9","18","99","313,0,317"
"0/1","17,7","24","99","211,0,569"
"0/1","9,7","16","99","229,0,317"
"0/1","11,9","20","99","214,0,370"
"0/0","10,0","10","30","0,30,405"
"0/1","11,9","20","99","269,0,385"
"0/1","8,6","14","99","163,0,281"
"0/1","16,15","31","99","482,0,327"
"0/1","19,18","37","99","584,0,615"
"0/1","12,9","21","99","315,0,308"
"0/1","9,13","22","99","442,0,293"
"0/1","13,14","27","99","421,0,443"
"0/1","21,17","38","99","573,0,661"
"0/1","17,7","25","99","198,0,279"
"0/1","17,30","47","99","1005,0,525"
"0/1","13,27","40","99","920,0,358"
"0/1","11,19","30","99","649,0,306"
"0/1","12,11","23","99","381,0,368"
"0/1","11,21","32","99","718,0,317"
"0/1","25,16","41","99","457,0,573"
"0/1","11,6","17","99","196,0,391"
"0/1","19,16","35","99","531,0,629"
"0/1","12,17","29","99","551,0,314"
"0/1","10,11","21","99","384,0,308"
"0/1","9,10","19","99","163,0,228"
"0/1","13,8","21","99","254,0,432"
"0/1","11,16","27","99","536,0,329"
"0/1","13,13","26","99","419,0,411"
"0/1","13,15","28","99","482,0,449"
"0/1","5,15","20","99","501,0,148"
"0/1","5,11","16","99","358,0,160"
"0/1","12,12","24","99","363,0,407"
"0/1","42,11","53","99","136,0,1435"
"0/0","18,0","18","48","0,48,667"
"0/1","15,6","21","99","182,0,512"
"0/1","17,10","27","99","319,0,560"
"0/1","20,21","41","99","686,0,583"
"0/1","13,20","33","99","639,0,426"
"0/1","12,9","21","99","303,0,424"
"0/1","6,29","35","53","484,0,53"
"0/1","32,5","37","4","4,0,546"
"0/1","15,12","27","99","386,0,516"
"0/1","5,13","18","78","232,0,78"
"0/1","20,24","44","99","813,0,622"
"0/1","15,14","29","99","401,0,515"
"0/0","15,0","16","21","0,21,257"
"0/0","13,3","16","18","0,18,220"
"0/1","12,18","30","99","585,0,340"
"0/1","10,17","28","99","548,0,228"
"0/1","14,20","34","99","613,0,380"
"0/1","16,7","23","99","208,0,547"
"0/1","20,10","30","99","283,0,708"
"0/1","7,3","10","78","78,0,214"
"0/1","15,16","31","99","560,0,438"
"0/1","3,12","15","75","438,0,75"
"0/1","9,17","26","99","621,0,252"
"0/1","10,10","21","99","339,0,342"
"0/1","12,10","22","99","347,0,387"
"0/1","13,15","28","99","486,0,414"
"0/1","9,6","15","99","189,0,317"
"0/0","21,0","21","63","0,63,839"
"0/1","4,8","12","99","293,0,115"
"0/1","11,7","18","99","234,0,352"
"0/1","3,6","9","99","184,0,99"
"0/1","16,10","26","99","332,0,498"
"0/1","18,19","37","99","599,0,527"
"0/1","20,14","35","99","401,0,639"
"0/1","13,14","27","99","482,0,412"
"0/1","18,15","33","99","509,0,537"
"0/1","18,14","32","99","295,0,600"
"0/1","16,10","26","99","306,0,562"
"0/1","14,11","25","99","283,0,474"
"0/1","9,10","19","99","305,0,270"
"0/1","7,18","25","99","659,0,214"
"0/1","7,8","15","99","268,0,234"
"0/1","16,11","27","99","368,0,563"
"0/1","8,7","15","99","241,0,206"
"0/1","15,4","19","96","96,0,549"
"0/1","16,17","33","99","539,0,498"
"0/1","14,17","31","99","599,0,391"
"0/1","39,16","58","99","220,0,496"
"0/1","14,14","28","99","382,0,361"
"0/0","31,0","31","93","0,93,1220"
"0/0","32,0","32","93","0,93,1217"
"1/1","0,22","22","66","876,66,0"
"0/1","12,18","30","99","579,0,345"
"0/1","19,12","31","99","334,0,515"
"0/1","16,11","27","99","357,0,443"
"0/1","25,10","35","99","253,0,811"
"0/1","8,13","21","99","365,0,206"
"0/1","8,13","21","99","373,0,208"
"0/1","20,14","34","99","346,0,621"
"0/1","11,14","25","99","487,0,319"
"0/1","17,9","27","99","263,0,353"
"0/1","40,5","45","59","59,0,1347"
"0/1","29,10","39","99","239,0,800"
"0/1","19,12","31","99","361,0,639"
"0/1","22,18","40","99","562,0,759"
"0/1","19,19","38","99","573,0,611"
"0/1","17,15","32","99","508,0,556"
"0/1","11,16","27","99","412,0,339"
"0/1","11,13,0","24","99","442,0,366,475,405,880"
"0/1","7,8","15","99","272,0,223"
"0/1","21,8","29","99","225,0,756"
"0/1","10,14","24","99","471,0,327"
"0/1","11,12","23","99","405,0,378"
"0/1","16,12","28","99","304,0,572"
"0/1","14,13","27","99","436,0,432"
"0/1","13,17","30","99","580,0,439"
"0/1","10,6","16","99","189,0,321"
"0/1","12,12","24","99","370,0,402"
"0/1","16,16","32","99","558,0,533"
"0/1","15,14","29","99","472,0,469"
"0/1","12,4","16","99","115,0,433"
"0/1","7,11","18","99","325,0,158"
"0/1","19,7","26","99","206,0,559"
"0/1","19,4","23","99","106,0,540"
"1/1","1,24","25","45","870,45,0"
"0/1","12,12","24","99","404,0,365"
"0/1","12,14","26","99","473,0,396"
"0/1","12,17","29","99","516,0,363"
"0/1","19,23","42","99","657,0,609"
"0/1","11,14","25","99","369,0,322"
"0/1","16,21","37","99","644,0,533"
"0/1","15,13","28","99","340,0,369"
"0/1","16,10","26","99","294,0,344"
"0/1","3,4","7","27","115,0,27"
"0/1","5,13","18","63","435,0,63"
"0/1","15,10","25","99","298,0,441"
"0/0","40,0","40","87","0,87,1102"
"0/1","23,18","41","99","409,0,486"
"0/1","21,11","33","99","159,0,528"
"0/1","20,11","31","99","296,0,624"
"0/0","7,0","7","15","0,15,204"
"0/0","11,0","11","27","0,27,321"
"0/1","11,8","19","99","173,0,164"
"1/1","0,20","20","60","780,60,0"
"0/1","10,17","27","99","548,0,198"
"0/1","16,17","33","99","537,0,463"
"0/1","18,16","34","99","537,0,609"
"0/1","12,17","29","99","586,0,381"
"0/0","19,0","19","54","0,54,717"
"0/1","11,19","30","99","626,0,331"
"0/1","28,15","43","99","457,0,740"
"0/0","10,2","12","21","0,21,270"
"0/1","11,5","16","99","154,0,386"
"0/1","7,14","21","99","490,0,190"
"0/1","3,10","13","55","232,0,55"
"0/1","11,10","22","99","257,0,369"
"0/1","3,2","7","31","65,0,31"
"0/0","17,0","17","33","0,33,427"
"0/0","17,0","17","33","0,33,421"
"0/1","6,8","14","49","49,0,129"
"0/1","18,15","33","99","502,0,564"
"0/1","16,19","35","99","644,0,529"
"0/1","18,16","35","99","506,0,551"
"0/1","11,3","14","46","46,0,364"
"0/1","7,12","19","99","435,0,191"
"0/1","11,9","20","99","260,0,355"
"0/0","19,0","19","57","0,57,755"
"0/1","7,6","13","99","171,0,244"
"0/1","14,18","32","99","415,0,440"
"0/1","12,16","28","99","500,0,354"
"0/0","32,0","32","90","0,90,1164"
"1/1","0,10","10","21","273,21,0"
"0/0","38,0","38","99","0,105,1362"
"0/1","22,16","38","99","485,0,668"
"0/1","28,12","40","99","162,0,799"
"0/1","13,22","35","99","761,0,386"
"0/1","8,7","15","99","244,0,280"
"0/1","11,10","21","99","323,0,311"
"0/1","8,11","19","99","387,0,262"
"0/1","14,12","26","99","384,0,413"
"0/1","14,10","24","99","270,0,486"
"0/1","16,20","36","99","683,0,453"
"0/1","17,15","33","99","400,0,502"
"0/1","17,9","26","99","207,0,546"
"0/0","16,0","16","39","0,39,476"
"0/0","17,0","17","51","0,51,634"
"0/0","17,0","17","42","0,42,501"
"0/0","17,0","17","48","0,48,584"
"0/0","17,0","17","42","0,42,521"
"0/0","16,0","16","45","0,45,581"
"0/0","16,0","16","45","0,45,581"
"0/0","16,0","16","45","0,45,589"
"0/0","16,0","16","45","0,45,598"
"0/1","8,9","17","99","302,0,227"
"0/1","13,4","17","99","109,0,438"
"0/1","20,20","40","99","633,0,648"
"0/1","10,8","18","99","271,0,353"
"0/1","11,5","16","99","149,0,381"
"0/1","12,4","16","99","114,0,401"
"0/1","9,8","17","99","231,0,318"
"0/1","15,13","28","99","434,0,515"
"0/1","13,19","32","99","644,0,372"
"0/1","13,15","28","99","487,0,377"
"0/1","23,10","33","99","332,0,421"
"0/0","20,0","20","54","0,54,681"
"0/0","19,0","19","48","0,48,616"
"0/0","20,0","20","57","0,57,738"
"0/0","21,0","21","60","0,60,786"
"0/0","20,0","20","57","0,57,778"
"0/1","12,10","22","99","287,0,335"
"0/1","18,24","42","99","800,0,520"
"0/0","20,0","20","60","0,60,804"
"0/1","14,20","34","99","665,0,456"
"0/1","23,14","37","99","438,0,738"
"0/1","9,20","29","99","652,0,288"
"0/1","7,19","26","99","682,0,197"
"0/1","13,9","22","99","293,0,466"
"0/1","16,17","33","99","540,0,501"
"1/1","0,21","21","63","816,63,0"
"0/1","27,9","36","99","254,0,929"
"0/1","21,15","36","99","486,0,617"
"0/1","19,16","35","99","497,0,562"
"0/1","14,17","31","99","575,0,450"
"0/1","24,12","36","99","324,0,736"
"0/1","8,9","17","99","173,0,192"
"0/0","20,0","20","54","0,54,704"
"0/1","12,15","27","99","464,0,404"
"0/1","17,12","29","99","399,0,572"
"0/1","20,5","25","57","57,0,667"
"0/1","22,5","27","48","48,0,727"
"0/1","37,9","46","99","140,0,1052"
"0/0","51,0","51","99","0,153,1988"
"0/1","20,14","34","99","453,0,661"
"1/1","0,16","16","45","598,45,0"
"0/1","34,10","44","99","226,0,1221"
"0/1","26,3","30","45","45,0,706"
"0/0","32,0","33","87","0,87,1128"
"0/0","33,1","34","67","0,67,1251"
"0/1","40,11","56","67","67,0,1210"
"0/0","31,4","36","81","0,81,1037"
"0/1","9,14","23","99","494,0,289"
"0/0","27,0","27","75","0,75,998"
"0/0","27,0","27","78","0,78,1050"
"0/1","13,12","25","99","402,0,381"
"0/0","5,6","11","3","0,3,40"
"0/0","20,0","20","60","0,60,767"
"0/1","13,13","26","99","449,0,417"
"0/0","10,0","11","9","0,9,107"
"0/0","25,1","28","54","0,54,668"
"0/1","29,7","36","86","86,0,926"
"0/1","34,11","45","99","203,0,1033"
"0/1","52,7","59","22","22,0,1615"
"0/1","50,7","57","60","60,0,1430"
"0/1","69,13","82","99","251,0,2065"
"0/1","63,17","80","99","189,0,2071"
"0/0","38,1","39","79","0,79,1242"
"0/0","38,1","39","85","0,85,1370"
"0/0","39,0","39","99","0,111,1395"
"0/1","22,18","40","99","577,0,633"
"0/0","12,3","16","24","0,24,317"
"0/1","11,9","20","99","278,0,355"
"0/1","16,17","33","99","512,0,546"
"0/1","9,7","16","99","195,0,324"
"0/1","22,20","42","99","588,0,675"
"0/1","18,14","33","99","403,0,590"
"0/1","21,6","27","48","48,0,710"
"0/1","8,8","17","99","282,0,237"
"0/1","10,8","18","99","270,0,347"
"0/1","6,8","14","99","280,0,198"
"0/1","10,10","20","99","346,0,337"
"0/1","13,8","21","99","249,0,374"
"0/1","4,4","8","99","139,0,133"
"0/1","14,7","21","99","224,0,463"
"0/1","10,13","23","99","417,0,348"
"0/1","7,9","16","99","317,0,191"
"0/1","10,15","26","99","529,0,297"
"0/1","7,8","15","99","273,0,232"
"0/1","12,11","23","99","354,0,413"
"0/1","15,9","24","99","299,0,434"
"0/1","14,12","26","99","411,0,455"
"0/0","20,0","20","57","0,57,772"
"0/1","16,11","27","99","335,0,501"
"0/1","16,10","26","99","331,0,535"
"0/1","7,10","17","99","345,0,221"
"0/1","22,20","42","99","624,0,759"
"0/1","8,23","31","99","807,0,232"
"0/1","14,24","38","99","823,0,450"
"0/1","8,14","22","99","491,0,259"
"0/0","18,0","18","54","0,54,717"
"0/1","11,6","17","99","196,0,399"
"0/1","14,8,0","22","99","270,0,418,306,442,749"
"0/1","12,2","14","38","38,0,413"
"0/1","14,15","29","99","468,0,459"
"0/1","8,14","22","99","458,0,257"
"0/1","16,15","31","99","445,0,525"
"0/1","6,12","18","99","434,0,181"
"0/1","12,6","18","99","180,0,430"
"0/1","14,9","23","99","261,0,474"
"0/1","11,12","23","99","421,0,373"
"0/1","13,9","22","99","296,0,458"
"0/1","14,9","23","99","300,0,421"
"0/1","13,11","24","99","377,0,452"
"0/1","15,12","27","99","182,0,398"
"0/1","13,22","35","99","770,0,394"
"0/1","14,19","33","99","634,0,451"
"0/1","14,11","25","99","341,0,445"
"0/1","21,24","45","99","822,0,695"
"0/0","17,0","17","30","0,30,381"
"0/0","19,0","19","57","0,57,728"
"0/1","14,13","27","99","431,0,477"
"0/1","6,11","17","99","392,0,194"
"0/1","31,4","36","21","21,0,1004"
"0/1","13,8","21","99","264,0,427"
"0/1","9,19","28","99","629,0,218"
"0/1","12,17","29","99","583,0,402"
"0/1","12,10","22","99","307,0,424"
"0/1","12,17","29","99","568,0,270"
"0/1","7,12","19","99","396,0,230"
"0/1","7,5","12","99","167,0,248"
"0/1","45,14","59","99","204,0,1326"
"0/1","44,13","58","99","171,0,1236"
"0/1","10,10","20","99","339,0,295"
"0/1","11,12","23","99","398,0,296"
"0/1","24,26","50","99","150,0,609"
"0/1","26,12","38","34","34,0,662"
"0/1","27,13","40","20","20,0,750"
"0/1","29,12","41","99","122,0,833"
"0/1","29,12","41","99","122,0,836"
"0/1","32,12","44","99","112,0,939"
"0/1","26,15","41","99","215,0,776"
"0/1","26,15","41","99","229,0,719"
"0/1","26,15","41","99","170,0,760"
"0/1","26,13","39","99","156,0,767"
"0/1","23,13","37","99","139,0,724"
"0/1","25,2","28","2","2,0,816"
"0/1","10,9","19","99","253,0,334"
"0/1","11,13","24","99","422,0,369"
"0/1","10,10","20","99","295,0,349"
"0/1","18,14","32","99","456,0,544"
"0/1","8,5","13","99","161,0,250"
"0/0","17,0","17","45","0,45,600"
"0/1","11,11","22","99","335,0,296"
"0/1","23,15","38","99","475,0,763"
"0/1","11,13","24","99","416,0,330"
"0/1","21,21","42","99","702,0,589"
"0/1","13,14","27","99","482,0,417"
"0/1","10,6","16","99","155,0,243"
"0/1","4,11","15","99","386,0,118"
"0/0","3,0","3","9","0,9,122"
"0/0","8,0","8","21","0,21,269"
"0/0","33,0","33","90","0,90,1217"
"0/1","21,22","43","99","685,0,588"
"0/1","14,14","28","99","422,0,428"
"0/0","9,1","12","18","0,18,200"
"0/1","12,7","19","74","74,0,339"
"0/1","11,19","30","99","650,0,328"
"0/1","8,14","22","99","480,0,257"
"0/1","8,8","16","99","249,0,269"
"0/1","11,11","22","99","366,0,336"
"0/1","12,11","23","99","360,0,380"
"0/1","15,13","28","99","440,0,477"
"0/1","8,21","30","99","318,0,223"
"0/1","20,17","37","99","567,0,663"
"0/1","16,6","22","99","168,0,507"
"0/1","11,8","19","99","260,0,384"
"0/1","7,9","16","99","301,0,187"
"0/1","9,11","20","99","311,0,295"
"0/1","13,10","23","99","272,0,437"
"0/1","19,8","27","99","198,0,612"
"0/1","15,13","28","99","438,0,496"
"0/1","15,19","34","99","662,0,360"
"0/1","17,16","33","99","445,0,439"
"0/1","20,13","33","99","368,0,681"
"0/1","20,16","36","99","497,0,631"
"0/1","23,9","32","99","258,0,700"
"0/1","10,17","27","99","579,0,287"
"0/1","13,3","16","77","77,0,411"
"0/1","7,10","17","99","309,0,234"
"0/1","14,7","21","99","187,0,514"
"0/1","19,10","29","99","322,0,612"
"0/1","11,12","23","99","412,0,372"
"0/1","12,9","21","99","307,0,383"
"0/1","9,11","20","99","387,0,263"
"0/1","12,12","24","99","400,0,411"
"0/1","16,14","30","99","439,0,508"
"0/1","15,19","34","99","582,0,450"
"0/1","17,19","36","99","650,0,508"
"0/1","18,11","29","99","327,0,553"
"0/1","22,11","33","99","262,0,762"
"0/1","5,10","15","99","331,0,150"
"0/1","11,6","17","99","147,0,353"
"0/1","7,17","24","99","577,0,218"
"0/1","12,14","26","99","473,0,401"
"0/1","12,16","28","99","459,0,338"
"0/1","19,11","30","99","356,0,616"
"0/1","8,7","15","99","210,0,268"
"0/1","11,14","25","99","468,0,337"
"0/1","20,16","36","99","464,0,629"
"0/0","33,0","33","90","0,90,1175"
"0/1","20,11","31","99","354,0,682"
"0/1","16,17","33","99","504,0,455"
"0/1","19,15","34","99","459,0,628"
"0/1","14,14","28","99","436,0,428"
"0/1","14,21","35","99","394,0,417"
"0/1","22,11","33","99","340,0,711"
"0/1","39,17","57","99","336,0,363"
"0/1","9,16","25","99","533,0,293"
"0/1","12,15","27","99","519,0,388"
"0/1","19,24","43","99","654,0,623"
"0/1","13,11","24","99","356,0,452"
"0/1","42,4","48","89","89,0,318"
"0/1","16,21","37","99","425,0,220"
"0/1","11,14","25","99","404,0,357"
"0/1","19,13","32","99","422,0,654"
"0/1","22,18","40","99","579,0,759"
"0/1","5,5","13","99","169,0,172"
"0/1","13,12","25","99","408,0,441"
"0/1","27,11","38","99","290,0,889"
"0/0","25,0","25","72","0,72,933"
"0/1","6,9","16","75","75,0,96"
"0/1","11,5","17","89","89,0,281"
"0/1","12,26","38","99","906,0,325"
"0/1","13,4","17","81","81,0,398"
"0/1","13,4","17","80","80,0,389"
"0/1","20,3","23","66","66,0,530"
"0/1","21,13","34","99","382,0,734"
"0/1","21,13","34","99","334,0,661"
"0/1","13,14","27","99","414,0,379"
"0/1","24,13","37","99","379,0,818"
"0/1","20,12","32","99","379,0,607"
"0/1","23,21","44","99","578,0,672"
"0/0","31,0","31","81","0,81,1004"
"0/1","11,14","25","99","400,0,246"
"0/1","19,15","34","99","479,0,490"
"0/1","17,10","27","99","301,0,574"
"0/1","17,15","32","99","452,0,590"
"0/0","23,9","32","54","0,54,715"
"0/0","10,0","11","27","0,27,351"
"0/1","27,16","43","99","387,0,803"
"0/1","13,19","32","99","672,0,433"
"1/1","0,26","26","66","817,66,0"
"0/1","8,12","20","99","430,0,264"
"0/1","8,12","20","99","430,0,261"
"0/0","22,0","22","66","0,66,843"
"0/1","12,11","23","99","378,0,375"
"0/1","15,10","25","99","300,0,515"
"0/1","7,8","15","99","276,0,237"
"0/1","9,11","20","99","336,0,267"
"0/1","9,8","17","99","236,0,246"
"0/1","17,13","30","99","434,0,446"
"0/1","17,16","33","99","536,0,585"
"0/1","12,15","27","99","498,0,322"
"0/1","10,23","33","99","762,0,210"
"0/1","16,11","27","99","359,0,569"
"0/1","21,16","37","99","518,0,729"
"0/1","18,15","33","99","475,0,563"
"0/1","13,13","26","99","377,0,399"
"0/1","13,18","31","99","586,0,407"
"0/1","6,6","12","99","214,0,175"
"0/1","10,9","20","99","279,0,344"
"0/1","8,14","22","99","501,0,216"
"0/1","10,12","22","99","385,0,270"
"0/1","16,8","24","99","239,0,493"
"0/1","17,15","32","99","480,0,570"
"0/1","21,11","32","99","265,0,622"
"0/1","13,16","29","99","492,0,368"
"0/1","11,8","19","99","273,0,353"
"0/1","10,16","26","99","570,0,298"
"0/1","11,9","20","99","271,0,349"
"0/1","7,5","12","99","164,0,251"
"0/1","35,10","45","96","96,0,1052"
"0/1","19,27","46","99","821,0,576"
"0/0","14,0","14","27","0,27,356"
"0/1","18,10","28","99","313,0,618"
"0/1","17,11","28","99","350,0,546"
"0/1","8,11","20","99","360,0,247"
"0/1","26,11","37","99","294,0,877"
"1/1","0,19","22","30","346,30,0"
"0/1","8,10","19","99","263,0,226"
"0/1","14,11","25","99","377,0,477"
"0/1","15,11","26","99","357,0,489"
"0/1","14,11","25","99","380,0,423"
"0/1","12,20","32","99","638,0,362"
"0/1","18,9","27","99","234,0,461"
"0/1","12,16","28","99","515,0,356"
"0/1","16,15","31","99","519,0,445"
"0/1","10,19","29","99","615,0,263"
"0/1","15,15","30","99","298,0,452"
"0/1","14,7","21","99","103,0,443"
"0/1","13,12","25","99","382,0,443"
"0/1","23,11","34","99","344,0,672"
"0/1","21,5","26","99","101,0,659"
"0/1","20,16","36","99","405,0,668"
"0/1","18,16","34","99","484,0,582"
"0/1","11,15","26","99","482,0,372"
"0/1","26,15","41","99","368,0,757"
"0/1","11,17","28","99","586,0,345"
"0/1","15,5","20","99","111,0,516"
"0/1","15,5","20","99","140,0,519"
"0/1","15,5","20","99","146,0,507"
"0/1","6,12","18","99","426,0,191"
"0/1","6,15","21","99","455,0,183"
"0/1","18,12","30","99","384,0,549"
"0/1","18,9","28","99","254,0,573"
"0/1","19,20","39","99","650,0,523"
"0/1","19,7","26","99","212,0,618"
"0/0","24,0","24","66","0,66,898"
"0/1","14,19","33","99","656,0,447"
"0/1","13,9","22","99","306,0,460"
"0/1","14,10","24","99","303,0,449"
"0/1","13,21","34","99","665,0,327"
"0/1","10,15","25","99","526,0,316"
"0/1","12,10","22","99","296,0,404"
"0/1","11,8","19","99","272,0,373"
"0/1","10,9","19","99","206,0,235"
"0/1","9,9","18","99","277,0,291"
"0/1","9,9","18","99","274,0,301"
"0/1","12,10","22","99","286,0,411"
"0/1","16,13","29","99","408,0,516"
"0/1","9,8","17","99","276,0,301"
"0/1","19,12","31","99","398,0,652"
"0/1","26,14","40","99","444,0,902"
"0/1","24,15","39","99","480,0,794"
"0/1","21,16","37","99","487,0,630"
"0/1","24,17","41","99","565,0,719"
"0/1","17,23","41","99","610,0,554"
"0/1","23,14","37","99","410,0,778"
"0/1","14,15","33","99","441,0,488"
"0/1","12,9","21","99","286,0,412"
"0/1","15,10","25","99","319,0,514"
"0/1","7,15","22","99","423,0,226"
"0/1","8,11","19","99","365,0,247"
"0/1","11,17","28","99","455,0,372"
"0/1","8,12","20","99","390,0,236"
"0/1","10,13","23","99","435,0,235"
"0/1","11,12","23","99","417,0,298"
"0/1","11,18","29","99","559,0,321"
"0/1","12,15","27","99","473,0,324"
"0/1","8,23","31","99","708,0,171"
"0/1","20,10","30","99","299,0,572"
"0/1","11,9","20","99","300,0,340"
"0/1","20,13","33","99","371,0,660"
"0/1","23,9","32","99","231,0,706"
"0/1","25,12","37","99","337,0,708"
"0/1","20,13","33","99","411,0,607"
"0/1","25,10","35","99","284,0,753"
"0/1","16,15","31","99","455,0,535"
"0/1","16,19","35","99","622,0,437"
"0/1","18,13","31","99","428,0,545"
"0/1","11,15","26","99","485,0,315"
"0/1","14,16","30","99","362,0,416"
"0/1","12,15","27","99","485,0,362"
"0/1","20,11","31","99","281,0,668"
"0/1","15,13","28","99","436,0,488"
"0/1","21,18","39","99","459,0,670"
"0/1","23,16","39","99","461,0,670"
"0/1","17,11","28","99","294,0,511"
"0/1","24,12","36","99","343,0,726"
"0/1","27,13","40","99","366,0,708"
"0/1","15,12","27","99","393,0,522"
"0/1","21,10","31","99","312,0,758"
"0/1","14,11","25","99","344,0,356"
"0/1","21,16","37","99","482,0,643"
"0/1","17,9","26","99","260,0,591"
"0/1","16,11","27","99","319,0,510"
"0/1","12,19","31","99","600,0,362"
"0/1","13,15","28","99","528,0,406"
"0/1","15,16","31","99","505,0,472"
"0/1","18,13","31","99","398,0,623"
"0/1","18,28","47","99","797,0,560"
"0/1","18,24","42","99","780,0,538"
"0/1","17,18","35","99","613,0,537"
"0/1","19,15","34","99","463,0,585"
"0/1","7,12","19","99","336,0,228"
"0/1","13,12","25","99","334,0,417"
"0/1","17,10","27","99","213,0,502"
"0/1","12,8","20","99","195,0,388"
"0/1","7,9","16","99","311,0,239"
"0/1","14,20","34","99","640,0,463"
"0/1","8,6","14","99","207,0,144"
"0/1","7,8","15","99","272,0,204"
"0/1","7,17","24","99","564,0,215"
"0/1","10,14","24","99","496,0,337"
"0/1","9,13","22","99","397,0,302"
"0/1","13,18","31","99","559,0,361"
"0/1","18,8","26","99","227,0,552"
"0/1","20,15","35","99","458,0,672"
"0/1","16,14","30","99","444,0,452"
"0/1","6,10","16","99","344,0,194"
"0/1","14,9","23","99","282,0,442"
"0/1","13,17","30","99","553,0,427"
"0/1","19,15","34","99","511,0,613"
"0/1","11,16","27","99","553,0,363"
"0/1","11,17","28","99","548,0,298"
"0/1","13,15","28","99","480,0,438"
"0/1","10,11","21","99","358,0,312"
"0/1","13,11","24","99","343,0,406"
"0/1","10,7","17","99","223,0,347"
"0/1","10,8","18","99","258,0,352"
"0/1","7,13","20","99","423,0,224"
"0/1","25,11","36","99","343,0,840"
"0/1","15,12","28","99","394,0,477"
"0/1","17,7","24","99","155,0,427"
"0/1","22,16","40","99","300,0,371"
"0/0","43,1","45","66","0,66,857"
"0/1","19,8","27","99","229,0,631"
"0/1","7,15","22","99","422,0,192"
"0/0","11,0","12","21","0,21,268"
"0/1","18,17","35","99","560,0,529"
"0/0","25,0","26","66","0,66,852"
"0/1","21,15","36","99","432,0,440"
"0/1","17,13","30","99","400,0,517"
"0/1","17,11","28","99","371,0,572"
"0/1","15,17","32","99","543,0,503"
"0/1","7,5","12","84","178,0,84"
"0/1","7,6","13","99","168,0,248"
"0/1","41,15","56","99","396,0,1265"
"0/1","19,23","42","99","701,0,571"
"0/1","27,13","40","99","374,0,912"
"0/1","12,18","30","99","592,0,312"
"0/1","21,16","37","99","531,0,648"
"0/1","14,16","30","99","525,0,413"
"0/1","14,15","29","99","485,0,435"
"0/1","10,20","30","99","635,0,312"
"0/1","6,18","24","99","519,0,131"
"0/1","12,13","25","99","424,0,324"
"0/1","11,20","31","99","666,0,352"
"0/1","11,11","22","99","391,0,329"
"0/1","17,20","37","99","547,0,459"
"0/1","8,3","13","87","87,0,130"
"0/1","11,3","14","72","72,0,253"
"0/0","13,0","13","39","0,39,493"
"0/1","20,9","29","12","12,0,568"
"0/1","13,26","39","99","838,0,351"
"0/1","1,9","11","15","290,0,15"
"0/0","3,0","3","6","0,6,62"
"0/1","12,12","24","99","392,0,400"
"0/1","9,8","17","43","43,0,164"
"0/1","9,17","26","99","578,0,295"
"0/1","14,9","23","99","299,0,473"
"0/1","11,5","16","99","149,0,365"
"0/1","13,13","26","99","371,0,465"
"0/1","15,11","26","99","302,0,539"
"0/1","8,10","18","99","360,0,276"
"0/1","9,13","22","99","458,0,264"
"0/1","11,14","25","99","485,0,365"
"0/1","10,14","25","99","417,0,307"
"0/1","13,9","22","99","297,0,383"
"0/1","10,9","19","99","311,0,310"
"0/1","18,12","30","99","355,0,640"
"0/1","15,16","31","99","524,0,428"
"0/1","23,14","37","99","376,0,780"
"0/1","16,9","25","99","254,0,556"
"0/1","9,9","18","99","209,0,249"
"0/1","17,14","31","99","363,0,457"
"0/1","18,9","28","99","188,0,465"
"0/1","13,20","33","99","637,0,357"
"0/0","19,1","22","33","0,33,707"
"0/0","35,0","35","99","0,102,1347"
"0/0","32,0","32","90","0,90,1149"
"0/1","12,14","26","99","373,0,397"
"0/1","11,15","26","99","470,0,308"
"0/1","19,21","40","99","642,0,610"
"0/1","20,14","34","99","428,0,657"
"0/1","1,6","7","16","216,0,16"
"0/1","11,13","24","99","451,0,335"
"0/0","12,0","12","30","0,30,386"
"0/0","12,0","12","30","0,30,377"
"0/0","12,0","12","30","0,30,380"
"0/0","12,0","12","30","0,30,377"
"0/0","12,0","12","27","0,27,353"
"0/0","12,0","12","30","0,30,386"
"0/0","12,0","12","30","0,30,377"
"0/0","12,0","12","30","0,30,384"
"0/0","12,0","12","30","0,30,364"
"0/0","12,0","12","30","0,30,376"
"0/0","12,0","12","30","0,30,377"
"0/0","13,0","13","30","0,30,391"
"0/0","13,0","13","33","0,33,407"
"0/0","14,0","14","33","0,33,401"
"0/0","14,0","14","21","0,21,267"
"0/0","14,0","14","33","0,33,410"
"0/0","15,0","15","36","0,36,459"
"0/0","15,0","15","36","0,36,454"
"0/0","15,0","15","39","0,39,503"
"0/0","15,0","15","36","0,36,442"
"0/0","15,0","15","39","0,39,471"
"0/0","15,0","15","39","0,39,474"
"0/0","15,0","15","42","0,42,531"
"0/0","15,0","15","42","0,42,540"
"0/1","13,13","26","99","455,0,394"
"0/1","21,5","26","99","120,0,688"
"0/1","15,15","30","99","474,0,382"
"0/1","40,10","51","58","58,0,1157"
"0/1","37,24","61","99","643,0,1132"
"0/1","37,12","49","99","297,0,1315"
"0/0","3,0","3","9","0,9,109"
"0/1","3,10","13","55","300,0,55"
"0/1","5,7","12","99","232,0,127"
"0/1","57,35","92","99","969,0,1774"
"0/1","53,32","85","99","1008,0,1663"
"0/1","48,21","69","99","588,0,1487"
"0/1","55,16","71","99","320,0,1744"
"0/1","37,21","59","99","636,0,1218"
"0/1","19,33","52","99","1061,0,580"
"0/1","34,22","56","99","635,0,1090"
"0/1","36,23","59","99","649,0,1225"
"0/1","38,26","64","99","745,0,1291"
"0/1","34,26","61","99","843,0,1101"
"0/1","32,8","42","62","62,0,1129"
"0/1","7,29","36","45","923,0,45"
"0/1","15,16","31","99","544,0,427"
"0/1","15,12","27","99","400,0,494"
"0/1","38,9","48","99","138,0,596"
"0/1","28,1","30","4","4,0,349"
"0/1","9,10","19","99","321,0,303"
"0/0","18,0","18","51","0,51,688"
"0/1","14,16","32","99","315,0,434"
"0/1","23,22","45","99","694,0,513"
"0/0","12,0","14","24","0,24,304"
"0/1","14,10","24","99","240,0,352"
"0/1","18,13","32","99","438,0,635"
"0/1","19,16","35","99","547,0,626"
"0/1","9,11","20","99","394,0,312"
"0/1","16,12","28","99","385,0,448"
"0/0","10,3","14","24","0,24,295"
"0/1","12,8","20","99","262,0,390"
"0/1","3,8","11","47","224,0,47"
"0/1","7,4","11","99","129,0,215"
"0/1","7,4","11","99","123,0,215"
"0/1","15,15","30","99","499,0,509"
"0/1","35,5","41","36","36,0,1194"
"0/1","16,16","32","99","549,0,500"
"0/1","12,20","32","99","624,0,370"
"0/1","26,13","39","99","326,0,785"
"0/1","9,15","25","92","213,0,92"
"0/0","20,0","20","60","0,60,775"
"0/1","10,16","26","99","489,0,291"
"0/1","21,19","40","99","529,0,669"
"0/1","12,17","29","99","572,0,347"
"0/1","10,13","23","99","408,0,302"
"0/1","24,28","52","99","875,0,754"
"0/1","12,6","18","99","120,0,406"
"0/0","13,0","13","39","0,39,523"
"0/1","18,20","38","99","583,0,579"
"0/1","13,16","29","99","534,0,434"
"0/1","14,17","32","99","539,0,475"
"0/1","17,16","33","99","462,0,552"
"0/1","17,15","32","99","463,0,489"
"0/1","11,13","24","99","331,0,305"
"0/1","12,11","23","99","366,0,402"
"0/1","14,16","30","99","527,0,427"
"0/1","14,15","29","99","424,0,363"
"0/1","16,16","32","99","523,0,496"
"0/1","15,11","26","99","343,0,471"
"0/1","17,14","31","99","447,0,563"
"0/1","18,17","35","99","416,0,621"
"0/1","14,16","30","99","486,0,452"
"0/1","13,14","28","99","490,0,443"
"0/1","15,14","30","99","356,0,352"
"0/1","14,22","36","99","761,0,430"
"0/1","16,21","37","99","714,0,476"
"0/1","10,23","33","99","748,0,316"
"0/1","16,19","35","99","599,0,490"
"0/1","11,20","31","99","642,0,325"
"0/1","18,7","25","99","153,0,569"
"0/1","17,16","33","99","472,0,449"
"0/1","12,18","30","99","617,0,362"
"0/1","17,13","30","99","440,0,507"
"0/1","12,15","27","99","477,0,360"
"0/1","12,15","27","99","486,0,397"
"0/1","13,12","25","99","380,0,402"
"0/1","14,14","28","99","455,0,442"
"0/1","17,22","39","99","673,0,538"
"0/0","6,1","7","12","0,12,157"
"0/1","11,9","20","99","289,0,390"
"0/1","9,7","16","99","205,0,317"
"0/1","12,16","28","99","507,0,358"
"0/1","9,3","12","86","86,0,313"
"0/1","5,18","23","99","596,0,137"
"0/1","14,8","22","99","225,0,477"
"0/1","19,22","41","99","777,0,531"
"0/1","6,12","18","99","394,0,188"
"0/1","18,12","30","99","385,0,639"
"0/1","14,8","22","99","211,0,470"
"0/0","31,0","31","87","0,87,1144"
"0/1","22,19","41","99","560,0,672"
"0/1","8,13","21","99","430,0,259"
"0/1","14,7","21","99","216,0,511"
"0/1","7,10","17","99","356,0,197"
"0/1","5,12","17","99","439,0,148"
"0/1","9,5","17","99","176,0,132"
"0/1","3,12","15","80","400,0,80"
"0/1","8,12","20","99","420,0,264"
"0/1","11,11","22","99","387,0,315"
"0/1","9,8","17","99","274,0,300"
"0/1","7,8","15","99","278,0,241"
"0/0","20,1","21","48","0,48,568"
"0/1","15,8","23","99","183,0,489"
"0/1","14,16","30","99","526,0,455"
"0/1","8,16","24","99","509,0,248"
"0/1","13,16","29","99","520,0,433"
"0/1","13,19","32","99","618,0,394"
"0/0","8,0","8","24","0,24,299"
"0/1","15,17","32","99","546,0,473"
"0/1","17,19","36","99","567,0,409"
"0/1","25,17","42","99","543,0,784"
"1/1","7,8","16","9","100,9,0"
"0/1","10,18","28","99","601,0,310"
"0/0","21,0","21","54","0,54,710"
"0/0","22,0","22","51","0,51,679"
"0/0","23,0","23","60","0,60,797"
"0/0","22,1","23","57","0,57,719"
"0/0","22,0","22","45","0,45,587"
"0/0","22,1","23","54","0,54,680"
"0/0","23,0","23","51","0,51,650"
"0/0","21,3","24","48","0,48,598"
"0/0","24,0","24","51","0,51,627"
"0/0","23,0","23","51","0,51,647"
"0/0","23,0","23","54","0,54,669"
"0/1","21,16","37","99","454,0,624"
"0/1","10,2","12","44","44,0,366"
"0/1","7,9","16","99","296,0,229"
"0/1","12,22","35","99","596,0,309"
"0/1","14,12","26","99","372,0,446"
"0/1","13,18","31","99","453,0,146"
"0/0","22,1","23","45","0,45,553"
"0/0","10,0","10","27","0,27,343"
"0/0","13,0","13","33","0,33,433"
"0/0","14,0","14","36","0,36,474"
"0/0","18,0","18","48","0,48,627"
"0/1","16,12","28","99","366,0,482"
"1/1","0,33","33","93","1189,93,0"
"0/1","5,13","18","99","323,0,102"
"0/1","15,6","21","99","192,0,457"
"0/1","2,6","8","40","219,0,40"
"0/1","16,9","25","99","245,0,545"
"0/1","8,5","13","99","172,0,209"
"0/1","12,10","22","99","349,0,389"
"0/1","6,10","16","99","327,0,198"
"0/1","8,10","18","99","347,0,278"
"0/0","26,0","26","75","0,75,970"
"0/1","12,17","29","99","489,0,334"
"0/1","16,13","29","99","427,0,532"
"0/1","12,14","26","99","443,0,403"
"0/1","17,17","34","99","543,0,597"
"0/1","21,16","37","99","385,0,552"
"0/1","10,13","23","99","380,0,234"
"0/1","9,18","27","99","569,0,252"
"0/1","12,17","29","99","528,0,308"
"0/1","14,17","31","99","527,0,479"
"0/1","16,9","25","99","275,0,505"
"0/1","9,10","19","99","297,0,219"
"0/0","5,0","5","12","0,12,138"
"0/1","21,18","39","99","530,0,648"
"0/1","22,13","35","99","390,0,779"
"0/1","17,16","33","99","532,0,550"
"0/1","15,14","29","99","470,0,477"
"0/1","13,21","34","99","738,0,412"
"0/1","11,8","19","99","258,0,355"
"0/1","17,23","40","99","775,0,515"
"0/1","14,11","25","99","354,0,442"
"0/1","23,19","42","99","565,0,720"
"0/1","12,12","24","99","333,0,297"
"0/1","23,15","40","99","358,0,504"
"0/0","18,0","18","21","0,21,262"
"0/1","12,22","34","99","770,0,313"
"0/1","13,11","24","99","349,0,378"
"0/1","14,17","31","99","554,0,453"
"0/1","12,19","31","99","662,0,345"
"0/1","11,20","31","99","710,0,320"
"0/1","10,7","17","99","242,0,310"
"0/1","11,6","17","99","192,0,364"
"0/1","9,7","16","99","242,0,270"
"0/1","14,11","25","99","377,0,485"
"0/1","10,7","17","99","235,0,303"
"0/1","7,9","16","99","310,0,239"
"0/1","10,10","20","99","310,0,254"
"0/1","22,16","38","99","454,0,723"
"0/1","17,20","37","99","500,0,473"
"0/1","20,16","36","99","486,0,555"
"0/1","16,13","29","99","398,0,468"
"0/0","13,0","13","33","0,33,425"
"0/0","13,0","13","36","0,36,461"
"0/0","13,0","13","33","0,33,427"
"0/0","13,0","13","36","0,36,463"
"0/0","13,0","13","36","0,36,458"
"0/0","13,0","13","36","0,36,450"
"0/0","13,0","13","36","0,36,460"
"0/0","13,0","13","33","0,33,428"
"0/0","13,0","13","33","0,33,433"
"0/0","17,0","17","48","0,48,597"
"0/0","20,0","20","51","0,51,667"
"0/1","20,23","43","99","672,0,483"
"0/1","17,12","29","99","351,0,505"
"0/1","18,12","30","99","289,0,546"
"0/1","20,17","37","99","491,0,572"
"0/1","22,17","39","99","544,0,703"
"0/1","12,14","26","99","449,0,376"
"0/1","16,14","30","99","467,0,485"
"0/1","17,17","34","99","427,0,517"
"0/1","8,18","26","99","550,0,239"
"0/1","11,19","30","99","644,0,310"
"0/1","7,19","26","99","553,0,207"
"0/1","11,12","23","99","402,0,377"
"0/1","11,13","24","99","442,0,343"
"0/1","10,16","26","99","485,0,287"
"0/1","26,8","34","99","198,0,774"
"0/1","9,6","15","99","154,0,303"
"0/1","18,19","37","99","495,0,481"
"0/1","12,7","19","99","180,0,437"
"0/1","8,11","19","99","387,0,226"
"0/1","29,13","43","99","338,0,872"
"0/1","21,7","29","99","161,0,514"
"0/1","9,13","22","99","462,0,290"
"0/1","9,7","16","99","226,0,312"
"0/1","13,11","24","99","345,0,392"
"0/1","15,13","28","99","358,0,504"
"0/1","13,16","29","99","509,0,361"
"0/1","10,14","24","99","481,0,320"
"0/1","12,19","31","99","605,0,392"
"0/1","24,12","36","99","339,0,756"
"0/1","22,23","45","99","765,0,716"
"0/0","20,0","20","51","0,51,647"
"0/0","21,0","21","54","0,54,700"
"0/0","21,0","21","57","0,57,742"
"0/0","21,0","21","57","0,57,722"
"0/0","21,0","21","60","0,60,778"
"0/1","13,13","27","99","352,0,393"
"0/1","21,19","40","99","614,0,694"
"0/1","17,11","28","99","355,0,602"
"0/1","9,20","29","99","684,0,280"
"0/1","15,20","35","99","635,0,457"
"0/1","16,16","32","99","454,0,529"
"0/1","21,20","41","99","614,0,610"
"0/1","8,11","19","99","387,0,273"
"1/1","1,14","27","21","246,21,0"
"0/1","15,10","25","99","296,0,522"
"0/1","20,13","33","99","329,0,595"
"0/1","12,24","36","99","796,0,290"
"0/1","13,16","30","99","387,0,357"
"0/1","18,14","32","99","410,0,437"
"0/1","19,14","33","99","333,0,453"
"0/1","20,17","37","99","564,0,588"
"0/1","11,16","27","99","479,0,328"
"0/1","11,6","17","58","58,0,250"
"0/0","11,1","15","18","0,18,205"
"0/0","12,0","17","18","0,18,208"
"0/0","11,4","17","18","0,18,205"
"0/0","12,3","19","18","0,18,205"
"0/1","15,19","34","99","521,0,447"
"0/1","16,15","31","99","413,0,535"
"0/0","23,0","23","69","0,69,935"
"0/1","11,28","39","99","662,0,292"
"0/1","10,17","28","99","265,0,237"
"0/1","9,9","19","99","150,0,169"
"0/1","12,11","23","99","340,0,342"
"0/1","17,17","34","99","536,0,580"
"0/0","26,0","26","72","0,72,925"
"0/1","10,10","20","99","323,0,290"
"0/1","20,17","37","99","583,0,657"
"0/1","13,13","26","99","421,0,349"
"0/1","10,12","22","99","358,0,242"
"0/1","9,13","22","99","448,0,290"
"0/1","6,16","22","99","567,0,176"
"0/1","14,10","24","99","291,0,487"
"0/1","16,13","29","99","422,0,552"
"0/1","13,16","29","99","526,0,397"
"0/1","11,8","19","99","236,0,386"
"0/1","5,4","9","99","132,0,172"
"0/1","10,8","19","99","276,0,341"
"0/1","10,9","19","99","315,0,313"
"0/1","4,5","9","48","48,0,90"
"0/1","12,20","32","99","705,0,348"
"0/1","16,4","20","99","106,0,534"
"0/1","16,17","33","99","509,0,536"
"0/1","3,9","13","58","68,0,58"
"0/0","25,0","25","72","0,72,969"
"0/1","15,21","36","99","636,0,497"
"0/1","13,15","28","99","454,0,414"
"0/1","19,14","33","99","477,0,614"
"0/1","7,9","16","99","319,0,232"
"0/1","10,10","21","99","315,0,337"
"0/1","10,10","20","99","326,0,330"
"0/1","17,9","26","99","255,0,571"
"0/1","15,13","28","99","406,0,448"
"0/1","10,10","20","99","350,0,347"
"0/1","9,8","17","99","227,0,247"
"0/1","10,6","16","99","192,0,352"
"0/1","10,8","18","99","278,0,306"
"0/1","10,9","19","99","313,0,316"
"0/1","9,12","21","99","380,0,299"
"0/1","17,19","36","99","642,0,514"
"0/1","19,14","33","99","441,0,548"
"0/1","11,15","26","99","487,0,359"
"0/1","14,12","26","99","399,0,434"
"0/1","13,10","23","99","343,0,429"
"0/1","12,15","27","99","507,0,396"
"0/1","8,7","15","99","235,0,284"
"0/1","10,10","20","99","349,0,344"
"0/1","17,15","32","99","413,0,547"
"0/1","16,11","27","99","374,0,479"
"0/1","19,16","37","99","405,0,533"
"0/1","19,14","33","99","433,0,571"
"0/1","20,13","33","99","419,0,556"
"1/1","0,34","34","90","1188,90,0"
"0/1","22,15","37","99","491,0,676"
"0/1","18,19","37","99","600,0,576"
"0/1","13,16","29","99","480,0,441"
"0/1","14,13","27","99","438,0,436"
"0/1","19,14","33","99","460,0,606"
"0/1","16,15","31","99","517,0,502"
"0/1","10,19","29","99","679,0,319"
"0/1","9,13","23","99","411,0,228"
"0/1","8,14","22","99","370,0,231"
"0/1","10,15","25","99","426,0,302"
"0/1","13,22","35","99","711,0,422"
"0/1","14,23","37","99","771,0,448"
"0/1","11,21","33","99","707,0,346"
"0/1","12,18","30","99","611,0,391"
"0/1","14,15","29","99","434,0,426"
"0/1","16,15","31","99","497,0,542"
"0/1","8,6","14","99","197,0,259"
"0/1","12,14","27","99","486,0,409"
"0/1","14,13","28","99","442,0,451"
"0/1","20,27","47","99","921,0,622"
"0/1","23,24","47","99","723,0,716"
"0/1","15,28","43","99","851,0,439"
"0/1","10,13","23","99","444,0,337"
"0/1","16,11","27","99","363,0,547"
"0/1","11,15","26","99","501,0,368"
"0/1","16,16","32","99","522,0,520"
"0/1","13,18","31","99","621,0,421"
"0/1","15,12","27","99","366,0,454"
"0/1","11,10","21","99","342,0,329"
"0/1","11,7","18","99","228,0,390"
"0/1","11,18","29","99","626,0,347"
"0/1","12,23","35","99","748,0,349"
"0/1","12,16","28","99","536,0,361"
"0/1","12,16","28","99","487,0,339"
"0/1","16,12","28","99","346,0,457"
"0/1","17,14","31","99","371,0,320"
"0/1","7,3","10","93","93,0,259"
"0/0","23,0","23","69","0,69,916"
"0/1","14,9","23","99","284,0,489"
"0/1","22,17","39","99","568,0,676"
"0/1","25,14","39","99","427,0,776"
"0/1","20,12","32","99","384,0,573"
"0/1","15,16","31","99","450,0,478"
"0/1","15,10","25","99","228,0,497"
"0/1","18,17","35","99","516,0,580"
"0/1","15,23","38","99","811,0,410"
"0/1","24,17","41","99","423,0,732"
"0/1","12,8","20","99","230,0,427"
"0/1","14,13","27","99","351,0,404"
"0/1","8,19","27","99","549,0,233"
"0/1","8,10","18","99","296,0,195"
"0/1","10,10","20","99","338,0,298"
"0/1","20,14","34","99","456,0,491"
"0/1","18,19","37","99","649,0,558"
"0/1","36,11","48","99","311,0,1095"
"0/1","29,28","57","99","757,0,776"
"0/1","23,19","42","99","573,0,585"
"0/1","39,14","55","99","207,0,1105"
"0/1","18,10","28","99","249,0,357"
"0/1","12,13","27","99","273,0,188"
"0/0","27,0","28","54","0,54,686"
"0/1","10,9","19","99","271,0,343"
"0/1","10,8","18","99","231,0,337"
"0/1","15,15","30","99","530,0,485"
"0/1","13,15","28","99","514,0,429"
"0/1","11,15","26","99","521,0,265"
"0/1","21,11","32","99","345,0,635"
"0/1","15,10","25","99","339,0,526"
"0/1","11,20","31","99","597,0,314"
"0/1","13,15","28","99","425,0,428"
"0/1","17,21","38","99","602,0,487"
"0/0","38,0","38","99","0,108,1450"
"0/1","19,12","31","99","361,0,644"
"0/1","10,11","21","99","361,0,341"
"0/1","6,8","14","99","279,0,200"
"0/1","9,7","16","99","229,0,316"
"0/1","14,23","37","99","766,0,387"
"0/1","16,14","30","99","430,0,515"
"0/1","11,13","24","99","385,0,360"
"0/1","18,15","33","99","457,0,568"
"0/1","13,10","23","99","313,0,413"
"0/1","8,8","16","99","271,0,278"
"0/1","17,11","28","99","325,0,501"
"0/1","12,11","23","99","328,0,384"
"0/1","7,13","20","99","463,0,216"
"0/1","11,11","22","99","365,0,380"
"0/1","8,14","22","99","511,0,190"
"0/0","14,0","14","36","0,36,444"
"0/0","15,0","15","39","0,39,510"
"0/0","16,0","16","45","0,45,575"
"0/1","13,17","30","99","607,0,397"
"0/1","15,18","33","99","615,0,493"
"0/1","8,11","19","99","318,0,239"
"0/1","16,18","34","99","612,0,510"
"0/1","8,15","23","99","363,0,251"
"0/1","4,8","12","99","273,0,124"
"0/1","22,11","33","99","324,0,734"
"0/1","7,12","19","99","402,0,219"
"0/1","12,11","23","99","381,0,389"
"0/1","14,7","21","99","213,0,494"
"0/1","14,13","27","99","405,0,443"
"0/1","13,16","29","99","492,0,432"
"0/1","15,10","25","99","259,0,531"
"0/1","8,10","18","99","275,0,275"
"0/1","7,10","17","99","356,0,186"
"0/1","14,16","30","99","512,0,465"
"0/1","16,15","31","99","480,0,485"
"0/1","18,12","30","99","399,0,633"
"0/1","13,15","28","99","468,0,348"
"0/1","12,24","37","99","793,0,328"
"0/1","20,16","36","99","498,0,620"
"0/1","15,21","36","99","590,0,496"
"0/1","25,19","44","99","483,0,716"
"0/0","19,0","19","57","0,57,751"
"0/1","20,8","28","99","243,0,695"
"0/1","12,13","25","99","339,0,354"
"0/1","15,8","24","99","134,0,379"
"0/1","11,13","24","99","354,0,374"
"0/1","18,20","38","99","641,0,605"
"0/1","24,10","34","99","259,0,808"
"0/1","13,10","23","99","276,0,411"
"0/1","12,8","20","99","265,0,383"
"0/1","7,8","15","99","249,0,159"
"0/1","7,9","16","99","287,0,245"
"0/1","6,11","17","99","365,0,150"
"0/1","7,8","15","99","249,0,206"
"0/1","18,10","28","99","322,0,645"
"0/1","18,10","28","99","329,0,620"
"0/1","5,13","18","99","480,0,148"
"0/1","11,8","19","99","268,0,347"
"0/1","2,12","14","41","410,0,41"
"0/1","5,14","19","99","515,0,142"
"0/1","8,22","30","99","696,0,212"
"0/1","14,14","28","99","492,0,483"
"0/1","9,10","19","99","272,0,316"
"0/1","11,11","22","99","343,0,344"
"0/1","7,7","14","99","211,0,244"
"0/0","22,0","23","24","0,24,300"
"0/1","6,11","17","99","393,0,196"
"0/1","12,13","25","99","442,0,394"
"0/1","9,11","20","99","331,0,300"
"0/0","24,0","24","69","0,69,942"
"0/0","22,0","22","60","0,60,801"
"0/0","35,1","36","65","0,65,1310"
"0/1","15,12","27","99","101,0,343"
"0/1","18,14","32","99","443,0,629"
"0/1","18,10","28","99","331,0,564"
"0/1","11,9","20","99","305,0,387"
"0/1","10,14","24","99","460,0,285"
"0/1","20,11","31","99","292,0,498"
"0/1","10,18","28","99","597,0,274"
"0/0","6,0","7","12","0,12,162"
"0/0","6,0","6","15","0,15,199"
"0/0","6,0","6","12","0,12,162"
"0/1","16,13","29","99","424,0,549"
"0/1","9,21","30","99","726,0,275"
"0/1","6,8","14","99","204,0,203"
"0/1","6,8","14","99","282,0,192"
"0/1","16,18","34","99","538,0,534"
"0/1","13,19","32","99","614,0,443"
"0/1","13,19","32","99","569,0,432"
"0/1","12,19","31","99","590,0,361"
"0/1","12,21","33","99","714,0,373"
"0/1","16,16","32","99","546,0,529"
"0/1","10,11","21","99","386,0,343"
"0/1","10,17","27","99","605,0,273"
"0/1","8,10","18","99","314,0,270"
"0/1","17,14","31","99","425,0,597"
"0/1","17,11","28","99","338,0,545"
"0/1","17,17","34","99","538,0,535"
"0/1","23,10","35","99","253,0,433"
"0/1","12,7","20","99","226,0,358"
"0/1","10,9","19","99","298,0,347"
"0/1","14,13","27","99","338,0,436"
"0/1","17,13","30","99","380,0,552"
"0/1","7,6","13","99","208,0,234"
"0/1","19,14","33","99","442,0,636"
"0/1","20,12","32","99","333,0,683"
"0/1","9,7","16","99","239,0,310"
"0/1","12,5","17","99","152,0,430"
"0/1","15,3","18","68","68,0,510"
"0/1","14,10","24","99","263,0,494"
"0/1","12,20","32","99","654,0,386"
"0/1","13,19","32","99","638,0,433"
"0/1","10,12","22","99","407,0,330"
"0/1","16,9","25","99","281,0,563"
"0/1","16,12","28","99","399,0,555"
"0/1","15,10","25","99","297,0,530"
"0/1","18,10","28","99","289,0,612"
"0/1","16,10","26","99","333,0,511"
"0/1","11,5","16","99","121,0,365"
"0/1","10,6","16","99","161,0,309"
"0/1","6,12","18","99","437,0,186"
"0/1","6,11","17","99","403,0,188"
"0/1","12,17","29","99","496,0,332"
"0/0","25,0","25","66","0,66,872"
"0/1","9,13","22","99","421,0,303"
"0/1","9,14","23","99","501,0,290"
"0/1","16,13","29","99","425,0,536"
"0/0","13,0","13","39","0,39,515"
"0/1","9,1","10","7","7,0,319"
"0/1","4,15","19","99","538,0,105"
"0/1","12,3","15","72","72,0,443"
"0/1","11,20","31","99","642,0,351"
"0/1","17,19","36","99","532,0,474"
"0/1","22,10","32","99","308,0,759"
"0/1","11,20","31","99","569,0,365"
"0/1","14,19","33","99","519,0,484"
"0/1","10,17","27","99","606,0,318"
"0/1","24,19","43","99","613,0,829"
"0/1","15,10","25","99","325,0,516"
"0/1","11,15","26","99","500,0,178"
"0/1","12,29","41","99","1009,0,347"
"0/1","16,11","27","99","360,0,520"
"0/0","8,4","12","9","0,9,122"
"0/1","13,13","26","99","392,0,445"
"0/1","18,13","31","99","389,0,536"
"0/1","19,19","38","99","535,0,581"
"0/1","20,19","39","99","524,0,614"
"0/1","10,20","30","99","627,0,283"
"0/1","15,14","29","99","440,0,501"
"0/1","12,20","32","99","666,0,371"
"0/1","17,20","37","99","683,0,523"
"0/1","19,18","37","99","574,0,643"
"0/1","15,9","26","99","214,0,453"
"0/1","4,15","19","66","541,0,66"
"0/1","21,10","31","99","259,0,605"
"0/1","15,14","29","99","394,0,446"
"0/1","14,13","27","99","396,0,438"
"0/0","32,0","32","93","0,93,1230"
"0/1","6,18","26","93","207,0,93"
"0/1","18,18","36","99","406,0,319"
"0/1","19,18","37","99","578,0,569"
"0/1","6,11","17","99","391,0,196"
"0/1","14,14","28","99","353,0,322"
"0/1","7,6","13","99","167,0,254"
"0/1","15,16","31","99","544,0,478"
"0/1","14,17","31","99","555,0,437"
"0/1","14,13","27","99","399,0,469"
"0/1","16,12","28","99","372,0,570"
"0/1","7,10","17","99","322,0,238"
"0/1","8,14","22","99","433,0,253"
"0/1","16,11","27","99","371,0,445"
"0/1","20,14","34","99","412,0,660"
"0/1","13,25","38","99","847,0,415"
"0/1","16,9","25","99","173,0,448"
"0/1","13,16","29","99","513,0,400"
"0/1","19,17","36","99","488,0,608"
"0/1","25,22","47","99","625,0,797"
"0/1","13,4","17","99","114,0,436"
"0/1","8,13","21","99","405,0,264"
"0/1","8,9","17","99","285,0,237"
"0/1","15,12","27","99","399,0,486"
"0/1","13,14","27","99","448,0,440"
"0/1","11,8","19","99","273,0,361"
"0/1","15,7","22","99","217,0,497"
"0/1","23,17","40","99","500,0,677"
"0/1","27,16","43","99","353,0,684"
"0/0","23,0","23","69","0,69,914"
"0/1","5,14","19","99","360,0,149"
"0/1","6,11","17","99","383,0,189"
"0/1","6,8","14","99","258,0,203"
"0/1","24,22","46","99","615,0,740"
"0/1","14,12","26","99","324,0,360"
"0/1","27,12","39","99","353,0,941"
"0/1","13,17","30","99","593,0,425"
"0/1","15,19","34","99","617,0,497"
"0/1","22,14","36","99","429,0,662"
"0/1","21,12","33","99","358,0,729"
"0/1","12,12","24","99","405,0,406"
"0/0","48,1","49","99","0,117,1486"
"0/0","46,3","49","36","0,36,1327"
"0/0","48,0","49","99","0,120,1512"
"0/0","46,1","48","74","0,74,1328"
"0/0","40,4","44","99","0,105,1322"
"0/0","40,3","43","3","0,3,1264"
"0/1","12,12","24","99","400,0,388"
"0/1","12,5","17","99","144,0,386"
"0/1","11,9","20","99","255,0,286"
"0/0","27,0","27","81","0,81,1041"
"0/1","12,9","21","99","209,0,270"
"0/1","18,14","32","99","367,0,342"
"0/1","21,13","34","99","319,0,664"
"0/1","8,14","22","99","451,0,251"
"0/1","19,13","32","99","433,0,620"
"0/1","5,11","16","99","327,0,158"
"0/1","11,7","18","99","226,0,392"
"0/1","6,13","19","99","414,0,162"
"0/1","5,9","14","99","237,0,154"
"0/1","6,5","11","99","163,0,212"
"1/1","0,20","20","54","725,54,0"
"0/1","17,25","42","99","707,0,565"
"0/1","15,16","31","99","509,0,470"
"0/1","21,21","42","99","691,0,713"
"0/1","9,12","22","99","361,0,174"
"0/1","12,15","28","99","470,0,390"
"0/1","4,9","13","99","287,0,126"
"0/1","14,14","28","99","458,0,479"
"0/1","18,16","34","99","544,0,620"
"0/1","5,5","10","99","155,0,160"
"0/1","14,14","28","99","406,0,474"
"0/1","11,15","26","99","492,0,364"
"0/0","12,0","12","36","0,36,462"
"0/1","12,13","25","99","432,0,387"
"0/1","9,12","21","99","421,0,260"
"0/1","11,15","26","99","466,0,337"
"0/1","10,7","17","99","235,0,219"
"0/1","14,3","17","41","41,0,390"
"0/1","12,6","18","99","199,0,298"
"0/1","10,10","21","99","305,0,298"
"0/1","19,20","39","99","560,0,516"
"0/1","17,17","34","99","548,0,502"
"0/1","14,16","30","99","453,0,445"
"0/1","18,12","30","99","377,0,548"
"0/1","7,9","16","99","319,0,229"
"0/1","13,18","31","99","575,0,402"
"0/1","31,13","44","99","345,0,1072"
"0/1","21,12","33","99","373,0,749"
"0/1","18,11","29","99","354,0,523"
"0/1","13,6","19","99","193,0,420"
"0/1","11,12","23","99","398,0,332"
"0/1","17,13","30","99","446,0,585"
"0/1","7,16","23","99","548,0,182"
"0/1","18,18","36","99","529,0,592"
"0/1","7,13","20","99","452,0,211"
"0/1","10,17","27","99","572,0,316"
"0/1","13,18","32","99","591,0,418"
"0/1","17,23","40","99","645,0,571"
"0/1","14,7","21","99","139,0,419"
"0/1","20,22","42","99","683,0,654"
"0/1","20,22","42","99","704,0,658"
"0/1","14,23","37","99","735,0,300"
"0/0","16,0","16","48","0,48,644"
"0/0","21,0","21","63","0,63,834"
"0/1","19,19","38","99","616,0,579"
"0/1","13,10","23","99","233,0,437"
"0/1","8,9","17","99","307,0,195"
"0/0","25,0","25","66","0,66,882"
"0/1","17,14","31","99","404,0,589"
"0/1","13,14","28","99","470,0,435"
"0/1","14,9","23","99","252,0,455"
"0/1","10,11","21","99","300,0,323"
"0/1","15,11","26","99","366,0,516"
"0/1","18,14","32","99","473,0,551"
"0/1","22,14","36","99","447,0,733"
"0/1","14,23","37","99","778,0,441"
"0/1","24,19","43","99","617,0,762"
"0/1","21,14","35","99","409,0,723"
"0/1","15,14","29","99","413,0,480"
"0/1","13,17","30","99","553,0,428"
"0/1","15,9","24","99","286,0,479"
"0/1","14,10","24","99","298,0,497"
"0/1","7,16","23","99","539,0,224"
"0/1","16,19","35","99","642,0,494"
"0/1","22,21","44","99","686,0,716"
"0/1","11,9","20","99","273,0,374"
"0/1","10,8","18","99","190,0,328"
"0/1","11,7","18","99","186,0,395"
"0/1","10,12","22","99","384,0,303"
"0/1","9,8","17","99","279,0,306"
"0/1","8,9","17","99","311,0,257"
"0/1","6,10","16","99","355,0,191"
"0/1","5,9","14","99","320,0,163"
"0/1","5,7","12","99","239,0,164"
"0/1","14,4","18","99","114,0,482"
"0/1","16,5","21","99","134,0,542"
"0/1","11,9","20","99","270,0,374"
"0/1","13,13","26","99","370,0,415"
"0/1","15,12","27","99","377,0,487"
"0/1","15,12","27","99","366,0,472"
"0/1","16,8","24","99","243,0,535"
"0/1","8,11","19","99","363,0,269"
"0/1","14,15","29","99","483,0,454"
"0/1","15,10","25","99","333,0,456"
"0/1","10,15","25","99","479,0,264"
"0/1","12,12","24","99","408,0,380"
"0/1","17,12","29","99","349,0,594"
"0/1","14,15","29","99","454,0,485"
"0/1","8,19","27","99","689,0,238"
"0/1","13,7","20","99","187,0,452"
"0/1","12,9","21","99","270,0,427"
"0/1","14,9","23","99","267,0,501"
"0/1","11,10","21","99","310,0,384"
"0/1","7,12","19","99","410,0,192"
"0/1","13,14","27","99","415,0,413"
"0/1","18,8","26","99","105,0,452"
"0/0","15,3","18","2","0,2,462"
"0/1","14,6","20","99","180,0,513"
"0/1","8,13","21","99","451,0,256"
"0/1","20,18","38","99","606,0,633"
"0/1","14,13","27","99","412,0,450"
"0/1","13,9","22","99","299,0,384"
"0/1","21,17","41","99","282,0,390"
"0/1","22,22","44","99","714,0,734"
"0/1","14,17","31","99","497,0,435"
"0/1","4,10","14","99","359,0,121"
"0/1","14,15","29","99","486,0,464"
"0/1","8,11","19","99","380,0,263"
"0/1","19,9","28","99","269,0,563"
"0/1","8,9","17","99","324,0,242"
"0/1","15,7","22","99","205,0,396"
"0/1","6,14","20","99","469,0,181"
"0/1","17,11","28","99","331,0,526"
"0/1","15,10","25","99","288,0,534"
"0/1","20,12","32","99","379,0,678"
"0/1","7,14","21","99","470,0,175"
"0/1","21,9","30","99","269,0,723"
"0/0","62,0","62","99","0,150,1983"
"0/1","54,44","98","99","868,0,1091"
"0/1","52,46","98","99","843,0,1189"
"0/1","70,25","99","99","535,0,1916"
"0/1","87,28","117","99","502,0,1846"
"0/1","89,29","118","99","433,0,2023"
"0/1","65,14","79","93","93,0,1612"
"0/0","17,2","20","11","0,11,547"
"0/1","10,11","21","99","338,0,306"
"0/1","7,14","21","99","503,0,216"
"0/1","10,13","23","99","457,0,330"
"0/1","9,8","17","99","270,0,318"
"0/1","15,9","24","99","293,0,494"
"0/1","24,17","41","99","559,0,818"
"0/1","12,11","23","99","333,0,387"
"0/1","10,13","23","99","392,0,339"
"0/1","10,12","22","99","344,0,346"
"0/1","6,17","23","99","550,0,177"
"0/1","12,16","28","99","475,0,375"
"0/1","13,11","24","99","337,0,414"
"0/1","4,5","9","51","51,0,136"
"0/1","5,5","10","99","114,0,172"
"0/1","6,5","11","85","85,0,200"
"0/1","11,12","23","99","394,0,349"
"0/1","9,17","26","99","596,0,289"
"0/1","8,17","25","99","585,0,255"
"0/1","19,17","36","99","546,0,618"
"0/1","21,26","47","99","812,0,624"
"0/1","11,11","22","99","337,0,369"
"0/1","15,14","29","99","442,0,510"
"0/1","14,11","25","99","368,0,491"
"0/1","18,17","35","99","559,0,526"
"0/1","15,13","28","99","440,0,486"
"0/1","15,20","35","99","645,0,445"
"0/1","4,17","21","68","590,0,68"
"0/1","11,8","19","99","166,0,364"
"0/1","11,8","19","99","207,0,363"
"0/1","8,14","22","99","492,0,256"
"0/1","30,6","36","99","133,0,935"
"0/1","28,6","34","99","110,0,875"
"1/1","3,26","29","32","845,32,0"
"0/1","4,12","16","99","435,0,112"
"0/0","17,0","17","48","0,48,646"
"0/1","15,8","23","99","185,0,551"
"0/1","16,13","29","99","384,0,517"
"0/1","24,11","35","99","335,0,801"
"0/0","5,0","5","12","0,12,145"
"0/1","15,15","30","99","485,0,511"
"0/1","6,6","12","99","162,0,192"
"0/1","30,16","48","99","407,0,379"
"0/1","12,13","25","99","448,0,410"
"0/1","16,14","31","99","420,0,441"
"0/1","11,10","21","99","318,0,336"
"0/0","16,0","16","48","0,48,643"
"0/0","13,0","13","33","0,33,391"
"0/1","16,18","34","99","290,0,426"
"0/1","19,7","26","99","210,0,422"
"0/0","16,1","17","3","0,3,536"
"0/1","10,7","17","99","237,0,315"
"0/1","12,2","15","37","37,0,437"
"0/1","15,8","23","99","260,0,540"
"0/1","9,14","23","99","452,0,266"
"0/1","10,11","21","99","391,0,346"
"0/1","14,8","22","99","251,0,485"
"0/1","11,13","24","99","457,0,380"
"0/1","4,12","16","99","430,0,115"
"0/1","18,5","23","48","48,0,557"
"0/1","5,12","17","99","375,0,121"
"0/0","17,0","17","45","0,45,606"
"0/0","14,0","14","39","0,39,521"
"0/1","13,10","23","99","334,0,457"
"0/1","14,9","23","99","273,0,479"
"0/1","13,11","24","99","350,0,447"
"0/1","13,10","23","99","318,0,447"
"0/1","8,20","28","99","675,0,187"
"0/1","20,11","31","99","351,0,594"
"0/1","18,12","30","99","337,0,626"
"0/1","12,10","22","99","338,0,337"
"0/1","21,17","38","99","512,0,579"
"0/1","25,13","38","99","367,0,809"
"0/1","13,4","17","99","117,0,433"
"0/1","16,18","34","99","528,0,490"
"0/1","17,13","30","99","417,0,533"
"0/1","20,22","42","99","661,0,634"
"0/1","17,18","35","99","582,0,579"
"0/1","17,20","37","99","608,0,569"
"0/1","16,17","33","99","593,0,519"
"0/1","34,14","49","99","99,0,1063"
"0/0","15,0","15","39","0,39,501"
"0/0","15,0","15","36","0,36,467"
"0/0","16,0","16","45","0,45,552"
"0/0","17,0","17","51","0,51,663"
"0/0","17,0","17","48","0,48,619"
"0/1","20,19","40","99","537,0,625"
"0/1","16,16","32","99","494,0,542"
"0/1","19,15","34","99","469,0,557"
"0/1","6,13","19","99","477,0,181"
"0/1","12,12","24","99","389,0,404"
"0/1","5,12","17","99","394,0,147"
"0/1","11,8","19","99","260,0,361"
"0/1","11,7","18","99","212,0,348"
"0/1","9,12","21","99","369,0,299"
"0/1","8,12","20","99","383,0,252"
"0/1","10,13","23","99","461,0,299"
"1/1","0,1","1","3","42,3,0"
"0/1","15,19","34","99","638,0,462"
"0/1","19,11","30","99","355,0,630"
"0/0","16,0","18","9","0,9,111"
"0/1","10,13","23","99","413,0,326"
"0/1","9,20","29","99","590,0,183"
"0/1","18,24","42","99","750,0,527"
"0/1","12,17","29","99","581,0,374"
"0/1","19,14","33","99","416,0,669"
"0/1","10,1","11","22","22,0,168"
"0/1","21,12","33","99","363,0,539"
"0/1","18,21","39","99","726,0,621"
"0/1","13,11","24","99","381,0,415"
"0/1","11,15","26","99","448,0,332"
"0/1","11,7","18","99","192,0,347"
"0/1","18,18","36","99","597,0,602"
"0/1","8,17","25","99","523,0,236"
"0/1","17,18","35","99","559,0,476"
"0/1","15,5","23","38","38,0,222"
"0/1","44,13","57","99","346,0,1408"
"0/1","40,14","54","99","389,0,1342"
"0/1","42,13","55","99","343,0,1497"
"0/1","42,13","55","99","341,0,1413"
"0/1","42,16","58","99","413,0,1399"
"0/1","39,20","59","99","601,0,1214"
"0/1","35,14","49","99","350,0,1251"
"0/1","35,15","50","99","409,0,1246"
"0/0","71,0","71","99","0,205,2693"
"0/1","31,18","49","99","550,0,1025"
"0/1","50,12","62","99","283,0,1636"
"0/0","79,0","79","99","0,220,2906"
"0/0","77,0","77","99","0,217,2863"
"0/0","53,0","53","99","0,150,1982"
"0/0","57,0","57","99","0,163,2164"
"0/1","43,14","57","99","357,0,1485"
"0/0","58,0","58","99","0,160,2131"
"0/0","57,0","57","99","0,150,2007"
"0/0","56,1","57","99","0,157,2061"
"0/1","11,13","24","99","433,0,352"
"0/1","4,13","17","99","191,0,118"
"0/1","9,10","19","99","329,0,192"
"0/1","14,18","34","99","560,0,353"
"0/1","18,18","36","99","570,0,544"
"0/1","7,11","18","99","390,0,220"
"0/1","11,7","18","99","233,0,352"
"0/1","11,14","25","99","480,0,360"
"1/1","1,3","4","9","119,9,0"
"0/0","17,0","17","48","0,48,620"
"0/1","14,5","19","72","72,0,304"
"1/1","1,23","24","32","855,32,0"
"0/1","13,15","28","99","460,0,406"
"0/1","3,13","16","43","416,0,43"
"0/1","15,16","31","99","482,0,499"
"0/1","16,13","29","99","428,0,417"
"0/1","14,13","27","99","434,0,366"
"0/1","6,6","12","99","190,0,203"
"0/1","21,18","39","99","596,0,695"
"0/1","15,18","33","99","633,0,479"
"0/1","12,8","20","99","264,0,384"
"0/1","10,11","21","99","385,0,300"
"0/1","7,15","22","99","507,0,187"
"0/1","5,14","19","99","441,0,149"
"0/1","20,15","35","99","492,0,636"
"0/1","21,14","35","99","459,0,673"
"0/1","12,7","19","99","142,0,162"
"1/1","5,2","10","3","24,3,0"
"0/1","12,8","20","99","272,0,385"
"0/1","14,8","23","99","251,0,447"
"0/1","10,8","18","99","99,0,353"
"0/1","7,11","18","99","385,0,227"
"0/1","10,15","25","99","513,0,321"
"0/1","8,13","21","99","398,0,245"
"0/1","7,13","20","99","436,0,219"
"0/1","16,12","28","99","377,0,500"
"0/1","13,15","28","99","336,0,351"
"0/1","17,19","36","99","634,0,511"
"0/1","26,11","37","99","300,0,830"
"0/0","13,1","14","33","0,33,380"
"0/1","17,14","31","99","399,0,253"
"0/1","17,14","31","99","394,0,313"
"0/0","22,2","24","63","0,63,850"
"0/1","20,6","26","99","114,0,444"
"0/1","20,11","31","99","298,0,663"
"0/1","17,8","25","99","230,0,597"
"0/1","12,15","28","99","376,0,296"
"0/1","8,3","11","89","89,0,293"
"0/1","17,13","30","99","387,0,593"
"0/1","21,21","42","99","689,0,643"
"0/1","18,9","27","99","245,0,630"
"0/1","12,10","22","99","335,0,322"
"0/1","11,12","23","99","395,0,312"
"0/1","7,9","16","99","315,0,235"
"0/1","12,9","21","99","276,0,390"
"0/1","14,8","22","99","209,0,506"
"0/1","12,17","29","99","519,0,351"
"0/1","20,18","38","99","601,0,566"
"0/1","14,14","28","99","478,0,483"
"0/1","12,12","24","99","378,0,351"
"0/1","13,17","30","99","565,0,328"
"0/1","18,9","27","99","257,0,610"
"0/1","13,13","26","99","459,0,379"
"0/1","14,15","29","99","483,0,482"
"0/1","18,14","32","99","434,0,615"
"0/1","15,13","28","99","393,0,472"
"0/1","20,3","23","42","42,0,627"
"1/1","4,27","31","20","853,20,0"
"0/1","11,14","25","99","424,0,344"
"0/1","16,18","34","99","575,0,518"
"0/1","16,16","32","99","516,0,483"
"0/1","14,17","31","99","535,0,439"
"0/1","20,12","32","99","373,0,686"
"0/1","25,15","40","99","464,0,872"
"0/1","11,13","24","99","428,0,363"
"0/1","10,12","22","99","420,0,326"
"0/1","16,14","30","99","453,0,558"
"0/1","15,19","34","99","580,0,421"
"0/1","11,16","27","99","421,0,349"
"0/1","9,11","20","99","352,0,197"
"0/1","6,6","12","99","198,0,213"
"0/1","8,13","21","99","466,0,227"
"0/1","14,10","24","99","299,0,429"
"0/1","19,12","31","99","396,0,659"
"0/1","58,10","68","29","29,0,1744"
"0/1","19,5","24","99","137,0,615"
"0/1","11,17","28","99","559,0,275"
"0/1","14,11","25","99","379,0,451"
"0/1","8,19","27","99","681,0,243"
"0/1","9,8","17","99","265,0,310"
"0/1","11,14","25","99","401,0,324"
"0/1","10,8","18","99","276,0,356"
"0/1","16,13","29","99","392,0,540"
"0/1","27,9","36","99","238,0,621"
"0/1","14,14","28","99","451,0,316"
"0/1","20,11","31","99","313,0,652"
"0/1","5,5","10","87","158,0,87"
"0/0","4,0","4","12","0,12,151"
"0/1","10,16","26","99","528,0,283"
"0/1","13,14","27","99","494,0,412"
"0/1","9,12","21","99","422,0,304"
"0/1","10,5","15","99","141,0,308"
"0/1","6,12","18","99","433,0,176"
"0/0","7,0","7","18","0,18,240"
"0/0","15,0","15","42","0,42,544"
"0/1","16,20","36","99","668,0,485"
"0/1","12,8","20","99","261,0,425"
"0/0","17,0","17","39","0,39,508"
"0/0","16,0","17","39","0,39,508"
"0/0","16,1","17","5","0,5,507"
"0/0","20,1","21","17","0,17,622"
"0/0","24,1","25","26","0,26,633"
"0/1","13,13","26","99","402,0,375"
"0/1","12,11","23","99","377,0,384"
"0/1","14,14","28","99","472,0,446"
"0/1","20,18","38","99","556,0,622"
"0/1","15,9","24","99","297,0,415"
"0/1","19,5","24","99","124,0,572"
"0/1","20,4","24","97","97,0,566"
"0/1","19,9","28","99","290,0,527"
"0/1","15,18","33","99","592,0,345"
"0/1","17,15","32","99","485,0,553"
"0/1","12,13","25","99","417,0,362"
"0/1","10,17","27","99","575,0,268"
"0/1","7,13","20","99","440,0,230"
"0/1","18,18","36","99","611,0,537"
"0/1","16,7","23","99","177,0,532"
"0/1","16,6","22","99","139,0,541"
"0/1","16,21","37","99","622,0,471"
"0/1","11,12","23","99","251,0,282"
"0/1","11,12","23","99","397,0,375"
"0/1","18,22","41","99","738,0,496"
"0/1","12,16","28","99","477,0,324"
"0/1","15,15","30","99","503,0,482"
"0/1","12,5","17","99","149,0,414"
"0/1","13,8","21","99","264,0,427"
"0/0","27,0","28","72","0,72,946"
"0/0","24,0","29","67","0,67,858"
"0/0","26,0","27","69","0,69,899"
"0/0","24,0","26","66","0,66,855"
"0/0","27,0","29","69","0,69,893"
"0/1","22,21","43","99","626,0,757"
"0/1","22,19","41","99","634,0,758"
"0/1","16,23","39","99","797,0,532"
"0/1","19,8","27","99","229,0,573"
"0/1","20,9","29","99","251,0,618"
"0/1","15,9","24","99","235,0,453"
"0/1","16,7","23","99","208,0,574"
"0/0","37,0","37","99","0,105,1378"
"0/1","13,12","25","99","407,0,411"
"0/1","17,10","27","99","286,0,612"
"0/1","21,14","35","99","311,0,742"
"0/1","6,7","13","25","25,0,99"
"0/1","18,15","33","99","453,0,594"
"0/1","17,2","19","28","28,0,566"
"0/1","10,7","17","99","236,0,353"
"0/1","17,17","34","99","525,0,536"
"0/1","14,14","28","99","419,0,455"
"0/1","13,14","28","99","466,0,362"
"0/1","17,9","27","99","207,0,474"
"0/1","23,19","42","99","519,0,751"
"0/1","14,16","30","99","524,0,465"
"0/1","24,16","40","99","451,0,725"
"0/1","18,20","38","99","619,0,612"
"0/1","16,12","28","99","244,0,425"
"0/1","11,9","20","99","301,0,383"
"0/1","21,9","30","99","275,0,659"
"0/1","7,12","19","99","362,0,234"
"0/1","9,12","21","99","363,0,284"
"0/1","11,7","18","99","179,0,391"
"0/1","7,8","15","99","274,0,225"
"0/1","9,14","24","99","461,0,290"
"0/1","11,11","22","99","333,0,378"
"0/1","12,21","33","99","653,0,372"
"0/1","17,12","29","99","362,0,554"
"0/1","15,6","21","89","89,0,469"
"0/1","35,8","44","91","91,0,1216"
"0/1","34,8","42","99","139,0,1155"
"0/1","34,8","42","99","152,0,1131"
"0/1","34,9","43","99","115,0,1142"
"0/1","48,6","54","85","85,0,1329"
"0/1","45,4","49","31","31,0,1360"
"0/1","43,5","48","68","68,0,1393"
"0/1","18,19","37","99","625,0,581"
"0/1","22,25","47","99","825,0,678"
"0/1","12,19","31","99","593,0,319"
"0/1","24,13","38","99","382,0,805"
"0/1","30,6","36","61","61,0,972"
"0/1","11,9","20","99","297,0,367"
"0/0","29,1","30","56","0,56,1080"
"1/1","1,7","8","9","120,9,0"
"0/1","17,10","27","99","322,0,552"
"0/1","11,15","26","99","523,0,367"
"0/1","12,14","26","99","441,0,377"
"0/1","6,6","12","70","70,0,71"
"0/0","3,1","10","6","0,6,81"
"0/0","11,0","11","27","0,27,359"
"0/1","17,14","31","99","465,0,539"
"0/1","15,17","32","99","513,0,480"
"0/1","21,12","33","99","379,0,590"
"0/1","16,12","28","99","405,0,569"
"0/1","4,10","14","99","367,0,121"
"0/1","3,8","12","86","296,0,86"
"0/1","12,11","23","99","371,0,325"
"0/1","17,27","44","99","950,0,543"
"0/1","25,15","40","99","432,0,741"
"0/1","17,11","28","99","326,0,603"
"0/1","11,13","24","99","371,0,372"
"0/1","9,14","23","99","378,0,268"
"1/1","0,18","20","48","579,48,0"
"0/1","9,3","12","16","16,0,190"
"0/1","19,12","31","99","379,0,639"
"0/1","16,16","32","99","517,0,542"
"0/1","13,10","23","99","297,0,377"
"0/1","7,10","17","99","355,0,229"
"0/1","6,7","13","99","245,0,193"
"0/1","7,8","15","99","280,0,225"
"0/1","11,14","25","99","482,0,361"
"0/1","11,9","20","99","305,0,334"
"0/1","12,12","24","99","405,0,385"
"0/1","12,10","22","99","300,0,387"
"0/1","8,9","17","99","272,0,264"
"0/1","6,17","23","99","578,0,171"
"0/1","16,18","34","99","494,0,512"
"0/1","14,6","20","99","157,0,441"
"0/1","11,16","27","99","439,0,327"
"0/1","6,9","15","99","279,0,205"
"0/1","9,6","15","99","200,0,322"
"0/1","10,16","26","99","542,0,305"
"0/1","10,5","15","99","160,0,349"
"0/1","7,16","23","99","534,0,221"
"0/1","16,8","24","99","208,0,289"
"0/1","23,19","42","99","611,0,751"
"0/1","6,13","19","99","457,0,188"
"0/1","6,13","19","99","435,0,183"
"0/1","13,14","27","99","449,0,405"
"0/1","17,15","32","99","449,0,519"
"0/1","18,2","20","46","46,0,232"
"0/1","17,15","32","99","502,0,600"
"0/1","10,8","18","99","268,0,318"
"0/1","11,7","18","99","191,0,388"
"0/1","16,12","28","99","405,0,491"
"0/1","15,15","30","99","494,0,473"
"0/1","15,18","33","99","576,0,491"
"0/1","22,11","33","99","307,0,665"
"0/1","9,11","20","99","335,0,269"
"0/1","16,13","29","99","339,0,557"
"0/1","16,9","26","99","277,0,563"
"0/1","11,15","26","99","500,0,305"
"0/1","15,7","24","99","100,0,491"
"0/1","14,12","27","99","323,0,222"
"0/1","21,9","30","99","213,0,603"
"0/1","19,8","27","99","122,0,530"
"0/1","11,20","31","99","645,0,359"
"0/1","15,14","29","99","416,0,447"
"0/1","17,11","28","99","319,0,515"
"0/1","11,17","28","99","539,0,321"
"0/1","21,17","38","99","453,0,696"
"0/1","16,16","32","99","541,0,467"
"0/1","11,19","30","99","651,0,354"
"0/1","11,11","22","99","297,0,336"
"0/1","18,10","28","99","293,0,599"
"0/1","10,13","23","99","424,0,302"
"0/1","13,17","30","99","576,0,426"
"0/1","15,14","29","99","387,0,467"
"0/1","12,9","22","99","297,0,416"
"0/1","17,17","34","99","429,0,533"
"0/1","16,18","34","99","608,0,421"
"0/1","14,16","30","99","541,0,405"
"0/1","22,13","35","99","428,0,669"
"0/1","19,12","32","99","360,0,679"
"0/1","18,13","31","99","403,0,636"
"0/1","16,15","31","99","461,0,542"
"0/1","16,16","32","99","556,0,517"
"0/1","20,20","40","99","648,0,602"
"0/1","14,11","25","99","358,0,409"
"0/1","16,14","30","99","454,0,424"
"0/1","13,9","22","99","300,0,458"
"0/1","8,10","18","99","345,0,275"
"0/1","14,16","30","99","552,0,452"
"0/1","10,14","24","99","497,0,322"
"0/1","9,10","19","99","281,0,281"
"0/1","9,13","22","99","386,0,297"
"0/1","7,10","17","99","321,0,237"
"0/1","10,3","13","83","83,0,368"
"0/1","6,15","21","99","546,0,143"
"0/1","21,9","30","99","276,0,768"
"0/1","19,10","29","99","295,0,620"
"0/1","6,10","16","99","362,0,196"
"0/1","15,15","30","99","521,0,486"
"0/1","16,15","31","99","515,0,551"
"0/1","15,16","31","99","552,0,509"
"0/1","14,14","28","99","483,0,439"
"0/1","15,9","24","99","233,0,520"
"0/1","13,11","24","99","357,0,441"
"0/1","18,20","38","99","617,0,603"
"0/1","5,10","15","99","362,0,157"
"0/1","15,14","29","99","474,0,496"
"0/1","18,12","30","99","347,0,638"
"0/1","13,16","29","99","557,0,439"
"0/1","10,18","28","99","577,0,316"
"0/1","17,14","31","99","438,0,590"
"0/1","13,20","33","99","696,0,427"
"0/1","11,23","34","99","701,0,281"
"0/1","56,8","64","99","140,0,1848"
"0/1","57,8","65","99","129,0,1954"
"0/1","8,7","15","99","241,0,282"
"0/1","12,8","20","99","260,0,397"
"0/1","41,6","47","99","106,0,1269"
"0/1","40,5","45","66","66,0,1295"
"0/1","21,6","27","84","84,0,695"
"0/1","9,7","17","50","50,0,244"
"0/1","24,18","42","99","489,0,763"
"0/1","5,13","18","99","462,0,148"
"0/0","9,0","9","24","0,24,318"
"0/0","12,0","12","33","0,33,437"
"0/1","11,7","18","99","202,0,348"
"0/1","9,8","17","99","272,0,304"
"0/1","16,19","35","99","663,0,493"
"0/1","16,19","35","99","609,0,495"
"0/1","9,9","18","99","300,0,259"
"0/1","12,12","24","99","401,0,414"
"0/1","16,23","39","99","764,0,461"
"0/0","22,0","22","60","0,60,785"
"0/0","20,0","20","57","0,57,773"
"0/1","12,14","26","99","477,0,335"
"0/1","18,13","31","99","381,0,570"
"0/1","16,9","25","99","258,0,480"
"0/1","14,8","22","99","262,0,452"
"0/1","11,13","25","99","273,0,308"
"0/0","14,0","14","33","0,33,409"
"0/1","8,4","12","99","124,0,291"
"0/1","9,10","19","99","203,0,201"
"0/1","10,14","24","99","448,0,272"
"0/1","13,15","28","99","497,0,385"
"0/1","14,20","34","99","623,0,352"
"0/1","15,14","29","99","421,0,439"
"0/1","13,11","24","99","299,0,432"
"0/1","10,5","15","83","83,0,355"
"0/1","13,7","20","99","189,0,431"
"0/1","19,22","41","99","642,0,604"
"0/0","39,1","40","74","0,74,1346"
"0/1","4,7","11","99","246,0,129"
"0/1","15,14","29","99","485,0,448"
"0/1","11,14","25","99","397,0,344"
"0/1","14,5","19","99","138,0,477"
"0/1","8,17","25","99","528,0,250"
"0/1","11,5","16","99","152,0,371"
"0/1","8,14","22","99","506,0,255"
"0/1","12,9","21","99","275,0,429"
"0/1","9,4","13","99","130,0,246"
"0/1","26,7","33","99","167,0,925"
"0/1","17,15","32","99","513,0,537"
"0/1","22,16","38","99","397,0,651"
"0/1","16,19","35","99","627,0,498"
"0/1","8,4","12","99","121,0,281"
"0/1","13,14","27","99","454,0,414"
"0/1","16,15","31","99","421,0,541"
"0/1","8,23","31","99","807,0,210"
"0/1","10,14","25","99","448,0,321"
"0/1","13,14","27","99","470,0,442"
"0/0","20,6","26","2","0,2,420"
"0/1","18,13","31","99","344,0,579"
"0/1","13,21","34","99","599,0,351"
"0/1","3,11","14","84","219,0,84"
"0/1","7,11","18","99","217,0,197"
"0/1","19,21","40","99","650,0,555"
"0/1","14,21","35","99","720,0,421"
"0/1","18,11","29","99","350,0,619"
"0/1","8,12","20","99","390,0,267"
"0/1","10,12","22","99","410,0,296"
"0/1","7,6","13","99","205,0,243"
"1/1","0,19","19","30","376,30,0"
"0/1","10,6","16","99","180,0,358"
"0/1","12,4","16","99","118,0,402"
"0/1","17,17","34","99","585,0,540"
"0/1","11,12","23","99","306,0,353"
"0/1","12,14","26","99","418,0,380"
"0/1","16,7","23","99","182,0,484"
"0/1","20,15","35","99","497,0,689"
"0/1","26,11","37","99","175,0,697"
"0/0","40,0","40","99","0,114,1501"
"0/1","16,13","29","99","424,0,428"
"0/1","17,22","39","99","702,0,527"
"0/1","13,14","27","99","441,0,448"
"0/1","15,13","28","99","446,0,489"
"1/1","0,15","15","42","557,42,0"
"0/1","10,9","19","99","296,0,328"
"0/1","13,13","26","99","443,0,414"
"1/1","1,28","29","75","986,75,0"
"0/1","15,20","35","99","659,0,498"
"0/1","10,9","19","99","266,0,346"
"0/1","12,10","22","99","304,0,426"
"0/0","25,0","25","72","0,72,969"
"1/1","1,34","35","56","1150,56,0"
"1/1","2,21","23","1","768,1,0"
"0/1","16,15","31","99","405,0,472"
"0/1","8,6","14","99","208,0,254"
"0/1","27,5","32","99","108,0,885"
"0/1","18,3","21","59","59,0,618"
"0/1","27,8","35","99","231,0,912"
"0/1","11,26","37","99","902,0,330"
"0/1","30,4","35","52","52,0,1015"
"0/1","18,4","22","99","100,0,625"
"0/1","20,5","25","99","125,0,686"
"0/1","20,4","24","91","91,0,679"
"0/1","24,5","29","99","99,0,856"
"0/1","26,6","32","99","126,0,919"
"0/1","25,7","32","99","136,0,888"
"0/1","24,6","30","99","100,0,855"
"0/1","25,6","31","95","95,0,875"
"1/1","0,26","26","69","910,69,0"
"0/1","31,10","41","99","228,0,978"
"0/1","33,4","37","46","46,0,1202"
"0/1","30,3","34","18","18,0,1125"
"0/1","13,9","22","99","281,0,454"
"0/1","16,11","28","99","315,0,577"
"1/1","3,34","37","43","1216,43,0"
"0/1","16,18","34","99","483,0,511"
"0/1","15,12","27","99","354,0,478"
"0/1","15,11","26","99","321,0,489"
"0/0","12,0","14","15","0,15,165"
"0/1","22,17","39","99","545,0,762"
"0/1","16,15","31","99","471,0,400"
"0/1","37,3","41","7","7,0,1130"
"0/1","44,6","50","6","6,0,1159"
"0/1","40,7","47","23","23,0,962"
"0/1","42,6","48","11","11,0,1030"
"0/1","17,23","40","99","790,0,506"
"0/1","21,16","37","99","336,0,727"
"0/1","30,12","42","99","368,0,864"
"0/1","45,15","60","99","468,0,1046"
"0/1","31,18","49","99","522,0,647"
"0/1","18,12","30","99","318,0,498"
"0/1","13,9","22","99","297,0,387"
"0/1","5,14","19","99","446,0,142"
"0/1","11,7","18","99","216,0,387"
"0/1","8,9","17","99","241,0,275"
"0/1","11,12","23","99","388,0,362"
"0/1","14,13","27","99","418,0,444"
"0/1","12,10","22","99","333,0,417"
"0/1","8,16","24","99","545,0,216"
"0/0","27,0","27","75","0,75,986"
"0/1","16,16","32","99","482,0,527"
"0/1","10,13","23","99","447,0,337"
"0/1","7,15","24","99","407,0,175"
"0/1","9,18","27","99","605,0,248"
"0/1","13,23","36","99","693,0,359"
"0/1","8,14","22","99","495,0,256"
"0/1","15,11","26","99","369,0,504"
"1/1","0,39","39","93","1212,93,0"
"0/1","12,20","32","99","635,0,301"
"0/1","13,8","21","99","189,0,464"
"0/1","14,17","33","99","496,0,313"
"0/1","11,15","26","99","434,0,337"
"0/0","15,0","15","45","0,45,590"
"0/1","13,3","16","44","44,0,419"
"0/1","13,3","16","44","44,0,407"
"0/1","16,3","19","38","38,0,485"
"0/1","16,3","19","35","35,0,525"
"1/1","0,6","6","15","194,15,0"
"0/1","10,14","24","99","488,0,308"
"0/1","9,15","24","99","493,0,265"
"0/1","15,17","32","99","541,0,456"
"0/1","10,25","35","99","792,0,247"
"0/1","16,15","31","99","365,0,416"
"0/1","17,14","31","99","395,0,408"
"0/1","9,17","26","99","581,0,244"
"0/1","12,12","24","99","406,0,364"
"0/1","14,8","22","99","250,0,462"
"0/1","18,19","37","99","536,0,515"
"0/0","33,0","33","96","0,96,1307"
"0/1","14,10","24","99","288,0,431"
"0/0","28,0","28","75","0,75,979"
"0/1","15,16","31","99","509,0,506"
"0/1","13,7","20","99","219,0,409"
"0/1","13,7","20","99","225,0,344"
"0/1","17,8","25","99","181,0,388"
"0/1","13,16","29","99","562,0,391"
"0/1","8,6","14","99","206,0,209"
"0/1","15,18","33","99","603,0,488"
"0/1","12,15","27","99","468,0,411"
"0/0","12,2","14","33","0,33,406"
"0/1","13,17","30","99","577,0,419"
"0/1","16,6","22","99","126,0,560"
"0/1","22,17","39","99","487,0,591"
"0/1","23,14","37","99","459,0,671"
"0/1","20,17","37","99","540,0,676"
"0/0","19,0","19","57","0,57,754"
"0/1","12,14","26","99","484,0,388"
"0/0","5,0","5","12","0,12,153"
"0/1","9,5","14","99","162,0,330"
"0/1","15,20","35","99","684,0,459"
"0/0","16,0","16","45","0,45,585"
"0/1","6,7","13","99","245,0,196"
"0/1","10,18","28","99","622,0,297"
"0/0","28,0","28","75","0,75,965"
"0/1","17,17","34","99","502,0,459"
"0/1","20,13","33","99","373,0,620"
"0/1","7,13","20","99","469,0,221"
"0/1","9,13","22","99","430,0,296"
"0/1","14,12","26","99","309,0,456"
"0/1","13,13","26","99","439,0,391"
"0/1","16,11","27","99","354,0,511"
"0/1","9,17","26","99","606,0,273"
"0/1","12,11","23","99","367,0,381"
"0/1","11,10","21","99","332,0,378"
"0/1","15,14","29","99","477,0,460"
"0/1","15,14","29","99","464,0,464"
"0/1","19,11","30","99","347,0,640"
"0/1","13,10","23","99","320,0,453"
"0/1","9,9","18","99","266,0,271"
"0/1","9,9","18","99","311,0,268"
"0/1","20,14","34","99","411,0,575"
"0/1","16,18","34","99","597,0,496"
"0/1","17,22","39","99","704,0,510"
"0/1","13,17","30","99","585,0,425"
"0/1","15,17","32","99","553,0,476"
"0/1","15,18","33","99","614,0,474"
"0/1","18,14","32","99","465,0,529"
"0/1","18,13","31","99","378,0,543"
"0/1","13,11","24","99","323,0,402"
"0/1","13,11","24","99","359,0,436"
"0/1","11,20","31","99","649,0,357"
"0/1","11,17","28","99","563,0,361"
"0/1","11,5","16","99","154,0,386"
"0/1","11,9","20","99","295,0,359"
"0/1","11,12","23","99","386,0,339"
"0/1","11,15","26","99","537,0,311"
"0/1","14,14","28","99","445,0,431"
"0/1","16,19","35","99","668,0,511"
"0/1","15,11","26","99","369,0,502"
"0/1","24,18","42","99","538,0,778"
"0/1","12,14","26","99","444,0,406"
"0/1","14,19","33","99","625,0,470"
"0/1","12,13","25","99","425,0,324"
"0/1","8,10","18","99","338,0,265"
"0/1","16,16","32","99","454,0,446"
"0/1","12,18","30","99","540,0,363"
"0/1","12,8","20","99","248,0,377"
"0/1","19,16","35","99","538,0,569"
"0/1","19,17","36","99","565,0,600"
"0/0","30,0","30","84","0,84,1143"
"0/1","9,12","21","99","394,0,309"
"0/1","7,3","10","87","87,0,235"
"0/1","16,9","25","99","287,0,525"
"0/1","8,10","18","99","355,0,266"
"0/1","21,10","32","99","326,0,723"
"0/1","6,7","13","99","237,0,201"
"0/1","9,13","22","99","397,0,307"
"0/1","20,4","24","80","80,0,547"
"0/1","10,11","21","99","377,0,312"
"0/1","14,8","22","99","100,0,390"
"0/1","16,17","33","99","408,0,296"
"0/1","14,11","26","99","269,0,384"
"0/1","11,4","15","99","103,0,286"
"0/1","12,4","16","99","106,0,362"
"0/0","32,0","32","93","0,93,1244"
"0/0","32,0","32","93","0,93,1234"
"0/0","33,0","33","96","0,96,1268"
"0/0","32,0","32","90","0,90,1195"
"0/0","31,0","32","87","0,87,1140"
"0/0","31,0","31","84","0,84,1087"
"0/0","31,0","31","84","0,84,1112"
"0/0","29,0","30","75","0,75,989"
"0/0","33,0","33","93","0,93,1200"
"0/0","31,0","31","93","0,93,1201"
"0/0","34,0","34","96","0,96,1257"
"0/0","36,0","36","99","0,105,1339"
"0/0","33,0","33","99","0,99,1291"
"0/0","33,0","33","93","0,93,1218"
"0/0","26,0","26","66","0,66,851"
"0/1","15,15","30","99","477,0,459"
"0/1","20,11","31","99","295,0,520"
"0/1","13,14","27","99","421,0,375"
"0/1","15,10","25","99","326,0,428"
"0/1","11,11","22","99","333,0,315"
"0/1","11,13","24","99","467,0,335"
"0/1","16,11","27","99","333,0,540"
"0/1","59,5","66","6","6,0,1572"
"0/0","57,0","59","99","0,132,1678"
"0/0","34,0","35","99","0,99,1298"
"0/1","17,6","23","78","78,0,581"
"0/1","12,14","26","99","484,0,402"
"0/0","25,0","26","72","0,72,925"
"0/0","33,0","33","99","0,99,1328"
"0/0","29,0","29","72","0,72,941"
"0/0","29,2","33","60","0,60,775"
"0/1","13,12","25","99","405,0,402"
"0/0","28,0","28","78","0,78,1047"
"0/1","14,15","29","99","514,0,446"
"0/0","29,0","29","87","0,87,1167"
"0/0","30,0","30","90","0,90,1194"
"0/0","3,4","7","6","0,6,71"
"0/0","13,0","13","36","0,36,488"
"0/0","14,0","14","39","0,39,519"
"0/1","29,7","36","99","100,0,917"
"0/1","26,14","40","99","293,0,810"
"0/1","28,16","44","99","340,0,766"
"0/1","17,10","27","99","300,0,601"
"0/1","16,22","39","99","681,0,403"
"0/1","18,13","31","99","433,0,468"
"0/1","9,19","28","99","583,0,270"
"0/1","19,17","36","99","558,0,584"
"0/1","18,15","33","99","488,0,567"
"0/1","21,8","29","99","241,0,713"
"0/1","18,12","30","99","339,0,626"
"0/1","13,10","23","99","312,0,375"
"0/1","12,10","22","99","326,0,401"
"0/1","11,10","21","99","287,0,365"
"0/1","10,12","22","99","364,0,317"
"0/1","8,16","24","99","547,0,245"
"0/1","23,18","41","99","601,0,634"
"0/1","13,18","34","99","497,0,314"
"0/1","14,12","26","99","405,0,467"
"0/1","20,12","32","99","321,0,557"
"0/0","32,0","32","87","0,87,1140"
"0/1","16,13","29","99","435,0,486"
"0/1","14,10","24","99","300,0,468"
"0/1","20,17","37","99","560,0,706"
"0/1","14,18","32","99","478,0,402"
"0/1","15,21","36","99","703,0,496"
"0/1","11,10","22","99","346,0,312"
"0/0","38,0","38","99","0,114,1483"
"0/1","3,21","24","42","648,0,42"
"0/1","12,15","27","99","505,0,406"
"0/1","9,7","16","99","234,0,304"
"0/1","17,11","28","99","345,0,562"
"1/1","2,24","26","35","880,35,0"
"0/1","19,5","24","65","65,0,374"
"0/1","19,10","29","99","313,0,596"
"0/1","32,5","38","85","85,0,1070"
"0/1","10,6","17","47","47,0,327"
"0/1","9,16","25","99","383,0,220"
"0/1","13,14","27","99","400,0,414"
"0/1","12,14","26","99","449,0,375"
"0/1","8,7","15","99","243,0,154"
"0/0","38,0","38","99","0,99,1276"
"0/1","15,19","34","99","616,0,514"
"0/1","18,14","32","99","484,0,566"
"0/1","14,15","29","99","510,0,442"
"0/1","5,17","22","99","600,0,139"
"0/1","15,11","26","99","354,0,505"
"0/1","11,13","25","99","421,0,335"
"0/1","10,12","22","99","379,0,297"
"0/1","14,8","22","99","230,0,411"
"0/1","17,18","35","99","481,0,484"
"0/1","26,12","38","99","356,0,879"
"0/0","10,0","10","27","0,27,295"
"0/0","10,0","10","24","0,24,284"
"0/0","10,0","10","27","0,27,313"
"0/0","7,0","7","18","0,18,221"
"0/0","13,0","13","39","0,39,501"
"0/1","11,4","15","99","109,0,397"
"0/1","26,9","35","99","229,0,841"
"0/1","14,20","34","99","590,0,450"
"0/1","18,25","43","99","787,0,532"
"0/1","10,19","29","99","562,0,312"
"0/1","9,8","17","99","282,0,277"
"0/1","8,16","24","99","521,0,247"
"0/1","9,13","22","99","445,0,283"
"0/1","12,12","24","99","366,0,404"
"0/1","17,13","30","99","434,0,545"
"0/1","8,13","21","99","396,0,219"
"0/1","14,19","33","99","607,0,427"
"0/1","14,11","25","99","348,0,446"
"0/1","15,12","27","99","396,0,517"
"0/1","8,8","16","99","269,0,238"
"0/1","7,14","21","99","472,0,224"
"0/1","8,4","12","99","127,0,288"
"0/1","10,9","19","99","263,0,234"
"0/1","7,14","21","99","432,0,193"
"0/1","13,3","16","80","80,0,454"
"0/1","10,13","23","99","378,0,309"
"0/1","21,11","32","99","347,0,710"
"0/1","12,13","25","99","426,0,360"
"0/0","22,0","22","66","0,66,896"
"0/1","14,16","30","99","257,0,265"
"0/1","17,18","35","99","539,0,537"
"0/1","14,14","28","99","486,0,448"
"0/1","18,10","28","99","241,0,634"
"0/1","10,6","17","93","93,0,164"
"0/1","11,18","29","99","604,0,289"
"0/1","8,10","18","99","339,0,272"
"0/1","12,9","21","99","247,0,412"
"0/1","9,5","14","62","62,0,287"
"0/1","14,10","24","99","326,0,460"
"0/1","10,11","21","99","384,0,321"
"0/1","12,16","28","99","490,0,396"
"0/1","12,17","29","99","577,0,384"
"0/1","12,18","30","99","507,0,321"
"0/1","17,21","38","99","658,0,539"
"0/1","18,14","32","99","396,0,626"
"0/1","10,18","28","99","611,0,279"
"0/1","14,10","24","99","313,0,443"
"0/1","10,14","24","99","392,0,320"
"0/1","9,6","15","99","192,0,295"
"0/1","11,6","17","99","194,0,367"
"0/1","9,9","18","99","308,0,274"
"0/1","7,12","19","99","392,0,228"
"0/0","7,0","7","12","0,12,156"
"0/1","40,10","51","99","177,0,910"
"0/1","39,14","58","99","298,0,1021"
"0/1","30,9","39","99","179,0,861"
"0/1","38,4","42","4","4,0,1273"
"0/1","20,16","36","99","458,0,620"
"0/1","11,11","23","99","285,0,308"
"0/1","18,18","36","99","487,0,621"
"0/1","16,13","29","99","430,0,492"
"0/1","12,17","29","99","581,0,365"
"0/1","9,17","26","99","582,0,261"
"0/0","14,0","15","27","0,27,321"
"0/1","13,13","26","99","439,0,396"
"0/1","12,17","29","99","567,0,395"
"0/1","19,12","31","99","339,0,593"
"0/1","13,14","27","99","446,0,433"
"0/1","11,15","27","99","409,0,303"
"1/1","0,23","23","66","899,66,0"
"0/1","6,9","15","99","322,0,204"
"0/1","3,10","13","84","357,0,84"
"0/1","6,12","18","99","430,0,193"
"0/1","12,3","15","74","74,0,438"
"0/1","28,4","32","45","45,0,985"
"0/1","13,15","28","99","522,0,447"
"0/0","2,0","2","3","0,3,40"
"0/1","4,5","9","53","104,0,53"
"0/1","8,10","18","99","259,0,265"
"0/1","10,9","19","99","274,0,355"
"0/0","26,0","26","72","0,72,931"
"0/1","24,14","39","99","424,0,768"
"0/1","14,8","22","99","250,0,453"
"0/1","14,13","27","99","401,0,352"
"0/1","10,9","19","99","273,0,299"
"0/1","20,16","36","99","443,0,627"
"0/1","16,23","39","99","663,0,466"
"0/1","10,19","29","99","659,0,292"
"0/1","18,15","33","99","458,0,537"
"0/1","13,9","22","99","290,0,446"
"0/0","30,0","30","84","0,84,1075"
"0/1","8,22","30","99","768,0,195"
"0/1","10,6","16","99","185,0,319"
"0/1","18,15","33","99","496,0,638"
"0/1","17,15","32","99","465,0,556"
"0/1","9,15","24","99","467,0,301"
"0/1","16,14","30","99","402,0,517"
"0/1","6,11","17","99","375,0,194"
"0/1","10,10","20","99","322,0,349"
"0/1","7,6","13","99","201,0,248"
"0/1","16,21","37","99","680,0,489"
"0/1","5,3","10","86","86,0,98"
"0/0","16,0","16","36","0,36,461"
"0/1","10,8","18","99","106,0,310"
"0/1","14,13","27","99","409,0,469"
"0/1","14,17","31","99","545,0,429"
"0/1","17,10","29","99","265,0,421"
"0/1","17,15","32","99","341,0,448"
"0/1","22,14","37","99","259,0,444"
"0/1","30,16","46","99","455,0,970"
"0/1","15,7","22","99","205,0,527"
"0/1","21,15","37","99","114,0,339"
"0/1","17,18","35","99","623,0,553"
"0/1","19,19","38","99","660,0,617"
"0/1","15,13","28","99","446,0,512"
"0/1","13,18","31","99","544,0,405"
"0/1","13,14","27","99","336,0,397"
"0/1","13,17","30","99","520,0,440"
"0/1","9,10","19","99","263,0,309"
"0/1","13,21","34","99","719,0,374"
"0/1","18,11","29","99","354,0,511"
"0/1","16,12","28","99","320,0,479"
"0/1","21,11","32","99","277,0,721"
"0/0","15,0","15","45","0,45,592"
"0/0","15,0","15","45","0,45,606"
"0/1","16,8","24","99","250,0,540"
"0/1","21,9","30","99","251,0,703"
"0/1","6,8","14","99","275,0,167"
"0/1","7,11","18","99","386,0,229"
"0/1","9,9","18","99","249,0,245"
"0/1","12,1","13","6","6,0,417"
"0/0","17,0","17","42","0,42,563"
"0/1","14,10","24","99","335,0,455"
"0/1","7,10","17","99","322,0,235"
"0/1","12,21","33","99","657,0,348"
"0/1","11,14","25","99","463,0,368"
"0/1","18,14","32","99","334,0,631"
"0/1","10,20","30","99","663,0,240"
"0/1","17,9","26","99","274,0,508"
"0/1","22,10","32","99","317,0,621"
"0/1","25,20","46","99","634,0,692"
"0/1","11,9","20","99","226,0,347"
"0/1","17,3","21","34","34,0,458"
"0/1","59,15","74","65","65,0,1509"
"0/0","66,1","73","99","0,133,1711"
"0/0","55,5","62","0","0,0,1245"
"0/1","34,6","41","46","46,0,966"
"0/0","46,0","46","99","0,108,1372"
"0/0","29,0","30","81","0,81,1051"
"0/0","24,0","24","63","0,63,795"
"0/0","22,0","22","57","0,57,712"
"0/0","22,0","22","60","0,60,742"
"0/0","24,0","24","54","0,54,685"
"0/0","25,0","25","66","0,66,809"
"0/0","20,0","24","57","0,57,728"
"0/1","11,13","24","99","409,0,372"
"0/1","13,10","23","99","314,0,458"
"0/1","12,10","22","99","276,0,420"
"0/0","32,0","35","78","0,78,1009"
"0/0","33,0","33","81","0,81,1080"
"0/0","28,0","30","78","0,78,1013"
"0/0","23,1","24","63","0,63,836"
"0/0","56,0","56","99","0,114,1467"
"0/0","47,4","57","65","0,65,1262"
"0/0","29,1","30","41","0,41,953"
"0/0","38,0","38","81","0,81,1058"
"0/0","36,0","38","84","0,84,1029"
"0/0","30,3","33","41","0,41,980"
"0/1","16,18","34","99","513,0,439"
"0/1","17,16","33","99","543,0,574"
"0/1","10,19","29","99","631,0,314"
"0/1","3,13","16","75","439,0,75"
"0/1","13,6","19","99","124,0,455"
"0/1","17,10","27","99","313,0,561"
"0/1","15,12","27","99","325,0,446"
"0/1","13,15","28","99","487,0,401"
"0/1","11,13","24","99","418,0,377"
"0/1","14,10","24","99","333,0,396"
"0/1","8,11","19","99","376,0,266"
"0/1","9,16","25","99","575,0,289"
"0/1","13,19","32","99","637,0,389"
"1/1","1,32","33","53","1020,53,0"
"0/1","12,16","28","99","562,0,385"
"0/1","12,14","26","99","402,0,345"
"0/1","14,14","28","99","421,0,431"
"0/1","21,12","33","99","280,0,711"
"0/1","17,21","38","99","715,0,494"
"0/1","19,18","38","99","621,0,583"
"0/1","20,10","30","99","322,0,696"
"0/1","2,25","27","5","779,0,5"
"0/1","19,16","39","99","314,0,468"
"0/1","15,17","32","99","500,0,471"
"0/1","20,18","38","99","601,0,594"
"0/1","10,11","21","99","343,0,343"
"0/1","7,16","23","99","562,0,159"
"0/1","8,11","19","99","348,0,266"
"0/1","18,14","32","99","345,0,619"
"0/1","12,21","34","99","606,0,298"
"0/1","10,14","24","99","427,0,313"
"0/1","9,20","29","99","618,0,286"
"0/1","16,15","31","99","442,0,467"
"0/1","15,15","30","99","431,0,462"
"0/1","9,11","20","99","349,0,288"
"0/1","14,12","26","99","409,0,428"
"0/1","14,11","25","99","332,0,492"
"0/1","17,13","30","99","347,0,575"
"0/1","10,20","30","99","649,0,277"
"0/1","8,13","22","99","412,0,258"
"0/1","9,12","21","99","354,0,224"
"0/1","12,9","21","99","214,0,395"
"0/1","13,12","25","99","370,0,435"
"0/1","12,13","26","99","409,0,368"
"0/1","12,9","21","99","299,0,421"
"0/1","12,9","21","99","242,0,424"
"0/1","19,9","28","99","271,0,551"
"0/1","13,13","26","99","444,0,390"
"0/1","18,20","38","99","658,0,606"
"0/1","5,15","20","99","499,0,123"
"0/1","4,13","18","99","439,0,112"
"0/1","5,6","12","99","167,0,157"
"0/1","11,10","21","99","256,0,346"
"0/1","10,10","20","99","309,0,300"
"0/1","11,27","38","99","893,0,330"
"0/1","14,18","32","99","545,0,440"
"0/1","11,10","21","99","315,0,358"
"0/1","20,20","40","99","576,0,656"
"0/1","11,9","20","99","255,0,333"
"0/1","9,6","15","99","192,0,309"
"0/1","14,4","18","99","102,0,506"
"0/1","13,12","25","99","258,0,192"
"0/1","9,4","13","59","59,0,174"
"0/1","51,18","69","99","292,0,1490"
"0/1","15,22","37","99","762,0,367"
"0/1","11,12","23","99","415,0,362"
"0/1","10,15","25","99","491,0,322"
"0/1","15,13","28","99","444,0,459"
"0/1","8,18","26","99","651,0,237"
"0/1","13,10","23","99","304,0,462"
"0/1","17,15","32","99","515,0,496"
"0/1","18,9","27","99","251,0,620"
"0/1","13,9","22","99","185,0,346"
"0/1","12,10","22","99","265,0,331"
"0/1","14,11","26","99","365,0,439"
"0/1","14,7","21","99","183,0,438"
"0/1","13,15","28","99","485,0,390"
"0/1","20,10","30","99","310,0,670"
"0/0","16,0","16","45","0,45,588"
"0/1","15,18","33","99","524,0,473"
"0/1","14,12","26","99","397,0,449"
"1/1","1,32","33","87","1168,87,0"
"0/1","26,18","44","99","605,0,773"
"0/1","13,8","21","99","227,0,454"
"0/1","26,8","34","99","138,0,832"
"0/1","36,6","42","99","116,0,1168"
"0/1","20,13","33","99","378,0,624"
"0/0","29,4","33","4","0,4,950"
"0/1","14,11","25","99","341,0,496"
"0/1","9,13","22","99","392,0,242"
"0/1","9,22","31","99","671,0,248"
"0/0","35,0","35","99","0,102,1298"
"0/0","35,0","35","99","0,102,1324"
"0/1","15,20","35","99","617,0,467"
"0/0","31,0","31","90","0,90,1208"
"0/1","20,21","41","99","666,0,631"
"0/1","12,10","22","99","333,0,386"
"0/1","31,5","37","71","71,0,779"
"0/1","34,6","40","98","98,0,824"
"0/1","17,15","32","99","512,0,446"
"0/1","3,10","13","89","252,0,89"
"0/1","3,10","13","83","299,0,83"
"0/1","4,6","10","90","207,0,90"
"0/1","2,8","10","13","278,0,13"
"0/1","4,8","12","77","277,0,77"
"0/1","18,4","22","45","45,0,457"
"0/1","11,6","17","99","124,0,369"
"0/1","8,7","15","99","167,0,241"
"0/1","9,7","16","99","160,0,267"
"0/1","26,11","37","99","308,0,805"
"0/0","26,0","26","78","0,78,1019"
"0/0","25,1","28","57","0,57,748"
"0/1","14,8","22","99","99,0,452"
"0/1","18,21","39","85","537,0,85"
"0/1","29,6","38","99","111,0,494"
"0/1","16,15","37","99","346,0,449"
"0/1","9,9","18","99","276,0,313"
"0/1","12,14","26","99","451,0,416"
"0/1","13,10","23","99","332,0,431"
"0/1","10,13","23","99","361,0,338"
"0/1","12,12","24","99","365,0,414"
"0/0","25,0","25","72","0,72,970"
"0/1","12,9","21","99","301,0,398"
"0/1","10,7","17","99","228,0,301"
"0/1","21,17","38","99","413,0,667"
"0/1","10,8","18","99","275,0,350"
"0/1","12,6","18","99","182,0,433"
"0/1","7,17","24","99","546,0,206"
"0/1","14,14","29","99","477,0,469"
"0/1","7,18","25","99","639,0,207"
"0/1","6,8","14","99","272,0,197"
"0/1","20,10","30","99","238,0,685"
"0/1","19,19","38","99","488,0,544"
"0/1","10,16","26","99","471,0,325"
"0/0","29,0","29","81","0,81,1094"
"0/1","21,19","40","99","631,0,652"
"0/1","18,13","31","99","429,0,540"
"0/1","16,14","30","99","422,0,510"
"0/1","11,15","26","99","479,0,351"
"0/1","11,6","17","99","194,0,396"
"0/1","10,9","19","99","270,0,353"
"0/1","10,8","18","99","279,0,325"
"0/1","10,11","21","99","373,0,312"
"0/1","7,7","14","99","238,0,238"
"0/1","11,6","17","99","159,0,388"
"0/1","16,4","20","69","69,0,545"
"0/1","12,10","22","99","300,0,411"
"0/1","14,10","24","99","332,0,481"
"0/1","22,11","33","99","363,0,460"
"0/1","13,12","25","99","363,0,292"
"0/1","9,8","17","99","189,0,302"
"0/1","14,15","29","99","106,0,323"
"0/1","21,21","43","99","570,0,688"
"0/1","7,15","22","99","473,0,205"
"0/1","13,20","33","99","581,0,426"
"0/1","18,19","37","99","417,0,462"
"0/1","12,6","18","99","140,0,399"
"0/1","15,10","25","99","315,0,492"
"0/1","9,16","25","99","550,0,261"
"0/1","12,13","25","99","449,0,408"
"0/1","15,17","32","99","585,0,505"
"0/1","14,12","26","99","357,0,476"
"0/1","11,13","24","99","420,0,344"
"0/1","13,12","25","99","337,0,423"
"0/1","14,9","23","99","293,0,463"
"0/1","20,12","32","99","399,0,681"
"0/0","38,0","38","99","0,111,1494"
"0/1","19,21","40","99","613,0,602"
"0/1","18,22","40","99","727,0,528"
"0/1","12,17","29","99","599,0,395"
"0/1","19,11","30","99","352,0,681"
"0/1","18,15","33","99","510,0,571"
"0/1","16,19","35","99","610,0,536"
"0/1","11,19","30","99","646,0,354"
"0/1","10,17","27","99","581,0,268"
"0/1","16,20","36","99","691,0,492"
"0/1","21,12","34","99","308,0,724"
"0/1","8,16","24","99","563,0,248"
"0/1","12,10","22","99","312,0,352"
"0/1","13,8","21","99","194,0,414"
"0/1","6,16","22","99","555,0,161"
"0/1","10,17","27","99","586,0,294"
"0/1","22,12","34","99","348,0,740"
"0/1","11,24","35","99","758,0,328"
"0/1","17,14","31","99","444,0,557"
"0/1","14,9","23","99","277,0,483"
"0/1","13,9","22","99","262,0,453"
"0/1","15,8","23","99","253,0,465"
"0/1","16,18","34","99","601,0,490"
"0/1","17,16","33","99","508,0,535"
"0/1","7,12","20","99","425,0,211"
"0/1","13,9","22","99","271,0,458"
"0/1","19,17","37","99","551,0,657"
"0/1","21,20","41","99","639,0,668"
"0/1","11,14","25","99","476,0,369"
"0/1","11,12","23","99","423,0,291"
"0/1","11,14","25","99","438,0,372"
"0/1","8,12","20","99","419,0,266"
"0/1","12,8","20","99","261,0,416"
"0/1","14,7","21","99","220,0,503"
"0/1","14,7","21","99","198,0,467"
"0/1","14,7","21","99","222,0,476"
"0/1","12,15","27","99","444,0,402"
"0/1","11,23","34","99","730,0,338"
"0/1","15,17","32","99","553,0,446"
"0/1","16,15","31","99","479,0,493"
"0/1","16,14","30","99","445,0,491"
"0/1","14,22","36","99","798,0,425"
"0/1","13,24","37","99","862,0,382"
"0/1","16,17","33","99","585,0,543"
"0/1","15,19","34","99","659,0,512"
"0/1","21,16","37","99","536,0,735"
"0/1","14,14","28","99","485,0,439"
"0/1","20,15","35","99","456,0,690"
"0/1","25,17","42","99","426,0,751"
"0/1","24,17","41","99","416,0,726"
"0/1","17,20","37","99","596,0,567"
"0/1","20,13","33","99","426,0,610"
"0/1","20,13","33","99","415,0,635"
"0/1","14,15","29","99","527,0,439"
"0/1","14,15","29","99","518,0,437"
"0/1","11,13","24","99","405,0,307"
"0/1","7,16","23","99","511,0,203"
"0/1","9,15","24","99","536,0,291"
"0/1","11,13","24","99","444,0,354"
"0/1","8,13","21","99","448,0,251"
"0/1","8,13","21","99","361,0,258"
"0/1","18,20","38","99","603,0,568"
"0/1","17,10","27","99","274,0,556"
"0/1","15,7","22","99","177,0,490"
"0/1","16,7","23","99","199,0,545"
"0/1","13,11","24","99","330,0,454"
"0/1","8,9","17","99","319,0,276"
"0/1","15,10","25","99","307,0,472"
"0/1","10,17","27","99","581,0,261"
"0/1","11,13","24","99","460,0,341"
"0/0","28,0","30","72","0,72,948"
"0/0","28,2","30","78","0,78,988"
"0/0","28,1","29","78","0,78,1019"
"0/0","27,1","28","78","0,78,991"
"0/0","27,0","27","75","0,75,969"
"0/0","26,0","26","75","0,75,968"
"0/0","27,0","27","78","0,78,1026"
"0/0","27,0","27","75","0,75,957"
"0/0","27,0","30","76","0,76,978"
"0/0","30,0","30","84","0,84,1041"
"0/0","26,0","26","72","0,72,913"
"0/0","22,0","25","63","0,63,780"
"0/0","23,0","23","63","0,63,817"
"0/0","20,0","23","60","0,60,784"
"0/0","20,0","20","57","0,57,756"
"0/1","21,21","42","99","655,0,715"
"0/0","40,1","41","79","0,79,1479"
"0/0","35,0","35","90","0,90,1170"
"0/0","36,0","36","99","0,99,1294"
"0/0","37,0","37","99","0,102,1328"
"0/0","38,0","38","99","0,108,1414"
"0/0","36,0","37","99","0,105,1362"
"0/0","39,0","39","99","0,105,1357"
"0/0","34,0","34","96","0,96,1219"
"0/0","31,1","32","90","0,90,1202"
"0/0","32,1","33","87","0,87,1155"
"0/0","32,0","33","93","0,93,1217"
"0/0","33,0","33","93","0,93,1176"
"0/0","32,1","33","90","0,90,1120"
"0/0","35,0","36","99","0,99,1286"
"0/0","36,0","38","99","0,102,1325"
"0/0","37,2","39","68","0,68,1317"
"0/0","38,1","39","71","0,71,1331"
"0/0","40,0","40","99","0,102,1358"
"0/0","37,0","37","96","0,96,1248"
"0/0","29,0","36","75","0,75,886"
"0/1","55,15","70","99","223,0,1601"
"0/1","58,18","76","99","275,0,1762"
"0/1","48,21","69","99","354,0,1430"
"0/0","39,0","39","99","0,102,1327"
"0/0","44,1","45","99","0,111,1453"
"0/0","45,0","45","99","0,114,1475"
"0/0","37,3","40","99","0,102,1329"
"0/0","33,1","35","93","0,93,1212"
"0/1","22,12","34","99","299,0,677"
"0/0","29,1","30","75","0,75,956"
"0/0","27,0","27","72","0,72,940"
"0/0","27,0","28","75","0,75,954"
"0/0","30,0","30","81","0,81,1069"
"0/0","30,1","31","81","0,81,1054"
"0/1","15,11","26","99","358,0,536"
"0/1","15,18","33","99","529,0,479"
"0/1","14,14","28","99","454,0,476"
"0/1","12,14","26","99","439,0,396"
"0/1","12,17","29","99","519,0,334"
"0/1","13,10","23","99","288,0,448"
"0/1","16,19","36","99","646,0,352"
"0/1","10,12","22","99","337,0,320"
"0/1","9,7","16","99","190,0,302"
"0/1","24,20","44","99","579,0,588"
"0/1","13,14","27","99","437,0,429"
"0/0","32,2","34","93","0,93,1224"
"0/1","18,6","24","99","163,0,503"
"0/0","28,0","28","84","0,84,1121"
"0/0","29,0","29","87","0,87,1168"
"0/0","31,0","31","93","0,93,1259"
"0/1","14,14","28","99","317,0,451"
"0/1","17,9","26","99","256,0,590"
"0/1","11,21","32","99","651,0,327"
"0/1","8,16","24","99","503,0,195"
"0/1","15,11","27","99","324,0,462"
"0/1","14,15","29","99","493,0,436"
"0/1","17,14","31","99","382,0,504"
"0/1","15,17","32","99","537,0,364"
"0/1","18,20","38","99","670,0,519"
"0/1","22,16","38","99","493,0,690"
"0/1","12,19","31","99","670,0,350"
"0/1","21,13","34","99","416,0,702"
"0/1","11,22","33","99","691,0,351"
"0/1","13,20","33","99","665,0,356"
"0/1","20,15","35","99","467,0,665"
"0/1","20,13","33","99","378,0,678"
"0/1","16,22","38","99","706,0,521"
"0/1","18,25","43","99","794,0,552"
"0/1","8,18","26","99","652,0,249"
"0/1","11,13","24","99","374,0,338"
"0/1","20,16","36","99","496,0,662"
"0/1","16,8","24","99","241,0,466"
"0/1","11,7","18","99","188,0,360"
"0/1","7,11","18","99","374,0,178"
"0/1","9,10","20","99","334,0,293"
"0/1","18,24","42","99","776,0,530"
"0/1","12,14","26","99","479,0,406"
"0/0","34,0","34","99","0,102,1339"
"0/1","22,12","34","99","354,0,794"
"0/1","14,13","27","99","399,0,416"
"0/1","20,19","39","99","610,0,624"
"0/1","16,21","37","99","678,0,437"
"0/1","12,23","35","99","651,0,333"
"0/1","25,17","43","99","485,0,817"
"0/1","18,8","26","99","230,0,568"
"0/1","21,14","36","99","413,0,655"
"0/1","23,14","37","99","406,0,685"
"0/1","27,16","43","99","505,0,765"
"0/1","19,16","35","99","493,0,613"
"0/1","18,12","30","99","348,0,590"
"1/2","0,22,16","38","99","1280,498,432,782,0,737"
"0/1","17,22","39","99","760,0,514"
"0/1","22,9","31","99","242,0,611"
"0/0","38,1","39","99","0,111,1388"
"0/1","42,14","56","99","185,0,1042"
"0/1","45,14","59","99","181,0,1096"
"0/1","21,8","29","99","160,0,522"
"0/1","15,23","39","99","573,0,361"
"0/1","22,13","35","99","212,0,454"
"0/0","60,0","60","99","0,169,2138"
"0/0","61,0","61","99","0,172,2210"
"0/1","46,14","61","99","242,0,1436"
"0/1","48,7","55","3","3,0,1657"
"0/1","27,5","32","28","28,0,916"
"0/1","42,4","47","19","19,0,1480"
"0/1","20,10","30","99","225,0,638"
"0/1","15,11","26","99","334,0,308"
"0/1","13,14","27","99","419,0,342"
"0/0","32,0","32","93","0,93,1224"
"0/0","40,0","40","99","0,99,1280"
"0/0","38,0","39","99","0,99,1280"
"0/1","19,14","35","99","417,0,490"
"0/1","17,17","34","99","492,0,447"
"0/1","13,28","41","99","932,0,377"
"0/0","28,1","29","63","0,63,842"
"0/1","16,11","27","99","350,0,406"
"0/1","38,17","55","99","396,0,1212"
"0/1","26,13","39","99","289,0,920"
"0/1","25,13","38","99","288,0,882"
"0/1","23,12","35","99","288,0,812"
"0/1","23,12","35","99","287,0,771"
"0/1","28,10","38","99","174,0,969"
"1/2","0,40,9","50","99","1665,284,170,1380,0,1356"
"0/1","40,9","49","99","212,0,1350"
"0/1","37,9","46","99","225,0,1221"
"0/1","36,9","45","99","198,0,1176"
"0/0","41,0","41","99","0,102,1322"
"0/1","19,19","38","99","611,0,520"
"0/0","40,1","41","79","0,79,1412"
"0/0","31,0","31","87","0,87,1165"
"0/0","30,0","30","84","0,84,1130"
"0/0","31,0","31","84","0,84,1107"
"0/1","18,19","37","99","600,0,619"
"0/0","34,0","34","99","0,99,1324"
"0/0","30,0","30","84","0,84,1107"
"0/0","26,0","26","78","0,78,1045"
"0/0","28,0","28","84","0,84,1124"
"0/0","27,0","27","81","0,81,1071"
"0/0","26,0","26","78","0,78,1039"
"0/0","17,0","17","51","0,51,671"
"0/1","13,8,0","21","99","173,0,432,209,450,659"
"0/0","27,0","27","72","0,72,970"
"0/0","29,0","29","81","0,81,1086"
"0/0","28,0","28","81","0,81,1075"
"0/0","29,0","29","87","0,87,1145"
"0/0","30,0","30","87","0,87,1165"
"0/0","32,0","32","90","0,90,1197"
"0/0","25,0","25","72","0,72,940"
"0/0","28,0","28","75","0,75,989"
"0/0","32,0","32","90","0,90,1199"
"0/0","26,0","26","69","0,69,871"
"0/0","35,0","37","96","0,96,1245"
"0/1","18,22","40","99","535,0,439"
"0/1","18,17","35","99","585,0,479"
"0/1","19,13","32","99","390,0,653"
"0/0","24,1","25","29","0,29,786"
"0/0","23,1","25","26","0,26,790"
"0/1","17,8","26","99","213,0,528"
"0/1","19,9","29","99","214,0,473"
"0/1","7,10","17","99","346,0,140"
"0/0","22,0","24","63","0,63,797"
"0/0","23,0","23","66","0,66,867"
"0/1","14,13","27","99","385,0,473"
"0/1","17,11","28","99","324,0,577"
"0/1","13,19","32","99","658,0,365"
"0/1","22,9","31","99","229,0,785"
"0/1","9,11","20","99","392,0,270"
"0/1","8,15","23","99","490,0,253"
"0/1","16,11","27","99","367,0,501"
"0/1","7,10","17","99","307,0,200"
"0/1","14,19","33","99","646,0,364"
"0/1","9,8","17","99","279,0,304"
"0/1","8,12","20","99","413,0,251"
"0/1","20,9","29","99","249,0,700"
"0/1","18,10","28","99","292,0,646"
"0/1","19,11","30","99","326,0,648"
"0/1","18,7","25","99","215,0,625"
"0/1","18,11","29","99","354,0,588"
"0/1","17,21","38","99","673,0,534"
"0/1","12,10","22","99","277,0,423"
"0/1","10,10","20","99","350,0,312"
"0/1","7,7","14","99","201,0,216"
"0/1","5,12","17","99","405,0,110"
"0/1","10,9","19","99","293,0,344"
"0/1","12,9","21","99","309,0,387"
"0/1","18,13","31","99","441,0,603"
"0/0","35,0","35","99","0,99,1319"
"0/1","11,19","30","99","530,0,269"
"0/1","16,13","29","99","389,0,502"
"0/1","16,8","24","99","251,0,508"
"0/1","12,21","33","99","691,0,399"
"0/1","27,14","41","99","442,0,910"
"0/1","7,6","13","99","204,0,212"
"0/1","12,9","21","99","294,0,356"
"0/1","11,6","17","99","148,0,386"
"0/1","9,8","17","99","232,0,311"
"0/1","14,11","25","99","375,0,452"
"0/1","10,7","17","99","240,0,271"
"0/1","6,11","17","99","371,0,188"
"0/1","13,20","33","99","657,0,379"
"0/1","13,16","29","99","494,0,432"
"0/1","17,10","27","99","239,0,477"
"0/1","19,13","32","99","408,0,628"
"0/0","23,0","23","60","0,60,814"
"0/1","20,18","38","99","417,0,503"
"0/0","23,0","23","57","0,57,767"
"1/1","2,21","23","26","613,26,0"
"0/1","8,14","22","99","445,0,239"
"0/1","15,9","24","99","298,0,476"
"0/1","23,14","37","99","403,0,766"
"0/1","13,12","25","99","408,0,439"
"0/1","14,18","32","99","539,0,309"
"0/1","8,16","24","99","510,0,219"
"0/1","4,9","13","99","283,0,123"
"0/1","10,9","19","99","279,0,316"
"0/1","12,7","19","99","226,0,424"
"0/1","16,11","27","99","372,0,529"
"0/1","9,5","14","99","163,0,281"
"0/1","10,9","19","99","290,0,346"
"0/1","7,16","23","99","506,0,211"
"0/1","11,15","26","99","500,0,337"
"0/1","18,4","22","66","66,0,624"
"0/1","18,7","25","99","174,0,571"
"0/1","16,12","28","99","335,0,442"
"0/1","17,12","29","99","389,0,593"
"0/1","4,3","7","99","101,0,105"
"0/1","4,2","6","67","67,0,108"
"0/0","30,0","30","87","0,87,1146"
"0/1","13,13","26","99","294,0,421"
"0/1","14,12","26","99","406,0,478"
"0/1","9,4","13","99","120,0,335"
"0/1","17,12","29","99","387,0,546"
"0/1","19,9","28","99","233,0,689"
"0/1","17,14","31","99","427,0,593"
"0/1","5,9","14","99","316,0,160"
"0/1","16,20","36","99","668,0,485"
"0/1","10,8","18","99","192,0,361"
"0/1","12,9","21","99","302,0,379"
"0/1","17,11","28","99","342,0,598"
"0/1","10,16","26","99","516,0,324"
"0/1","9,18","27","99","563,0,233"
"0/1","11,9","20","99","301,0,381"
"0/1","10,15","25","99","495,0,335"
"0/1","10,15","25","99","491,0,332"
"0/1","17,6","23","99","139,0,630"
"0/1","14,14","28","99","329,0,491"
"0/1","13,12","26","99","366,0,447"
"0/1","23,21","44","99","707,0,755"
"0/1","4,11","15","99","361,0,120"
"0/1","16,14","30","99","409,0,569"
"0/1","5,9","14","99","324,0,160"
"0/1","12,6","18","99","149,0,424"
"0/1","14,5","19","99","135,0,509"
"0/1","12,13","25","99","412,0,418"
"0/1","22,10","32","99","304,0,749"
"0/1","13,11","24","99","386,0,334"
"0/1","16,9","25","99","295,0,537"
"0/1","11,11","22","99","329,0,339"
"0/1","9,14","23","99","449,0,290"
"0/1","11,15","26","99","508,0,328"
"0/1","12,14","26","99","503,0,376"
"0/1","22,11","33","99","350,0,686"
"0/1","14,16","30","99","548,0,432"
"0/1","10,20","30","99","684,0,320"
"0/1","14,14","28","99","487,0,455"
"0/1","17,16","33","99","502,0,520"
"0/1","17,9","26","99","298,0,544"
"0/1","16,14","30","99","431,0,551"
"0/1","10,9","19","99","316,0,313"
"0/1","14,9","23","99","294,0,494"
"0/1","26,16","42","99","468,0,796"
"0/1","17,16","33","99","548,0,553"
"0/1","18,12","30","99","397,0,608"
"0/1","21,13","34","99","422,0,723"
"0/1","10,14","24","99","483,0,272"
"0/1","7,14","21","99","457,0,173"
"0/1","15,13","28","99","414,0,490"
"0/1","18,14","32","99","475,0,603"
"0/1","18,22","40","99","754,0,604"
"0/1","19,17","37","99","503,0,582"
"0/1","18,11","29","99","360,0,565"
"0/1","17,13","30","99","434,0,526"
"0/1","16,15","31","99","487,0,510"
"0/1","15,11","26","99","335,0,475"
"0/1","9,14","23","99","463,0,252"
"0/1","11,6","18","99","184,0,347"
"0/1","9,6","15","99","197,0,278"
"0/1","13,11","24","99","372,0,414"
"0/1","11,10","21","99","323,0,394"
"0/1","10,9","19","99","274,0,351"
"0/1","18,10","28","99","272,0,572"
"0/1","14,6","20","99","182,0,457"
"0/1","12,11","23","99","330,0,415"
"0/1","15,10","25","99","308,0,513"
"0/1","11,15","26","99","477,0,371"
"0/1","9,10","19","99","311,0,265"
"0/1","10,8","18","99","242,0,304"
"0/1","17,13","30","99","395,0,501"
"0/1","16,10","26","99","287,0,552"
"0/1","10,13","23","99","409,0,334"
"0/1","16,12","28","99","353,0,521"
"0/1","19,8","27","99","204,0,591"
"0/1","21,7","28","99","202,0,560"
"0/1","21,17","38","99","506,0,622"
"0/1","17,16","33","99","513,0,562"
"0/1","18,11","29","99","299,0,524"
"0/1","12,22","34","99","571,0,374"
"0/1","24,16","40","99","500,0,775"
"0/1","14,23","37","99","738,0,369"
"0/1","24,20","44","99","522,0,653"
"0/1","22,25","48","99","796,0,562"
"0/1","19,27","46","99","918,0,561"
"0/1","22,18","41","99","565,0,744"
"0/1","24,10","34","99","248,0,834"
"0/1","25,9","34","99","173,0,860"
"0/1","14,10","25","99","295,0,486"
"0/1","18,11","29","99","239,0,609"
"0/1","12,17","29","99","558,0,348"
"0/1","18,19","37","99","590,0,533"
"0/1","19,18","37","99","554,0,535"
"0/1","14,19","33","99","624,0,456"
"0/1","10,20","30","99","714,0,282"
"0/1","20,14","34","99","419,0,663"
"0/1","20,14","34","99","460,0,669"
"0/1","9,13","22","99","463,0,273"
"0/1","19,17","36","99","534,0,650"
"0/1","10,15","25","99","481,0,282"
"0/1","33,24","57","99","764,0,1125"
"0/1","37,23","60","99","753,0,1328"
"0/1","58,15","73","99","323,0,1950"
"0/0","11,0","11","18","0,18,211"
"0/0","13,0","13","24","0,24,288"
"0/0","14,0","14","27","0,27,322"
"0/1","14,8","22","99","269,0,417"
"0/1","5,5","10","99","177,0,154"
"0/1","10,12","22","99","377,0,292"
"0/1","13,18","31","99","592,0,378"
"0/1","14,12","26","99","392,0,462"
"0/1","9,16","25","99","426,0,291"
"0/1","9,9","18","99","279,0,316"
"0/1","3,8","11","89","252,0,89"
"0/1","10,16","26","99","521,0,258"
"0/1","17,15","32","99","493,0,403"
"0/1","15,13","28","99","429,0,368"
"0/1","12,16","28","99","490,0,365"
"0/1","12,15","27","99","492,0,358"
"0/1","10,15","25","99","520,0,312"
"0/1","22,8","30","99","242,0,732"
"0/1","17,14","31","99","440,0,526"
"0/1","13,13","26","99","445,0,421"
"0/1","17,15","32","99","503,0,554"
"0/1","4,9","13","50","306,0,50"
"0/1","9,9","18","99","298,0,320"
"0/1","17,12","29","99","385,0,596"
"0/1","9,5","14","99","157,0,325"
"0/1","19,5","24","99","127,0,686"
"0/1","18,17","35","99","576,0,572"
"0/1","20,18","38","99","558,0,646"
"0/1","14,11","25","99","327,0,477"
"0/1","21,12","33","99","323,0,628"
"0/1","15,21","36","99","698,0,383"
"0/1","12,19","31","99","563,0,339"
"0/1","18,14","32","99","465,0,586"
"0/1","13,17","30","99","561,0,359"
"0/1","16,19","35","99","635,0,511"
"0/1","7,8","15","99","277,0,239"
"0/1","13,10","23","68","68,0,313"
"0/1","6,12","19","37","37,0,160"
"0/1","19,12","31","99","386,0,585"
"0/1","11,19","30","99","658,0,353"
"0/1","17,8","25","99","250,0,576"
"0/1","11,10","21","99","302,0,371"
"0/1","15,16","32","99","482,0,502"
"0/1","11,12","23","99","393,0,336"
"0/1","16,11","27","99","361,0,487"
"0/1","18,11","29","99","362,0,627"
"0/1","17,17","34","99","579,0,562"
"0/1","15,11","26","99","376,0,532"
"0/1","7,14","21","99","477,0,186"
"0/1","9,11","20","99","384,0,290"
"0/1","5,13","18","99","468,0,112"
"1/1","1,25","26","26","766,26,0"
"0/1","13,10","29","99","126,0,266"
"0/1","16,15","31","99","466,0,484"
"0/1","17,13","31","99","329,0,548"
"0/1","14,8","22","99","245,0,455"
"0/1","8,10","18","99","349,0,232"
"0/1","32,17","49","99","501,0,1101"
"0/1","19,11","30","99","355,0,608"
"0/1","22,9","31","99","264,0,748"
"0/1","14,19","33","99","655,0,380"
"0/1","13,15","28","99","506,0,402"
"0/1","3,14","17","32","442,0,32"
"0/1","6,9","15","99","309,0,188"
"0/1","14,15","29","99","495,0,443"
"0/1","14,5","19","99","151,0,449"
"0/1","10,6","16","99","168,0,322"
"0/1","15,10","25","99","258,0,537"
"0/1","11,17","28","99","553,0,292"
"0/1","9,14","23","99","459,0,251"
"0/1","9,17","26","99","565,0,214"
"0/1","9,7","16","99","203,0,316"
"0/1","8,6","14","99","206,0,236"
"0/1","15,10","25","99","314,0,474"
"0/1","14,16","30","99","544,0,417"
"0/1","22,13","35","99","407,0,716"
"0/1","10,13","23","99","464,0,333"
"0/1","11,18","29","99","535,0,366"
"0/1","13,6","19","99","179,0,424"
"0/1","17,15","32","99","469,0,590"
"0/1","15,16","31","99","526,0,513"
"0/1","33,7","40","90","90,0,1072"
"0/1","6,19","32","99","555,0,124"
"0/1","7,9","17","99","219,0,146"
"0/1","12,13","25","99","398,0,384"
"0/1","12,11","23","99","381,0,317"
"0/1","18,19","37","99","598,0,541"
"0/1","28,10","38","99","299,0,840"
"0/1","15,15","30","99","487,0,453"
"0/1","13,10","23","99","334,0,460"
"0/1","19,18","37","99","600,0,650"
"0/1","17,12","29","99","322,0,488"
"0/1","7,22","29","99","448,0,117"
"0/1","12,9","21","99","263,0,413"
"0/1","13,11","24","99","371,0,445"
"0/1","9,9","18","99","310,0,313"
"0/1","6,14","20","99","499,0,177"
"0/1","20,21","41","99","648,0,640"
"0/1","10,6","16","99","150,0,361"
"0/1","13,9","22","99","262,0,436"
"0/1","19,14","33","99","474,0,600"
"0/1","7,16","23","99","579,0,208"
"0/1","17,13","30","99","427,0,515"
"0/1","9,17","27","99","547,0,241"
"0/0","15,2","17","39","0,39,519"
"0/1","9,8","17","99","101,0,290"
"0/1","9,8","17","99","101,0,287"
"0/1","6,6","12","99","105,0,179"
"0/1","6,6","12","99","105,0,178"
"0/1","7,5","12","65","65,0,178"
"0/1","5,4","9","68","68,0,147"
"0/1","10,2","12","30","30,0,304"
"0/1","33,19","52","99","531,0,933"
"0/1","16,13","29","99","421,0,541"
"0/1","21,19","40","99","587,0,616"
"0/1","18,27","45","99","893,0,545"
"0/1","19,16","35","99","508,0,597"
"0/1","12,10","22","99","309,0,372"
"0/1","9,11","20","99","345,0,296"
"0/1","10,15","25","99","477,0,320"
"0/1","45,12","57","99","217,0,1110"
"0/1","15,15","30","99","446,0,528"
"0/1","19,19","38","99","568,0,601"
"0/1","13,14","27","99","420,0,442"
"0/1","9,13","22","99","379,0,306"
"0/1","10,3","13","83","83,0,358"
"0/1","13,19","32","99","662,0,431"
"0/1","8,17","25","99","581,0,254"
"0/1","10,14","24","99","493,0,295"
"1/1","1,31","32","53","1146,53,0"
"0/1","19,8","27","99","236,0,646"
"0/1","15,9","24","99","287,0,525"
"0/1","8,10","18","99","358,0,276"
"0/1","20,22","42","99","679,0,700"
"0/1","18,21","39","99","621,0,550"
"0/1","17,19","36","99","571,0,549"
"0/1","10,17","27","99","551,0,295"
"0/1","10,12","22","99","420,0,333"
"0/1","11,11","22","99","384,0,305"
"0/1","12,19","31","99","680,0,335"
"0/1","14,16","30","99","502,0,416"
"0/1","12,15","27","99","443,0,388"
"0/1","13,17","30","99","554,0,421"
"0/1","10,9","19","99","307,0,352"
"0/1","13,14","27","99","498,0,440"
"0/1","20,11","31","99","314,0,643"
"0/1","11,11","22","99","341,0,371"
"0/1","8,12","20","99","418,0,267"
"0/1","13,11","24","99","346,0,452"
"0/1","9,2","11","47","47,0,334"
"0/1","11,9","20","99","268,0,385"
"0/1","20,11","31","99","356,0,664"
"0/1","50,12","62","99","112,0,1703"
"0/1","43,14","57","99","166,0,1308"
"0/1","9,10","19","99","315,0,304"
"0/1","13,12","25","99","370,0,347"
"0/1","18,30","48","99","988,0,567"
"0/1","32,9","41","99","206,0,1074"
"0/1","11,12","23","99","389,0,347"
"0/1","12,15","28","99","467,0,346"
"0/1","11,12","23","99","404,0,344"
"0/1","7,10","17","99","350,0,231"
"0/1","5,11","16","99","397,0,149"
"0/1","13,9","22","99","283,0,424"
"0/1","14,11","25","99","366,0,461"
"0/1","14,15","29","99","523,0,391"
"0/1","12,10","22","99","338,0,425"
"0/1","19,15","34","99","448,0,542"
"0/1","13,19","32","99","563,0,389"
"0/1","13,23","36","99","790,0,396"
"0/1","22,7","29","99","194,0,760"
"0/1","15,19","34","99","651,0,483"
"0/1","17,20","37","99","658,0,573"
"0/1","5,13","18","99","482,0,149"
"0/1","11,9","20","99","279,0,350"
"0/1","5,8","13","99","251,0,171"
"0/1","7,12","19","99","416,0,220"
"0/1","13,10","23","99","298,0,432"
"0/1","12,14","26","99","457,0,401"
"0/1","11,15","26","99","531,0,372"
"0/1","6,8","14","99","285,0,167"
"0/1","10,9","19","99","315,0,346"
"0/1","6,11","17","99","357,0,198"
"0/1","9,12","21","99","397,0,305"
"0/1","10,7","17","99","232,0,247"
"0/1","10,16","26","99","526,0,291"
"0/1","11,10","21","99","351,0,391"
"0/1","3,10","13","81","361,0,81"
"0/1","4,6","10","99","207,0,133"
"0/1","13,5","18","99","153,0,470"
"0/1","9,3","12","87","87,0,284"
"0/1","12,11","23","99","340,0,412"
"0/1","11,9","20","99","299,0,390"
"0/1","16,10","26","99","300,0,545"
"0/1","8,13","21","99","458,0,263"
"0/1","7,7","14","99","240,0,242"
"0/1","14,8","22","99","175,0,418"
"0/1","10,14","24","99","492,0,327"
"0/1","14,11","25","99","334,0,492"
"0/1","25,10","35","99","289,0,805"
"0/1","17,21","38","99","730,0,442"
"0/1","9,21","30","99","640,0,232"
"0/1","12,14","26","99","474,0,411"
"0/1","13,14","27","99","458,0,440"
"0/1","15,15","30","99","454,0,513"
"0/1","11,11","22","99","378,0,365"
"0/1","12,14","26","99","412,0,396"
"0/1","12,17","29","99","506,0,350"
"0/1","12,14","26","99","452,0,415"
"0/1","15,16","31","99","478,0,483"
"0/1","15,16","31","99","475,0,486"
"0/1","9,5","14","99","131,0,290"
"0/1","9,5","14","99","127,0,286"
"0/1","6,8","14","99","284,0,198"
"0/1","11,7","18","99","221,0,362"
"0/1","8,10","18","99","341,0,209"
"0/1","14,16","30","99","521,0,485"
"0/1","5,15","20","99","494,0,117"
"0/1","13,6","19","99","195,0,364"
"0/1","13,12","25","99","411,0,380"
"0/1","6,7","13","99","237,0,207"
"0/1","15,8","23","99","260,0,541"
"0/1","7,6","13","99","204,0,250"
"0/1","7,8","15","99","251,0,245"
"0/1","9,12","21","99","407,0,273"
"0/1","10,9","19","99","270,0,318"
"0/1","4,11","15","99","398,0,120"
"0/1","18,12","30","99","388,0,640"
"0/1","15,16","31","99","522,0,479"
"0/1","10,14","24","99","436,0,338"
"0/1","11,9","20","99","189,0,386"
"0/1","9,9","19","99","224,0,319"
"0/1","10,9","19","99","269,0,353"
"0/1","16,14","30","99","398,0,498"
"0/1","16,14","30","99","437,0,509"
"0/1","12,9","21","99","309,0,359"
"0/1","21,16","37","99","484,0,665"
"0/1","21,20","41","99","602,0,695"
"0/1","10,10","20","99","315,0,353"
"0/1","8,14","22","99","387,0,272"
"0/1","8,10","18","99","349,0,262"
"0/1","5,8","13","99","293,0,134"
"0/1","5,4","9","99","123,0,176"
"0/1","9,6","15","99","201,0,273"
"0/1","13,14","27","99","457,0,427"
"0/1","20,11","31","99","365,0,606"
"0/1","9,11","20","99","380,0,267"
"0/1","8,10","18","99","343,0,194"
"0/1","8,9","17","99","270,0,236"
"0/1","7,8","15","99","279,0,244"
"0/1","10,11","21","99","319,0,294"
"0/1","10,15","25","99","539,0,324"
"0/1","13,5","18","99","138,0,459"
"0/1","7,8","16","99","275,0,224"
"0/1","8,8","16","99","248,0,214"
"0/1","9,12","21","99","390,0,287"
"0/1","8,9","17","99","316,0,278"
"0/1","13,8","21","99","263,0,469"
"0/1","10,6","16","99","200,0,313"
"0/1","9,15","24","99","516,0,286"
"0/1","12,14","26","99","413,0,380"
"0/1","8,14","22","99","471,0,222"
"0/1","8,11","19","99","335,0,275"
"0/1","8,11","19","99","350,0,268"
"0/1","14,10","24","99","296,0,451"
"0/1","12,14","26","99","424,0,373"
"0/1","9,7","16","99","234,0,321"
"0/1","12,10","22","99","347,0,362"
"0/1","18,11","29","99","339,0,549"
"0/1","19,15","34","99","480,0,536"
"0/1","15,18","34","99","559,0,446"
"0/1","16,13","29","99","341,0,425"
"0/1","17,12","29","99","346,0,498"
"0/1","15,12","27","99","280,0,489"
"0/1","19,7","26","99","180,0,536"
"0/1","21,9","30","99","155,0,706"
"0/1","18,14","32","99","397,0,594"
"0/1","22,12","34","99","357,0,710"
"0/1","35,7","42","99","171,0,767"
"0/1","19,11","30","99","317,0,463"
"0/1","15,11","26","99","288,0,296"
"0/1","13,9","22","99","267,0,322"
"0/1","15,8","23","99","255,0,414"
"0/1","9,8","17","99","276,0,231"
"0/1","10,9","19","99","307,0,352"
"0/1","9,15","24","99","403,0,272"
"0/1","13,12","25","99","328,0,390"
"0/1","10,9","19","99","298,0,345"
"0/1","7,4","11","9","9,0,248"
"0/1","7,10","17","99","356,0,226"
"0/1","10,13","23","99","374,0,323"
"0/1","13,10","23","99","333,0,380"
"0/1","7,9","16","99","292,0,241"
"0/1","19,10","29","99","288,0,614"
"0/1","25,20","45","99","510,0,628"
"0/1","20,19","39","99","562,0,589"
"0/1","16,19","35","99","569,0,508"
"0/1","16,20","36","99","562,0,530"
"0/1","15,21","36","99","733,0,406"
"0/1","23,13","36","99","358,0,620"
"0/1","11,18","29","99","518,0,337"
"0/1","11,13","24","99","418,0,333"
"0/1","13,18","31","99","555,0,367"
"0/1","18,15","33","99","478,0,554"
"0/1","17,17","34","99","562,0,514"
"0/1","19,19","38","99","619,0,624"
"0/1","7,10","17","99","337,0,238"
"0/1","11,14","25","99","479,0,371"
"0/1","13,7","20","99","179,0,435"
"0/1","21,11","32","99","345,0,664"
"0/1","8,13","21","99","396,0,235"
"0/1","6,3","9","92","92,0,218"
"0/1","14,12","26","99","411,0,464"
"0/1","13,16","29","99","535,0,379"
"0/1","12,19","31","99","544,0,361"
"0/0","28,3","31","8","0,8,491"
"0/1","17,18","35","99","547,0,568"
"0/1","5,8","13","99","283,0,170"
"0/1","13,16","29","99","567,0,442"
"0/1","8,12","20","99","430,0,269"
"0/1","9,9","18","99","306,0,312"
"0/1","13,19","32","99","618,0,407"
"0/1","16,10","26","99","320,0,526"
"0/1","7,8","15","99","282,0,240"
"0/1","6,5","11","99","167,0,216"
"0/1","5,10","15","99","283,0,157"
"0/1","20,17","37","99","482,0,413"
"0/1","8,18","26","99","532,0,179"
"0/1","23,19","42","99","490,0,741"
"0/1","15,12","27","99","304,0,490"
"0/1","16,16","32","99","423,0,416"
"0/1","14,21","35","99","703,0,394"
"0/1","11,18","29","99","584,0,296"
"0/1","17,17","34","99","580,0,527"
"0/1","18,15","33","99","486,0,500"
"0/1","18,23","41","99","737,0,471"
"0/1","16,18","34","99","632,0,547"
"0/1","13,24","37","99","802,0,269"
"0/1","7,10","17","99","314,0,231"
"0/1","7,5","12","99","161,0,246"
"0/1","11,9","20","99","238,0,393"
"0/1","6,11","17","99","401,0,153"
"0/1","10,15","25","99","512,0,231"
"0/1","15,12","27","99","361,0,479"
"0/1","22,13","35","99","426,0,649"
"0/1","9,11","20","99","344,0,306"
"0/1","7,11","18","99","358,0,204"
"0/1","10,9","19","99","310,0,318"
"0/1","17,14","31","99","448,0,585"
"0/1","9,13","22","99","381,0,301"
"0/1","15,7","22","99","193,0,482"
"0/1","11,10","21","99","300,0,383"
"0/1","18,14","32","99","458,0,622"
"0/1","14,15","29","99","522,0,473"
"0/1","17,12","29","99","331,0,602"
"0/1","14,9","23","99","297,0,463"
"0/1","6,9","15","99","324,0,194"
"0/1","16,12","28","99","379,0,573"
"0/1","13,9","22","99","287,0,382"
"0/1","14,17","32","99","559,0,366"
"0/1","21,17","38","99","557,0,731"
"0/1","18,13","31","99","438,0,579"
"0/1","13,10","23","99","273,0,453"
"0/1","13,13","26","99","402,0,446"
"0/1","7,9","16","99","319,0,203"
"0/1","11,4","15","99","108,0,401"
"0/1","12,9","21","99","277,0,415"
"0/1","9,13","22","99","449,0,301"
"0/1","13,14","27","99","444,0,392"
"0/1","17,19","36","99","649,0,547"
"0/1","21,22","43","99","651,0,640"
"0/1","22,13","35","99","418,0,591"
"0/1","11,13","24","99","452,0,374"
"0/0","18,1","19","51","0,51,688"
"0/1","13,15","28","99","505,0,432"
"0/1","24,18","42","99","529,0,852"
"0/1","7,11","18","99","321,0,244"
"0/1","10,11","21","99","389,0,335"
"0/1","12,9","21","99","299,0,421"
"0/1","12,12","24","99","365,0,396"
"0/1","17,19","36","99","668,0,431"
"0/1","14,8","22","99","230,0,436"
"0/1","15,15","30","99","505,0,504"
"0/1","14,15","29","99","517,0,410"
"0/1","22,15","37","99","491,0,723"
"0/1","19,6","25","99","181,0,584"
"0/1","12,13","25","99","441,0,345"
"0/1","16,14","30","99","467,0,512"
"0/1","10,23","33","99","834,0,297"
"0/1","7,8","15","99","248,0,245"
"0/1","11,10","21","99","327,0,389"
"0/1","9,18","27","99","606,0,289"
"0/1","17,11","28","99","364,0,486"
"0/1","12,13","25","99","410,0,411"
"0/1","14,11","25","99","341,0,460"
"0/1","16,11","27","99","298,0,539"
"0/1","23,19","42","99","599,0,758"
"0/1","20,17","37","99","528,0,629"
"0/1","13,21","34","99","656,0,393"
"0/1","26,12","38","99","359,0,886"
"0/1","19,13","32","99","411,0,613"
"0/1","12,20","32","99","665,0,375"
"0/1","21,10","31","99","295,0,718"
"0/1","9,21","30","99","761,0,277"
"0/1","23,9","32","99","266,0,778"
"0/1","23,9","32","99","268,0,798"
"0/1","19,8","27","99","254,0,625"
"0/1","12,14","26","99","409,0,420"
"0/1","12,9","21","99","286,0,390"
"0/1","19,21","40","99","676,0,613"
"0/1","17,14","31","99","411,0,546"
"0/1","11,14","25","99","486,0,335"
"0/1","14,19","33","99","585,0,459"
"0/1","10,14","24","99","496,0,292"
"0/1","6,10","16","99","356,0,161"
"0/1","11,10","21","99","346,0,285"
"0/1","9,11","20","99","343,0,307"
"0/1","10,10","20","99","308,0,331"
"0/1","9,13","22","99","399,0,310"
"0/1","12,8","20","99","263,0,382"
"0/1","15,14","29","99","471,0,398"
"0/1","18,13","31","99","437,0,505"
"0/1","19,18","37","99","545,0,609"
"0/1","6,7","13","99","209,0,197"
"0/1","10,12","22","99","417,0,330"
"0/1","14,18","32","99","610,0,435"
"0/1","15,23","38","99","792,0,425"
"0/1","15,9","24","99","245,0,531"
"0/1","8,15","23","99","516,0,263"
"0/1","13,9","22","99","264,0,452"
"0/1","10,12","22","99","414,0,307"
"0/1","12,12","24","99","408,0,365"
"0/1","13,3","16","69","69,0,427"
"0/1","17,19","36","99","586,0,540"
"0/0","2,0","2","3","0,3,37"
"0/1","11,11","22","99","342,0,260"
"0/1","14,19","33","99","662,0,383"
"0/1","7,11","18","99","240,0,118"
"0/1","13,13","26","99","450,0,437"
"0/1","16,15","31","99","469,0,558"
"0/1","9,19","28","99","600,0,282"
"0/1","8,7","15","99","182,0,205"
"0/1","15,7","22","99","212,0,504"
"0/1","14,20","34","99","625,0,457"
"0/1","19,15","34","99","498,0,668"
"0/1","20,12","33","99","351,0,619"
"0/1","14,16","30","99","526,0,481"
"0/1","15,20","35","99","674,0,451"
"0/1","13,19","32","99","542,0,443"
"0/1","18,19","37","99","607,0,544"
"0/1","14,10","24","99","313,0,437"
"0/1","19,10","29","99","254,0,652"
"0/1","12,16","28","99","523,0,369"
"0/1","22,6","28","99","128,0,765"
"0/1","12,9","21","99","288,0,402"
"0/1","10,17","27","99","562,0,258"
"0/1","10,18","28","99","649,0,323"
"0/1","11,13","24","99","406,0,371"
"0/1","18,21","39","99","705,0,570"
"0/1","24,24","48","99","756,0,629"
"0/1","16,16","32","99","551,0,522"
"0/1","15,14","29","99","473,0,453"
"0/1","11,21","32","99","707,0,280"
"0/1","11,22","33","99","697,0,351"
"0/1","11,23","34","99","689,0,337"
"0/1","11,23","34","99","692,0,356"
"0/1","14,19","33","99","620,0,460"
"0/1","13,22","35","99","640,0,397"
"0/1","19,19","38","99","563,0,600"
"0/1","21,17","38","99","568,0,615"
"0/1","20,15","35","99","504,0,593"
"0/1","22,14","37","99","391,0,741"
"0/0","24,0","24","69","0,69,908"
"0/1","16,19","35","99","538,0,529"
"0/1","13,18","31","99","528,0,419"
"0/1","15,12","27","99","352,0,498"
"0/1","19,15","34","99","422,0,596"
"0/1","13,11","25","99","245,0,418"
"0/1","23,26","49","99","787,0,729"
"0/1","21,29","51","99","934,0,661"
"0/1","17,18","35","99","613,0,498"
"0/1","20,19","40","99","636,0,592"
"0/1","14,17","31","99","443,0,334"
"0/1","13,13","26","99","436,0,453"
"0/1","18,13","31","99","403,0,513"
"0/1","17,18","35","99","617,0,513"
"0/1","13,15","28","99","477,0,406"
"0/1","11,17","28","99","481,0,298"
"0/1","24,14","38","99","344,0,725"
"0/1","12,16","28","99","563,0,358"
"0/1","13,7","20","99","213,0,472"
"0/1","17,18","35","99","586,0,576"
"0/1","16,15","31","99","472,0,545"
"0/1","3,29","32","18","1030,0,18"
"0/1","16,8","27","99","125,0,570"
"0/1","15,21","36","99","674,0,442"
"0/1","14,17","31","99","560,0,443"
"0/1","13,15","28","99","532,0,416"
"0/1","17,10","27","99","288,0,596"
"0/1","12,12","24","99","409,0,422"
"0/1","13,10","23","99","307,0,395"
"0/1","6,7","13","99","233,0,203"
"0/1","11,15","26","99","528,0,351"
"0/1","21,17","39","99","560,0,566"
"0/1","13,13","26","99","385,0,458"
"0/1","16,14","30","99","446,0,495"
"0/1","20,16","36","99","536,0,619"
"0/1","12,18","30","99","527,0,393"
"0/1","20,4","24","91","91,0,637"
"0/1","11,12","23","99","407,0,367"
"0/0","36,0","36","96","0,96,1249"
"0/1","13,9","22","99","288,0,458"
"0/1","8,21","29","99","462,0,182"
"0/1","16,14","30","99","469,0,521"
"0/1","13,9","22","99","263,0,407"
"0/1","14,17","31","99","594,0,420"
"0/1","18,22","40","99","692,0,535"
"0/1","12,20","32","99","600,0,355"
"0/1","25,18","43","99","502,0,779"
"0/1","4,5","9","99","176,0,133"
"0/0","19,0","19","48","0,48,661"
"0/1","11,11","22","99","337,0,276"
"0/1","15,12","27","99","412,0,484"
"0/1","13,9","22","99","300,0,424"
"0/1","8,14","22","99","411,0,264"
"0/1","32,5","37","31","31,0,832"
"0/1","30,4","34","22","22,0,873"
"0/1","10,18","29","99","558,0,261"
"0/1","13,12","25","99","395,0,374"
"0/1","14,17","31","99","570,0,434"
"0/1","12,14","26","99","496,0,408"
"0/1","23,4","27","82","82,0,849"
"0/1","24,5","29","99","113,0,828"
"0/1","17,15","32","99","470,0,555"
"0/1","10,15","25","99","505,0,290"
"0/1","9,17","26","99","547,0,284"
"0/1","12,15","27","99","526,0,388"
"0/1","9,8","17","99","275,0,319"
"0/1","10,10","20","99","332,0,346"
"0/1","7,10","17","99","356,0,228"
"0/1","27,11","38","93","93,0,636"
"0/0","26,3","29","32","0,32,776"
"0/1","28,7","35","61","61,0,844"
"0/1","28,8","36","58","58,0,865"
"0/1","24,19","44","99","608,0,448"
"0/1","44,10","54","99","134,0,1085"
"0/1","45,12","57","99","163,0,1143"
"0/0","27,2","29","23","0,23,948"
"0/1","11,11","22","99","226,0,317"
"0/1","15,10","25","99","239,0,519"
"0/1","4,4","8","79","79,0,134"
"0/1","17,16","33","99","479,0,592"
"0/1","18,16","34","99","542,0,623"
"0/1","9,14","23","99","487,0,285"
"0/1","7,8","15","99","277,0,231"
"0/1","29,17","46","99","515,0,988"
"0/1","15,18","33","99","629,0,457"
"0/1","10,11","21","99","374,0,294"
"0/1","12,13","25","99","402,0,420"
"0/1","15,12","27","99","338,0,512"
"0/1","12,3","15","59","59,0,160"
"0/1","12,4","18","99","130,0,121"
"0/1","15,18","33","99","558,0,456"
"0/1","19,13","32","99","391,0,563"
"0/1","12,11","23","99","319,0,292"
"0/1","14,9","23","99","217,0,460"
"0/1","16,10","26","99","186,0,339"
"0/1","20,8","29","99","221,0,503"
"0/1","24,15","40","99","431,0,630"
"0/0","27,2","29","1","0,1,891"
"0/1","15,14","29","99","473,0,517"
"0/1","32,15","47","99","440,0,969"
"0/1","13,22","35","99","765,0,412"
"0/1","17,18","35","99","590,0,533"
"0/1","14,18","32","99","579,0,474"
"0/1","16,17","33","99","576,0,467"
"0/1","16,18","34","99","584,0,468"
"0/1","9,14","23","99","361,0,276"
"0/1","10,13","23","99","396,0,266"
"0/1","18,4","23","99","106,0,454"
"0/1","16,4","20","99","103,0,385"
"0/1","19,9","28","99","237,0,580"
"0/1","21,13","34","99","346,0,663"
"0/1","19,12","31","99","379,0,637"
"0/1","17,8","25","99","214,0,594"
"0/1","17,16","33","99","412,0,536"
"0/1","18,15","33","99","434,0,536"
"0/1","21,12","33","99","391,0,654"
"0/1","19,12","31","99","400,0,630"
"0/1","20,12","32","99","393,0,665"
"0/1","15,13","28","99","433,0,499"
"0/1","17,17","34","99","574,0,569"
"0/1","17,18","35","99","616,0,506"
"0/1","17,15","32","99","411,0,499"
"0/1","18,15","33","99","485,0,607"
"0/1","17,35","52","99","952,0,430"
"1/1","0,12","12","30","409,30,0"
"0/1","10,4","14","99","129,0,281"
"0/1","10,5","15","99","109,0,343"
"1/1","1,12","13","9","414,9,0"
"0/0","20,0","23","54","0,54,719"
"1/1","0,12","13","33","421,33,0"
"0/1","14,15","29","99","521,0,447"
"0/1","18,12","30","99","395,0,597"
"0/1","16,7","23","99","182,0,577"
"0/1","14,15","29","99","500,0,439"
"0/1","17,14","31","99","437,0,600"
"0/1","19,21","40","99","694,0,568"
"0/1","17,18","35","99","589,0,502"
"0/1","13,18","33","99","426,0,317"
"0/1","13,9","22","99","255,0,446"
"0/1","12,16","28","99","555,0,335"
"0/1","12,17","29","99","566,0,371"
"0/1","20,20","40","99","611,0,666"
"0/1","12,15","27","99","496,0,357"
"0/1","19,15","34","99","474,0,639"
"0/1","17,13","30","99","407,0,555"
"0/1","11,11","22","99","362,0,378"
"0/1","18,18","36","99","627,0,521"
"0/1","18,18","36","99","606,0,544"
"0/1","21,17","38","99","474,0,693"
"0/1","12,15","28","99","449,0,327"
"0/1","17,11","28","99","318,0,567"
"0/1","6,15","21","99","495,0,179"
"0/0","20,0","20","42","0,42,530"
"0/1","24,7","32","38","38,0,416"
"0/1","27,15","46","99","158,0,371"
"0/1","13,14","27","99","418,0,407"
"0/1","17,5","22","99","132,0,575"
"0/1","17,16","33","99","375,0,507"
"0/1","7,8","15","99","287,0,205"
"0/1","15,11","26","99","378,0,453"
"0/1","9,18","27","99","580,0,256"
"0/1","10,20","30","99","679,0,319"
"0/1","9,9","18","99","271,0,258"
"0/1","16,13","29","99","347,0,383"
"0/1","14,11","25","99","279,0,442"
"0/1","19,21","40","99","577,0,629"
"0/1","17,10","27","99","311,0,568"
"0/1","11,14","25","99","455,0,289"
"0/1","12,19","31","99","639,0,350"
"0/1","14,12","26","99","385,0,390"
"0/1","13,5","18","99","151,0,475"
"0/1","14,12","26","99","385,0,489"
"0/1","13,12","25","99","381,0,387"
"0/1","9,12","21","99","346,0,308"
"0/1","9,9","18","99","274,0,319"
"0/1","18,22","40","99","691,0,587"
"0/1","13,8","21","99","258,0,387"
"0/1","9,8","17","99","266,0,313"
"0/1","12,9","21","99","230,0,429"
"0/1","14,9","23","99","301,0,473"
"0/1","11,13","24","99","448,0,343"
"0/1","10,14","24","99","417,0,339"
"0/1","9,11","20","99","319,0,313"
"0/1","3,8","11","86","278,0,86"
"0/1","17,17","34","99","547,0,542"
"0/1","15,16","31","99","508,0,408"
"0/1","13,17","30","99","536,0,411"
"0/1","13,14","27","99","418,0,452"
"0/1","13,12","25","99","380,0,452"
"0/1","16,10","26","99","320,0,507"
"0/1","15,12","27","99","397,0,508"
"0/1","12,8","20","99","184,0,388"
"0/1","14,15","29","99","447,0,455"
"0/1","12,21","33","99","724,0,310"
"0/1","19,21","40","99","619,0,615"
"0/0","42,0","42","99","0,114,1519"
"0/1","12,16","28","99","526,0,363"
"0/1","17,19","36","99","614,0,542"
"0/1","18,9","27","99","239,0,624"
"1/1","0,23","23","69","907,69,0"
"0/1","13,18","31","99","566,0,403"
"0/1","28,11","39","99","216,0,489"
"0/1","10,8","18","99","276,0,355"
"0/1","7,14","21","99","401,0,192"
"0/0","21,0","21","39","0,39,487"
"0/1","7,10","17","99","359,0,155"
"0/1","20,13","33","99","395,0,681"
"0/1","17,9","26","99","267,0,484"
"0/1","13,19","32","99","574,0,406"
"0/1","9,8","17","99","273,0,267"
"0/1","6,13","19","99","416,0,160"
"0/1","13,12","25","99","254,0,415"
"0/1","9,8","17","99","274,0,315"
"0/1","12,9","21","99","304,0,355"
"0/1","12,5","17","99","125,0,407"
"0/1","15,12","27","99","368,0,531"
"0/1","22,20","42","99","547,0,688"
"0/1","20,22","42","99","716,0,625"
"0/1","17,23","40","99","687,0,446"
"0/1","19,20","39","99","611,0,593"
"0/1","13,16","29","99","515,0,420"
"0/1","17,13","30","99","435,0,550"
"0/1","6,13","19","99","365,0,199"
"0/1","10,10","20","99","345,0,344"
"1/1","4,23","27","13","537,13,0"
"0/1","4,22","26","16","580,0,16"
"0/1","18,14","32","99","428,0,521"
"0/1","19,11","30","99","354,0,578"
"0/1","18,17","35","99","576,0,494"
"0/1","20,5","25","44","44,0,556"
"0/1","9,9","18","99","266,0,319"
"0/1","5,11","16","99","383,0,161"
"0/1","12,10","22","99","294,0,353"
"0/1","16,6","22","99","179,0,541"
"0/1","16,15","31","99","521,0,482"
"0/1","19,16","35","99","546,0,612"
"0/1","11,13","24","99","358,0,383"
"0/1","16,12","28","99","403,0,497"
"0/1","13,13","26","99","412,0,435"
"0/1","36,17","53","99","209,0,915"
"0/1","40,15","55","99","201,0,937"
"0/1","47,16","63","99","271,0,895"
"0/0","51,0","51","99","0,117,1437"
"0/1","19,7","27","99","151,0,441"
"0/1","11,8","19","99","158,0,225"
"0/1","59,15","74","99","193,0,1454"
"0/1","30,11","41","99","186,0,904"
"0/1","48,16","64","99","155,0,1164"
"0/1","7,11","18","99","330,0,210"
"0/1","22,4","26","36","36,0,698"
"0/1","30,10","40","99","156,0,927"
"0/0","29,1","30","58","0,58,1060"
"0/1","7,15","22","99","477,0,223"
"0/1","12,11","23","99","248,0,380"
"0/1","32,13","45","99","273,0,642"
"0/1","54,14","70","87","87,0,1044"
"0/1","23,15","41","34","34,0,387"
"0/1","21,6","30","17","17,0,471"
"0/1","21,11","34","99","108,0,606"
"0/1","6,4","14","59","125,0,59"
"0/1","6,6","12","99","201,0,169"
"0/1","9,8","17","99","272,0,315"
"0/1","17,13","30","99","407,0,526"
"0/1","11,10","21","99","308,0,381"
"0/1","14,13","27","99","440,0,480"
"0/1","10,12","23","99","430,0,338"
"0/1","9,16","25","99","535,0,279"
"0/1","8,18","26","99","588,0,253"
"0/1","19,19","38","99","580,0,588"
"0/1","19,24","43","99","795,0,593"
"0/1","13,9","22","99","272,0,385"
"0/1","15,14","29","99","453,0,436"
"0/1","12,14","26","99","413,0,391"
"0/1","21,19","40","99","545,0,688"
"0/1","14,21","35","99","660,0,456"
"0/1","14,14","28","99","448,0,464"
"0/1","19,22","42","99","677,0,547"
"0/0","20,1","21","57","0,57,747"
"0/1","19,13","32","99","396,0,599"
"0/1","14,10","24","99","314,0,490"
"0/1","9,8","17","99","279,0,271"
"0/1","14,22","36","99","664,0,367"
"0/1","16,19","35","99","638,0,537"
"0/1","14,15","29","99","507,0,420"
"0/1","9,18","27","99","572,0,244"
"0/1","13,18","31","99","627,0,365"
"0/1","16,19","35","99","623,0,476"
"0/1","15,18","33","99","537,0,486"
"0/1","23,16","39","99","454,0,622"
"0/1","21,19","40","99","595,0,663"
"0/1","32,8","40","99","193,0,953"
"0/1","21,11","32","99","329,0,686"
"0/1","12,28","40","99","901,0,331"
"0/1","13,23","36","99","788,0,354"
"0/1","10,8","18","99","238,0,336"
"0/1","8,12","20","99","412,0,264"
"0/1","10,15","25","99","499,0,317"
"0/1","11,17","28","99","501,0,314"
"0/1","22,21","43","99","637,0,666"
"0/1","16,21","37","99","694,0,470"
"0/1","14,19","33","99","664,0,395"
"0/1","16,21","37","99","703,0,455"
"0/1","20,27","47","99","884,0,572"
"0/1","15,13","28","99","409,0,489"
"0/1","6,8","14","99","235,0,198"
"0/1","15,11","26","99","375,0,460"
"0/1","21,14","35","99","402,0,706"
"0/1","11,14","25","99","465,0,339"
"0/1","11,19","30","99","692,0,318"
"0/1","11,11","22","99","377,0,341"
"0/1","12,15","27","99","505,0,365"
"0/1","20,10","30","99","299,0,673"
"0/1","11,12","23","99","349,0,380"
"0/1","19,17","36","99","544,0,653"
"0/1","16,12","28","99","282,0,514"
"0/1","15,16","31","99","506,0,496"
"0/1","21,18","39","99","542,0,662"
"0/1","20,17","37","99","513,0,652"
"0/1","19,21","40","99","627,0,574"
"0/1","13,9","22","99","262,0,463"
"0/1","17,17","34","99","590,0,511"
"0/1","15,19","34","99","656,0,441"
"0/1","22,23","45","99","736,0,704"
"0/0","31,0","31","93","0,93,1209"
"0/1","14,13","27","99","405,0,470"
"0/1","16,16","32","99","476,0,488"
"0/1","14,20","34","99","578,0,455"
"0/0","31,1","32","65","0,65,1168"
"0/0","31,1","32","62","0,62,1111"
"0/1","23,8","32","99","162,0,680"
"0/1","20,7","27","99","188,0,660"
"0/1","17,9","26","99","272,0,563"
"0/1","15,13","28","99","428,0,459"
"0/0","38,0","38","99","0,114,1477"
"0/1","10,7","17","99","233,0,330"
"0/0","22,1","23","20","0,20,729"
"0/1","17,16","33","99","550,0,592"
"0/1","17,13","30","99","393,0,528"
"0/1","20,10","30","99","304,0,715"
"0/0","13,0","13","39","0,39,518"
"0/1","11,22","33","99","756,0,186"
"0/0","39,1","40","99","0,108,1417"
"0/0","36,0","36","99","0,102,1341"
"0/1","10,15","25","99","504,0,331"
"0/1","20,17","37","99","525,0,581"
"0/1","26,24","50","99","728,0,670"
"0/1","53,9","62","65","65,0,1459"
"0/1","9,17","26","99","569,0,284"
"0/1","16,23","39","99","785,0,323"
"0/1","61,10","72","99","168,0,1514"
"0/1","58,17","75","99","247,0,1482"
"0/1","66,13","79","99","124,0,1554"
"0/1","29,4","33","60","60,0,932"
"0/1","25,8","33","73","73,0,699"
"0/1","17,6","24","99","105,0,503"
"0/1","18,5","23","54","54,0,587"
"0/1","182,32","214","99","470,0,6007"
"0/1","80,15","95","93","93,0,2153"
"0/1","72,16","88","99","111,0,2289"
"0/1","73,11","84","34","34,0,2240"
"0/1","11,11","23","99","342,0,253"
"0/1","14,16","30","99","460,0,488"
"0/1","10,12","22","99","431,0,250"
"0/1","82,18","102","99","228,0,2187"
"0/1","79,14","93","99","212,0,2262"
"0/1","77,12","89","99","190,0,2281"
"0/1","75,13","89","99","218,0,2212"
"0/1","98,21","119","99","437,0,3510"
"0/1","99,23","122","99","469,0,3431"
"0/1","57,5","63","21","21,0,1911"
"0/1","105,31","136","99","732,0,3492"
"0/1","26,4","30","39","39,0,813"
"0/1","64,7","73","75","75,0,1861"
"0/1","16,19","35","99","654,0,533"
"0/1","15,17","32","99","572,0,503"
"0/1","78,9","88","45","45,0,2273"
"0/1","22,118","140","99","4014,0,408"
"0/1","72,21","93","99","559,0,2396"
"0/1","21,13","34","99","267,0,593"
"0/0","33,0","33","75","0,75,985"
"0/1","18,26","44","99","920,0,535"
"0/1","25,14","39","99","402,0,869"
"0/0","50,0","50","99","0,132,1708"
"0/0","46,3","49","20","0,20,1476"
"1/1","0,54","54","99","1821,144,0"
"0/0","31,7","38","3","0,3,1028"
"0/1","88,18","106","99","352,0,2361"
"0/1","16,6","22","53","53,0,474"
"0/1","101,15","116","99","199,0,3066"
"0/1","95,16","116","99","274,0,2849"
"0/1","18,15","33","99","470,0,565"
"0/1","33,12","45","27","27,0,1024"
"0/0","10,0","10","27","0,27,349"
"0/1","34,5","39","63","63,0,1187"
"0/1","40,11","51","99","232,0,1093"
"0/1","7,5","15","59","59,0,165"
"0/1","60,14","74","99","211,0,1868"
"0/1","98,9","107","60","60,0,2450"
"0/1","105,10","115","69","69,0,2796"
"0/0","54,5","59","15","0,15,1641"
"0/1","33,6","40","87","87,0,1046"
"0/1","38,9","47","99","122,0,1110"
"0/1","42,9","51","99","118,0,1220"
"0/1","59,17","76","99","375,0,2069"
"0/1","40,11","52","99","258,0,1420"
"0/1","20,14","34","99","397,0,580"
"0/1","14,3","17","75","75,0,469"
"0/1","37,10","47","99","107,0,1218"
"0/0","31,5","36","8","0,8,983"
"0/0","57,0","57","99","0,147,1883"
"0/1","43,13","56","99","203,0,1356"
"0/1","44,13","57","99","198,0,1414"
"0/1","19,16","35","99","465,0,623"
"0/1","19,6","25","85","85,0,564"
"0/1","18,6","24","85","85,0,547"
"0/1","18,6","24","88","88,0,516"
"0/1","32,6","38","99","137,0,1000"
"0/1","29,5","34","99","107,0,854"
"0/1","34,7","41","99","126,0,884"
"0/1","26,7","35","99","115,0,838"
"0/1","27,10","37","99","207,0,946"
"0/1","28,7","35","99","174,0,860"
"0/0","49,4","53","64","0,64,1614"
"0/1","103,19","122","99","330,0,3090"
"0/1","43,10","53","96","96,0,1173"
"0/1","46,8","54","71","71,0,1142"
"0/1","28,6","35","21","21,0,965"
"0/1","40,11","51","99","213,0,1132"
"1/1","2,35","37","99","1321,99,0"
"0/1","18,16","34","99","539,0,579"
"0/1","16,23","39","99","626,0,429"
"0/1","17,14","31","99","437,0,533"
"0/1","13,17","30","99","425,0,385"
"0/1","16,18","34","99","542,0,468"
"0/1","8,14","22","99","503,0,255"
"0/1","12,16","28","99","571,0,339"
"0/1","16,7","24","46","46,0,344"
"0/1","33,6","42","72","72,0,400"
"0/1","10,18","28","99","638,0,275"
"0/1","16,14","30","99","459,0,569"
"0/1","13,18","31","99","610,0,392"
"0/1","13,18","31","99","615,0,443"
"0/1","11,10","21","99","330,0,374"
"0/1","12,14","26","99","461,0,386"
"0/1","17,10","27","99","309,0,602"
"0/1","15,8","23","99","248,0,532"
"0/1","4,5","11","99","118,0,130"
"0/0","11,0","11","30","0,30,359"
"0/1","30,14","45","99","392,0,447"
"0/1","27,12","39","99","189,0,423"
"0/1","1,14","15","25","93,0,25"
"0/1","17,22","39","99","693,0,529"
"0/1","18,18","36","99","600,0,557"
"0/1","18,22","40","99","701,0,586"
"0/1","14,14","28","99","419,0,468"
"0/1","9,15","24","99","492,0,291"
"0/1","14,18","32","99","533,0,370"
"0/1","15,16","31","99","518,0,422"
"0/1","14,19","33","99","578,0,463"
"0/1","11,14","25","99","403,0,292"
"0/1","9,28","37","99","899,0,179"
"0/1","13,13","26","99","298,0,295"
"0/1","13,11","24","99","332,0,430"
"0/1","13,13","26","99","342,0,402"
"0/1","11,22","33","99","711,0,354"
"0/1","16,11","27","99","283,0,374"
"0/1","9,8","17","99","217,0,241"
"0/1","14,17","31","99","558,0,400"
"0/1","10,6","16","99","102,0,292"
"0/1","15,9","24","99","289,0,518"
"0/1","18,13","32","99","326,0,452"
"0/1","18,13","31","99","422,0,596"
"0/0","15,0","15","39","0,39,516"
"0/0","21,0","21","60","0,60,799"
"0/1","13,20","33","99","712,0,401"
"1/1","0,13","13","39","504,39,0"
"0/1","12,14","26","99","422,0,394"
"0/1","15,17","32","99","435,0,437"
"0/1","22,16","38","99","516,0,713"
"0/1","15,16","31","99","548,0,474"
"0/1","20,14","34","99","453,0,678"
"0/1","20,11","31","99","345,0,677"
"0/1","11,8","19","99","238,0,356"
"0/1","15,12","27","99","323,0,521"
"0/1","17,13","31","99","295,0,545"
"0/1","12,6","18","99","136,0,339"
"0/1","24,6","30","99","108,0,864"
"0/1","23,6","29","99","111,0,818"
"0/1","20,7","27","99","142,0,712"
"0/1","8,6","14","99","100,0,223"
"0/1","10,4","14","99","121,0,356"
"0/0","24,0","24","51","0,51,690"
"0/1","16,16","33","99","370,0,480"
"0/1","16,20","36","99","644,0,488"
"0/1","14,12","26","99","398,0,473"
"0/1","8,5","13","77","77,0,164"
"0/1","18,15","34","99","442,0,515"
"0/0","29,0","29","75","0,75,996"
"0/1","13,19","32","99","618,0,368"
"0/1","37,5","42","44","44,0,1182"
"0/1","25,11","36","99","257,0,764"
"0/1","14,6","20","99","183,0,502"
"0/1","11,12","23","99","365,0,357"
"0/1","10,9","19","99","271,0,313"
"0/0","30,0","30","87","0,87,1138"
"0/0","29,0","29","84","0,84,1092"
"0/0","27,0","27","81","0,81,1038"
"0/0","26,0","26","72","0,72,955"
"0/0","28,0","28","75","0,75,989"
"0/1","22,14","36","99","456,0,743"
"0/1","6,19","25","99","675,0,162"
"0/1","16,5","21","99","142,0,591"
"0/1","5,16","21","99","574,0,102"
"0/1","12,11","23","99","341,0,415"
"0/0","23,0","23","66","0,66,905"
"0/0","24,0","24","69","0,69,922"
"0/0","24,0","24","69","0,69,924"
"0/1","12,20","32","99","576,0,383"
"0/1","15,20","35","99","699,0,508"
"0/1","20,19","39","99","599,0,602"
"0/0","38,0","38","99","0,105,1399"
"0/1","18,14","32","99","461,0,625"
"0/1","15,10","25","99","280,0,522"
"0/1","13,20","33","99","674,0,384"
"0/1","20,19","39","99","645,0,682"
"0/1","12,14","26","99","455,0,370"
"0/1","7,13","20","99","429,0,230"
"0/0","21,0","21","63","0,63,827"
"0/1","10,9","19","99","261,0,300"
"0/1","10,8","18","99","256,0,267"
"0/1","6,8","14","99","284,0,160"
"0/1","6,6","12","99","210,0,160"
"0/1","9,16","25","99","536,0,253"
"0/0","18,0","18","48","0,48,636"
"0/1","10,15","25","99","522,0,297"
"0/1","8,12","20","99","369,0,202"
"0/1","16,14","30","99","446,0,518"
"0/0","26,0","26","66","0,66,867"
"0/1","9,18","27","99","517,0,249"
"0/1","6,3","9","25","25,0,150"
"0/1","28,6","34","76","76,0,787"
"0/1","18,14","32","99","461,0,541"
"0/1","20,15","35","99","398,0,583"
"0/1","14,13","27","99","417,0,437"
"0/1","31,5","36","47","47,0,816"
"0/1","31,5","36","44","44,0,868"
"0/1","32,5","37","38","38,0,935"
"0/1","24,20","44","99","628,0,741"
"0/1","17,26","43","99","787,0,541"
"0/1","17,16","33","99","547,0,510"
"0/1","19,14","33","99","228,0,547"
"1/1","1,14","16","21","249,21,0"
"0/1","16,23","39","99","794,0,465"
"0/0","12,0","16","30","0,30,389"
"0/1","19,16","35","99","456,0,573"
"0/1","14,8","22","99","155,0,229"
"0/1","17,9","26","99","234,0,370"
"0/1","71,16","87","99","117,0,1461"
"1/1","1,35","37","81","1018,81,0"
"0/1","11,18","29","99","548,0,342"
"0/1","15,17","32","99","465,0,502"
"0/1","8,16","24","99","556,0,245"
"0/1","10,19","29","99","573,0,245"
"0/1","13,13","26","99","431,0,435"
"0/1","17,4","22","18","18,0,513"
"0/1","16,6","22","38","38,0,309"
"0/1","8,13","21","99","460,0,224"
"0/1","14,13","27","99","402,0,372"
"0/1","13,12","25","99","344,0,401"
"0/1","20,11","33","99","185,0,624"
"0/1","19,12","33","99","223,0,574"
"0/1","21,12","33","99","220,0,594"
"0/1","15,11","26","99","269,0,481"
"0/1","38,18","56","99","107,0,909"
"0/1","34,6","40","99","110,0,807"
"0/1","14,18","32","99","620,0,471"
"0/1","17,11","28","99","348,0,585"
"0/1","6,14","20","99","489,0,167"
"0/1","15,12","27","99","324,0,511"
"0/1","12,9","21","99","293,0,344"
"0/1","17,12","29","99","376,0,572"
"0/1","11,15","26","99","476,0,288"
"0/1","10,20","30","99","632,0,320"
"0/1","14,9","23","99","260,0,453"
"0/1","7,18","25","99","572,0,137"
"1/1","0,25","25","69","901,69,0"
"0/1","6,5","11","99","148,0,169"
"1/1","1,18","19","17","600,17,0"
"1/1","1,18","19","17","632,17,0"
"0/0","19,1","21","51","0,51,674"
"1/1","0,3","4","9","120,9,0"
"0/1","12,17","29","99","512,0,393"
"0/1","10,2","12","49","49,0,340"
"1/1","2,14","16","8","519,8,0"
"0/1","17,21","38","99","706,0,567"
"0/1","13,20","33","99","626,0,424"
"0/1","9,15","24","99","489,0,152"
"0/1","13,16","29","99","449,0,354"
"0/1","21,19","40","99","506,0,700"
"0/1","24,19","43","99","567,0,805"
"0/1","9,12","21","99","382,0,302"
"0/1","9,10","20","99","340,0,263"
"0/1","25,16","41","99","525,0,787"
"0/1","18,13","31","99","353,0,542"
"0/0","11,0","11","33","0,33,422"
"0/1","8,16","25","99","373,0,206"
"0/1","13,16","29","99","448,0,387"
"0/1","20,10","30","99","311,0,612"
"0/1","12,17","29","99","558,0,335"
"0/1","15,14","29","99","482,0,509"
"0/1","24,18","42","99","546,0,683"
"0/1","19,19","38","99","623,0,583"
"0/1","41,12","53","99","278,0,1200"
"0/0","26,3","29","8","0,8,912"
"0/1","30,7","39","71","71,0,695"
"0/1","12,11","23","99","328,0,402"
"0/0","19,0","19","54","0,54,718"
"0/0","19,0","19","57","0,57,731"
"0/0","20,0","20","57","0,57,753"
"0/1","13,10","23","99","281,0,463"
"0/1","21,15","36","99","490,0,710"
"0/1","16,13","29","99","428,0,523"
"0/1","9,6","15","99","184,0,260"
"0/1","15,11","26","99","325,0,485"
"0/1","14,22","36","99","561,0,175"
"0/1","25,11","36","99","306,0,271"
"0/1","17,12","29","99","357,0,571"
"0/1","16,15","31","99","474,0,522"
"0/1","14,8","22","99","251,0,490"
"0/1","13,12","25","99","405,0,395"
"0/1","17,18","35","99","503,0,537"
"0/1","16,13","30","99","422,0,507"
"0/1","20,11","31","99","334,0,638"
"0/1","13,14","27","99","487,0,427"
"0/1","11,14","25","99","444,0,360"
"0/1","10,6","16","99","186,0,359"
"0/0","15,0","16","42","0,42,566"
"0/1","11,22","33","99","677,0,350"
"0/1","14,10","24","99","326,0,409"
"0/1","16,15","31","99","510,0,548"
"0/1","11,13","24","99","413,0,374"
"0/1","16,12","28","99","372,0,423"
"0/1","13,13","26","99","402,0,419"
"0/1","15,17","34","99","590,0,465"
"0/1","17,17","34","99","568,0,534"
"0/1","33,9","42","99","141,0,1140"
"0/1","32,7","39","33","33,0,1138"
"0/1","30,7","37","31","31,0,1114"
"0/1","30,8","38","76","76,0,1069"
"0/1","24,19","43","99","627,0,688"
"0/1","14,19","33","99","505,0,440"
"0/1","13,15","28","99","520,0,366"
"0/0","15,0","15","18","0,18,223"
"0/1","13,12","25","99","383,0,366"
"0/1","14,9","23","99","250,0,448"
"0/1","10,16","26","99","487,0,327"
"0/1","12,34","46","99","796,0,293"
"0/1","37,11","51","75","75,0,811"
"0/1","36,14","50","99","191,0,846"
"0/1","9,11","20","99","373,0,301"
"0/1","15,12","27","99","376,0,499"
"0/1","17,10","27","99","306,0,601"
"0/1","16,10","26","99","302,0,552"
"0/1","19,11","30","99","358,0,517"
"0/1","18,12","30","99","358,0,550"
"0/1","17,13","30","99","427,0,561"
"0/1","16,14","30","99","463,0,483"
"0/1","13,8","21","99","232,0,406"
"0/1","5,9","14","99","315,0,155"
"0/1","6,9","15","99","310,0,186"
"0/1","5,10","15","99","318,0,155"
"0/1","6,11","17","99","351,0,192"
"0/1","6,11","17","99","363,0,182"
"0/1","16,13","29","99","436,0,535"
"0/1","15,13","28","99","443,0,512"
"0/1","15,10","25","99","337,0,511"
"0/1","16,10","26","99","329,0,563"
"0/1","18,11","29","99","366,0,590"
"0/1","16,10","26","99","322,0,533"
"0/1","17,10","27","99","314,0,542"
"0/1","17,10","27","99","324,0,598"
"0/1","15,11","26","99","371,0,481"
"0/1","13,17","30","99","533,0,440"
"0/1","14,17","31","99","523,0,464"
"0/1","14,17","31","99","598,0,481"
"0/1","15,14","29","99","449,0,525"
"0/1","8,10","18","99","351,0,264"
"0/1","12,7","19","99","212,0,430"
"0/1","10,8","18","99","255,0,348"
"0/1","9,9","18","99","303,0,301"
"0/1","15,21","36","99","716,0,491"
"0/1","16,16","32","99","426,0,481"
"0/1","14,13","27","99","384,0,448"
"0/1","12,18","31","99","573,0,310"
"0/1","19,22","41","99","721,0,464"
"0/1","19,19","38","99","592,0,426"
"0/1","16,10","26","99","324,0,502"
"0/1","10,13","23","99","400,0,325"
"0/1","18,10","28","99","322,0,622"
"0/1","12,15","27","99","494,0,384"
"0/1","12,15","27","99","488,0,380"
"0/1","12,17","29","99","562,0,358"
"0/1","15,20","35","99","684,0,449"
"0/1","14,17","31","99","593,0,427"
"0/1","14,17","31","99","600,0,397"
"0/1","14,18","32","99","585,0,427"
"0/1","12,17","29","99","565,0,348"
"0/1","9,17","26","99","563,0,294"
"0/1","16,13","29","99","355,0,491"
"0/1","14,14","28","99","430,0,446"
"0/1","14,17","31","99","481,0,435"
"0/1","15,15","30","99","489,0,456"
"0/1","17,21","38","99","655,0,533"
"0/1","16,22","38","99","765,0,493"
"0/1","16,23","39","99","802,0,512"
"0/1","16,23","39","99","796,0,488"
"0/1","19,22","41","99","680,0,628"
"0/1","18,18","37","99","587,0,504"
"0/1","17,23","40","99","727,0,487"
"0/1","19,24","43","99","753,0,514"
"0/1","2,21","24","44","300,0,44"
"0/1","7,6","13","99","207,0,178"
"0/1","10,3","13","81","81,0,279"
"0/1","13,12","25","99","402,0,452"
"0/1","2,12","14","35","426,0,35"
"0/1","13,12","25","99","405,0,442"
"0/0","26,0","26","72","0,72,980"
"0/0","21,0","21","54","0,54,741"
"0/1","10,9","19","99","235,0,351"
"0/1","19,8","27","99","249,0,618"
"0/1","19,24","43","99","800,0,648"
"0/1","6,10","16","99","312,0,200"
"0/1","9,10","19","99","324,0,270"
"0/0","19,0","19","48","0,48,665"
"0/1","58,34","94","99","686,0,1338"
"0/1","17,14","31","99","356,0,564"
"0/1","12,14","26","99","442,0,414"
"0/1","12,7","19","99","230,0,388"
"0/0","28,0","30","69","0,69,859"
"0/0","55,5","61","15","0,15,1494"
"0/0","49,4","53","39","0,39,1486"
"0/0","48,7","56","76","0,76,1530"
"0/0","46,5","52","31","0,31,1317"
"0/1","9,22","31","99","648,0,261"
"0/1","25,7","34","99","158,0,751"
"0/1","33,14","47","99","309,0,989"
"0/1","32,14","46","99","284,0,993"
"0/1","31,14","45","99","259,0,969"
"0/1","14,15","29","99","482,0,479"
"0/1","14,15","29","99","495,0,422"
"0/1","13,11","24","99","330,0,442"
"0/1","20,6","27","64","64,0,265"
"0/0","17,4","22","9","0,9,384"
"0/1","12,10","23","99","295,0,276"
"0/1","11,10","22","99","285,0,336"
"0/1","11,12","23","99","348,0,163"
"0/1","14,8","22","99","216,0,383"
"0/1","16,9","25","99","239,0,453"
"0/1","11,15","26","99","483,0,304"
"0/1","15,7","23","99","179,0,339"
"0/1","10,25","35","99","740,0,302"
"0/1","16,9","25","99","259,0,477"
"0/1","7,16","23","99","538,0,216"
"0/1","17,6","23","99","174,0,564"
"0/1","15,7","22","99","223,0,466"
"0/1","44,11","57","99","134,0,1114"
"0/1","9,9","18","99","313,0,252"
"0/1","13,16","29","99","519,0,388"
"0/1","4,22","26","67","752,0,67"
"0/1","7,10","18","99","273,0,109"
"0/1","12,27","39","99","792,0,356"
"0/1","10,14","24","99","411,0,293"
"0/1","8,7","15","99","197,0,273"
"0/1","12,17","29","99","510,0,399"
"0/1","11,18","29","99","639,0,352"
"0/0","8,0","8","18","0,18,210"
"0/1","17,23","40","99","693,0,515"
"1/1","0,9","9","21","228,21,0"
"0/1","15,26","41","99","801,0,417"
"0/0","33,1","34","87","0,87,1049"
"1/1","0,32","32","93","1216,93,0"
"0/1","17,19","36","99","610,0,463"
"0/1","20,17","37","99","462,0,649"
"0/1","21,12","33","99","398,0,721"
"0/1","17,19","36","99","459,0,514"
"0/1","14,8","22","99","242,0,491"
"0/0","6,0","7","12","0,12,151"
"0/0","7,1","8","9","0,9,117"
"0/1","13,6","19","99","186,0,461"
"0/1","13,6","19","99","182,0,468"
"0/1","12,17","29","99","566,0,362"
"0/1","10,12","22","99","423,0,337"
"0/1","15,14","30","99","400,0,370"
"0/1","13,12","25","99","417,0,388"
"0/1","13,20","33","99","674,0,386"
"0/1","14,13","27","99","398,0,417"
"0/1","7,12","19","99","398,0,233"
"0/1","5,14","19","99","472,0,141"
"0/1","8,10","18","99","352,0,269"
"0/1","11,14","25","99","459,0,337"
"0/0","22,0","23","48","0,48,609"
"0/0","19,3","23","8","0,8,500"
"0/1","19,15","34","99","499,0,602"
"0/1","10,17","27","99","591,0,323"
"0/1","18,11","29","99","296,0,558"
"0/1","17,10","27","99","282,0,535"
"0/1","11,7","18","99","231,0,355"
"0/1","10,7","17","99","158,0,362"
"0/1","11,6","17","99","182,0,381"
"0/1","11,5","16","99","121,0,347"
"0/1","11,10","21","99","335,0,343"
"0/1","3,1","4","25","25,0,113"
"0/1","3,7","10","95","213,0,95"
"0/1","12,11","23","99","333,0,408"
"0/1","7,10","17","99","332,0,203"
"0/1","11,12","23","99","387,0,331"
"0/1","9,16","25","99","544,0,291"
"0/1","18,10","28","99","323,0,655"
"0/1","13,6","19","99","182,0,424"
"0/0","20,0","20","45","0,45,589"
"0/1","31,4","35","25","25,0,816"
"0/1","14,16","30","99","557,0,471"
"0/0","24,0","24","69","0,69,893"
"0/1","21,12","33","99","351,0,661"
"0/1","16,10","26","99","308,0,564"
"0/1","21,12","33","99","381,0,713"
"0/1","15,12","27","99","347,0,533"
"0/1","18,5","24","99","99,0,537"
"0/1","17,5","24","93","93,0,543"
"0/0","32,0","32","84","0,84,1113"
"0/0","26,0","26","75","0,75,1000"
"0/1","17,17","34","99","569,0,539"
"0/1","20,18","38","99","563,0,684"
"0/1","10,13","23","99","437,0,246"
"0/1","13,12","29","99","268,0,176"
"0/1","10,3","14","18","18,0,64"
"0/1","4,6","10","99","210,0,127"
"0/1","9,6","15","99","198,0,319"
"0/1","14,5","19","99","150,0,511"
"0/1","10,8","19","99","124,0,145"
"0/0","36,2","39","90","0,90,1075"
"0/1","59,18","77","99","451,0,1943"
"1/1","3,12","15","12","152,12,0"
"0/1","28,4","32","31","31,0,927"
"0/1","23,3","26","50","50,0,785"
"0/1","23,3","26","42","42,0,792"
"0/0","24,0","24","69","0,69,916"
"0/0","22,0","22","63","0,63,838"
"0/0","22,0","22","63","0,63,806"
"0/0","37,0","37","99","0,105,1412"
"0/0","34,0","34","99","0,99,1295"
"0/1","26,7","33","99","116,0,850"
"0/1","30,8","38","99","201,0,923"
"0/0","31,0","31","84","0,84,1098"
"0/0","27,0","27","78","0,78,1035"
"0/0","35,3","38","59","0,59,1209"
"0/1","77,13","90","99","222,0,2548"
"0/1","81,12","93","99","170,0,2627"
"0/1","78,12","91","99","192,0,2537"
"0/1","83,13","96","99","163,0,2713"
"0/2","35,0,21","56","99","423,516,1614,0,1098,1056"
"0/1","36,4","40","6","6,0,1218"
"0/0","26,0","27","45","0,45,584"
"0/1","28,11","39","99","300,0,925"
"0/1","31,10","41","99","273,0,1042"
"0/0","58,0","58","99","0,163,2150"
"0/0","63,0","63","99","0,169,2210"
"0/1","50,15","65","99","276,0,1574"
"0/1","12,11","23","99","294,0,356"
"0/0","26,0","26","75","0,75,1004"
"0/1","10,7","17","99","239,0,316"
"0/1","6,11","17","99","398,0,176"
"0/1","9,9","18","99","297,0,266"
"0/1","5,9","14","99","297,0,154"
"0/1","5,10","15","99","342,0,152"
"0/1","5,10","15","99","342,0,154"
"0/1","11,12","23","99","408,0,223"
"0/1","19,7","26","99","202,0,464"
"0/1","13,8","21","99","267,0,413"
"0/1","5,11","16","99","383,0,149"
"0/1","9,14","23","99","464,0,290"
"0/1","19,7","26","99","211,0,641"
"0/1","8,9","17","99","277,0,223"
"0/1","5,13","18","99","368,0,127"
"0/1","14,18","32","99","557,0,484"
"0/1","8,8","16","99","212,0,170"
"0/1","15,14","29","99","396,0,441"
"0/1","11,10","21","99","268,0,310"
"0/1","13,11","24","99","305,0,374"
"0/1","7,11","18","99","354,0,194"
"0/1","14,21","35","99","661,0,431"
"0/1","14,16","30","99","551,0,364"
"0/1","14,15","29","99","499,0,466"
"0/1","17,15","32","99","475,0,590"
"0/1","16,18","34","99","617,0,451"
"0/1","23,12","35","99","381,0,582"
"0/1","27,22","49","99","588,0,733"
"0/1","46,6","52","42","42,0,1571"
"0/1","46,6","52","86","86,0,1593"
"0/1","43,5","49","41","41,0,1513"
"0/1","37,4","41","26","26,0,1322"
"0/1","16,16","32","99","507,0,539"
"0/1","27,7","34","95","95,0,937"
"0/1","27,9","36","99","204,0,915"
"0/1","27,9","36","99","176,0,932"
"0/1","29,9","38","99","202,0,997"
"0/1","19,14","33","99","419,0,630"
"0/1","16,12","28","99","394,0,518"
"0/1","13,18","31","99","583,0,437"
"0/1","13,11","24","99","380,0,420"
"0/1","5,11","16","99","367,0,152"
"0/1","19,21","40","99","697,0,623"
"0/1","17,21","38","99","730,0,402"
"0/0","35,0","35","99","0,105,1411"
"0/1","17,17","34","99","533,0,489"
"0/1","24,22","46","99","641,0,570"
"0/1","16,25","41","99","753,0,476"
"0/1","8,17","25","99","575,0,250"
"0/1","15,22","37","99","696,0,493"
"0/1","13,17","30","99","570,0,413"
"0/1","21,15","36","99","460,0,695"
"0/1","14,9","23","99","290,0,425"
"0/1","6,8","16","99","229,0,114"
"0/1","20,12","32","99","377,0,699"
"0/1","16,10","26","99","288,0,566"
"0/1","11,19","30","99","579,0,351"
"0/1","19,15","34","99","417,0,631"
"0/1","12,18","30","99","624,0,400"
"0/1","13,16","29","99","510,0,408"
"0/1","13,24","37","99","755,0,426"
"0/1","20,22","44","99","717,0,622"
"0/1","8,17","25","99","591,0,239"
"0/1","21,19","40","99","596,0,556"
"0/1","13,13","26","99","392,0,438"
"0/1","8,18","26","99","598,0,252"
"0/1","17,13","30","99","437,0,589"
"0/1","23,17","40","99","476,0,745"
"0/1","19,23","42","99","788,0,538"
"0/1","21,10","31","99","299,0,697"
"0/1","21,20","41","99","600,0,639"
"0/1","14,15","29","99","478,0,454"
"0/1","22,16","38","99","499,0,719"
"0/1","16,24","40","99","815,0,482"
"0/1","16,24","40","99","824,0,409"
"0/1","22,10","32","99","311,0,747"
"0/1","8,11","19","99","318,0,274"
"0/1","11,19","30","99","649,0,352"
"0/1","13,13","26","99","451,0,443"
"0/1","8,11","19","99","307,0,268"
"0/1","8,10","18","99","279,0,277"
"0/1","12,9","21","99","251,0,429"
"0/1","11,6","17","99","191,0,401"
"0/1","8,12","20","99","381,0,265"
"0/1","17,21","38","99","653,0,529"
"0/1","21,13","34","99","367,0,710"
"0/1","18,19","37","99","589,0,605"
"0/1","19,19","38","99","652,0,629"
"0/1","11,22","33","99","687,0,308"
"0/1","12,19","31","99","616,0,360"
"0/0","38,2","40","76","0,76,1253"
"0/1","22,19","41","99","551,0,605"
"0/1","6,20","26","99","675,0,153"
"0/1","19,23","42","99","609,0,558"
"0/1","5,9","14","99","179,0,127"
"0/1","25,23","48","99","687,0,824"
"0/1","24,21","45","99","644,0,804"
"0/1","15,16","31","99","531,0,450"
"0/1","18,16","34","99","382,0,589"
"0/1","18,17","35","99","493,0,567"
"0/1","16,11","27","99","365,0,565"
"0/1","24,14","38","99","451,0,751"
"0/1","15,17","32","99","535,0,455"
"0/1","12,9","21","99","307,0,246"
"0/1","13,21","34","99","757,0,351"
"0/1","13,7","20","99","227,0,433"
"0/1","10,8","18","99","263,0,343"
"0/1","12,19","31","99","631,0,331"
"0/1","16,10","26","99","300,0,564"
"0/1","7,11","18","99","295,0,139"
"0/1","22,6","28","99","161,0,735"
"0/1","27,6","33","99","108,0,791"
"0/1","24,7","31","99","150,0,681"
"0/1","23,6","29","99","120,0,623"
"0/0","8,0","8","21","0,21,288"
"0/0","8,0","8","21","0,21,288"
"0/0","22,0","22","63","0,63,837"
"0/1","20,5","25","87","87,0,613"
"0/1","20,5","25","87","87,0,590"
"0/1","18,11","29","99","118,0,461"
"0/1","8,5","13","99","153,0,280"
"0/1","3,6","9","20","85,0,20"
"0/1","4,6","10","20","80,0,20"
"0/1","4,6","10","17","107,0,17"
"0/1","3,5","8","23","51,0,23"
"0/1","3,2","6","21","21,0,26"
"0/1","4,25","29","42","639,0,42"
"0/1","6,13","19","99","171,0,118"
"0/1","4,11","15","90","250,0,90"
"0/1","4,11","15","90","247,0,90"
"1/1","0,10","10","30","404,30,0"
"1/1","0,13","13","39","523,39,0"
"0/1","29,9","38","99","213,0,674"
"0/0","37,5","42","80","0,80,1251"
"0/0","23,2","27","17","0,17,670"
"0/0","26,2","29","24","0,24,738"
"0/1","12,8","20","99","262,0,415"
"0/1","12,11","23","99","375,0,414"
"0/1","10,5","15","99","123,0,281"
"0/1","7,6","13","99","173,0,169"
"0/0","10,0","10","30","0,30,385"
"0/0","9,0","9","27","0,27,336"
"0/1","4,2","6","65","65,0,108"
"0/1","13,25","38","99","837,0,350"
"0/1","9,14","23","99","304,0,282"
"0/1","8,14","22","99","452,0,258"
"0/1","10,11","21","99","301,0,264"
"0/1","15,20","35","99","651,0,479"
"0/1","13,14","27","99","455,0,430"
"0/1","22,20","42","99","380,0,556"
"0/1","16,24","40","99","660,0,512"
"0/1","15,22","37","99","662,0,480"
"0/1","3,26","29","54","514,0,54"
"0/1","12,12","26","99","354,0,304"
"0/1","16,17","33","99","529,0,547"
"0/1","19,6","25","65","65,0,540"
"0/0","21,1","23","54","0,54,697"
"0/1","1,1","2","34","36,0,34"
"0/1","10,9","19","99","113,0,255"
"0/1","10,5","15","99","160,0,323"
"0/1","13,12","25","99","368,0,381"
"0/1","7,19","26","99","657,0,200"
"0/1","14,15","29","99","526,0,443"
"0/1","9,13","22","99","445,0,217"
"0/1","13,12","25","99","410,0,408"
"0/1","14,16","30","99","531,0,363"
"0/1","15,13","28","99","349,0,398"
"0/1","19,10","29","99","294,0,644"
"0/1","18,12","33","99","328,0,450"
"0/1","18,15","33","99","461,0,613"
"0/1","2,12","15","46","358,0,46"
"0/1","8,18","26","99","604,0,200"
"0/1","17,16","33","99","475,0,575"
"0/1","21,16","37","99","449,0,641"
"0/1","19,17","36","99","562,0,508"
"0/1","20,20","40","99","611,0,633"
"0/1","12,17","29","99","566,0,408"
"0/1","6,9","16","99","287,0,201"
"0/1","9,15","24","99","520,0,297"
"0/1","20,17","37","99","541,0,538"
"0/1","13,14","27","99","435,0,394"
"0/1","12,15","27","99","520,0,337"
"0/1","7,10","17","99","358,0,231"
"0/0","44,0","44","93","0,93,1095"
"0/1","33,8","41","83","83,0,1096"
"0/1","32,7","39","89","89,0,1053"
"0/1","19,15","34","99","362,0,535"
"0/1","15,19","34","99","651,0,487"
"0/1","20,16","36","99","499,0,677"
"0/1","20,10","30","99","268,0,692"
"0/1","16,15","31","99","411,0,546"
"0/1","19,17","36","99","537,0,661"
"0/1","24,4","28","89","89,0,820"
"0/1","36,7","43","47","47,0,1036"
"0/1","31,11","42","99","248,0,906"
"0/1","37,6","43","21","21,0,1192"
"0/1","10,13","23","99","457,0,296"
"0/1","17,18","35","99","618,0,557"
"0/1","12,6","18","99","155,0,401"
"0/1","15,5","20","99","143,0,538"
"0/1","13,16","29","99","499,0,443"
"0/1","25,18","44","99","597,0,828"
"0/1","10,16","26","99","561,0,253"
"0/1","7,7","14","99","241,0,243"
"0/1","6,9","15","99","316,0,202"
"0/1","7,9","16","99","282,0,234"
"0/0","10,3","13","24","0,24,260"
"0/1","4,8","13","75","143,0,75"
"0/1","13,6","22","99","124,0,207"
"0/1","26,5","34","99","103,0,438"
"0/1","24,13","37","40","40,0,451"
"0/1","18,13","31","99","345,0,569"
"0/1","25,19","44","99","556,0,828"
"0/1","13,23","36","99","781,0,417"
"0/1","12,14","26","99","396,0,388"
"0/1","16,20","36","99","700,0,494"
"0/1","15,15","30","99","481,0,392"
"0/1","10,12","22","99","377,0,262"
"0/0","178,10","189","99","0,175,5761"
"0/1","136,39","185","99","983,0,4371"
"0/1","30,52","85","99","1097,0,686"
"0/1","32,53","85","99","1122,0,800"
"0/1","35,45","80","99","1260,0,894"
"0/1","37,44","81","99","1449,0,1141"
"0/1","20,24","44","99","733,0,685"
"0/1","15,12","27","99","366,0,519"
"0/1","20,9","29","99","238,0,717"
"0/1","42,19","61","99","462,0,1272"
"0/1","45,19","64","99","436,0,1324"
"0/1","13,5","18","99","106,0,369"
"0/0","37,0","37","99","0,108,1455"
"0/1","25,11","36","99","303,0,875"
"0/1","29,17","46","99","495,0,976"
"0/1","14,9","23","99","294,0,461"
"0/0","34,0","34","93","0,93,1217"
"0/1","55,11","66","99","246,0,1835"
"0/1","10,9","19","99","241,0,234"
"0/1","8,9","17","99","282,0,245"
"0/1","7,13","20","99","381,0,225"
"0/1","13,14","27","99","436,0,433"
"0/1","20,13","33","99","353,0,567"
"0/1","6,13","19","99","423,0,190"
"0/1","17,6","23","99","185,0,507"
"0/1","4,12","16","99","399,0,122"
"0/1","11,8","19","99","255,0,355"
"0/1","8,7","15","99","163,0,272"
"0/1","7,10","17","99","311,0,182"
"0/1","31,10","41","99","130,0,693"
"0/1","12,15","27","99","449,0,411"
"0/1","15,21","36","99","756,0,403"
"0/1","18,19","37","99","576,0,618"
"0/1","21,15","36","99","490,0,731"
"0/1","19,19","38","99","579,0,526"
"0/1","20,15","35","99","391,0,691"
"0/1","23,12","35","99","338,0,816"
"0/1","9,12","21","99","398,0,275"
"0/0","27,0","27","57","0,57,700"
"0/1","29,23","53","99","176,0,623"
"0/1","37,6","43","61","61,0,1188"
"0/1","48,10","59","99","183,0,1418"
"0/1","48,10","58","99","207,0,1373"
"0/1","42,5","47","68","68,0,1307"
"0/0","35,2","37","13","0,13,990"
"0/1","15,10","26","99","301,0,485"
"0/1","9,10","19","99","345,0,308"
"0/1","17,13","30","99","427,0,520"
"0/1","12,6","18","99","154,0,423"
"0/1","14,20","35","99","610,0,379"
"0/1","7,15","22","99","477,0,210"
"0/1","14,19","34","99","598,0,389"
"0/1","12,14","26","99","388,0,373"
"0/1","20,16","36","99","496,0,686"
"0/1","17,12","29","99","322,0,559"
"0/0","30,1","31","41","0,41,959"
"0/1","19,13","32","99","317,0,643"
"0/1","10,15","25","99","440,0,289"
"0/0","45,0","45","99","0,132,1742"
"0/0","32,1","33","96","0,96,1272"
"0/0","33,1","34","99","0,99,1286"
"0/0","37,1","38","99","0,111,1455"
"0/1","29,6","35","99","123,0,1008"
"0/1","29,6","35","86","86,0,1024"
"0/1","32,5","37","70","70,0,1150"
"0/0","46,0","47","99","0,126,1642"
"0/1","40,6","46","99","99,0,1322"
"0/1","13,9","23","99","210,0,463"
"0/1","18,5","23","71","71,0,631"
"0/0","26,2","28","21","0,21,885"
"0/1","7,7","14","99","244,0,228"
"0/1","14,14","28","99","478,0,462"
"0/1","9,14","23","99","401,0,253"
"0/1","7,15","22","99","513,0,182"
"0/1","15,14","29","99","472,0,485"
"0/1","21,21","42","99","652,0,719"
"0/1","16,18","34","99","559,0,540"
"0/1","37,7","44","95","95,0,1058"
"0/1","31,35,15","81","99","1095,0,955,867,739,1892"
"0/1","47,13","62","99","211,0,1249"
"0/1","114,17","131","99","192,0,3027"
"0/1","82,18","110","99","238,0,2532"
"0/1","83,29","112","99","334,0,2656"
"0/1","94,25","119","99","200,0,2962"
"0/1","93,25","118","99","330,0,2673"
"0/1","13,12","25","99","409,0,456"
"0/1","14,7","21","99","224,0,464"
"0/1","17,16","33","99","486,0,548"
"0/1","16,14","30","99","482,0,475"
"0/1","15,17","32","99","455,0,494"
"0/1","16,15","31","99","520,0,511"
"0/1","11,13","24","99","433,0,320"
"0/1","23,14","37","99","418,0,740"
"0/1","6,12","18","99","398,0,188"
"0/1","11,20","31","99","723,0,349"
"0/1","14,13","27","99","380,0,498"
"0/1","43,9","52","99","175,0,1287"
"0/1","28,8","36","99","187,0,800"
"0/1","24,7","32","99","199,0,676"
"0/1","20,14","34","99","393,0,619"
"0/1","12,15","27","99","442,0,417"
"0/1","10,7","17","99","160,0,362"
"0/1","10,7","17","99","213,0,358"
"0/1","15,13","28","99","387,0,471"
"0/1","14,16","30","99","511,0,461"
"0/1","14,11","25","99","295,0,478"
"0/1","11,16","27","99","562,0,353"
"0/1","19,18","37","99","605,0,553"
"0/1","15,16","31","99","563,0,439"
"0/1","15,18","33","99","562,0,470"
"0/1","8,17","25","99","554,0,255"
"0/1","6,13","19","99","474,0,175"
"0/1","9,16","25","99","493,0,293"
"0/1","11,11","22","99","336,0,383"
"0/1","17,16","33","99","514,0,520"
"0/1","12,11","23","99","340,0,384"
"0/1","10,8","18","99","238,0,302"
"0/1","16,17","33","99","516,0,451"
"0/1","9,13","22","99","368,0,306"
"0/1","11,12","24","99","363,0,305"
"0/1","22,16","38","99","537,0,693"
"0/1","20,20","40","99","607,0,533"
"0/1","32,18","50","99","525,0,990"
"0/1","15,51","66","99","1727,0,368"
"0/1","14,20","34","99","703,0,388"
"0/1","11,16","28","99","534,0,236"
"0/1","7,10","17","99","307,0,231"
"0/1","10,8","18","99","223,0,318"
"0/1","11,15","26","99","520,0,351"
"0/1","7,15","22","99","509,0,217"
"0/1","13,7","20","99","191,0,461"
"0/1","6,9","15","99","310,0,199"
"0/1","9,10","19","99","355,0,271"
"0/1","9,8","17","99","275,0,316"
"0/1","11,10","21","99","318,0,356"
"0/1","9,7","16","99","238,0,319"
"0/1","4,10","14","99","299,0,126"
"0/1","26,11","37","99","271,0,638"
"0/1","13,10","23","99","343,0,418"
"0/1","13,22","35","99","498,0,398"
"0/1","19,13","32","99","373,0,617"
"0/1","14,9","23","99","297,0,496"
"0/1","20,8","28","99","170,0,509"
"0/1","20,15","35","99","480,0,612"
"0/1","18,13","31","99","416,0,608"
"0/1","13,18","31","99","596,0,420"
"0/1","19,7","26","99","210,0,598"
"0/1","23,16","39","99","534,0,708"
"0/1","17,17","34","99","471,0,534"
"0/1","20,15","35","99","488,0,685"
"0/1","20,16","36","99","498,0,669"
"0/1","14,19","33","99","566,0,406"
"0/1","15,17","32","99","546,0,466"
"0/1","17,15","32","99","398,0,595"
"0/1","37,10","47","99","267,0,918"
"0/1","19,19","38","99","475,0,564"
"0/1","11,20","31","99","441,0,349"
"0/1","18,17","36","99","401,0,331"
"0/1","15,16","34","99","329,0,374"
"0/1","15,13","28","99","369,0,527"
"0/1","19,17","36","99","571,0,624"
"0/1","46,9","55","91","91,0,1321"
"0/1","34,13","47","99","163,0,760"
"0/1","9,12","34","99","136,0,210"
"0/0","14,0","14","33","0,33,411"
"0/0","18,0","18","42","0,42,514"
"0/1","64,10","74","40","40,0,1860"
"0/1","67,10","77","62","62,0,2025"
"0/1","65,12","78","99","116,0,1966"
"0/0","42,0","42","99","0,117,1489"
"0/1","31,10","41","99","166,0,1033"
"0/1","22,19","41","99","611,0,644"
"0/1","39,7","46","99","108,0,1336"
"0/1","39,6","45","73","73,0,1388"
"0/1","37,6","43","71","71,0,1261"
"0/1","25,17","42","99","506,0,741"
"0/1","23,15","38","99","321,0,694"
"0/1","17,16","33","99","387,0,591"
"0/1","10,16","26","99","552,0,294"
"0/1","19,15","34","99","465,0,610"
"0/1","7,29","36","99","974,0,173"
"0/1","24,19","43","99","583,0,794"
"0/1","18,30","48","99","1006,0,512"
"0/1","35,21","56","99","650,0,1125"
"0/1","20,16","36","99","510,0,651"
"0/1","22,17","39","99","534,0,706"
"0/1","26,16","42","99","495,0,754"
"0/1","23,18","41","99","558,0,657"
"0/1","17,23","40","99","631,0,485"
"0/1","7,11","18","99","300,0,219"
"0/1","10,13","23","99","442,0,332"
"0/1","8,26","35","99","774,0,188"
"0/0","27,3","30","41","0,41,944"
"0/1","14,9","23","99","264,0,453"
"0/1","21,20","41","99","592,0,683"
"0/1","18,18","36","99","585,0,567"
"0/1","10,12","22","99","406,0,330"
"0/1","7,9","16","99","290,0,240"
"0/1","11,14","25","99","451,0,370"
"0/1","26,11","37","91","91,0,847"
"0/1","21,8","29","99","118,0,655"
"0/1","29,9","38","99","140,0,716"
"0/1","19,9","28","99","118,0,563"
"0/1","15,16","31","99","498,0,404"
"0/1","17,14","32","99","421,0,489"
"0/1","17,14","31","99","461,0,520"
"0/1","21,11","32","99","348,0,622"
"0/1","19,14","34","99","422,0,593"
"0/1","18,7","25","99","212,0,597"
"0/1","10,11","21","99","369,0,343"
"0/1","12,15","27","99","478,0,394"
"0/1","10,14","24","99","454,0,338"
"0/1","15,12","27","99","362,0,533"
"0/1","13,16","29","99","554,0,440"
"0/1","21,19","40","99","502,0,439"
"0/1","8,21","29","99","720,0,235"
"0/1","18,6","24","99","174,0,548"
"0/1","19,12","31","99","349,0,664"
"0/1","21,21","42","99","730,0,676"
"0/1","11,15","26","99","476,0,375"
"0/1","10,18","28","99","600,0,267"
"0/1","11,24","37","99","802,0,291"
"0/1","10,9","19","99","279,0,340"
"0/1","16,10","26","99","288,0,518"
"0/1","16,13","29","99","391,0,505"
"0/1","18,14","32","99","427,0,554"
"0/1","10,23","33","99","773,0,236"
"0/1","17,21","38","99","587,0,441"
"0/1","6,12","18","99","398,0,118"
"0/1","12,15","27","99","486,0,393"
"0/1","16,15","31","99","493,0,529"
"0/1","9,7","16","99","236,0,318"
"0/1","9,10","19","99","349,0,310"
"0/1","18,17","36","99","586,0,581"
"0/1","11,21","32","99","666,0,351"
"0/1","11,14","25","99","478,0,332"
"0/0","31,0","31","72","0,72,909"
"0/1","19,6","25","89","89,0,608"
"0/1","15,17","32","99","549,0,485"
"0/1","9,9","18","99","304,0,306"
"0/1","14,11","25","99","375,0,416"
"0/0","8,4","17","12","0,12,152"
"0/1","43,8","51","99","181,0,1330"
"0/1","8,17","26","99","410,0,139"
"0/1","19,18","37","99","546,0,618"
"0/1","13,16","29","99","543,0,421"
"0/1","14,16","30","99","455,0,277"
"0/1","15,9","24","99","125,0,535"
"0/1","17,9","26","99","122,0,562"
"0/1","17,10","27","99","225,0,504"
"0/1","13,12","26","99","365,0,283"
"0/0","45,0","45","99","0,114,1465"
"0/0","43,0","45","99","0,114,1464"
"0/0","43,0","45","99","0,111,1437"
"0/0","35,0","35","96","0,96,1266"
"0/1","24,11","35","99","296,0,732"
"0/1","30,16","46","99","435,0,790"
"0/1","28,18","46","99","469,0,790"
"0/1","7,8","15","82","82,0,228"
"0/1","13,8","21","73","73,0,377"
"0/1","26,7","33","20","20,0,761"
"0/1","48,10","58","99","165,0,1313"
"0/1","48,10","58","99","152,0,1368"
"0/1","42,11","53","99","278,0,1052"
"0/1","22,16","38","99","328,0,718"
"0/1","39,6","45","39","39,0,1126"
"0/1","27,21","48","99","424,0,788"
"0/1","24,21","45","99","432,0,646"
"0/1","14,24","38","99","643,0,352"
"0/1","23,19","42","99","574,0,607"
"0/1","20,18","38","99","544,0,559"
"0/1","13,11","24","99","342,0,371"
"0/1","15,9","24","99","271,0,411"
"0/1","17,9","26","99","284,0,491"
"0/1","10,15","25","99","456,0,307"
"0/0","38,0","38","99","0,108,1391"
"0/1","17,14","31","99","412,0,540"
"0/1","14,29","43","99","889,0,435"
"0/1","27,20","47","99","677,0,571"
"0/1","16,19","35","99","632,0,458"
"0/1","9,8","17","99","268,0,316"
"0/1","13,13","26","99","370,0,398"
"0/0","32,0","32","90","0,90,1202"
"0/1","16,16","32","99","444,0,472"
"0/1","15,14","29","99","421,0,438"
"0/1","15,15","30","99","492,0,474"
"0/1","15,15","30","99","510,0,474"
"0/0","24,0","24","48","0,48,513"
"0/1","15,7","22","99","126,0,253"
"0/1","12,12","24","99","304,0,392"
"0/1","23,14","37","99","448,0,622"
"0/1","17,17","34","99","444,0,432"
"0/1","13,5","18","99","160,0,239"
"0/1","8,17","28","99","375,0,262"
"0/1","12,17","29","99","567,0,382"
"0/1","14,24","38","99","721,0,437"
"0/1","8,16","24","99","573,0,249"
"0/0","26,0","26","72","0,72,953"
"0/1","9,8","17","99","253,0,314"
"0/0","16,0","16","48","0,48,627"
"0/0","16,0","16","48","0,48,638"
"0/0","15,0","15","45","0,45,598"
"0/1","6,16","22","99","475,0,173"
"0/1","10,7","17","99","191,0,359"
"0/1","3,11","14","84","366,0,84"
"0/1","11,8","19","99","196,0,359"
"0/1","10,5","15","99","155,0,340"
"0/1","12,15","27","99","511,0,378"
"0/1","14,10","24","99","284,0,484"
"0/1","8,6","14","99","171,0,272"
"0/1","5,9","14","99","289,0,163"
"0/1","11,9","20","99","273,0,393"
"0/0","28,0","28","81","0,81,1079"
"0/1","11,13","24","99","397,0,329"
"0/1","22,12","35","99","279,0,559"
"0/1","23,23","46","99","607,0,657"
"0/1","14,14","28","99","460,0,454"
"0/1","13,11","24","99","370,0,400"
"0/1","12,11","23","99","378,0,384"
"0/1","15,11","26","99","343,0,463"
"0/1","15,11","26","99","374,0,456"
"0/1","14,14","28","99","445,0,454"
"0/1","16,12","28","99","335,0,463"
"0/1","13,12","25","99","430,0,339"
"0/1","12,13","25","99","463,0,349"
"0/1","12,13","25","99","447,0,347"
"0/1","8,6","14","99","166,0,288"
"0/1","13,7","20","99","214,0,437"
"0/1","8,8","16","99","281,0,276"
"0/1","14,10","24","99","298,0,453"
"0/1","18,15","33","99","494,0,453"
"0/1","16,16","32","99","492,0,545"
"0/1","45,22","67","99","425,0,1401"
"0/1","37,21","58","99","620,0,1007"
"0/1","31,19","50","99","603,0,895"
"0/1","30,15","45","99","434,0,787"
"0/1","30,15","45","99","415,0,882"
"0/1","7,9","16","99","311,0,239"
"0/1","9,14","23","99","423,0,242"
"0/1","12,15","27","99","429,0,354"
"0/1","13,13","26","99","345,0,441"
"0/1","23,7","30","99","148,0,526"
"0/1","23,7","30","99","130,0,601"
"0/1","18,7","25","99","106,0,597"
"0/1","9,6","15","99","129,0,241"
"0/0","8,0","8","9","0,9,105"
"0/0","7,0","9","12","0,12,142"
"0/0","7,0","9","12","0,12,143"
"0/0","10,0","10","15","0,15,167"
"0/0","10,0","10","15","0,15,170"
"0/0","12,0","12","21","0,21,235"
"0/0","13,0","13","21","0,21,247"
"0/0","14,0","14","21","0,21,251"
"0/1","13,9","24","99","150,0,315"
"0/1","15,9","26","99","176,0,529"
"0/1","21,10","31","99","260,0,600"
"0/1","20,11","31","99","270,0,609"
"0/0","11,0","11","33","0,33,434"
"0/1","21,10","32","99","312,0,690"
"0/1","20,11","31","99","355,0,653"
"0/1","3,10","13","85","265,0,85"
"0/1","10,11","21","99","312,0,309"
"0/1","8,6","14","99","167,0,253"
"0/1","7,8","15","99","279,0,245"
"0/1","8,9","17","99","316,0,239"
"0/1","7,11","18","99","364,0,232"
"0/1","7,14","21","99","509,0,219"
"0/1","9,11","20","99","321,0,294"
"0/1","11,10","21","99","333,0,388"
"0/1","5,8","13","99","281,0,123"
"0/1","10,10","20","99","327,0,325"
"0/1","5,11","16","99","362,0,155"
"0/1","11,6","17","99","201,0,340"
"0/1","5,12","17","99","407,0,118"
"0/1","11,8","19","99","272,0,330"
"0/1","10,7","17","99","234,0,316"
"0/1","13,17","30","99","563,0,386"
"0/1","7,18","25","99","586,0,205"
"0/1","12,16","28","99","500,0,375"
"0/1","11,12","23","99","371,0,381"
"0/1","10,15","25","99","501,0,300"
"0/1","7,12","19","99","401,0,230"
"0/1","11,13","24","99","456,0,363"
"0/1","11,7","18","99","198,0,361"
"0/1","9,10","19","99","319,0,271"
"0/1","13,5","18","99","156,0,440"
"0/1","13,5","18","99","145,0,468"
"0/1","9,12","21","99","375,0,277"
"0/1","13,13","26","99","404,0,431"
"0/1","13,7","20","99","179,0,414"
"0/1","12,13","25","99","425,0,420"
"0/1","14,7","21","99","224,0,506"
"0/1","13,9","22","99","262,0,393"
"0/1","12,13","25","99","435,0,414"
"0/1","21,10","31","99","304,0,710"
"0/1","6,12","18","99","422,0,193"
"0/1","7,10","17","99","355,0,231"
"0/1","7,10","17","99","358,0,234"
"0/1","16,17","33","99","520,0,441"
"0/1","18,18","36","99","542,0,553"
"0/1","21,17","38","99","483,0,607"
"0/1","13,16","29","99","570,0,366"
"0/1","17,8","25","99","250,0,614"
"0/1","9,8","17","99","279,0,284"
"0/1","9,10","19","99","340,0,275"
"0/1","4,11","15","98","347,0,98"
"0/1","16,13","29","99","386,0,520"
"0/1","18,16","34","99","452,0,618"
"0/1","19,19","38","99","610,0,652"
"0/1","18,21","39","99","694,0,566"
"0/1","15,16","31","99","512,0,490"
"0/1","24,16","40","99","438,0,750"
"0/1","15,17","32","99","590,0,474"
"0/1","17,18","35","99","618,0,571"
"0/1","12,15","27","99","522,0,389"
"0/0","24,0","24","72","0,72,965"
"0/1","11,17","28","99","539,0,368"
"0/1","16,12","28","99","375,0,520"
"0/1","11,15","26","99","429,0,341"
"0/1","6,10","16","99","319,0,174"
"0/1","15,10","25","99","317,0,517"
"0/1","11,7","18","99","220,0,393"
"0/1","16,9","25","99","282,0,494"
"0/1","8,14","22","99","357,0,143"
"0/0","28,0","28","63","0,63,782"
"0/1","11,18","29","99","607,0,322"
"0/1","16,13","29","99","369,0,486"
"0/1","17,8","25","99","215,0,583"
"0/1","13,7","20","99","217,0,448"
"0/1","7,20","27","99","727,0,186"
"0/1","11,22","33","99","790,0,340"
"0/1","10,16","26","99","433,0,292"
"0/1","4,6","10","99","185,0,136"
"0/1","11,4","15","99","121,0,361"
"0/1","8,11","19","99","331,0,271"
"0/1","11,2","13","47","47,0,348"
"0/1","11,10","21","99","316,0,355"
"0/1","8,9","17","99","312,0,227"
"0/1","8,11","19","99","381,0,265"
"0/1","15,13","28","99","435,0,452"
"0/1","9,18","27","99","643,0,276"
"0/1","7,16","23","99","546,0,211"
"0/1","16,8","24","99","251,0,532"
"0/1","11,10","21","99","331,0,358"
"0/1","5,13","18","99","394,0,106"
"0/1","14,12","26","99","403,0,488"
"0/1","11,9","20","99","305,0,343"
"0/1","11,12","23","99","416,0,336"
"0/1","8,14","22","99","476,0,253"
"0/1","15,13","28","99","434,0,479"
"0/1","25,15","40","99","443,0,840"
"0/1","30,13","43","99","390,0,996"
"0/1","17,14","31","99","439,0,574"
"0/1","17,15","32","99","432,0,554"
"0/1","18,10","28","99","307,0,637"
"0/1","17,13","30","99","385,0,581"
"0/1","17,12","29","99","400,0,567"
"0/1","21,21","42","99","680,0,664"
"0/1","12,8","20","99","208,0,419"
"0/1","8,13","21","99","454,0,238"
"0/1","21,28","49","99","942,0,662"
"0/1","12,13","25","99","441,0,409"
"0/0","41,0","41","66","0,66,804"
"0/1","15,17","32","99","521,0,498"
"0/1","21,18","39","99","537,0,711"
"0/1","22,16","38","99","497,0,726"
"0/1","15,9","24","99","282,0,505"
"0/1","8,12","20","99","417,0,259"
"0/1","9,10","19","99","349,0,299"
"0/1","11,9","20","99","272,0,389"
"0/1","14,14","28","99","470,0,466"
"0/1","15,15","30","99","477,0,506"
"0/1","15,18","33","99","612,0,493"
"0/1","12,12","24","99","334,0,417"
"0/1","18,13","31","99","346,0,474"
"0/1","17,18","35","99","599,0,550"
"0/1","12,15","27","99","515,0,368"
"0/1","14,9","23","99","293,0,425"
"0/1","5,6","11","59","161,0,59"
"0/1","16,19","35","99","606,0,454"
"0/1","11,8","19","99","272,0,353"
"0/1","8,18","26","99","571,0,250"
"0/1","8,11","19","99","338,0,269"
"0/1","9,16","25","99","540,0,264"
"0/1","7,10","17","99","363,0,233"
"0/1","14,8","22","99","260,0,498"
"0/1","7,9","16","99","281,0,229"
"0/1","9,10","19","99","349,0,274"
"0/1","12,11","23","99","362,0,420"
"0/1","16,14","30","99","439,0,478"
"0/1","20,13","33","99","358,0,607"
"0/1","18,7","25","99","199,0,546"
"0/1","14,18","32","99","588,0,389"
"0/1","26,4","30","56","56,0,548"
"0/1","27,4","31","59","59,0,574"
"0/1","26,4","30","62","62,0,540"
"0/1","26,5","31","48","48,0,606"
"0/1","14,11","27","99","217,0,360"
"0/1","25,5","30","99","108,0,598"
"0/1","14,6","20","77","77,0,426"
"0/1","13,5","18","77","77,0,444"
"0/1","6,7","13","99","245,0,200"
"0/1","13,20","33","99","540,0,345"
"0/1","5,13","18","99","378,0,148"
"0/1","10,9","19","99","229,0,354"
"0/1","8,14","22","99","439,0,261"
"0/1","9,11","20","99","385,0,305"
"0/1","10,9","19","99","303,0,349"
"0/1","7,10","17","99","320,0,195"
"0/1","8,9","17","99","303,0,275"
"0/1","10,10","20","99","331,0,330"
"0/1","7,7","14","99","240,0,226"
"0/1","7,9","16","99","309,0,229"
"0/1","11,13","24","99","447,0,327"
"0/1","12,16","28","99","473,0,394"
"0/1","18,15","33","99","450,0,561"
"0/1","15,17","32","99","564,0,425"
"0/1","16,20","39","99","616,0,401"
"0/1","5,14","19","99","494,0,145"
"0/1","10,10","20","99","344,0,341"
"0/1","14,32","46","99","1066,0,406"
"0/1","26,19","45","99","586,0,687"
"0/1","10,16","26","99","510,0,327"
"0/1","10,12","22","99","420,0,343"
"0/1","11,12","23","99","393,0,380"
"0/1","10,6","16","99","189,0,351"
"0/1","10,10","20","99","340,0,303"
"0/1","10,9","19","99","302,0,340"
"0/1","10,8","18","99","265,0,353"
"0/1","10,15","25","99","519,0,288"
"0/1","21,11","32","99","352,0,700"
"0/1","9,8","18","99","268,0,308"
"0/1","5,7","12","99","240,0,169"
"0/1","7,16","23","99","516,0,219"
"0/1","11,6","17","99","120,0,390"
"0/1","8,7","15","99","238,0,201"
"0/1","11,9","20","99","273,0,331"
"0/1","12,10","22","99","334,0,324"
"0/1","25,12","37","99","353,0,833"
"0/1","14,15","29","99","470,0,466"
"0/1","11,12","23","99","381,0,378"
"0/1","25,16","41","99","483,0,745"
"0/1","11,18","29","99","638,0,355"
"0/1","14,9","23","99","178,0,465"
"0/1","13,23","36","99","733,0,419"
"0/1","12,10","22","99","300,0,412"
"0/1","7,10","17","99","283,0,161"
"0/1","14,18","32","99","587,0,371"
"0/1","12,15","27","99","460,0,362"
"0/1","6,13","19","99","423,0,159"
"0/1","17,10","27","99","311,0,606"
"0/1","20,14","34","99","448,0,567"
"0/1","20,15","35","99","416,0,595"
"0/1","21,13","34","99","332,0,717"
"0/1","12,10","22","99","344,0,408"
"0/1","9,10","19","99","318,0,274"
"0/1","12,9","21","99","297,0,418"
"0/1","12,13","25","99","451,0,411"
"0/1","14,11","25","99","374,0,485"
"0/1","13,20","33","99","636,0,431"
"0/1","21,17","38","99","532,0,666"
"0/1","9,23","32","99","747,0,269"
"0/1","17,17","34","99","536,0,551"
"0/1","15,10","25","99","302,0,529"
"0/1","18,13","31","99","350,0,566"
"0/1","17,13","30","99","389,0,511"
"0/1","13,18","31","99","476,0,351"
"0/1","12,13","25","99","361,0,363"
"0/1","11,23","34","99","734,0,306"
"0/1","21,14","35","99","390,0,653"
"0/1","12,15","27","99","435,0,400"
"0/1","25,22","47","99","668,0,769"
"0/1","20,20","40","99","677,0,691"
"0/1","20,21","41","99","660,0,629"
"0/1","14,28","42","99","942,0,438"
"0/1","15,20","35","99","652,0,453"
"0/1","13,14","27","99","409,0,449"
"0/1","18,14","32","99","428,0,602"
"0/1","14,17","31","99","597,0,474"
"0/1","9,14","23","99","398,0,270"
"0/1","8,13","21","99","443,0,218"
"0/1","12,8","20","99","198,0,435"
"0/0","28,0","28","75","0,75,988"
"0/0","31,0","31","84","0,84,1067"
"0/1","12,7","19","99","228,0,385"
"1/1","1,21","22","60","803,60,0"
"0/1","21,11","32","99","348,0,723"
"0/1","16,18","34","99","589,0,547"
"0/1","7,9","16","99","319,0,230"
"0/1","14,6","20","99","173,0,480"
"0/1","16,13","29","99","435,0,519"
"0/1","11,13","24","99","427,0,280"
"0/1","12,15","27","99","503,0,396"
"0/1","15,14","29","99","423,0,473"
"0/1","21,18","39","99","350,0,640"
"0/1","17,14","31","99","413,0,538"
"0/1","11,9","20","99","260,0,383"
"0/1","17,21","38","99","672,0,494"
"0/1","12,16","28","99","553,0,365"
"0/1","19,18","37","99","562,0,630"
"0/1","17,13","30","99","421,0,467"
"0/1","15,14","29","99","438,0,502"
"0/1","14,15","29","99","430,0,422"
"0/1","13,17","30","99","541,0,322"
"0/1","18,16","34","99","517,0,539"
"0/1","20,10","30","99","256,0,698"
"0/1","14,11","25","99","376,0,214"
"0/1","10,20","31","99","660,0,296"
"0/1","21,10","31","99","268,0,699"
"0/1","14,18","32","99","585,0,474"
"0/1","15,14","29","99","369,0,498"
"0/1","13,14","27","99","444,0,371"
"0/1","12,13","25","99","342,0,382"
"0/1","12,11","23","99","372,0,425"
"0/1","10,9","20","99","270,0,350"
"0/1","18,18","36","99","567,0,531"
"0/1","17,20","37","99","656,0,511"
"0/1","12,23","35","99","774,0,379"
"0/1","17,16","33","99","447,0,513"
"0/1","11,10","22","99","303,0,387"
"0/1","9,6","15","99","208,0,240"
"0/1","9,7","16","99","197,0,281"
"0/1","11,13","24","99","417,0,332"
"0/1","10,12","22","99","377,0,298"
"0/1","13,12","25","99","389,0,376"
"0/1","6,13","19","99","471,0,187"
"0/1","9,9","18","99","312,0,320"
"0/1","10,10","20","99","296,0,298"
"0/1","8,8","16","99","276,0,240"
"0/1","9,10","19","99","335,0,275"
"0/1","17,16","33","99","541,0,542"
"0/1","15,10","25","99","291,0,529"
"0/1","14,10","24","99","335,0,488"
"0/1","15,11","26","99","368,0,532"
"0/1","11,12","23","99","402,0,380"
"0/1","8,12","20","99","437,0,182"
"0/1","13,7","20","99","225,0,406"
"0/1","11,13","24","99","463,0,335"
"0/1","16,10","26","99","331,0,573"
"0/1","12,11","23","99","335,0,416"
"0/1","9,6","15","99","198,0,290"
"0/1","14,13","27","99","365,0,454"
"0/1","11,13","24","99","444,0,295"
"0/1","20,8","28","99","203,0,635"
"0/1","13,18","31","99","594,0,372"
"0/1","19,17","36","99","539,0,651"
"0/0","13,0","13","39","0,39,534"
"0/1","7,6","13","99","206,0,209"
"0/1","22,12","34","99","371,0,749"
"0/1","12,21","33","99","683,0,345"
"0/1","20,21","41","99","480,0,482"
"0/1","37,7","55","83","83,0,1057"
"0/1","13,23","36","99","702,0,359"
"0/1","14,23","37","99","758,0,371"
"0/1","9,13","22","99","372,0,298"
"0/1","12,9","21","99","297,0,416"
"0/1","9,9","18","99","271,0,300"
"0/1","7,17","24","99","616,0,208"
"0/1","6,9","15","99","321,0,189"
"0/1","13,8","21","99","250,0,416"
"0/1","39,9","48","99","139,0,1143"
"0/1","6,12","18","99","318,0,146"
"0/0","13,0","13","30","0,30,397"
"0/0","12,0","12","27","0,27,331"
"0/1","31,5","36","65","65,0,995"
"0/1","9,7","16","99","200,0,322"
"0/1","13,12","25","86","86,0,261"
"0/1","21,10","31","11","11,0,576"
"0/1","20,12","32","99","315,0,620"
"0/1","23,19","42","99","576,0,716"
"0/1","15,21","37","99","631,0,459"
"0/1","17,25","42","99","824,0,466"
"0/1","12,22","34","99","691,0,311"
"0/1","31,7","39","99","119,0,1017"
"0/0","14,2","16","19","0,19,522"
"0/1","20,16","36","99","503,0,611"
"0/1","39,6","45","32","32,0,1289"
"0/1","62,14","76","99","149,0,1996"
"0/1","57,11","68","50","50,0,1442"
"0/1","14,6","20","99","186,0,436"
"0/0","19,0","19","51","0,51,701"
"0/1","10,11","21","99","357,0,341"
"1/1","1,16","17","6","550,6,0"
"0/1","7,10","17","99","346,0,225"
"0/1","13,7","23","28","28,0,193"
"0/1","19,6","27","71","71,0,319"
"0/1","9,14","23","99","429,0,285"
"0/1","19,11","33","99","164,0,535"
"0/1","14,10","24","99","324,0,414"
"0/1","32,7","39","99","133,0,1111"
"0/1","32,9","41","99","205,0,1081"
"0/1","21,14","35","99","355,0,532"
"0/1","17,9","26","99","283,0,482"
"0/1","11,13","24","99","420,0,372"
"0/1","11,17","28","99","596,0,365"
"0/1","99,24","123","99","459,0,2969"
"0/1","48,9","57","90","90,0,1250"
"1/1","4,29","33","84","1116,84,0"
"0/1","3,18","21","28","595,0,28"
"0/1","13,14","27","99","486,0,430"
"0/1","13,13","26","99","466,0,142"
"0/1","13,13","26","99","464,0,142"
"0/1","16,7","23","99","186,0,476"
"0/1","19,8","27","99","218,0,624"
"0/1","26,21","47","99","634,0,759"
"0/1","15,12","27","99","348,0,369"
"0/1","68,18","87","99","376,0,2101"
"0/1","73,12","85","99","124,0,2367"
"0/1","74,18","92","99","450,0,2665"
"0/1","17,24","41","99","794,0,538"
"0/1","52,8","60","68","68,0,1613"
"0/1","95,17","112","99","240,0,3033"
"0/0","47,0","47","99","0,129,1611"
"0/1","21,17","38","99","571,0,644"
"0/1","3,27","30","31","915,0,31"
"0/1","14,12","26","99","368,0,449"
"0/1","18,22","40","99","735,0,529"
"0/1","46,12","58","99","232,0,1420"
"0/1","46,13","59","99","202,0,1509"
"0/1","23,17","40","99","512,0,759"
"0/1","8,9","17","99","305,0,269"
"0/1","12,8","20","99","257,0,413"
"0/1","8,13","21","99","469,0,259"
"0/1","12,13","25","99","433,0,261"
"0/0","24,1","25","66","0,66,892"
"0/0","14,0","14","39","0,39,511"
"0/1","9,7","16","99","197,0,315"
"0/1","8,7","15","99","240,0,250"
"0/1","15,11","26","99","336,0,482"
"0/1","15,14","29","99","460,0,455"
"0/1","18,9","27","99","242,0,567"
"0/1","18,14","32","99","409,0,459"
"0/1","19,13","32","99","334,0,492"
"0/1","9,18","27","99","573,0,278"
"0/1","14,6","20","99","185,0,516"
"0/1","16,4","20","99","111,0,505"
"0/1","2,17","19","29","569,0,29"
"0/1","11,9","20","99","305,0,377"
"0/1","6,12","18","99","381,0,194"
"0/1","13,8","21","99","210,0,463"
"0/1","11,10","21","99","332,0,312"
"0/1","13,6","19","99","185,0,472"
"0/1","14,7","21","99","213,0,506"
"0/1","9,16","25","99","502,0,263"
"0/1","12,10","22","99","349,0,309"
"0/1","12,8","20","99","225,0,400"
"0/1","10,13","23","99","377,0,336"
"0/1","1,7","8","18","254,0,18"
"0/1","15,17","32","99","539,0,456"
"0/1","23,18","41","99","508,0,694"
"0/1","16,14","30","99","428,0,503"
"0/1","13,12","25","99","352,0,353"
"0/1","20,17","37","99","580,0,632"
"0/1","101,41","142","99","955,0,2828"
"0/1","57,19","76","99","356,0,1544"
"0/1","22,125","148","99","3331,0,406"
"0/1","124,18","142","99","259,0,4064"
"0/1","124,19","143","99","301,0,4130"
"0/1","30,74,13","117","99","2467,0,809,2080,545,3057"
"0/1","40,4","44","26","26,0,1400"
"0/1","26,5","32","95","95,0,969"
"0/1","26,5","31","75","75,0,877"
"0/1","14,11","25","99","356,0,458"
"0/1","19,16","35","99","493,0,548"
"0/1","10,9","19","99","235,0,313"
"0/1","39,12","51","99","289,0,1306"
"0/1","39,20","59","99","521,0,1277"
"0/1","42,22","64","99","578,0,1393"
"0/1","21,6","27","99","168,0,644"
"0/0","30,2","32","57","0,57,1091"
"0/1","17,16","33","99","525,0,466"
"0/1","3,5","8","64","141,0,64"
"0/1","11,13","24","99","372,0,354"
"0/1","28,10","38","99","250,0,963"
"0/1","30,13","43","99","318,0,1043"
"0/1","12,4","17","75","75,0,287"
"0/1","11,4","16","72","72,0,301"
"0/1","9,9","18","99","309,0,308"
"0/1","8,7","15","99","206,0,280"
"0/1","12,10","22","99","268,0,383"
"0/1","10,11","21","99","368,0,309"
"0/1","14,17","31","99","541,0,461"
"0/1","9,13","22","99","416,0,283"
"0/1","6,13","19","99","469,0,187"
"0/1","15,8","23","99","181,0,507"
"0/1","14,9","24","73","89,0,73"
"0/1","14,13","27","99","432,0,491"
"0/1","3,12","15","81","370,0,81"
"0/1","3,11","14","83","376,0,83"
"0/1","14,11","25","99","369,0,492"
"0/1","14,16","30","99","540,0,484"
"0/1","12,17","29","99","612,0,361"
"0/1","13,17","30","99","526,0,372"
"1/1","3,23","26","22","671,22,0"
"0/1","13,9","22","99","306,0,408"
"0/1","12,17","29","99","573,0,293"
"0/0","24,0","24","69","0,69,910"
"0/1","13,13","26","99","416,0,316"
"0/1","8,12","20","99","362,0,187"
"0/1","21,15","36","99","472,0,696"
"0/1","19,16","35","99","530,0,559"
"0/1","15,14","29","99","475,0,479"
"0/1","2,13","15","28","452,0,28"
"0/1","12,10","22","99","335,0,406"
"0/1","14,6","20","99","180,0,486"
"0/0","20,0","20","57","0,57,762"
"0/1","11,14","26","99","305,0,291"
"0/1","9,12","21","99","312,0,306"
"1/1","0,17","17","36","471,36,0"
"0/1","17,13","30","99","326,0,403"
"0/1","7,11","18","99","351,0,210"
"0/1","12,8","20","99","225,0,371"
"0/1","19,21","40","99","617,0,548"
"0/1","13,11","24","99","347,0,398"
"0/1","14,13","27","99","392,0,291"
"0/1","14,16","30","99","476,0,383"
"0/1","13,15","29","99","405,0,394"
"0/1","17,18","35","99","506,0,519"
"0/1","21,21","42","99","570,0,663"
"0/1","16,11","27","99","319,0,397"
"0/1","12,15","27","99","505,0,335"
"1/1","2,35","37","36","1276,36,0"
"0/0","14,0","14","42","0,42,566"
"0/1","15,21","36","99","695,0,461"
"0/1","52,9","61","99","199,0,1362"
"0/0","38,2","40","42","0,42,1109"
"0/1","12,13","25","99","399,0,402"
"0/1","16,12","28","99","395,0,566"
"0/1","15,9","24","99","285,0,534"
"0/1","30,9","39","99","189,0,874"
"0/1","12,11","23","99","347,0,412"
"0/1","16,10","26","99","306,0,500"
"0/1","20,18","38","99","610,0,682"
"0/1","20,20","40","99","649,0,650"
"0/1","14,12","27","99","397,0,405"
"0/1","20,19","39","99","534,0,535"
"0/0","35,0","35","93","0,93,1212"
"0/1","9,13","22","99","467,0,281"
"0/1","6,13","19","99","406,0,185"
"0/1","11,10","21","99","335,0,346"
"0/1","25,6","31","91","91,0,851"
"0/1","12,10","22","99","336,0,413"
"0/1","19,14","34","99","445,0,588"
"0/1","18,12","30","99","366,0,568"
"0/1","16,13","29","99","445,0,556"
"0/1","24,24","48","99","787,0,804"
"0/1","14,13","27","99","449,0,437"
"0/1","15,20","35","99","702,0,496"
"0/1","13,13","26","99","445,0,423"
"0/1","38,9","47","99","111,0,538"
"0/1","15,17","32","99","568,0,495"
"0/1","15,16","31","99","499,0,511"
"0/1","14,17","31","99","566,0,481"
"0/1","13,18","31","99","619,0,424"
"0/1","9,8","17","99","279,0,285"
"0/1","20,20","40","99","670,0,685"
"0/1","21,16","37","99","525,0,618"
"0/1","20,23","43","99","738,0,673"
"0/1","19,21","40","99","664,0,583"
"0/1","18,16","34","99","511,0,580"
"0/1","12,18","30","99","601,0,390"
"0/1","8,13","21","99","430,0,257"
"0/1","17,14","31","99","478,0,579"
"0/1","16,16","32","99","502,0,552"
"0/1","13,20","33","99","709,0,427"
"0/1","10,13","23","99","452,0,340"
"0/1","14,8","22","99","264,0,440"
"0/0","18,0","18","54","0,54,698"
"0/1","15,11","26","99","367,0,458"
"0/1","12,8","20","99","275,0,330"
"0/1","7,10","17","99","355,0,218"
"0/1","9,7","16","99","242,0,278"
"0/1","10,8","18","99","271,0,316"
"0/1","14,12","26","99","341,0,480"
"0/1","11,14","25","99","424,0,378"
"0/1","12,8","20","99","252,0,404"
"0/1","17,16","33","99","474,0,585"
"0/1","8,10","18","99","321,0,273"
"0/1","7,11","18","99","324,0,227"
"0/1","9,10","19","99","307,0,313"
"0/1","9,8","17","99","235,0,314"
"0/1","9,11","20","99","373,0,307"
"0/1","12,14","26","99","453,0,393"
"0/1","10,13","23","99","445,0,320"
"0/1","9,12","21","99","335,0,297"
"0/1","18,21","39","99","595,0,584"
"0/1","15,15","30","99","437,0,489"
"0/1","12,13","25","99","415,0,386"
"0/1","10,12","22","99","423,0,338"
"0/1","13,13","26","99","446,0,384"
"0/1","12,12","24","99","414,0,399"
"0/1","9,7","16","99","236,0,254"
"0/1","18,12","30","99","402,0,587"
"0/1","19,14","33","99","465,0,614"
"0/1","11,11","22","99","343,0,381"
"0/1","12,11","23","99","349,0,415"
"0/1","12,12","24","99","379,0,418"
"0/1","7,11","18","99","315,0,242"
"0/1","7,11","18","99","322,0,242"
"0/1","10,7","17","99","200,0,362"
"0/1","8,11","19","99","352,0,241"
"0/1","8,12","20","99","385,0,268"
"0/1","16,6","22","99","180,0,578"
"0/1","17,5","22","99","134,0,635"
"0/1","4,16","20","99","551,0,105"
"0/1","16,3","19","68","68,0,549"
"0/1","9,7","16","99","237,0,281"
"0/1","8,13","21","99","460,0,261"
"0/1","12,6","18","99","191,0,367"
"0/1","13,6","19","99","195,0,368"
"0/1","14,8","22","99","227,0,453"
"0/1","9,12","21","99","415,0,297"
"0/1","14,10","24","99","325,0,485"
"0/1","10,10","20","99","318,0,319"
"0/1","10,13","23","99","465,0,303"
"0/1","6,15","21","99","535,0,172"
"0/1","5,12","17","99","392,0,154"
"0/1","8,11","19","99","352,0,256"
"0/1","12,11","23","99","349,0,392"
"0/1","11,14","25","99","414,0,370"
"0/1","15,16","31","99","538,0,526"
"0/1","12,15","27","99","452,0,360"
"0/1","8,12","20","99","427,0,247"
"0/1","12,11","23","99","380,0,420"
"0/1","11,11","22","99","383,0,388"
"0/1","14,10","24","99","340,0,424"
"0/1","8,12","20","99","416,0,261"
"0/1","10,13","23","99","400,0,338"
"0/1","10,11","21","99","378,0,307"
"0/1","16,10","26","99","282,0,508"
"0/1","15,8","23","99","255,0,540"
"0/1","12,9","21","99","220,0,415"
"0/1","41,11","53","99","137,0,1201"
"0/1","24,16","40","99","530,0,778"
"0/1","11,15","26","99","440,0,314"
"0/1","14,20","34","99","503,0,350"
"0/1","12,25","37","99","776,0,325"
"0/1","19,17","36","99","566,0,589"
"0/1","18,15","33","99","473,0,606"
"0/1","21,22","43","99","680,0,502"
"0/1","25,13","38","99","365,0,876"
"0/1","19,10","29","99","317,0,627"
"0/1","17,12","29","99","400,0,518"
"0/1","21,8","29","99","242,0,720"
"0/1","24,16","40","99","394,0,840"
"0/1","21,20","41","99","551,0,725"
"0/1","21,21","42","99","594,0,716"
"0/1","24,20","44","99","547,0,832"
"0/1","25,19","44","99","488,0,879"
"0/1","28,16","44","99","433,0,990"
"0/1","27,15","42","99","406,0,960"
"0/1","25,16","41","99","371,0,890"
"0/1","24,8","32","99","219,0,870"
"0/1","32,8","40","99","197,0,1088"
"0/1","12,20","32","99","596,0,365"
"0/0","35,0","35","99","0,102,1307"
"0/1","20,21","41","99","574,0,572"
"0/1","16,20","36","99","665,0,445"
"0/1","41,5","46","17","17,0,1363"
"0/1","44,5","50","31","31,0,1279"
"0/1","41,5","46","44","44,0,1159"
"0/1","31,9","42","99","149,0,858"
"0/1","37,20","58","99","589,0,1225"
"0/1","14,3","17","74","74,0,457"
"0/1","21,21","42","99","634,0,716"
"0/1","12,23","35","99","771,0,383"
"0/1","24,13","37","99","395,0,849"
"0/1","23,20","43","99","614,0,781"
"0/1","13,7","20","99","127,0,351"
"0/1","13,11","24","99","354,0,433"
"0/1","16,16","32","99","541,0,508"
"0/1","8,17","25","99","525,0,252"
"0/1","19,15","34","99","480,0,580"
"0/1","25,24","49","99","724,0,834"
"0/1","16,19","35","99","609,0,536"
"0/1","10,11","21","99","376,0,303"
"0/1","9,5","14","99","126,0,234"
"0/1","7,11","18","99","385,0,215"
"0/1","12,16","28","99","547,0,394"
"0/1","20,20","40","99","616,0,642"
"0/1","17,14","31","99","372,0,548"
"0/1","28,6","34","99","101,0,879"
"0/1","17,19","36","99","555,0,530"
"0/1","31,7","38","99","116,0,966"
"0/1","30,10","40","99","119,0,879"
"0/1","29,11","40","99","132,0,886"
"0/1","17,6","23","66","66,0,472"
"0/1","19,11","30","99","286,0,622"
"0/1","12,17","29","99","543,0,351"
"0/1","47,16","63","99","141,0,1244"
"0/1","14,10","24","99","261,0,498"
"0/1","20,14","35","99","453,0,631"
"0/1","17,16","33","99","489,0,591"
"0/1","17,16","33","99","528,0,545"
"0/1","16,14","30","99","422,0,514"
"0/1","14,13","27","99","451,0,488"
"0/1","14,12","26","99","404,0,473"
"0/1","25,10","35","99","235,0,805"
"0/1","22,12","34","99","349,0,706"
"0/1","18,13","31","99","318,0,614"
"0/1","9,6","15","99","187,0,319"
"0/1","14,16","31","99","533,0,439"
"0/1","14,17","31","99","531,0,477"
"0/1","10,10","20","99","334,0,342"
"0/1","19,17","36","99","520,0,624"
"0/1","12,14","26","99","450,0,377"
"0/1","12,19","31","99","581,0,328"
"0/1","19,10","29","99","261,0,559"
"0/1","17,10","27","99","193,0,304"
"0/1","14,14","28","99","389,0,372"
"0/1","17,6","23","99","145,0,549"
"0/1","7,7","14","99","247,0,232"
"0/1","18,14","32","99","416,0,604"
"0/1","12,10","22","99","336,0,369"
"0/1","12,12","24","99","423,0,359"
"0/1","16,18","35","99","533,0,446"
"0/1","13,12","25","99","419,0,398"
"0/1","15,12","27","99","359,0,493"
"0/1","8,9","17","99","266,0,276"
"0/1","21,19","40","99","587,0,690"
"0/1","9,17","26","99","563,0,283"
"0/1","10,15","25","99","458,0,331"
"0/1","10,20","30","99","662,0,280"
"0/1","10,19","29","99","566,0,268"
"0/1","14,15","29","99","513,0,445"
"0/1","22,8","30","99","198,0,694"
"0/1","8,21","29","99","640,0,236"
"0/1","17,19","36","99","629,0,586"
"0/1","14,13","27","99","419,0,446"
"0/1","14,12","26","99","384,0,492"
"0/1","14,12","26","99","374,0,448"
"0/1","17,13","30","99","434,0,504"
"0/1","19,21","40","99","720,0,575"
"0/1","19,19","38","99","634,0,558"
"0/1","17,18","35","99","601,0,569"
"0/1","18,15","33","99","508,0,616"
"0/1","22,17","39","99","540,0,764"
"0/1","24,12","36","99","353,0,844"
"0/1","23,12","35","99","354,0,756"
"0/1","12,14","26","99","409,0,400"
"0/1","14,13","27","99","418,0,464"
"0/1","7,16","23","99","505,0,219"
"0/1","13,2","16","44","44,0,278"
"0/0","8,0","9","18","0,18,248"
"0/1","25,14","40","99","215,0,645"
"0/1","26,11","37","99","126,0,833"
"0/1","21,14","35","99","458,0,603"
"0/1","16,13","29","99","406,0,510"
"0/1","14,13","27","99","435,0,475"
"0/1","12,17","29","99","575,0,403"
"0/1","16,10","26","99","309,0,565"
"0/1","16,13","29","99","415,0,566"
"0/1","20,9","29","99","239,0,659"
"0/1","17,9","26","99","281,0,608"
"0/1","19,8","27","99","233,0,674"
"0/1","10,8","18","99","269,0,316"
"0/1","7,15","22","99","498,0,204"
"0/1","7,15","22","99","502,0,185"
"0/1","17,13","30","99","437,0,553"
"0/1","9,20","29","99","719,0,265"
"0/1","5,13","18","99","404,0,154"
"0/1","12,15","27","99","530,0,406"
"0/1","12,10","22","99","273,0,398"
"0/1","5,9","14","99","244,0,166"
"0/1","5,8","13","99","287,0,121"
"0/0","33,1","34","87","0,87,1185"
"0/1","22,15","37","99","451,0,718"
"0/1","23,17","40","99","518,0,798"
"0/1","21,8","29","99","128,0,655"
"0/1","15,8","23","99","123,0,458"
"0/1","52,13","65","99","254,0,1819"
"0/1","47,17","64","99","512,0,1487"
"0/1","50,17","67","99","497,0,1686"
"0/1","36,7","43","86","86,0,1201"
"0/1","13,14","27","99","496,0,397"
"0/1","8,13","24","99","383,0,268"
"0/1","16,16","32","99","513,0,546"
"0/1","21,16","37","99","499,0,661"
"0/1","7,10","17","99","341,0,193"
"0/1","10,13","23","99","321,0,306"
"0/1","10,16","26","99","576,0,317"
"0/1","19,13","32","99","387,0,588"
"0/1","13,15","28","99","412,0,354"
"0/1","25,8","33","99","164,0,752"
"0/1","30,5","36","78","78,0,869"
"0/1","29,9","39","99","149,0,858"
"0/0","32,0","32","81","0,81,1091"
"0/1","10,15","25","99","469,0,291"
"0/1","13,14","27","99","445,0,410"
"0/1","15,10","25","99","315,0,476"
"0/1","9,8","17","99","266,0,266"
"0/1","13,12","25","99","396,0,409"
"0/1","16,12","28","99","408,0,531"
"0/1","11,8","19","99","268,0,384"
"0/1","21,7","28","99","176,0,723"
"0/0","21,0","21","60","0,60,798"
"0/1","21,12","33","99","291,0,715"
"0/1","27,10","37","99","142,0,725"
"0/1","28,7","35","99","189,0,822"
"0/0","37,0","37","99","0,102,1268"
"0/0","35,0","35","99","0,99,1252"
"0/1","13,19","32","99","630,0,431"
"0/1","13,9","22","99","304,0,387"
"0/1","15,12","27","99","394,0,482"
"0/1","7,10","17","99","317,0,234"
"0/1","5,9","14","99","322,0,158"
"0/1","10,20","30","99","678,0,282"
"0/1","14,9","23","99","289,0,451"
"0/1","11,9","20","99","310,0,394"
"0/1","5,11","16","99","344,0,155"
"0/1","9,14","23","99","427,0,301"
"0/1","10,15","25","99","458,0,332"
"0/1","15,16","31","99","509,0,513"
"0/1","16,18","34","99","632,0,495"
"0/1","16,20","36","99","662,0,533"
"0/1","6,11","17","99","390,0,188"
"0/1","9,6","15","99","197,0,319"
"0/1","14,16","30","99","523,0,461"
"0/1","8,10","18","99","358,0,244"
"0/1","11,16","27","99","554,0,326"
"0/1","12,14","26","99","470,0,393"
"0/1","14,16","30","99","476,0,420"
"0/1","15,12","27","99","406,0,506"
"0/1","11,11","22","99","267,0,378"
"0/1","17,8","25","99","243,0,589"
"0/1","15,9","24","99","293,0,526"
"0/1","14,9","23","99","297,0,493"
"0/1","11,12","23","99","425,0,372"
"0/1","15,12","27","99","307,0,541"
"0/1","17,11","28","99","300,0,605"
"0/1","13,10","23","99","307,0,466"
"0/1","8,9","17","99","318,0,260"
"0/1","14,9","23","99","297,0,474"
"0/1","11,7","18","99","228,0,387"
"0/1","10,8","18","99","262,0,338"
"0/1","11,7","18","99","235,0,386"
"0/1","10,8","18","99","257,0,349"
"0/1","10,8","18","99","265,0,347"
"0/1","10,6","16","99","197,0,346"
"0/1","9,6","15","99","195,0,317"
"0/1","19,6","25","99","155,0,693"
"0/1","10,7","17","99","227,0,317"
"0/1","6,8","14","99","280,0,198"
"0/1","6,7","13","99","209,0,201"
"0/1","6,8","14","99","266,0,202"
"0/1","2,10","12","44","373,0,44"
"0/1","4,9","13","99","328,0,124"
"0/1","9,9","18","99","274,0,314"
"0/1","8,12","20","99","425,0,229"
"0/1","9,13","22","99","464,0,294"
"0/1","10,15","25","99","462,0,316"
"0/1","11,12","23","99","410,0,339"
"0/1","11,11","22","99","370,0,373"
"0/1","8,10","18","99","313,0,231"
"0/1","8,10","18","99","317,0,231"
"0/1","9,9","18","99","309,0,271"
"0/1","9,15","24","99","464,0,286"
"0/1","19,6","25","99","174,0,659"
"0/1","22,13","35","99","393,0,722"
"0/1","25,14","39","99","385,0,853"
"0/1","27,14","41","99","450,0,929"
"0/1","13,19","32","99","638,0,429"
"0/1","10,5","15","99","121,0,349"
"0/1","11,4","15","99","114,0,380"
"0/1","9,11","20","99","379,0,302"
"0/1","9,10","19","99","354,0,312"
"0/1","9,16","25","99","579,0,288"
"0/1","7,13","20","99","464,0,219"
"0/1","12,14","26","99","482,0,382"
"0/1","11,9","20","99","219,0,386"
"0/1","11,11","22","99","372,0,368"
"0/1","11,8","19","99","221,0,390"
"0/1","9,9","18","99","226,0,310"
"0/1","13,13","26","99","420,0,420"
"0/1","11,12","23","99","378,0,344"
"0/1","12,12","24","99","376,0,386"
"0/1","14,8","22","99","258,0,491"
"0/1","14,10","24","99","303,0,488"
"0/1","19,10","29","99","294,0,655"
"0/1","10,10","20","99","356,0,269"
"0/1","10,11","21","99","384,0,344"
"0/1","8,10","18","99","356,0,275"
"0/1","17,11","28","99","355,0,573"
"0/1","16,11","27","99","364,0,506"
"0/1","21,10","31","99","305,0,695"
"0/1","22,10","32","99","312,0,771"
"0/1","22,6","28","99","161,0,766"
"0/1","9,10","19","99","312,0,274"
"0/1","18,15","33","99","476,0,609"
"0/1","23,21","44","99","588,0,708"
"0/1","16,14","30","99","422,0,396"
"0/1","41,6","47","12","12,0,1053"
"0/1","14,18","33","99","627,0,478"
"0/1","10,16","26","99","497,0,324"
"0/1","20,18","38","99","549,0,697"
"0/1","21,19","40","99","606,0,708"
"0/0","38,0","38","99","0,99,1295"
"0/0","38,0","38","99","0,99,1301"
"0/1","12,20","32","99","642,0,349"
"0/1","21,16","37","99","538,0,707"
"0/1","33,6","39","75","75,0,1086"
"0/1","18,9","27","99","238,0,601"
"0/1","18,31","49","99","1025,0,584"
"0/1","12,26","38","99","808,0,334"
"0/1","13,16","29","99","555,0,429"
"0/1","15,13","28","99","437,0,507"
"0/1","14,14","28","99","466,0,488"
"0/1","18,14","32","99","471,0,623"
"0/1","13,15","28","99","476,0,446"
"0/1","17,16","33","99","423,0,551"
"0/1","23,15","39","99","428,0,752"
"0/1","14,15","29","99","478,0,401"
"0/1","14,19","33","99","617,0,453"
"0/1","18,19","37","99","616,0,538"
"0/1","18,18","36","99","522,0,582"
"0/1","18,18","36","99","487,0,537"
"0/1","13,19","32","99","579,0,407"
"0/1","15,15","30","99","472,0,514"
"0/1","21,23","44","99","759,0,667"
"0/1","14,20","34","99","560,0,450"
"0/1","19,6","25","99","173,0,623"
"0/1","18,6","24","99","168,0,581"
"0/1","21,12","33","99","261,0,576"
"0/1","19,12","31","99","343,0,489"
"0/1","17,13","30","99","384,0,377"
"0/1","19,14","33","99","436,0,616"
"0/1","15,16","31","99","549,0,423"
"0/1","10,11","21","99","377,0,217"
"0/1","25,18","43","99","503,0,816"
"0/1","12,9","21","99","233,0,422"
"0/1","5,12","17","99","389,0,118"
"0/1","15,15","30","99","486,0,516"
"0/1","13,9","22","99","306,0,458"
"0/1","19,9","28","99","240,0,553"
"0/1","10,5","15","99","148,0,309"
"0/1","8,11","19","99","335,0,261"
"0/1","7,9","16","99","317,0,236"
"0/1","7,13","20","99","398,0,232"
"0/1","6,10","16","99","325,0,168"
"0/1","17,21","38","99","601,0,457"
"0/1","20,17","37","99","528,0,647"
"0/0","37,0","37","99","0,111,1453"
"0/1","8,8","16","99","265,0,282"
"0/1","7,11","18","99","382,0,226"
"0/1","10,11","21","99","340,0,339"
"0/1","10,12","22","99","318,0,352"
"0/1","15,13","28","99","450,0,485"
"0/1","11,6","17","99","188,0,381"
"0/1","14,17","31","99","520,0,476"
"0/1","15,4","19","99","109,0,477"
"0/1","21,19","40","99","447,0,690"
"0/1","18,13","31","99","414,0,593"
"0/1","1,2","3","28","68,0,28"
"0/1","16,14","30","99","457,0,511"
"0/1","17,13","30","99","407,0,557"
"0/1","11,9","20","99","231,0,351"
"0/1","18,30","48","99","975,0,543"
"0/1","10,15","25","99","464,0,331"
"0/1","11,11","22","99","383,0,346"
"0/1","11,10","21","99","311,0,343"
"0/1","14,21","35","99","747,0,417"
"0/1","10,12","22","99","322,0,343"
"0/1","13,10","23","99","296,0,450"
"0/1","2,11","13","47","330,0,47"
"0/0","21,0","21","60","0,60,812"
"0/1","15,16","31","99","553,0,498"
"0/1","12,10","22","99","343,0,418"
"0/1","8,12","20","99","388,0,272"
"0/1","12,14","27","99","447,0,394"
"0/1","19,3","22","59","59,0,647"
"0/1","13,3","16","75","75,0,467"
"0/1","13,10","23","99","291,0,451"
"0/1","9,6","15","99","204,0,303"
"0/1","7,8","15","99","285,0,237"
"0/1","14,11","25","99","380,0,460"
"0/1","13,9","22","99","295,0,461"
"0/1","16,12","28","99","145,0,394"
"0/1","13,14","27","99","489,0,448"
"0/1","11,15","26","99","497,0,374"
"0/1","19,10","29","99","258,0,658"
"0/0","20,0","20","57","0,57,761"
"0/1","10,11","21","99","347,0,347"
"0/1","9,13","22","99","405,0,296"
"0/1","19,11","30","99","357,0,605"
"0/1","13,19","32","99","607,0,405"
"0/1","14,11","25","99","343,0,425"
"0/1","17,9","26","99","281,0,599"
"0/1","10,16","26","99","542,0,301"
"0/1","9,11","20","99","379,0,247"
"0/1","19,22","41","99","692,0,573"
"0/1","8,12","20","99","415,0,257"
"0/1","15,17","32","99","470,0,487"
"0/1","15,12","27","99","409,0,518"
"0/1","16,12","28","99","332,0,539"
"0/1","12,13","25","99","451,0,417"
"0/1","15,9","24","99","290,0,518"
"0/1","13,13","26","99","442,0,442"
"0/1","10,15","25","99","475,0,335"
"0/1","17,8","25","99","218,0,618"
"0/1","20,10","31","99","311,0,677"
"0/1","10,9","19","99","268,0,348"
"1/1","3,13","16","12","440,12,0"
"0/0","17,0","17","42","0,42,552"
"0/1","11,16","27","99","480,0,327"
"0/1","16,19","35","99","622,0,469"
"0/1","10,12","22","99","402,0,331"
"0/1","17,20","37","99","630,0,460"
"0/1","13,16","29","99","538,0,375"
"0/1","21,20","41","99","647,0,652"
"0/1","23,14","37","99","413,0,703"
"0/1","40,27","67","99","554,0,1150"
"0/1","13,21","34","99","658,0,422"
"0/1","17,22","39","99","566,0,540"
"0/1","15,12","27","99","362,0,493"
"0/1","11,15","26","99","391,0,210"
"0/1","8,4","15","83","83,0,136"
"0/1","8,11","20","99","380,0,272"
"0/1","11,5","16","99","159,0,401"
"0/1","6,10","16","99","354,0,199"
"0/1","10,12","22","99","393,0,307"
"0/1","7,15","22","99","514,0,222"
"0/1","13,18","31","99","602,0,410"
"1/1","1,35","36","87","1127,87,0"
"0/1","14,10","24","99","174,0,325"
"0/0","21,0","21","57","0,57,776"
"0/1","17,21","38","99","665,0,565"
"0/1","16,15","31","99","469,0,547"
"0/0","31,0","31","87","0,87,1145"
"0/1","8,17","25","99","537,0,255"
"0/1","10,10","20","99","307,0,268"
"0/1","11,12","23","99","406,0,317"
"0/1","12,8","20","99","265,0,425"
"0/1","13,10","23","99","335,0,401"
"0/1","19,25","44","99","854,0,583"
"0/1","24,19","43","99","476,0,753"
"0/1","7,14","21","99","486,0,226"
"0/1","13,11","24","99","325,0,442"
"0/1","7,8","15","99","277,0,230"
"0/1","10,10","20","99","308,0,321"
"0/1","18,12","30","99","326,0,632"
"0/1","20,14","34","99","439,0,664"
"0/1","14,11","25","99","371,0,413"
"0/1","32,14","46","99","409,0,1119"
"0/1","24,19","43","99","517,0,810"
"0/1","14,15","29","99","471,0,482"
"0/1","6,21","27","99","715,0,157"
"0/1","7,20","27","99","724,0,201"
"0/1","10,18","28","99","610,0,256"
"0/1","11,14","25","99","412,0,381"
"0/1","12,16","28","99","567,0,394"
"0/1","18,21","39","99","705,0,614"
"0/1","16,26","42","99","839,0,519"
"0/1","16,28","44","99","885,0,506"
"0/1","16,13","29","99","432,0,525"
"0/0","25,0","25","69","0,69,927"
"0/0","30,0","30","84","0,84,1090"
"0/0","31,0","31","87","0,87,1160"
"0/0","35,0","35","99","0,99,1333"
"0/0","35,0","35","99","0,99,1314"
"0/0","35,0","35","99","0,99,1324"
"0/0","34,0","34","93","0,93,1266"
"0/0","34,0","34","96","0,96,1277"
"0/1","3,7","10","92","249,0,92"
"0/1","16,21","37","99","718,0,497"
"0/1","8,18","26","99","629,0,249"
"0/1","12,17","29","99","511,0,389"
"0/1","22,21","43","99","589,0,657"
"0/1","10,22","32","99","703,0,285"
"0/1","10,17","27","99","602,0,323"
"0/0","14,1","16","5","0,5,495"
"0/1","10,13","23","99","421,0,325"
"0/1","12,15","27","99","445,0,377"
"0/1","13,19","32","99","670,0,393"
"0/1","12,17","29","99","559,0,398"
"0/1","23,11","34","99","341,0,766"
"0/1","18,12","30","99","317,0,512"
"0/1","17,10","27","99","237,0,464"
"0/1","10,5","15","99","155,0,357"
"0/1","9,13","22","99","466,0,303"
"0/1","20,8","28","99","241,0,710"
"0/1","12,8","20","99","269,0,382"
"0/1","17,11","28","99","327,0,529"
"0/1","18,13","31","99","423,0,573"
"0/1","9,20","29","99","691,0,278"
"0/1","8,22","30","99","770,0,232"
"0/1","9,15","24","99","510,0,277"
"0/1","29,18","47","99","528,0,877"
"0/1","15,14","29","99","419,0,445"
"0/1","17,8","25","99","250,0,619"
"0/1","6,8","14","99","243,0,201"
"1/1","1,19","20","29","738,29,0"
"0/1","16,11","27","99","310,0,521"
"0/1","20,19","39","99","603,0,648"
"0/0","29,0","29","81","0,81,1099"
"0/1","12,9","21","99","310,0,384"
"0/1","11,14","25","99","482,0,318"
"0/1","10,11","21","99","386,0,307"
"0/1","7,6","13","99","203,0,248"
"0/1","8,6","14","99","200,0,279"
"0/1","14,14","28","99","491,0,459"
"0/1","21,16","37","99","361,0,665"
"0/1","15,6","21","99","170,0,553"
"0/1","6,10","16","99","351,0,182"
"0/1","21,7","28","99","170,0,678"
"0/1","12,8","20","99","254,0,430"
"0/1","10,6","16","99","202,0,322"
"0/1","16,15","31","99","493,0,470"
"0/1","12,21","33","99","744,0,377"
"0/1","13,11","24","99","378,0,452"
"0/1","12,21","33","99","668,0,337"
"0/1","11,11","22","99","353,0,366"
"0/1","11,13","24","99","335,0,325"
"0/1","19,20","39","99","614,0,599"
"0/1","19,18","37","99","526,0,569"
"0/1","13,19","32","99","628,0,421"
"0/1","11,19","30","99","611,0,332"
"0/1","11,12","23","99","407,0,378"
"0/1","8,17","25","99","572,0,249"
"0/1","18,11","29","99","343,0,547"
"0/1","19,11","30","99","309,0,555"
"0/1","12,17","29","99","505,0,306"
"0/1","14,10","24","99","310,0,415"
"0/1","11,17","28","99","593,0,323"
"0/1","18,12","30","99","411,0,525"
"0/1","18,12","30","99","371,0,509"
"0/1","5,7","12","99","251,0,169"
"0/1","11,14","25","99","457,0,341"
"0/1","11,16","27","99","536,0,357"
"0/1","19,14","33","99","442,0,599"
"0/1","10,9","19","99","270,0,348"
"0/1","13,8","21","99","258,0,433"
"0/1","13,10","23","99","339,0,417"
"0/1","12,14","26","99","454,0,386"
"0/1","13,8","21","99","249,0,426"
"0/1","13,4","17","89","89,0,475"
"0/1","12,10","22","99","329,0,375"
"0/1","11,8","19","99","207,0,334"
"0/1","5,11","16","99","285,0,105"
"0/1","8,7","15","99","122,0,253"
"0/1","12,10","22","99","303,0,356"
"0/1","16,7","23","99","229,0,444"
"0/1","20,15","35","99","498,0,509"
"0/1","21,23","44","99","715,0,593"
"0/1","12,23","35","99","759,0,336"
"0/1","10,25","35","99","817,0,298"
"0/1","15,17","32","99","496,0,480"
"0/1","16,17","33","99","458,0,551"
"0/1","16,11","27","99","365,0,552"
"0/1","21,6","27","60","60,0,615"
"0/1","11,12","23","99","360,0,272"
"0/1","17,18","35","99","508,0,581"
"0/1","15,14","29","99","429,0,471"
"0/1","13,11","24","99","314,0,457"
"0/1","12,12","24","99","292,0,359"
"0/1","17,7","24","99","154,0,425"
"0/1","8,11","19","99","355,0,275"
"0/1","14,7","21","99","230,0,404"
"0/1","7,11","18","99","353,0,231"
"0/1","11,6","17","99","197,0,355"
"0/1","15,4","19","99","100,0,531"
"0/1","23,22","45","99","648,0,688"
"0/1","13,13","26","99","334,0,346"
"0/1","12,13","25","99","301,0,423"
"0/1","16,11","28","99","303,0,462"
"0/1","6,13","19","99","473,0,143"
"0/1","13,18","31","99","554,0,353"
"0/1","12,10","22","99","328,0,384"
"0/1","11,10","21","99","344,0,350"
"0/1","4,7","11","32","138,0,32"
"0/1","12,10","22","99","290,0,363"
"0/1","12,9","21","99","304,0,384"
"0/1","7,11","18","99","385,0,233"
"0/1","27,14","41","99","437,0,925"
"0/1","13,6","19","99","180,0,456"
"0/1","20,15","35","99","500,0,635"
"0/1","13,10","23","99","325,0,452"
"0/1","20,18","38","99","572,0,667"
"0/1","7,6","13","99","166,0,231"
"0/1","9,12","21","99","355,0,312"
"0/1","24,6","30","99","186,0,401"
"0/1","11,10","21","99","304,0,384"
"0/1","20,13","33","99","411,0,442"
"0/1","23,14","37","99","426,0,675"
"0/1","16,19","36","99","479,0,387"
"0/1","16,16","32","99","543,0,493"
"0/1","12,6","18","99","191,0,331"
"0/1","4,13","17","99","475,0,111"
"0/1","7,10","17","99","324,0,196"
"0/1","3,9","12","73","308,0,73"
"0/1","12,16","28","99","497,0,402"
"0/1","14,17","31","99","419,0,391"
"0/1","25,19","44","99","545,0,671"
"0/1","13,11","24","99","364,0,345"
"0/1","18,18","36","99","601,0,606"
"0/1","14,19","33","99","628,0,398"
"0/1","19,14","33","99","341,0,651"
"0/1","17,7","24","99","202,0,587"
"0/1","14,13","27","99","375,0,428"
"0/1","5,11","16","99","364,0,149"
"0/1","8,9","17","99","313,0,228"
"0/0","20,1","21","33","0,33,778"
"0/0","27,1","28","45","0,45,927"
"0/1","16,9","25","99","289,0,487"
"0/1","11,11","22","99","382,0,302"
"0/1","12,11","23","99","380,0,383"
"0/1","9,15","24","99","455,0,254"
"0/1","13,10","23","99","335,0,418"
"0/1","9,10","19","99","305,0,234"
"0/1","10,10","20","99","336,0,300"
"0/1","12,6","18","99","190,0,384"
"0/1","11,6","17","99","114,0,358"
"0/1","17,15","32","99","418,0,394"
"0/1","7,1","8","13","13,0,238"
"0/1","11,9","20","99","240,0,307"
"0/1","10,11","21","99","346,0,307"
"0/1","8,8","16","99","222,0,217"
"0/1","11,12","23","99","325,0,329"
"0/1","4,11","15","99","385,0,111"
"0/1","15,13","28","99","367,0,473"
"0/1","16,13","29","99","401,0,514"
"0/1","16,16","32","99","316,0,529"
"0/1","14,5","19","99","124,0,229"
"0/0","31,0","31","78","0,78,1021"
"0/0","29,0","29","78","0,78,1050"
"0/0","32,0","32","87","0,87,1140"
"0/0","34,0","34","99","0,99,1320"
"0/1","15,11","26","99","332,0,455"
"0/1","24,8","32","99","161,0,657"
"0/1","6,12","18","99","421,0,188"
"0/1","12,6","18","99","185,0,396"
"0/1","17,19","36","99","524,0,526"
"0/1","30,9","39","99","142,0,997"
"0/0","17,1","18","48","0,48,643"
"0/1","16,6","22","87","87,0,480"
"0/0","29,0","29","81","0,81,1103"
"0/1","11,11","22","99","378,0,341"
"0/1","14,13","27","99","399,0,479"
"0/0","23,2","25","27","0,27,643"
"0/0","22,2","24","31","0,31,691"
"0/0","23,2","25","24","0,24,615"
"0/0","34,0","34","99","0,102,1311"
"0/1","20,19","40","99","607,0,625"
"0/1","17,6","23","67","67,0,450"
"0/1","18,6","24","66","66,0,466"
"0/0","21,0","21","63","0,63,850"
"0/1","10,6","16","99","194,0,348"
"0/1","10,7","17","99","231,0,356"
"0/1","15,12","27","99","374,0,518"
"0/1","10,8","18","99","228,0,351"
"0/1","21,17","38","99","531,0,728"
"0/1","14,13","27","99","433,0,445"
"0/1","10,11","21","99","358,0,343"
"0/1","13,10","23","99","310,0,406"
"0/1","21,16","37","99","540,0,703"
"0/1","22,18","40","99","578,0,679"
"0/1","11,6","18","99","210,0,245"
"0/1","16,11","27","99","358,0,551"
"0/0","24,0","24","66","0,66,887"
"0/0","28,1","29","75","0,75,1020"
"0/0","29,1","30","81","0,81,1086"
"0/0","27,1","28","72","0,72,986"
"0/0","31,1","32","90","0,90,1216"
"0/1","20,25","45","99","832,0,674"
"0/1","11,12","23","99","425,0,371"
"0/1","21,5","26","99","120,0,711"
"0/1","21,6","27","99","128,0,702"
"0/1","12,6","18","99","176,0,427"
"0/1","10,15","25","99","473,0,324"
"0/1","14,22","36","99","775,0,410"
"0/1","17,16","33","99","507,0,533"
"0/1","12,19","31","99","587,0,316"
"0/1","12,15","27","99","429,0,405"
"0/1","15,14","29","99","469,0,508"
"0/1","15,15","30","99","518,0,517"
"0/1","15,22","37","99","754,0,503"
"0/1","11,12","23","99","412,0,385"
"0/1","17,20","37","99","626,0,540"
"0/1","16,10","26","99","318,0,568"
"0/1","13,14","27","99","474,0,434"
"0/1","9,20","29","99","680,0,285"
"0/1","19,15","34","99","445,0,598"
"0/1","21,15","36","99","462,0,705"
"0/1","16,14","30","99","477,0,527"
"0/1","19,18","37","99","556,0,519"
"0/0","17,1","18","5","0,5,530"
"0/1","18,6","24","99","176,0,598"
"0/1","18,6","24","99","170,0,641"
"0/1","20,4","24","93","93,0,720"
"0/1","18,8","26","99","219,0,541"
"0/1","22,8","30","99","184,0,684"
"0/1","11,15","26","99","539,0,334"
"0/1","13,18","31","99","602,0,381"
"0/1","11,14","25","99","387,0,378"
"0/1","10,15","25","99","510,0,342"
"0/1","7,9","16","99","318,0,219"
"0/1","8,13","21","99","404,0,236"
"0/1","8,6","14","99","201,0,272"
"0/1","11,11","22","99","381,0,381"
"0/1","14,9","23","99","290,0,503"
"0/1","13,6","19","99","186,0,443"
"0/1","12,17","29","99","508,0,406"
"0/1","15,22","37","99","699,0,449"
"0/1","18,13","31","99","428,0,585"
"0/1","11,11","22","99","381,0,380"
"0/1","16,16","32","99","504,0,519"
"0/1","10,16","26","99","508,0,319"
"0/1","14,21","35","99","664,0,429"
"0/1","5,13","18","99","470,0,149"
"0/1","6,9","15","99","284,0,191"
"0/1","11,15","26","99","482,0,371"
"0/1","11,17","28","99","591,0,368"
"0/1","13,8","21","99","225,0,407"
"0/1","13,11","24","99","362,0,464"
"0/1","17,18","35","99","505,0,546"
"0/1","7,5","12","99","154,0,234"
"0/1","22,18","40","99","598,0,663"
"0/1","9,8","17","99","282,0,240"
"0/1","16,21","37","99","705,0,533"
"0/1","23,15","38","99","467,0,716"
"0/1","19,21","40","99","660,0,647"
"0/1","11,25","36","99","778,0,282"
"0/1","13,19","32","99","592,0,386"
"0/1","11,9","20","99","287,0,369"
"0/1","10,8","18","99","256,0,345"
"0/1","15,15","30","99","443,0,511"
"0/1","15,14","29","99","452,0,462"
"0/1","11,15","26","99","489,0,331"
"0/1","12,3","15","90","90,0,274"
"0/1","7,2","9","3","3,0,241"
"0/1","11,2","13","4","4,0,374"
"0/1","17,12","29","99","273,0,446"
"0/1","16,21","37","99","699,0,471"
"0/0","31,0","31","90","0,90,1213"
"0/0","26,0","26","75","0,75,995"
"0/1","15,20","35","99","585,0,423"
"0/1","16,14","30","99","471,0,468"
"0/1","10,6","16","99","194,0,340"
"0/0","13,0","13","30","0,30,398"
"0/1","7,14","21","99","472,0,215"
"0/1","8,14","22","99","481,0,222"
"0/1","17,25","42","99","772,0,568"
"0/1","10,14","24","99","421,0,298"
"0/1","15,15","30","99","393,0,326"
"0/1","18,16","34","99","546,0,550"
"0/1","10,20","30","99","689,0,281"
"0/1","12,11","23","99","371,0,328"
"0/0","30,0","30","87","0,87,1134"
"0/1","20,12","32","99","363,0,713"
"0/1","18,25","43","99","870,0,561"
"0/1","11,5","16","99","152,0,399"
"0/1","8,13","21","99","418,0,263"
"0/1","10,11","21","99","380,0,346"
"0/1","13,15","28","99","528,0,402"
"0/1","12,8","20","99","260,0,385"
"0/0","23,0","23","66","0,66,886"
"0/1","9,19","28","99","659,0,213"
"0/1","7,12","19","99","423,0,216"
"0/0","21,0","21","57","0,57,770"
"0/1","8,17","25","99","549,0,253"
"0/1","15,13","28","99","415,0,457"
"0/1","10,6","16","99","199,0,339"
"0/1","22,14","37","99","315,0,718"
"0/1","18,9","27","99","241,0,613"
"0/1","17,16","33","99","501,0,578"
"0/1","20,13","33","99","420,0,688"
"0/1","14,13","27","99","394,0,404"
"0/1","13,22","35","99","541,0,379"
"0/1","15,14","29","99","464,0,455"
"0/1","16,8","24","99","169,0,494"
"0/1","17,8","25","99","236,0,578"
"0/1","20,12","32","99","395,0,710"
"0/1","14,19","33","99","662,0,462"
"0/1","14,11","25","99","377,0,420"
"0/1","10,10","20","99","313,0,353"
"0/1","13,22","35","99","731,0,402"
"0/1","15,16","32","99","517,0,483"
"0/1","16,13","29","99","404,0,525"
"0/1","12,24","36","99","827,0,379"
"0/0","21,0","21","57","0,57,728"
"0/1","20,19","39","99","598,0,642"
"0/1","9,15","24","99","430,0,262"
"0/1","19,16","35","99","462,0,592"
"0/1","14,19","33","99","471,0,427"
"0/1","11,15","26","99","523,0,358"
"0/1","12,16","28","99","505,0,336"
"0/1","19,22","41","99","691,0,627"
"0/1","14,8","22","99","233,0,427"
"0/1","11,26","37","99","796,0,348"
"0/0","22,0","22","63","0,63,829"
"0/1","9,10","19","99","345,0,279"
"0/1","20,22","42","99","577,0,631"
"0/1","14,16","30","99","522,0,422"
"0/1","13,11","24","99","367,0,417"
"0/1","16,6","22","99","190,0,444"
"0/1","7,10","17","99","341,0,216"
"0/1","10,13","23","99","419,0,309"
"0/1","7,11","18","99","359,0,222"
"0/1","9,13","22","99","470,0,269"
"0/1","6,7","13","99","245,0,206"
"0/1","35,13","48","99","383,0,1145"
"0/1","37,6","43","99","125,0,1300"
"0/1","27,9","36","99","224,0,873"
"0/1","41,10","51","99","261,0,1370"
"0/1","42,13","55","99","373,0,1445"
"0/1","36,10","46","99","262,0,1271"
"0/1","34,9","43","99","226,0,1187"
"0/1","35,8","43","99","188,0,1196"
"0/1","27,6","33","99","141,0,935"
"0/1","7,6","13","99","167,0,210"
"0/1","9,8","17","99","214,0,285"
"0/1","7,9","16","99","269,0,231"
"0/1","32,5","37","7","7,0,1022"
"0/1","9,14","23","99","451,0,303"
"0/1","32,4","36","14","14,0,1033"
"0/1","34,9","43","99","120,0,972"
"0/1","26,9","35","99","161,0,624"
"0/1","24,5","29","47","47,0,628"
"0/1","16,20","36","99","683,0,492"
"0/1","12,16","28","99","483,0,347"
"0/1","23,10","33","99","269,0,809"
"0/0","18,0","18","51","0,51,686"
"0/0","40,0","40","99","0,114,1538"
"0/1","16,12","28","99","305,0,439"
"0/0","22,0","22","45","0,45,541"
"0/1","4,7","11","99","244,0,127"
"0/1","18,4","22","99","100,0,591"
"0/1","11,6","17","99","191,0,398"
"0/1","15,10","25","99","286,0,455"
"0/1","18,18","36","99","515,0,562"
"0/1","22,15","37","99","427,0,664"
"0/1","18,17","35","99","529,0,603"
"0/1","9,19","28","99","631,0,252"
"0/1","11,23","34","99","778,0,296"
"0/0","27,0","27","72","0,72,957"
"0/0","45,0","45","99","0,108,1397"
"0/1","20,19","39","99","541,0,542"
"0/1","21,19","40","99","580,0,524"
"0/1","25,7","32","48","48,0,868"
"0/1","12,3","15","78","78,0,447"
"0/1","15,2","17","32","32,0,563"
"0/1","12,12","24","99","388,0,412"
"0/1","20,10","31","99","258,0,626"
"0/1","17,20","37","99","552,0,525"
"0/0","36,0","36","99","0,99,1333"
"0/1","19,19","38","99","583,0,602"
"0/0","32,0","32","93","0,93,1249"
"0/1","15,23","40","99","747,0,364"
"0/0","40,1","41","62","0,62,1258"
"0/1","16,17","33","99","561,0,510"
"0/1","23,18","41","99","589,0,740"
"0/1","39,5","44","28","28,0,1410"
"0/1","42,7","49","60","60,0,1474"
"0/1","33,8","41","99","115,0,1188"
"0/1","15,16","31","99","512,0,468"
"0/1","16,7","23","99","215,0,535"
"0/1","18,4","22","99","102,0,621"
"0/1","10,15","25","99","463,0,313"
"0/1","15,13","28","99","437,0,488"
"0/1","4,8","12","99","288,0,126"
"0/1","29,21","50","99","617,0,936"
"0/1","30,21","51","99","614,0,916"
"0/1","28,21","49","99","629,0,882"
"0/1","47,8","55","85","85,0,1539"
"0/1","14,17","31","99","573,0,437"
"0/1","16,18","34","99","585,0,507"
"0/1","40,27","71","99","324,0,600"
"0/1","11,15","26","99","457,0,380"
"0/1","12,12","24","99","343,0,418"
"0/1","13,8","21","99","243,0,456"
"0/1","5,10","15","99","319,0,146"
"0/1","12,11","23","99","328,0,371"
"0/1","14,19","33","99","625,0,381"
"0/1","7,15","22","99","472,0,229"
"0/1","8,13","21","99","473,0,257"
"0/1","9,11","20","99","352,0,308"
"0/1","19,13","32","99","415,0,650"
"0/1","18,7","25","99","208,0,577"
"0/1","10,17","27","99","568,0,320"
"0/1","15,13","28","99","431,0,489"
"0/1","16,14","30","99","462,0,475"
"0/1","16,13","29","99","399,0,545"
"0/1","7,19","26","99","618,0,170"
"0/1","30,6","36","92","92,0,933"
"0/1","17,13","30","99","439,0,534"
"0/1","12,14","26","99","489,0,353"
"0/1","17,14","31","99","486,0,543"
"0/1","15,17","32","99","539,0,493"
"0/1","24,19","43","99","508,0,746"
"0/1","14,12","26","99","370,0,471"
"0/1","26,14","40","99","447,0,848"
"0/1","15,19","34","99","626,0,484"
"0/1","20,15","35","99","474,0,678"
"0/1","9,14","23","99","486,0,296"
"0/1","14,12","26","99","404,0,480"
"0/1","16,13","29","99","428,0,519"
"0/1","21,10","31","99","317,0,700"
"0/1","18,19","37","99","615,0,615"
"0/1","16,17","33","99","461,0,451"
"0/1","15,20","35","99","700,0,485"
"0/1","8,15","23","99","495,0,229"
"0/1","4,11","15","99","360,0,120"
"0/1","8,7","15","99","240,0,275"
"0/1","21,13","34","99","364,0,737"
"0/1","22,15","37","99","438,0,756"
"0/1","9,18","27","99","638,0,283"
"0/1","9,4","13","99","123,0,113"
"0/1","11,12","23","48","48,0,392"
"0/1","17,19","36","99","617,0,531"
"0/1","11,14","25","99","460,0,214"
"0/1","9,10","19","99","299,0,316"
"0/1","16,13","29","99","428,0,432"
"0/1","11,12","23","99","355,0,383"
"0/1","13,28","41","99","930,0,384"
"0/1","31,13","44","99","357,0,933"
"0/1","29,19","48","99","577,0,922"
"0/1","20,21","41","99","672,0,604"
"0/1","18,17","35","99","521,0,615"
"0/1","12,18","30","99","573,0,398"
"0/1","10,13","23","99","447,0,319"
"0/1","9,9","18","99","312,0,308"
"0/1","16,20","36","99","588,0,456"
"0/1","12,11","23","99","347,0,369"
"0/1","14,18","32","99","565,0,388"
"0/1","26,14","40","99","448,0,825"
"0/1","18,17","35","99","524,0,576"
"0/1","15,18","34","99","515,0,463"
"0/1","19,19","38","99","604,0,631"
"0/1","17,14","31","99","470,0,494"
"0/1","16,17","33","99","524,0,530"
"0/1","9,8","17","99","274,0,259"
"0/1","16,12","28","99","259,0,450"
"0/1","41,19","61","99","381,0,1000"
"0/1","17,5","22","90","90,0,630"
"0/1","9,10","19","99","336,0,271"
"0/1","17,20","37","99","698,0,529"
"0/1","22,6","28","99","126,0,806"
"0/1","15,7","22","61","61,0,465"
"0/0","21,2","23","20","0,20,741"
"0/0","21,2","23","26","0,26,763"
"0/1","15,5","20","99","154,0,441"
"0/1","22,23","45","99","752,0,720"
"0/1","14,22","36","99","658,0,411"
"0/1","13,24","37","99","717,0,414"
"0/1","13,18","31","99","615,0,411"
"0/1","10,14","24","99","461,0,276"
"0/0","12,0","12","36","0,36,452"
"0/1","10,3","13","7","7,0,149"
"0/1","7,9","16","21","218,0,21"
"0/1","12,6","18","99","185,0,394"
"0/1","14,12","26","99","408,0,418"
"0/1","13,11","24","99","326,0,425"
"0/1","9,11","20","99","332,0,261"
"0/1","8,4","12","99","126,0,252"
"0/1","9,9","18","99","313,0,266"
"0/1","5,5","10","99","177,0,130"
"0/0","14,0","14","42","0,42,569"
"0/1","13,13","26","99","444,0,405"
"0/1","16,10","26","99","284,0,568"
"0/1","28,7","35","99","114,0,983"
"0/1","32,6","38","96","96,0,1091"
"0/1","17,22","39","99","688,0,540"
"0/1","15,15","30","99","496,0,520"
"0/1","19,15","34","99","408,0,604"
"0/1","28,11","39","99","330,0,952"
"0/1","17,26","43","99","855,0,552"
"0/1","10,20","30","99","662,0,276"
"0/1","14,11","25","99","321,0,451"
"0/1","16,20","36","99","649,0,524"
"0/1","10,11","21","99","374,0,299"
"0/1","15,14","29","99","465,0,510"
"1/1","0,29","29","78","1053,78,0"
"0/1","17,18","35","99","575,0,522"
"0/1","17,10","27","99","314,0,588"
"0/1","11,6","17","99","165,0,367"
"0/1","9,10","19","99","346,0,293"
"0/1","18,12","30","99","389,0,631"
"0/1","20,16","36","99","531,0,591"
"0/1","17,16","33","99","543,0,563"
"0/1","8,13","21","99","412,0,230"
"0/1","13,13","26","99","415,0,437"
"0/1","17,10","27","99","261,0,536"
"0/1","14,13","27","99","390,0,465"
"0/1","11,14","25","99","437,0,364"
"0/1","28,4","32","42","42,0,945"
"0/1","17,13","30","99","330,0,550"
"0/1","17,11","28","99","294,0,560"
"0/1","11,11","22","99","383,0,347"
"0/1","12,17","29","99","601,0,395"
"0/1","18,22","40","99","745,0,575"
"0/1","20,17","37","99","546,0,682"
"0/1","14,6","20","99","190,0,511"
"0/1","13,6","19","99","187,0,472"
"0/1","17,9","26","99","289,0,606"
"0/1","16,9","25","99","245,0,571"
"0/1","9,14","23","99","436,0,296"
"0/1","7,12","19","99","417,0,226"
"0/1","14,13","27","99","450,0,463"
"0/1","17,12","29","99","371,0,578"
"0/0","34,5","39","40","0,40,1166"
"0/1","26,14","40","99","398,0,767"
"0/1","12,6","18","99","158,0,383"
"0/1","8,10","18","99","282,0,238"
"0/1","8,6","14","99","195,0,273"
"0/1","11,8","20","99","271,0,363"
"0/1","11,11","22","99","381,0,374"
"0/1","6,12","18","99","385,0,194"
"0/1","6,11","17","99","375,0,195"
"0/1","9,11","20","99","315,0,288"
"0/1","12,11","23","99","291,0,372"
"0/1","11,11","22","99","365,0,346"
"0/1","18,12","30","99","384,0,631"
"0/1","20,14","34","99","466,0,649"
"0/1","17,21","38","99","732,0,507"
"0/1","20,13","33","99","382,0,558"
"0/1","17,15","32","99","517,0,539"
"0/1","8,12","20","99","426,0,254"
"0/1","8,7","15","99","242,0,258"
"0/1","10,13","23","99","465,0,335"
"0/1","5,7","12","99","241,0,167"
"0/1","15,11","26","99","366,0,526"
"0/1","13,8","21","99","263,0,467"
"1/1","1,17","19","51","679,51,0"
"0/1","11,17","28","99","565,0,326"
"0/1","15,7","22","99","220,0,504"
"0/1","9,7","16","99","242,0,275"
"0/1","12,9","21","99","299,0,392"
"0/1","9,16","25","99","542,0,295"
"0/1","16,10","26","99","294,0,375"
"0/0","12,0","12","33","0,33,438"
"0/0","12,0","12","36","0,36,475"
"0/1","15,11","26","99","366,0,504"
"0/1","9,8","17","99","268,0,289"
"0/1","9,14","23","99","464,0,296"
"1/1","0,21","21","57","764,57,0"
"0/1","15,24","39","99","790,0,491"
"0/1","21,15","36","99","491,0,713"
"0/1","18,10","28","99","320,0,640"
"0/1","11,8","19","99","269,0,383"
"0/1","11,10","21","99","340,0,346"
"0/0","13,2","16","39","0,39,533"
"0/1","11,5","16","99","160,0,278"
"0/0","22,1","23","37","0,37,847"
"0/1","10,9","19","99","300,0,340"
"0/1","13,13","26","99","455,0,360"
"0/1","14,4","18","99","111,0,491"
"0/1","23,15","38","99","377,0,813"
"0/1","16,18","34","99","576,0,487"
"0/1","12,11","23","99","376,0,343"
"0/1","15,21","36","99","667,0,429"
"0/1","19,17","36","99","525,0,557"
"0/1","8,14","22","99","455,0,183"
"0/1","19,17","38","99","415,0,571"
"0/1","22,17","39","99","580,0,687"
"0/1","5,10","15","99","294,0,160"
"0/1","13,10","23","99","339,0,402"
"0/1","14,15","29","99","475,0,468"
"0/1","24,28","52","99","909,0,792"
"0/1","22,25","47","99","774,0,701"
"0/1","13,8","21","99","197,0,394"
"0/1","19,23","42","99","731,0,551"
"0/0","13,2","15","30","0,30,369"
"0/1","17,20","38","99","512,0,295"
"0/1","8,18","26","99","649,0,247"
"0/1","7,14","21","99","440,0,202"
"0/1","6,5","11","99","169,0,209"
"0/1","7,8","15","99","240,0,234"
"0/1","13,19","32","99","634,0,354"
"0/1","18,14","32","99","439,0,577"
"0/1","9,8","17","99","279,0,313"
"0/1","10,7","17","99","225,0,265"
"0/1","15,5","20","99","109,0,520"
"0/1","10,9","19","99","268,0,314"
"1/1","0,12","12","36","485,36,0"
"0/1","23,4","27","79","79,0,805"
"0/1","23,4","27","82","82,0,804"
"0/1","22,4","26","87","87,0,765"
"0/0","20,1","21","23","0,23,725"
"0/0","18,1","19","17","0,17,638"
"0/1","24,3","27","1","1,0,856"
"0/1","24,6","30","72","72,0,837"
"0/0","14,0","14","36","0,36,482"
"0/0","17,0","17","48","0,48,631"
"0/0","17,0","17","48","0,48,632"
"0/1","10,9","19","99","300,0,341"
"0/1","12,12","24","99","364,0,378"
"0/1","49,13","62","99","224,0,1369"
"0/1","14,13","27","99","394,0,449"
"0/1","6,15","21","99","503,0,153"
"0/1","5,11","16","99","364,0,160"
"0/1","3,2","8","31","31,0,71"
"0/0","10,0","11","27","0,27,344"
"0/1","13,15","28","99","500,0,403"
"0/1","16,17","33","99","484,0,528"
"0/1","17,17","34","99","464,0,543"
"0/1","9,6","15","40","40,0,177"
"0/1","19,21","40","99","711,0,558"
"0/1","19,13","32","99","416,0,585"
"0/1","22,12","34","97","97,0,709"
"0/1","16,11","27","99","348,0,551"
"0/1","16,18","34","99","628,0,537"
"0/1","14,13","27","99","410,0,428"
"0/1","10,17","27","99","545,0,286"
"0/1","15,4","19","99","103,0,538"
"0/1","10,9","19","99","310,0,337"
"0/0","13,0","13","36","0,36,463"
"0/1","20,8","29","99","157,0,545"
"0/1","13,17","31","99","509,0,382"
"0/0","15,0","15","33","0,33,398"
"0/1","14,12","26","99","396,0,441"
"0/1","5,10","15","99","247,0,120"
"0/1","12,13","25","99","412,0,420"
"0/1","8,10","18","99","322,0,255"
"0/1","8,8","16","99","204,0,287"
"0/1","14,13","27","99","393,0,409"
"0/1","21,2","24","10","10,0,695"
"0/1","8,12","20","99","344,0,256"
"0/1","11,6","17","99","186,0,384"
"0/1","6,7","13","99","211,0,206"
"0/1","20,10","30","99","325,0,599"
"0/1","19,8","27","99","195,0,531"
"0/1","8,14","22","99","247,0,281"
"0/1","12,11","23","99","374,0,386"
"0/0","33,0","33","99","0,99,1327"
"0/0","32,0","32","96","0,96,1279"
"0/1","21,21","42","99","697,0,600"
"0/1","17,20","37","99","592,0,544"
"0/1","15,20","35","99","596,0,505"
"0/1","16,12","28","99","379,0,550"
"0/0","39,0","39","99","0,108,1435"
"0/0","38,0","38","99","0,105,1410"
"0/1","12,14","26","99","462,0,375"
"0/1","6,7","13","99","248,0,203"
"0/1","7,9","16","99","288,0,201"
"0/1","10,3","13","86","86,0,318"
"0/1","11,2","13","43","43,0,405"
"0/1","17,5","22","99","140,0,596"
"0/1","17,9","26","99","274,0,488"
"0/1","16,8","24","99","250,0,567"
"0/1","11,7","18","99","207,0,385"
"0/1","18,15","34","99","440,0,502"
"0/1","11,15","26","99","485,0,353"
"0/1","14,11","25","99","380,0,443"
"0/1","5,8","13","99","284,0,166"
"0/1","15,12","27","99","388,0,527"
"0/1","9,9","18","99","301,0,318"
"0/1","5,9","14","99","310,0,121"
"0/1","17,15","32","99","478,0,599"
"0/1","17,15","32","99","480,0,551"
"0/1","13,11","24","99","297,0,455"
"0/1","6,8","14","99","282,0,203"
"0/1","11,15","26","99","470,0,310"
"0/1","15,14","29","99","485,0,504"
"0/1","14,9","23","99","296,0,449"
"0/1","4,6","10","99","209,0,133"
"0/1","11,11","22","99","303,0,382"
"0/1","18,9","27","99","294,0,584"
"0/1","13,11","24","99","371,0,376"
"0/1","15,10","25","99","320,0,490"
"0/1","6,12","18","99","364,0,184"
"0/1","20,12","32","99","332,0,700"
"0/1","14,16","30","99","528,0,414"
"0/1","9,5","14","99","129,0,320"
"0/1","10,9","19","99","265,0,343"
"0/1","16,11","27","99","334,0,531"
"0/1","14,8","22","99","255,0,477"
"0/1","22,14","36","99","453,0,774"
"0/1","12,12","24","99","333,0,371"
"0/1","11,8","19","99","270,0,347"
"0/1","10,11","21","99","383,0,347"
"0/1","7,6","13","99","200,0,241"
"0/1","7,13","20","99","455,0,214"
"0/1","16,17","33","99","582,0,547"
"0/1","13,23","36","99","815,0,417"
"0/1","12,18","30","99","586,0,379"
"0/1","12,21","33","99","678,0,336"
"0/1","10,8","18","99","270,0,352"
"0/1","7,14","21","99","402,0,227"
"0/1","7,12","19","99","321,0,239"
"0/1","11,16","27","99","572,0,359"
"0/1","12,11","23","99","384,0,382"
"0/1","9,13","22","99","440,0,298"
"0/1","10,17","27","99","526,0,293"
"0/1","12,13","25","99","452,0,396"
"0/1","26,15","41","99","452,0,843"
"0/1","17,14","31","99","471,0,539"
"0/1","13,12","25","99","376,0,389"
"0/1","71,21","93","99","432,0,1885"
"0/1","22,220","242","99","6243,0,215"
"0/1","25,219","244","99","6204,0,272"
"0/1","20,17","37","99","572,0,627"
"0/1","13,8","21","99","257,0,361"
"0/1","14,7","21","99","183,0,475"
"0/1","15,13","28","99","439,0,530"
"0/1","13,17","30","99","586,0,403"
"0/1","8,15","23","99","522,0,240"
"0/1","12,14","26","99","461,0,399"
"0/1","9,12","21","99","431,0,298"
"0/1","21,18","39","99","533,0,690"
"0/1","13,14","27","99","454,0,412"
"0/1","11,6","17","99","197,0,362"
"0/1","14,11","25","99","374,0,492"
"0/1","13,5","18","99","151,0,482"
"0/1","21,12","33","99","319,0,731"
"0/1","18,11","29","99","362,0,634"
"0/1","13,12","25","99","399,0,444"
"0/1","11,6","17","99","196,0,396"
"0/1","10,10","20","99","352,0,354"
"0/1","20,26","46","99","786,0,573"
"0/1","17,19","38","99","588,0,489"
"0/1","14,24","38","99","782,0,431"
"0/1","17,12","29","99","387,0,529"
"0/1","18,8","26","99","244,0,558"
"0/1","18,20","38","99","636,0,608"
"0/1","20,22","42","99","515,0,590"
"0/1","21,20","41","99","541,0,606"
"0/1","15,27","42","99","872,0,405"
"0/1","15,25","40","99","836,0,441"
"0/1","17,14","31","99","458,0,509"
"0/1","7,11","18","99","316,0,228"
"0/1","10,8","18","99","239,0,356"
"0/1","8,8","16","99","265,0,276"
"0/1","19,12","31","99","410,0,576"
"0/1","8,14","22","99","468,0,257"
"0/1","5,10","15","99","323,0,158"
"0/1","9,19","28","99","664,0,278"
"0/1","9,10","19","99","270,0,313"
"0/1","12,17","29","99","452,0,386"
"0/1","9,15","24","99","483,0,290"
"0/0","20,0","20","60","0,60,790"
"0/1","8,12","20","99","383,0,236"
"0/0","24,0","24","72","0,72,961"
"0/1","11,11","22","99","379,0,377"
"0/1","13,11","24","99","374,0,437"
"0/1","17,12","29","99","359,0,533"
"0/1","17,16","33","99","539,0,563"
"0/1","14,9","23","99","277,0,470"
"0/1","16,14","30","99","433,0,553"
"0/1","8,10","20","99","194,0,169"
"0/1","9,16","25","99","535,0,286"
"0/1","20,7","27","41","41,0,277"
"0/1","9,9","18","99","165,0,135"
"0/0","14,0","14","39","0,39,502"
"0/1","16,18","34","99","508,0,511"
"0/1","20,23","43","99","685,0,371"
"1/1","0,26","26","75","998,75,0"
"0/1","8,16","24","99","500,0,225"
"0/1","7,7","14","99","243,0,232"
"0/1","16,18","34","99","619,0,516"
"0/1","16,13","29","99","428,0,532"
"0/1","13,11","24","99","338,0,415"
"0/1","17,12","29","99","356,0,588"
"0/1","8,16","24","99","579,0,223"
"0/1","22,13","35","99","385,0,613"
"0/1","12,17","29","99","571,0,372"
"0/1","17,15","32","99","510,0,467"
"0/1","17,15","32","99","508,0,537"
"0/1","28,14","42","99","437,0,916"
"0/1","16,9","25","99","292,0,540"
"0/1","10,11","21","99","374,0,344"
"0/1","12,13","25","99","470,0,300"
"0/1","12,24","36","99","830,0,324"
"0/1","28,13","41","99","394,0,903"
"0/1","24,20","44","99","626,0,824"
"0/1","18,10","28","99","288,0,613"
"0/1","14,7","21","99","221,0,513"
"0/1","8,13","21","99","389,0,264"
"0/1","13,12","25","99","385,0,406"
"0/1","8,11","19","99","350,0,223"
"0/1","11,8","19","99","273,0,358"
"0/1","13,12","25","99","358,0,414"
"0/1","10,11","21","99","344,0,334"
"1/1","0,24","24","60","821,60,0"
"0/1","10,18","28","99","554,0,263"
"0/1","13,10","23","99","338,0,416"
"0/1","23,19","42","99","591,0,800"
"0/1","16,19","35","99","459,0,445"
"0/1","14,11","25","99","330,0,483"
"0/1","11,15","26","99","444,0,375"
"0/1","21,13","34","99","422,0,749"
"0/1","16,13","29","99","395,0,551"
"0/1","6,10","17","99","345,0,185"
"0/1","10,10","20","99","305,0,325"
"0/1","19,15","34","99","414,0,503"
"0/1","11,22","33","99","647,0,347"
"0/1","20,8","28","99","214,0,695"
"0/1","6,20","26","99","735,0,167"
"0/1","4,11","15","99","364,0,115"
"0/1","9,15","24","99","519,0,295"
"0/1","20,16","36","99","505,0,634"
"0/1","21,25","46","99","862,0,650"
"0/1","9,5","14","99","160,0,325"
"0/1","23,7","30","99","193,0,783"
"0/1","24,10","34","99","212,0,705"
"0/1","22,12","35","99","256,0,682"
"0/1","28,11","39","99","134,0,851"
"0/1","15,6","21","99","180,0,444"
"0/1","31,5","37","32","32,0,1023"
"0/1","31,4","37","55","55,0,990"
"0/1","30,6","37","53","53,0,1022"
"0/0","35,2","37","18","0,18,1154"
"0/1","22,4","28","75","75,0,683"
"0/1","5,11","16","99","404,0,161"
"0/1","15,12","27","99","415,0,494"
"0/1","9,13","22","99","406,0,301"
"0/1","9,13","22","99","353,0,304"
"0/1","10,8","20","82","134,0,82"
"0/1","22,16","38","99","447,0,731"
"0/1","25,20","45","99","576,0,789"
"0/1","21,24","45","99","802,0,552"
"0/1","11,14","25","99","464,0,336"
"0/1","17,18","35","99","539,0,525"
"0/1","16,21","37","99","679,0,490"
"0/1","22,15","37","99","475,0,734"
"0/1","21,15","36","99","401,0,657"
"0/1","18,9","27","99","239,0,642"
"0/1","23,19","43","99","614,0,569"
"0/1","14,21","35","99","646,0,470"
"0/1","21,9","30","99","260,0,633"
"0/1","8,21","29","99","587,0,228"
"0/1","11,12","23","99","367,0,329"
"0/1","11,13","24","99","367,0,225"
"0/1","13,17","30","99","484,0,394"
"0/1","12,19","31","99","670,0,393"
"0/1","10,13","23","99","441,0,326"
"0/1","25,20","45","99","680,0,778"
"0/1","13,12","25","99","368,0,414"
"0/1","10,6","16","99","196,0,320"
"0/1","10,5","15","99","160,0,356"
"0/1","11,9","20","99","307,0,394"
"0/1","10,21","31","99","724,0,235"
"0/1","17,24","41","99","831,0,151"
"0/1","13,18","31","99","577,0,431"
"0/1","18,17","35","99","570,0,542"
"0/1","23,17","40","99","480,0,777"
"0/1","18,13","31","99","385,0,534"
"0/1","17,7","24","99","206,0,536"
"0/1","15,14","30","99","471,0,508"
"0/1","27,11","38","99","303,0,870"
"0/1","21,21","42","99","684,0,598"
"0/1","15,12","27","99","369,0,515"
"0/1","18,14","32","99","468,0,619"
"0/1","13,14","27","99","372,0,384"
"0/1","12,24","36","99","768,0,343"
"0/1","15,17","32","99","553,0,476"
"0/1","15,12","28","99","372,0,508"
"0/1","19,12","31","99","257,0,671"
"0/1","22,11","33","99","294,0,743"
"0/1","13,10","23","99","289,0,468"
"0/0","20,0","20","60","0,60,812"
"0/1","10,13","23","99","406,0,307"
"0/1","10,15","25","99","445,0,330"
"1/1","1,22","23","66","853,66,0"
"0/1","16,7","23","99","117,0,529"
"0/1","11,13","24","99","388,0,302"
"0/1","12,9","21","99","294,0,386"
"0/1","11,13","24","99","433,0,380"
"0/0","23,3","26","35","0,35,893"
"0/0","22,0","22","60","0,60,821"
"0/0","23,0","23","66","0,66,876"
"0/0","25,0","25","69","0,69,913"
"0/1","12,14","26","99","371,0,382"
"0/1","15,15","30","99","474,0,423"
"0/1","13,12","25","99","396,0,441"
"0/1","17,17","34","99","556,0,511"
"0/1","16,11","27","99","369,0,529"
"0/1","38,11","49","99","136,0,1310"
"0/0","20,0","20","57","0,57,740"
"0/1","17,11","28","99","263,0,507"
"0/1","9,10","19","99","335,0,278"
"0/1","17,15","32","99","493,0,581"
"0/1","10,23","33","99","821,0,300"
"0/1","13,9","22","99","243,0,440"
"0/1","25,20","45","99","640,0,727"
"0/0","33,0","33","90","0,90,1162"
"0/0","35,0","35","96","0,96,1258"
"0/1","22,55","77","99","1922,0,626"
"0/1","18,12","30","99","370,0,597"
"0/1","9,2","11","49","49,0,320"
"0/1","17,22","39","99","691,0,426"
"0/1","11,13","24","99","397,0,322"
"0/1","39,11","50","99","260,0,1075"
"0/1","11,13","24","99","444,0,337"
"0/1","9,8","17","99","233,0,282"
"0/1","15,9","24","99","288,0,536"
"0/1","17,25","42","99","799,0,562"
"0/1","14,26,0","40","99","845,0,430,887,506,1393"
"0/0","34,0","34","93","0,93,1210"
"0/1","24,17","41","99","568,0,766"
"0/1","14,17","31","99","560,0,424"
"0/1","15,11","26","99","358,0,506"
"0/0","18,0","18","48","0,48,644"
"0/0","16,0","16","48","0,48,656"
"0/1","18,12","31","99","361,0,576"
"0/1","17,16","33","99","490,0,578"
"0/1","9,20","29","99","650,0,281"
"0/1","5,11","16","99","396,0,161"
"0/1","13,13","26","99","414,0,431"
"0/1","13,16","30","99","403,0,356"
"0/1","19,9","28","99","248,0,504"
"0/1","18,15","33","99","502,0,528"
"0/1","19,16","35","99","526,0,564"
"0/1","10,13","23","99","464,0,341"
"0/1","18,24","42","99","788,0,586"
"0/1","14,13","27","99","397,0,488"
"0/1","20,9","29","99","227,0,649"
"0/1","18,11","29","99","365,0,605"
"0/1","14,18","32","99","603,0,437"
"0/1","10,2","12","47","47,0,370"
"0/0","16,0","16","48","0,48,643"
"0/1","18,11","29","99","348,0,568"
"0/1","17,19","36","99","610,0,513"
"0/1","14,25","39","99","825,0,387"
"0/1","20,17","37","99","481,0,627"
"0/1","4,18","22","99","602,0,102"
"0/1","9,10","19","99","315,0,244"
"0/1","15,12","27","99","392,0,480"
"0/1","19,18","37","99","591,0,574"
"0/1","9,11","20","99","347,0,309"
"0/1","11,5","16","99","157,0,357"
"0/1","9,22","31","99","709,0,272"
"0/1","9,10","19","99","309,0,316"
"0/1","7,11","18","99","385,0,184"
"0/1","11,8","19","99","270,0,393"
"0/1","11,8","19","99","272,0,384"
"0/0","12,0","12","36","0,36,472"
"0/1","3,8","11","87","287,0,87"
"0/1","18,17","35","99","504,0,592"
"0/1","4,15","19","99","469,0,111"
"0/1","11,10","21","99","344,0,335"
"0/1","33,27","60","99","814,0,1099"
"0/1","28,29","57","99","890,0,880"
"0/1","28,26","54","99","817,0,927"
"0/1","21,38","59","99","1342,0,672"
"0/1","23,34","57","99","1206,0,754"
"0/1","40,16","56","99","359,0,1381"
"0/1","11,17","28","99","526,0,359"
"0/0","13,0","13","36","0,36,448"
"0/1","13,18","31","99","581,0,433"
"0/1","19,21","40","99","650,0,545"
"0/1","13,16","29","99","549,0,333"
"0/1","12,15","27","99","526,0,328"
"0/1","9,14","23","99","456,0,249"
"0/1","12,13","26","99","390,0,339"
"0/1","18,16","34","99","501,0,484"
"1/1","0,27","27","75","997,75,0"
"0/1","11,13","24","99","434,0,362"
"0/1","17,17","34","99","512,0,580"
"0/1","55,11","66","99","152,0,1350"
"0/1","38,8","46","99","188,0,1231"
"0/1","41,10","51","99","250,0,1198"
"0/1","41,11","52","99","263,0,1272"
"0/1","32,8","44","99","204,0,1113"
"0/1","45,8","55","99","174,0,1470"
"0/1","44,8","53","99","180,0,1372"
"0/1","49,10","59","99","199,0,1616"
"0/1","60,12","72","99","204,0,1948"
"0/1","75,16","91","99","283,0,2485"
"0/1","64,16","81","99","376,0,1991"
"0/1","39,11","50","99","250,0,1028"
"0/1","86,25","111","99","338,0,1905"
"0/1","94,27","121","99","274,0,1934"
"0/1","18,8","26","99","214,0,583"
"0/1","9,14","23","99","437,0,235"
"0/1","12,11","23","99","342,0,421"
"0/1","10,16","26","99","522,0,329"
"0/1","14,12","26","99","410,0,452"
"0/1","18,19","37","99","667,0,472"
"0/1","8,11","19","99","356,0,241"
"0/1","7,10","17","99","341,0,235"
"0/1","19,16","35","99","530,0,580"
"0/1","9,11","20","99","309,0,312"
"0/1","7,11","18","99","353,0,218"
"0/1","17,3","20","14","14,0,512"
"0/1","23,10","33","99","251,0,780"
"0/1","19,14","33","99","456,0,672"
"0/1","16,10","26","99","327,0,519"
"0/1","5,13","18","99","478,0,140"
"0/1","7,12","19","99","385,0,221"
"0/1","19,18","37","99","511,0,607"
"0/1","16,11","27","99","332,0,488"
"0/1","12,13","25","99","437,0,366"
"0/1","12,10","22","99","309,0,415"
"0/1","9,10","19","99","345,0,307"
"0/1","14,12","26","99","287,0,271"
"0/1","16,13","29","99","440,0,549"
"0/1","23,19","42","99","558,0,700"
"0/1","22,10","32","99","312,0,758"
"0/1","12,13","25","99","459,0,377"
"0/1","15,7","22","99","214,0,520"
"0/1","12,16","28","99","560,0,362"
"0/1","18,11","29","99","283,0,646"
"0/1","16,18","34","99","626,0,421"
"0/1","17,18","35","99","596,0,506"
"0/1","19,10","29","99","224,0,617"
"0/1","29,8","37","85","85,0,745"
"0/0","64,0","64","99","0,177,2180"
"0/1","10,5","15","99","158,0,322"
"0/1","7,11","18","99","356,0,231"
"0/1","13,16","29","99","415,0,437"
"0/0","38,0","38","99","0,111,1488"
"0/1","19,15","34","99","435,0,631"
"0/1","7,6","13","99","197,0,207"
"0/1","13,13","26","99","327,0,361"
"0/1","10,12","22","99","375,0,331"
"0/1","15,15","30","99","512,0,446"
"0/1","12,13","25","99","376,0,408"
"0/1","11,8","19","99","262,0,388"
"0/1","8,16","24","99","575,0,220"
"0/1","17,14","31","99","354,0,496"
"0/1","15,16","31","99","473,0,411"
"0/1","5,13","18","99","406,0,146"
"0/1","15,18","33","99","585,0,515"
"0/1","19,20","39","99","678,0,641"
"0/1","14,12","26","99","312,0,492"
"0/1","15,19","34","99","608,0,497"
"0/1","16,8","24","99","253,0,569"
"0/1","11,23","34","99","705,0,345"
"0/1","22,21","43","99","633,0,656"
"0/1","20,11","31","99","326,0,591"
"0/1","13,6","19","99","148,0,457"
"0/1","4,6","10","99","186,0,101"
"0/1","5,14","19","99","440,0,151"
"0/1","23,13","36","99","376,0,776"
"0/1","16,19","35","99","589,0,525"
"0/1","11,7","18","99","137,0,277"
"0/1","8,9","17","99","266,0,220"
"0/1","17,20","37","99","668,0,568"
"0/1","10,22","32","99","601,0,256"
"0/1","7,8","15","99","274,0,239"
"0/1","15,15","30","99","525,0,440"
"0/1","11,10","21","99","307,0,332"
"0/0","17,0","17","36","0,36,486"
"0/0","18,0","18","36","0,36,483"
"0/0","12,0","12","24","0,24,298"
"0/0","12,0","12","24","0,24,292"
"0/0","10,0","10","15","0,15,188"
"0/1","15,5","20","33","33,0,429"
"0/1","18,7","25","79","79,0,525"
"0/1","17,7","24","82","82,0,483"
"0/1","20,9","30","99","132,0,539"
"0/1","22,10","32","99","126,0,583"
"0/1","23,10","33","99","184,0,415"
"0/1","21,5","26","41","41,0,477"
"0/1","20,6","26","66","66,0,414"
"0/1","18,7","25","93","93,0,493"
"0/1","21,7","28","87","87,0,543"
"0/0","42,3","45","67","0,67,1273"
"0/1","4,11","15","99","396,0,115"
"0/1","33,9","42","99","159,0,682"
"1/1","3,25","32","63","808,63,0"
"0/0","38,0","38","99","0,111,1464"
"0/1","21,14","35","99","431,0,689"
"0/1","23,18","41","99","550,0,746"
"0/1","7,12","19","99","386,0,228"
"0/1","11,9","20","99","226,0,385"
"0/1","16,15","31","99","464,0,486"
"0/1","7,12","19","99","411,0,222"
"0/1","8,13","21","99","458,0,264"
"0/1","12,10","22","99","333,0,416"
"0/1","20,20","40","99","648,0,628"
"0/1","16,8","24","99","253,0,557"
"0/1","14,14","28","99","472,0,477"
"0/1","16,14","30","99","438,0,524"
"0/1","7,11","18","99","361,0,202"
"0/1","19,5","24","99","136,0,632"
"0/1","13,21","34","99","599,0,401"
"0/1","13,16","29","99","508,0,322"
"0/1","18,13","31","99","397,0,635"
"0/1","19,18","37","99","509,0,620"
"0/1","10,8","18","99","254,0,249"
"0/1","17,12","29","99","340,0,514"
"0/1","18,15","33","99","487,0,585"
"0/1","13,10","23","99","340,0,452"
"0/1","9,11","20","99","377,0,272"
"0/1","9,8","17","99","242,0,306"
"0/1","6,11","17","99","355,0,199"
"0/1","11,17","28","99","572,0,362"
"0/1","20,19","39","99","588,0,689"
"0/1","10,12","22","99","352,0,315"
"0/1","11,11","22","99","376,0,363"
"0/1","13,9","22","99","295,0,417"
"1/1","0,20","20","60","797,60,0"
"0/1","15,16","31","99","509,0,484"
"0/0","28,0","28","81","0,81,1073"
"0/1","13,16","29","99","460,0,341"
"0/1","12,17","29","99","534,0,402"
"0/1","15,13","28","99","430,0,519"
"0/1","16,24","40","99","837,0,524"
"0/1","15,19","34","99","624,0,507"
"0/1","15,20","35","99","722,0,429"
"0/1","13,19","32","99","634,0,385"
"0/1","12,2","14","35","35,0,411"
"0/1","18,12","30","99","321,0,644"
"0/1","7,8","15","99","284,0,227"
"0/1","12,7","19","99","226,0,390"
"0/1","17,12","29","99","292,0,600"
"0/1","7,9","16","99","304,0,234"
"0/1","15,6","21","99","182,0,483"
"0/1","18,19","37","99","589,0,562"
"0/1","13,11","24","99","352,0,360"
"0/1","5,6","11","99","180,0,170"
"0/1","11,10","21","99","348,0,310"
"0/1","19,13","32","99","419,0,665"
"0/1","8,18","26","99","610,0,246"
"0/1","20,7","27","99","207,0,649"
"0/1","22,14","36","99","457,0,698"
"0/1","9,10","19","99","319,0,307"
"0/1","9,6","15","99","202,0,306"
"0/1","13,7","20","99","224,0,461"
"0/1","9,8","17","99","273,0,319"
"0/1","4,8","12","99","281,0,126"
"0/1","6,14","20","99","506,0,185"
"0/1","9,5","14","99","165,0,322"
"0/1","9,5","14","99","163,0,291"
"0/1","9,5","14","99","158,0,320"
"0/1","17,18","35","99","619,0,550"
"0/1","13,15","29","99","447,0,429"
"0/1","8,18","26","99","563,0,211"
"0/1","18,9","27","99","265,0,638"
"0/1","12,8","20","99","248,0,419"
"0/1","10,10","20","99","315,0,321"
"0/1","19,7","26","99","200,0,661"
"0/1","11,10","21","99","292,0,381"
"0/1","14,22","36","99","783,0,408"
"0/1","9,9","18","99","303,0,313"
"0/1","20,11","31","99","334,0,634"
"0/1","12,5","17","99","151,0,428"
"0/1","16,13","29","99","440,0,413"
"0/1","20,22","42","99","740,0,570"
"0/1","11,12","23","99","309,0,218"
"0/1","9,19","28","99","560,0,202"
"0/0","21,0","21","63","0,63,849"
"0/1","13,12","25","99","380,0,460"
"0/1","20,5","25","99","130,0,660"
"0/1","12,11","23","99","372,0,425"
"0/1","15,16","31","99","447,0,474"
"0/1","10,7","17","99","231,0,336"
"0/1","7,9","16","99","316,0,199"
"0/1","17,14","31","99","469,0,594"
"0/1","12,16","28","99","517,0,404"
"1/1","0,19","19","57","749,57,0"
"0/1","18,11","29","99","323,0,639"
"0/1","10,17","27","99","508,0,334"
"0/1","12,12","24","99","388,0,420"
"0/1","17,17","34","99","533,0,562"
"0/1","24,17","41","99","565,0,840"
"0/1","12,10","22","99","339,0,388"
"0/1","5,8","13","99","275,0,153"
"0/1","19,18","37","99","608,0,660"
"0/1","8,13","21","99","449,0,260"
"0/1","17,17","34","99","470,0,510"
"0/1","18,17","35","99","438,0,526"
"0/1","15,16","31","99","508,0,520"
"0/0","27,0","27","81","0,81,1060"
"0/1","17,13","30","99","385,0,559"
"0/1","20,15","35","99","413,0,563"
"0/1","14,16","30","99","542,0,424"
"0/1","16,11","27","99","285,0,507"
"0/1","18,22","40","99","651,0,477"
"0/1","17,16","33","99","463,0,515"
"0/1","16,14","30","99","449,0,483"
"0/1","11,16","27","99","557,0,360"
"0/1","18,28","46","99","922,0,558"
"0/1","8,2","10","53","53,0,295"
"0/1","4,5","9","99","180,0,135"
"0/1","9,10","19","99","322,0,238"
"0/1","12,5","17","99","146,0,430"
"0/1","11,8","19","99","267,0,330"
"0/1","13,7","20","99","229,0,426"
"0/1","11,9","20","99","302,0,372"
"0/1","9,11","20","99","379,0,299"
"0/1","8,12","20","99","402,0,226"
"0/1","8,14","22","99","500,0,217"
"0/1","9,12","21","99","415,0,282"
"0/1","12,12","24","99","399,0,399"
"0/1","12,13","25","99","442,0,356"
"0/1","7,13","20","99","472,0,222"
"0/1","5,15","20","99","552,0,134"
"0/1","7,15","22","99","541,0,213"
"0/1","9,11","20","99","379,0,296"
"0/1","7,12","19","99","403,0,213"
"0/1","7,12","19","99","396,0,221"
"0/1","9,6","15","99","203,0,288"
"0/1","11,11","22","99","339,0,384"
"0/1","9,9","18","99","301,0,307"
"0/1","9,9","18","99","310,0,307"
"0/1","13,12","25","99","395,0,456"
"0/1","9,14","23","99","423,0,267"
"0/1","12,10","22","99","297,0,389"
"0/1","12,10","22","99","270,0,392"
"0/1","14,12","26","99","408,0,471"
"0/1","9,13","22","99","420,0,303"
"0/1","9,13","22","99","468,0,296"
"0/1","9,17","26","99","623,0,292"
"0/1","13,17","30","99","580,0,441"
"0/1","18,8","26","99","220,0,624"
"0/1","6,7","13","99","241,0,206"
"0/1","13,9","22","99","307,0,361"
"0/1","13,9","22","99","307,0,361"
"0/1","9,11","20","99","387,0,302"
"0/1","10,13","23","99","458,0,300"
"0/1","11,13","24","99","413,0,365"
"0/1","18,15","33","99","483,0,610"
"0/1","22,17","39","99","559,0,695"
"0/1","18,22","40","99","705,0,583"
"0/1","12,8","20","99","259,0,426"
"0/1","14,9","23","99","266,0,462"
"0/1","13,12","25","99","380,0,449"
"0/1","10,6","16","99","197,0,359"
"0/1","19,8","27","99","249,0,609"
"0/1","15,6","21","99","140,0,547"
"0/1","10,10","20","99","350,0,350"
"0/1","10,21","31","99","679,0,273"
"0/1","12,13","25","99","452,0,403"
"0/1","19,7","26","99","205,0,680"
"0/1","14,15","29","99","496,0,425"
"0/1","13,16","29","99","546,0,323"
"0/1","16,16","32","99","528,0,517"
"0/1","16,14","30","99","427,0,469"
"0/1","19,16","35","99","503,0,638"
"0/1","14,17","31","99","566,0,443"
"0/1","12,11","23","99","381,0,400"
"0/1","9,13","22","99","457,0,262"
"0/1","19,14","33","99","358,0,611"
"0/1","8,16","24","99","514,0,219"
"0/1","13,15","28","99","505,0,448"
"0/1","12,12","24","99","403,0,399"
"0/1","3,14","17","77","473,0,77"
"0/1","7,18","25","99","613,0,191"
"0/1","8,12","20","99","387,0,250"
"0/1","13,7","20","99","203,0,387"
"0/1","13,6","19","99","179,0,436"
"0/1","6,7","13","99","251,0,157"
"0/1","13,9","22","99","297,0,461"
"0/1","12,9","21","99","306,0,421"
"0/1","12,11","23","99","347,0,418"
"0/1","10,12","22","99","418,0,326"
"0/1","16,17","33","99","582,0,521"
"0/1","10,23","33","99","739,0,298"
"0/1","13,20","33","99","665,0,412"
"0/1","22,19","41","99","575,0,761"
"0/1","23,13","36","99","390,0,827"
"0/1","23,10","33","99","311,0,763"
"0/1","14,15","29","99","525,0,417"
"0/1","7,16","23","99","510,0,210"
"0/1","8,8","16","99","279,0,247"
"0/1","3,5","8","99","181,0,101"
"0/1","8,6","15","99","203,0,280"
"0/1","7,12","19","99","429,0,221"
"0/1","10,7","17","99","233,0,346"
"0/1","12,7","19","99","191,0,435"
"0/1","11,6","17","99","186,0,397"
"0/1","16,7","23","99","228,0,390"
"0/1","11,9","20","99","306,0,342"
"0/1","11,9","20","99","196,0,393"
"0/1","9,10","19","99","296,0,312"
"0/1","14,15","29","99","519,0,487"
"0/1","15,15","30","99","514,0,517"
"0/1","11,19","30","99","589,0,360"
"0/1","20,18","38","99","576,0,639"
"0/1","17,15","32","99","464,0,504"
"0/1","17,14","31","99","422,0,502"
"0/1","17,14","31","99","417,0,571"
"0/1","14,11","25","99","383,0,403"
"0/1","13,10","23","99","340,0,382"
"0/1","12,12","24","99","414,0,415"
"0/1","3,14","17","74","474,0,74"
"0/1","3,13","16","77","437,0,77"
"0/1","13,6","19","99","186,0,450"
"0/1","11,6","17","99","120,0,314"
"0/1","5,10","15","66","348,0,66"
"0/1","12,10","22","99","302,0,413"
"0/1","11,10","21","99","304,0,379"
"0/1","7,14","21","99","404,0,189"
"0/1","17,18","35","99","583,0,526"
"0/1","10,15","25","99","500,0,338"
"0/1","15,14","29","99","480,0,526"
"0/1","23,11","34","99","333,0,823"
"0/1","7,15","22","99","470,0,212"
"0/1","23,18","41","99","553,0,806"
"0/1","27,14","41","99","407,0,917"
"0/1","18,9","27","99","286,0,641"
"0/1","18,9","27","99","288,0,652"
"0/1","16,14","30","99","480,0,523"
"0/1","24,13","37","99","425,0,708"
"0/1","25,13","38","99","385,0,734"
"0/1","3,5","8","88","167,0,88"
"0/1","11,9","20","99","269,0,282"
"0/1","21,7","28","99","204,0,722"
"0/1","16,6","22","99","147,0,584"
"0/1","14,9","23","99","263,0,503"
"0/1","16,6","22","99","183,0,531"
"0/1","10,6","16","99","175,0,323"
"0/1","10,5","15","99","153,0,324"
"0/1","9,5","14","99","158,0,317"
"0/1","12,9","21","99","303,0,431"
"0/0","15,0","15","42","0,42,572"
"0/1","10,16","26","99","472,0,306"
"0/1","3,12","15","78","436,0,78"
"0/1","3,11","14","81","392,0,81"
"0/1","12,8","20","99","223,0,431"
"0/1","10,6","16","99","195,0,290"
"0/1","10,9","19","99","230,0,313"
"0/1","14,8","22","99","228,0,469"
"0/1","15,8","23","99","211,0,499"
"0/1","23,14","37","99","442,0,746"
"0/1","24,15","39","99","468,0,780"
"0/1","8,18","26","99","615,0,171"
"0/1","9,22","31","99","613,0,276"
"0/1","13,25","38","99","730,0,327"
"0/1","14,20","34","99","620,0,392"
"0/1","14,13","27","99","425,0,488"
"0/1","13,19","32","99","662,0,423"
"0/1","15,18","33","99","567,0,466"
"0/1","8,9","17","99","294,0,268"
"0/1","13,13","26","99","399,0,399"
"0/1","11,12","23","99","409,0,341"
"0/1","10,9","19","99","271,0,341"
"0/1","12,15","27","99","476,0,404"
"0/1","12,15","27","99","429,0,377"
"0/1","14,18","32","99","577,0,463"
"0/1","13,23","36","99","810,0,409"
"0/1","8,6","14","99","201,0,287"
"0/1","9,10","19","99","330,0,297"
"0/1","11,11","22","99","372,0,377"
"0/1","10,6","16","99","194,0,356"
"0/1","43,10","53","96","96,0,1429"
"0/1","32,5","37","98","98,0,921"
"0/1","31,11","42","99","193,0,941"
"0/1","16,19","35","99","524,0,469"
"0/1","25,17","42","99","507,0,713"
"0/1","35,5","40","24","24,0,1054"
"0/1","40,10","51","99","132,0,1236"
"0/1","28,10","38","99","148,0,885"
"0/1","31,4","35","65","65,0,884"
"0/1","27,13","46","99","369,0,876"
"0/1","23,14","37","99","446,0,648"
"0/1","22,12","34","99","379,0,692"
"0/1","11,15","26","99","510,0,330"
"0/1","4,8","12","99","288,0,126"
"0/1","7,6","13","99","163,0,230"
"0/1","9,17","26","99","518,0,282"
"0/1","22,14","36","99","448,0,625"
"0/1","21,17","39","99","511,0,636"
"0/1","17,18","35","99","517,0,481"
"0/1","22,17","39","99","558,0,699"
"0/1","16,13","29","99","406,0,493"
"0/1","28,11","39","99","272,0,950"
"0/1","25,10","35","99","222,0,816"
"0/1","17,25","42","99","758,0,519"
"0/1","10,23","33","99","779,0,296"
"0/1","14,18","32","99","483,0,428"
"0/1","12,16","28","99","515,0,401"
"0/1","15,19","34","99","662,0,436"
"0/1","10,13","23","99","455,0,337"
"0/1","10,14","24","99","486,0,326"
"0/1","17,10","27","99","311,0,576"
"0/1","16,14","30","99","405,0,556"
"0/1","15,13","28","99","446,0,400"
"0/1","11,11","22","99","349,0,324"
"0/1","8,15","23","99","511,0,218"
"0/1","9,12","21","99","418,0,299"
"0/1","11,14","25","99","477,0,332"
"0/1","7,18","25","99","617,0,196"
"0/1","30,11","41","99","281,0,1011"
"0/1","11,13","24","99","427,0,371"
"0/1","17,16","33","99","454,0,556"
"0/1","16,15","31","99","469,0,523"
"0/1","17,16","33","99","535,0,533"
"0/1","12,23","35","99","740,0,370"
"0/1","11,25","36","99","881,0,340"
"0/1","14,17","31","99","500,0,399"
"0/1","10,9","19","99","305,0,315"
"0/1","5,6","11","99","210,0,174"
"0/1","16,4","20","66","66,0,533"
"0/1","20,13","33","99","431,0,429"
"0/1","17,3","20","43","43,0,590"
"0/1","20,2","22","18","18,0,670"
"0/1","10,12","22","99","399,0,270"
"0/1","12,22","34","99","697,0,388"
"0/1","17,16","34","99","506,0,494"
"0/1","16,18","34","99","626,0,517"
"0/1","9,10","19","99","353,0,300"
"0/1","11,9","20","99","260,0,356"
"0/1","12,9","21","99","258,0,398"
"0/1","11,13","24","99","460,0,366"
"0/1","7,15","22","99","506,0,226"
"0/1","14,13","28","99","395,0,439"
"0/1","15,15","30","99","422,0,484"
"0/1","14,14","28","99","455,0,483"
"0/1","12,10","22","99","339,0,405"
"0/1","10,10","20","99","307,0,343"
"0/1","10,13","23","99","394,0,343"
"0/1","9,8","17","99","276,0,303"
"0/1","11,13","24","99","387,0,367"
"0/1","15,9","24","99","270,0,451"
"0/1","11,13","24","99","437,0,367"
"0/1","5,3","8","93","93,0,145"
"0/1","16,13","29","99","422,0,557"
"0/1","15,13","28","99","333,0,311"
"0/1","19,8","27","99","241,0,488"
"0/1","16,17","33","99","543,0,511"
"0/1","15,23","38","99","783,0,421"
"0/1","22,7","29","99","191,0,764"
"0/1","21,4","25","72","72,0,664"
"0/1","13,5","18","99","147,0,363"
"0/1","12,10","22","99","332,0,377"
"0/1","26,5","31","86","86,0,868"
"0/1","13,17","30","99","501,0,351"
"0/1","9,15","24","99","456,0,279"
"0/1","9,20","29","99","699,0,192"
"0/1","14,22","36","99","768,0,420"
"0/1","12,19","31","99","663,0,355"
"0/1","17,15","32","99","480,0,501"
"0/1","19,16","35","99","431,0,632"
"0/1","18,16","34","99","530,0,566"
"0/1","17,5","22","99","140,0,561"
"0/1","13,7","20","99","206,0,420"
"0/1","9,7","16","99","245,0,279"
"0/1","15,14","29","99","474,0,467"
"0/1","14,15","29","99","520,0,397"
"0/1","19,8","27","99","244,0,693"
"0/1","19,9","28","99","275,0,666"
"0/1","15,7","23","99","221,0,536"
"0/1","12,12","24","99","286,0,424"
"0/1","14,9","23","99","301,0,465"
"0/1","18,10","28","99","303,0,621"
"0/1","16,16","32","99","506,0,552"
"0/1","10,5","15","99","154,0,323"
"0/1","12,6","18","99","151,0,430"
"0/1","6,6","12","99","204,0,179"
"0/1","8,16","24","99","545,0,254"
"0/1","6,13","19","99","356,0,199"
"0/1","9,9","18","99","278,0,314"
"0/1","9,10","19","99","273,0,309"
"0/1","9,10","19","99","264,0,316"
"0/1","10,10","20","99","300,0,349"
"0/1","14,14","28","99","360,0,462"
"0/1","17,15","32","99","429,0,533"
"0/1","17,17","34","99","521,0,511"
"0/1","14,8","22","99","220,0,405"
"0/1","13,10","23","99","286,0,445"
"0/1","14,12","26","99","328,0,471"
"0/1","14,12","26","99","311,0,484"
"0/1","9,18","27","99","647,0,285"
"0/1","9,15","24","99","542,0,294"
"0/1","13,6","19","99","178,0,426"
"0/1","7,14","21","99","423,0,183"
"0/1","14,17","31","99","542,0,464"
"0/1","12,13","25","99","444,0,355"
"0/1","16,14","30","99","465,0,557"
"0/1","7,9","16","99","311,0,239"
"0/1","13,14","27","99","465,0,371"
"0/1","17,13","30","99","398,0,552"
"0/1","14,10","24","99","301,0,451"
"0/1","16,10","26","99","293,0,518"
"0/1","7,12","19","99","374,0,223"
"0/1","11,11","22","99","324,0,350"
"0/1","14,10","24","99","321,0,412"
"0/1","12,10","22","99","308,0,428"
"0/1","19,9","28","99","274,0,628"
"0/1","20,9","29","99","275,0,677"
"0/1","15,13","28","99","402,0,513"
"0/1","7,9","16","99","281,0,239"
"0/1","9,8","17","99","279,0,248"
"0/1","9,13","22","99","398,0,302"
"0/1","8,6","14","99","188,0,288"
"0/1","12,7","19","99","230,0,435"
"0/1","11,7","18","99","228,0,392"
"0/1","13,17","30","99","571,0,327"
"0/1","12,22","35","99","712,0,356"
"0/1","7,10","17","99","303,0,205"
"0/1","12,8","20","99","167,0,426"
"0/1","9,6","15","99","161,0,262"
"0/1","10,12","22","99","343,0,326"
"0/1","13,9","22","99","263,0,432"
"0/1","8,7","15","99","237,0,267"
"0/1","12,14","26","99","427,0,389"
"0/1","11,14","25","99","461,0,351"
"0/1","15,7","22","99","224,0,489"
"0/1","23,10","33","99","317,0,756"
"0/1","21,10","31","99","317,0,723"
"0/1","14,16","30","99","509,0,417"
"0/1","14,17","31","99","542,0,404"
"0/1","11,14","25","99","495,0,377"
"0/1","11,14","25","99","499,0,375"
"0/1","13,12","25","99","370,0,412"
"0/1","11,10","21","99","353,0,270"
"0/1","10,12","22","99","342,0,307"
"0/1","13,8","21","99","260,0,382"
"0/1","8,8","16","99","267,0,272"
"0/1","7,7","14","99","206,0,243"
"0/1","18,7","25","99","176,0,623"
"0/1","19,6","25","99","139,0,660"
"0/1","12,10","22","99","294,0,409"
"0/1","12,9","21","99","272,0,431"
"0/1","15,2","17","28","28,0,566"
"0/1","15,12","27","99","403,0,491"
"0/1","8,18","26","99","619,0,254"
"0/1","5,16","21","99","582,0,141"
"0/1","15,14","29","99","458,0,399"
"0/1","18,9","27","99","252,0,609"
"0/1","7,15","22","99","511,0,211"
"0/1","9,10","19","99","319,0,309"
"0/1","9,6","15","99","188,0,275"
"0/1","9,4","13","99","120,0,315"
"0/1","9,4","13","99","123,0,323"
"0/1","15,5","20","99","132,0,549"
"0/1","15,13","30","99","440,0,424"
"0/1","12,16","30","99","485,0,340"
"0/1","13,12","25","99","373,0,379"
"0/1","10,6","17","99","167,0,171"
"0/1","4,8","12","99","196,0,135"
"0/1","6,6","12","99","123,0,176"
"0/1","20,4","24","57","57,0,553"
"0/1","13,14","27","99","292,0,445"
"0/1","23,8","31","99","184,0,741"
"0/1","24,8","32","99","182,0,817"
"0/1","17,13","31","99","429,0,428"
"0/1","17,18","35","99","533,0,339"
"0/1","11,7","18","99","175,0,254"
"0/1","11,12","23","99","314,0,264"
"0/1","10,6","16","99","160,0,350"
"0/1","9,7","16","99","234,0,266"
"0/1","11,4","15","99","106,0,396"
"0/1","15,6","22","99","182,0,501"
"0/1","13,12","25","99","335,0,453"
"0/1","7,9","16","99","236,0,244"
"0/1","9,10","19","99","236,0,280"
"0/1","16,7","23","99","171,0,343"
"0/1","14,7","21","99","227,0,464"
"0/1","10,7","17","99","203,0,289"
"0/1","8,5","13","99","124,0,252"
"0/1","8,13","21","99","360,0,252"
"0/1","19,8","27","99","237,0,457"
"0/1","9,6","15","99","157,0,290"
"0/1","10,6","16","99","186,0,361"
"0/1","11,9","20","99","303,0,389"
"0/1","14,3","17","74","74,0,450"
"0/1","11,9","20","99","305,0,319"
"0/1","10,9","19","99","273,0,356"
"0/1","6,15","21","99","506,0,180"
"0/1","18,15","33","99","468,0,583"
"0/1","12,17","29","99","524,0,308"
"0/1","20,19","39","99","527,0,655"
"0/1","18,21","39","99","638,0,615"
"0/1","16,19","35","99","575,0,536"
"0/1","16,19","35","99","593,0,524"
"0/1","15,15","30","99","372,0,403"
"0/1","6,8","14","99","252,0,169"
"0/1","25,8","34","99","241,0,576"
"0/1","11,5","16","99","151,0,354"
"0/1","14,13","27","99","421,0,437"
"0/1","11,10","21","99","347,0,376"
"0/1","10,8","18","99","278,0,350"
"0/1","6,8","14","99","215,0,174"
"0/1","10,18","28","99","535,0,319"
"0/1","11,10","21","99","328,0,346"
"0/1","13,14","27","99","492,0,435"
"0/1","6,12","18","99","406,0,191"
"0/1","6,7","13","99","240,0,205"
"0/1","15,12","27","99","370,0,489"
"0/1","12,10","22","99","302,0,418"
"0/1","19,5","24","99","133,0,624"
"0/1","9,12","21","99","362,0,193"
"0/1","7,9","16","99","277,0,239"
"0/1","7,12","19","99","439,0,123"
"0/1","10,11","21","99","379,0,300"
"0/1","14,22","36","99","741,0,443"
"0/1","15,20","35","99","674,0,483"
"0/1","11,13","24","99","381,0,322"
"0/1","4,7","11","99","234,0,130"
"0/1","10,9","19","99","263,0,342"
"0/1","21,18","39","99","605,0,684"
"0/1","21,19","40","99","625,0,685"
"0/1","24,13","37","99","411,0,755"
"0/1","23,22","45","99","733,0,708"
"0/1","25,19","44","99","614,0,825"
"0/1","24,20","44","99","654,0,804"
"0/1","23,11","34","99","326,0,726"
"0/1","19,17","36","99","560,0,587"
"0/1","19,18","37","99","617,0,613"
"0/1","22,14","36","99","462,0,651"
"0/1","9,17","26","99","597,0,282"
"0/1","17,15","32","99","492,0,584"
"0/1","22,24","46","99","812,0,688"
"0/1","14,18","32","99","619,0,465"
"0/1","7,10","17","99","248,0,209"
"0/1","7,9","16","99","240,0,203"
"0/1","7,13","20","99","440,0,230"
"0/1","11,10","21","99","269,0,355"
"0/1","8,10","18","99","328,0,263"
"0/1","5,9","14","99","324,0,157"
"0/1","9,11","20","99","389,0,310"
"0/1","19,10","29","99","297,0,624"
"0/1","16,11","27","99","372,0,502"
"0/1","12,6","18","99","191,0,423"
"0/1","4,8","12","99","215,0,133"
"0/1","9,12","21","99","393,0,297"
"0/1","8,9","17","99","298,0,251"
"0/1","10,6","16","99","163,0,359"
"0/1","8,6","14","99","197,0,253"
"0/1","8,7","15","99","207,0,253"
"0/1","11,3","14","80","80,0,408"
"0/1","13,2","15","38","38,0,486"
"0/1","14,2","16","34","34,0,518"
"0/1","11,12","23","99","387,0,384"
"0/1","23,22","45","99","649,0,802"
"0/1","9,11","20","99","210,0,278"
"0/1","13,12","25","99","353,0,448"
"0/1","10,11","21","99","383,0,346"
"0/1","10,12","22","99","418,0,267"
"0/1","13,11","24","99","334,0,443"
"0/1","15,14","29","99","457,0,478"
"0/1","15,11","26","99","360,0,447"
"0/1","22,12","34","99","349,0,691"
"0/1","11,11","22","99","326,0,347"
"0/1","11,7","18","99","221,0,390"
"0/1","11,2","14","56","56,0,221"
"0/1","20,4","24","48","48,0,665"
"0/1","10,17","27","99","556,0,289"
"0/1","20,19","39","99","601,0,492"
"0/1","8,19","27","99","626,0,234"
"0/1","14,5","19","99","112,0,475"
"0/1","15,13","28","99","344,0,499"
"0/1","17,19","36","99","642,0,533"
"0/1","16,18","34","99","590,0,389"
"0/1","12,18","30","99","521,0,274"
"0/1","17,12","29","99","268,0,551"
"0/1","15,7","22","99","217,0,419"
"0/1","12,4","16","99","107,0,403"
"0/1","18,7","25","99","106,0,494"
"0/1","12,11","23","99","311,0,373"
"0/1","9,23","32","99","736,0,216"
"0/1","14,17","31","99","556,0,445"
"0/1","13,12","27","99","318,0,416"
"0/1","8,9","17","99","298,0,205"
"0/1","8,13","21","99","424,0,255"
"0/1","11,8","19","99","275,0,306"
"0/1","19,10","29","99","298,0,663"
"0/1","5,11","16","99","325,0,112"
"0/0","12,0","12","33","0,33,421"
"0/0","11,0","16","12","0,12,156"
"0/1","12,11","23","99","351,0,388"
"0/1","16,19","35","99","549,0,466"
"0/1","16,17","33","99","517,0,501"
"0/1","13,10","23","99","249,0,464"
"0/1","13,8","21","99","198,0,375"
"0/1","16,7","23","99","198,0,184"
"0/1","13,7","20","99","190,0,125"
"0/1","12,10","22","99","264,0,334"
"0/1","14,2","16","23","23,0,502"
"0/1","10,3","13","58","58,0,368"
"0/1","14,5","19","99","112,0,444"
"0/1","14,8","22","99","252,0,391"
"0/1","17,11","28","99","311,0,564"
"0/1","5,7","12","93","93,0,180"
"0/1","10,8","18","99","190,0,348"
"0/1","8,6","14","99","147,0,279"
"0/1","13,17","30","99","525,0,432"
"0/1","12,7","19","99","221,0,365"
"0/1","13,5","18","99","144,0,316"
"0/1","9,7","16","99","232,0,285"
"0/1","7,9","16","99","294,0,200"
"0/1","9,12","21","99","364,0,299"
"0/1","11,14","25","99","457,0,347"
"0/1","25,16","41","99","412,0,560"
"0/1","11,18","29","99","545,0,292"
"0/1","12,22","34","99","675,0,352"
"0/1","13,9","22","99","306,0,416"
"0/1","14,9","23","99","293,0,479"
"0/1","10,14","24","99","482,0,331"
"0/1","16,8","24","99","257,0,523"
"0/1","16,10","26","99","277,0,523"
"0/1","15,11","26","99","342,0,449"
"0/1","13,15","28","99","216,0,376"
"0/1","20,9","29","99","188,0,388"
"0/1","22,8","30","81","81,0,657"
"0/1","17,4","21","29","29,0,437"
"0/1","15,14","29","99","440,0,520"
"0/0","33,0","33","93","0,93,1221"
"0/1","18,12","30","99","301,0,611"
"0/1","16,10","26","99","200,0,553"
"0/1","15,10","25","99","240,0,524"
"0/1","12,12","24","99","332,0,381"
"0/1","18,14","32","99","469,0,597"
"0/1","17,10","27","99","329,0,582"
"0/1","15,6","21","80","80,0,498"
"0/1","9,9","18","99","262,0,302"
"0/1","15,11","26","99","299,0,481"
"0/1","16,6","22","99","125,0,547"
"0/1","7,13","20","99","375,0,195"
"0/1","14,9","23","99","293,0,486"
"0/1","19,13","32","99","391,0,635"
"0/1","19,12","31","99","318,0,650"
"0/1","13,8","21","99","188,0,461"
"0/1","9,11","20","99","375,0,276"
"0/1","5,9","14","62","303,0,62"
"0/1","9,12","21","99","312,0,243"
"0/1","12,11","23","99","325,0,323"
"0/1","14,13","27","99","254,0,467"
"0/1","12,14","26","99","380,0,410"
"0/1","12,14","26","99","376,0,410"
"0/1","17,9","26","99","260,0,464"
"0/1","15,12","27","99","349,0,392"
"0/1","13,16","29","99","477,0,340"
"0/1","14,15","29","99","446,0,444"
"0/1","9,10","19","99","331,0,278"
"0/1","6,9","15","99","312,0,194"
"0/1","16,14","30","99","434,0,466"
"0/1","6,9","15","99","285,0,200"
"0/1","8,10","18","99","250,0,282"
"0/1","8,9","17","99","149,0,279"
"0/1","13,22","35","99","711,0,416"
"0/1","13,20","33","99","606,0,416"
"0/1","22,16","38","99","531,0,743"
"0/1","24,26","50","99","862,0,747"
"0/1","29,20","49","99","628,0,833"
"0/1","15,11","26","99","326,0,502"
"0/1","15,13","28","99","394,0,486"
"0/1","15,12","27","99","360,0,503"
"0/1","8,10","18","99","345,0,231"
"0/1","12,8","20","99","231,0,353"
"0/1","13,14","27","99","397,0,370"
"0/1","13,19","32","99","633,0,413"
"0/1","6,12","18","99","421,0,191"
"0/1","9,7","16","99","225,0,305"
"0/1","9,5","14","99","151,0,313"
"0/1","9,5","14","99","154,0,273"
"0/1","7,8","15","99","266,0,240"
"0/1","7,8","15","99","263,0,220"
"0/1","12,11","23","99","381,0,266"
"0/1","25,18","43","99","488,0,737"
"0/1","22,16","38","99","424,0,745"
"0/1","17,18","35","99","560,0,505"
"0/1","17,20","37","99","607,0,500"
"0/1","12,12","24","99","361,0,400"
"0/1","14,6","20","99","182,0,471"
"0/1","18,11","29","99","344,0,597"
"0/1","13,9","22","99","288,0,450"
"0/1","10,8","18","99","272,0,347"
"0/1","12,17","29","99","578,0,390"
"0/1","18,14","32","99","416,0,568"
"0/1","21,15","36","99","389,0,621"
"0/1","18,13","31","99","349,0,452"
"0/1","15,11","28","99","371,0,433"
"0/1","17,23","41","99","712,0,228"
"0/1","15,23","38","99","712,0,384"
"0/1","25,20","45","99","575,0,767"
"0/1","14,21","35","99","670,0,366"
"0/1","11,21","32","99","693,0,305"
"0/1","10,20","30","99","654,0,305"
"0/1","13,21","34","99","659,0,415"
"0/1","18,18","36","99","565,0,499"
"0/1","17,17","34","99","535,0,570"
"0/1","10,15","25","99","430,0,293"
"0/1","13,17","30","99","499,0,446"
"0/1","11,5","16","99","154,0,398"
"0/1","10,10","20","99","347,0,307"
"0/1","5,11","16","99","318,0,161"
"0/1","9,41","50","99","621,0,232"
"0/1","58,16","75","99","418,0,971"
"0/1","58,20","78","99","129,0,1359"
"0/1","31,34","65","99","572,0,666"
"0/1","39,15","54","99","429,0,814"
"0/1","20,39","59","99","923,0,579"
"0/1","25,20","45","99","538,0,692"
"0/1","21,19","40","99","548,0,659"
"0/1","17,13","31","99","363,0,607"
"0/1","20,16","36","99","440,0,601"
"0/1","20,12","32","99","213,0,663"
"0/1","17,12","29","99","230,0,591"
"0/1","13,13","26","99","413,0,421"
"0/1","7,15","22","99","537,0,223"
"0/1","7,15","22","99","501,0,227"
"0/1","11,5","16","99","147,0,399"
"0/1","14,8","22","99","249,0,493"
"0/1","13,11","24","99","341,0,460"
"0/1","10,12","23","99","384,0,342"
"0/1","10,11","21","99","391,0,337"
"0/1","19,12","31","99","395,0,612"
"0/1","9,11","20","99","397,0,257"
"0/1","9,11","20","99","389,0,270"
"0/1","11,12","23","99","415,0,368"
"0/1","14,11","25","99","379,0,445"
"0/1","28,15","43","99","346,0,607"
"0/1","12,11","25","78","78,0,325"
"0/1","11,12","23","99","368,0,369"
"0/1","14,19","33","99","635,0,470"
"0/1","13,19","32","99","675,0,399"
"0/1","17,9","26","99","286,0,608"
"0/1","10,13","23","99","389,0,338"
"0/1","15,13","28","99","387,0,496"
"0/1","10,8","18","99","266,0,322"
"0/1","8,9","17","99","313,0,270"
"0/1","16,12","28","99","366,0,552"
"0/1","15,8","23","99","261,0,504"
"0/1","16,8","24","99","255,0,581"
"0/1","8,17","25","99","546,0,245"
"0/1","9,10","19","99","355,0,259"
"0/1","13,11","24","99","371,0,402"
"0/1","7,7","14","99","247,0,242"
"0/1","10,7","17","99","195,0,348"
"0/1","7,9","16","99","254,0,242"
"0/1","14,12","26","99","379,0,495"
"0/1","17,14","31","99","420,0,590"
"0/1","13,10","23","99","317,0,458"
"0/1","14,19","33","99","664,0,470"
"0/1","16,21","37","99","735,0,494"
"0/1","18,14","32","99","468,0,625"
"0/1","15,15","31","99","494,0,455"
"0/1","14,20","34","99","670,0,421"
"0/1","12,21","33","99","697,0,354"
"0/1","12,11","23","99","302,0,343"
"0/1","14,14","28","99","459,0,347"
"0/1","11,9","20","99","307,0,365"
"0/1","13,13","26","99","455,0,387"
"0/1","11,9","20","99","301,0,378"
"0/1","11,12","23","99","418,0,346"
"0/1","9,10","19","99","312,0,304"
"0/1","7,10","17","99","319,0,232"
"0/1","6,19","25","99","621,0,170"
"0/1","12,6","18","99","193,0,435"
"0/1","8,10","18","99","350,0,267"
"0/1","20,15","35","99","474,0,596"
"0/1","19,13","32","99","406,0,559"
"0/1","18,15","33","99","384,0,582"
"0/1","19,13","32","99","320,0,616"
"0/1","23,14","37","99","409,0,768"
"0/1","17,10","28","99","216,0,555"
"0/1","15,19","34","99","534,0,472"
"0/1","13,9","22","99","302,0,345"
"0/1","20,13","33","99","375,0,597"
"0/1","27,16","43","99","416,0,825"
"0/1","14,13","27","99","373,0,433"
"0/1","18,15","33","99","457,0,574"
"0/1","17,28","45","99","978,0,535"
"0/1","16,25","41","99","764,0,493"
"0/1","15,19","34","99","630,0,504"
"0/1","21,14","35","99","429,0,731"
"0/1","17,14","31","99","369,0,515"
"0/1","18,9","27","99","282,0,616"
"0/1","17,14","31","99","434,0,598"
"0/1","19,14","33","99","467,0,660"
"0/1","9,10","19","99","319,0,310"
"0/1","9,11","20","99","348,0,308"
"0/1","7,1","8","19","19,0,217"
"0/1","12,11","23","99","339,0,415"
"0/1","13,8","21","99","262,0,436"
"0/1","8,8","16","99","264,0,269"
"0/1","10,11","21","99","349,0,328"
"0/0","17,0","17","45","0,45,621"
"0/1","22,20","42","99","589,0,766"
"0/1","21,21","42","99","650,0,679"
"0/1","15,16","31","99","473,0,492"
"0/0","30,0","30","84","0,84,1120"
"0/0","29,0","29","81","0,81,1078"
"0/0","29,0","29","81","0,81,1079"
"0/0","31,0","31","90","0,90,1190"
"0/1","12,19","31","99","542,0,334"
"0/1","14,21","35","99","719,0,340"
"0/1","15,15","30","99","436,0,442"
"0/1","13,14","27","99","440,0,432"
"0/1","17,16","33","99","537,0,582"
"0/1","10,17","27","99","559,0,327"
"0/1","10,9","19","99","278,0,360"
"0/1","9,17","26","99","593,0,289"
"0/1","12,4","16","99","114,0,439"
"0/1","13,5","18","99","151,0,444"
"0/1","12,6","18","99","183,0,426"
"0/1","9,14","23","99","468,0,304"
"0/1","9,14","23","99","466,0,303"
"0/1","9,11","20","99","365,0,241"
"0/1","6,14","20","87","420,0,87"
"0/1","11,13","24","99","455,0,338"
"0/1","9,10","19","99","267,0,311"
"0/1","6,5","11","99","135,0,217"
"0/1","8,12","20","99","427,0,265"
"0/1","10,12","22","99","394,0,344"
"0/1","13,10","23","99","332,0,414"
"0/1","12,10","22","99","332,0,384"
"0/1","11,12","23","99","410,0,378"
"0/1","14,13","27","99","451,0,451"
"0/1","9,16","25","99","547,0,276"
"0/1","13,16","29","99","566,0,434"
"0/1","11,12","23","99","414,0,355"
"0/1","14,5","19","99","148,0,498"
"0/1","5,3","8","98","98,0,145"
"0/1","12,20","33","99","609,0,385"
"0/1","12,14","26","99","457,0,405"
"0/1","10,14","24","99","466,0,266"
"0/1","16,12","28","99","391,0,550"
"0/1","7,12","19","99","365,0,216"
"0/1","14,13","27","99","451,0,492"
"0/1","13,13","26","99","414,0,393"
"0/1","17,8","25","99","255,0,513"
"0/1","15,19","34","99","629,0,475"
"0/1","21,11","32","99","320,0,643"
"0/1","9,12","21","99","424,0,265"
"0/1","11,13","24","99","387,0,340"
"0/1","11,19","30","99","625,0,357"
"0/1","7,13","20","99","464,0,214"
"0/1","8,9","17","99","322,0,200"
"0/1","11,11","22","99","349,0,381"
"0/1","9,4","13","99","128,0,327"
"0/1","15,29","44","99","961,0,465"
"0/1","22,24","47","99","667,0,767"
"0/1","17,18","40","99","569,0,580"
"0/1","11,8","19","99","266,0,271"
"0/1","10,9","19","99","313,0,313"
"0/1","7,6","13","99","208,0,240"
"0/1","22,4","26","65","65,0,500"
"0/1","13,11","24","99","287,0,376"
"0/1","11,9","20","99","308,0,266"
"0/1","11,4","15","99","121,0,357"
"0/1","11,14","25","99","406,0,370"
"0/1","14,18","32","99","577,0,466"
"0/1","11,10","21","99","338,0,342"
"0/1","10,11","21","99","285,0,300"
"0/1","10,11","21","99","276,0,300"
"0/1","10,13","23","99","395,0,288"
"0/1","12,12","24","99","357,0,326"
"0/1","12,13","25","99","408,0,323"
"0/1","12,14","26","99","474,0,337"
"0/1","11,11","22","99","382,0,322"
"0/1","13,15","28","99","457,0,438"
"0/1","22,16","38","99","500,0,673"
"0/1","11,19","30","99","574,0,342"
"0/1","18,14","32","99","425,0,645"
"0/1","25,33","58","99","1047,0,841"
"0/1","13,7","20","99","193,0,406"
"0/1","10,10","20","99","321,0,312"
"0/1","12,8","29","99","232,0,420"
"0/1","11,5","16","99","114,0,390"
"0/1","10,12","22","99","389,0,303"
"0/1","21,15","36","99","509,0,582"
"0/1","18,15","33","99","502,0,477"
"0/1","19,15","34","99","461,0,648"
"0/1","13,14","27","99","483,0,406"
"0/1","13,17","30","99","506,0,427"
"0/1","12,13","25","99","410,0,350"
"0/1","15,16","31","99","466,0,438"
"0/1","20,19","39","99","623,0,681"
"0/1","13,12","25","99","406,0,456"
"0/1","10,4","14","99","123,0,362"
"0/1","15,7","22","99","226,0,483"
"0/1","17,7","24","99","213,0,587"
"0/1","9,8","17","99","276,0,309"
"0/1","13,11","24","99","367,0,454"
"0/1","14,4","18","99","114,0,473"
"0/1","6,13","19","99","469,0,180"
"0/1","9,12","21","99","380,0,270"
"0/1","8,11","19","99","355,0,229"
"0/1","8,9","17","99","313,0,273"
"0/1","2,8","10","50","253,0,50"
"0/1","3,18","24","32","380,0,32"
"0/1","18,24","42","99","722,0,482"
"0/1","14,11","25","99","329,0,461"
"0/1","14,7","21","99","160,0,509"
"0/1","8,11","19","99","348,0,278"
"0/1","19,16","35","99","423,0,606"
"0/1","17,18","35","99","576,0,539"
"0/1","17,8","25","99","157,0,432"
"0/1","17,16","33","99","550,0,555"
"0/1","15,10","25","99","327,0,465"
"0/1","11,7","18","99","235,0,346"
"0/1","21,5","26","79","79,0,711"
"0/1","17,12","29","99","315,0,516"
"0/1","16,8","24","99","214,0,519"
"0/1","16,11","27","99","327,0,504"
"0/1","19,9","28","99","282,0,576"
"0/1","19,11","30","99","315,0,566"
"0/1","8,9","17","99","285,0,186"
"0/1","17,7","24","99","185,0,593"
"0/1","14,10","24","99","313,0,470"
"0/1","11,14","25","99","453,0,330"
"0/1","10,24","34","99","765,0,270"
"0/1","14,12","26","99","384,0,381"
"0/0","20,0","20","57","0,57,775"
"0/1","19,5","24","99","140,0,603"
"0/1","7,11","18","99","362,0,223"
"0/1","14,16","30","99","534,0,415"
"0/1","20,12","32","99","396,0,665"
"0/1","11,12","23","99","413,0,344"
"0/1","22,8","30","99","132,0,702"
"0/1","7,7","14","99","188,0,122"
"0/1","6,10","16","99","311,0,157"
"0/1","10,12","22","99","328,0,346"
"0/1","7,7","14","99","251,0,160"
"0/1","7,13","20","99","480,0,195"
"0/1","14,14","28","99","451,0,302"
"0/1","9,15","24","99","542,0,251"
"0/1","6,10","16","99","356,0,195"
"0/1","7,9","16","99","321,0,235"
"0/1","6,13","19","99","458,0,179"
"0/1","2,17","19","25","581,0,25"
"0/1","4,10","14","99","237,0,126"
"0/1","2,15","17","29","526,0,29"
"0/1","5,12","17","99","341,0,162"
"0/1","10,11","21","99","306,0,296"
"0/1","10,10","20","99","266,0,305"
"0/1","18,2","20","3","3,0,637"
"0/1","20,11","31","99","314,0,639"
"0/1","16,3","19","65","65,0,593"
"0/1","14,2","16","34","34,0,506"
"0/1","9,12","21","99","373,0,268"
"0/1","8,6","14","99","203,0,287"
"0/1","6,14","20","99","466,0,146"
"0/1","9,17","26","99","554,0,215"
"0/1","11,14","25","99","489,0,333"
"0/1","3,10","13","87","334,0,87"
"0/1","18,19","37","99","536,0,527"
"0/1","17,17","34","99","241,0,544"
"0/1","17,16","33","99","220,0,554"
"0/1","19,18","38","99","486,0,646"
"0/1","21,11","32","99","346,0,616"
"0/1","20,12","32","99","393,0,592"
"0/1","21,12","33","99","392,0,626"
"0/1","15,11","26","99","361,0,520"
"0/1","17,21","38","99","646,0,470"
"0/1","10,9","20","99","283,0,334"
"0/1","12,16","28","99","545,0,322"
"0/1","16,13","29","99","421,0,545"
"0/1","19,13","32","99","389,0,586"
"0/1","17,10","27","99","274,0,558"
"0/1","14,14","28","99","412,0,456"
"0/1","15,13","28","99","425,0,473"
"0/1","12,22","34","99","685,0,384"
"0/1","7,12","19","99","418,0,223"
"0/1","6,8","14","99","287,0,201"
"0/1","15,15","30","99","481,0,438"
"0/1","16,16","32","99","516,0,487"
"0/1","16,14","30","99","403,0,512"
"0/1","16,13","29","99","357,0,463"
"0/1","10,19","29","99","587,0,300"
"0/1","20,9","29","99","265,0,574"
"0/1","8,8","16","99","274,0,271"
"0/1","9,8","17","99","275,0,246"
"0/1","11,13","24","99","461,0,371"
"0/1","7,6","13","99","203,0,216"
"0/1","13,11","24","99","344,0,408"
"0/1","7,13","20","99","461,0,219"
"0/1","14,17","31","99","576,0,458"
"0/1","9,23","32","99","708,0,275"
"0/1","16,8","24","99","248,0,553"
"0/1","13,12","25","99","394,0,444"
"0/1","15,15","30","99","469,0,520"
"0/1","12,12","24","99","403,0,420"
"0/1","10,7","17","99","200,0,313"
"0/1","10,8","18","99","273,0,314"
"0/1","13,16","29","99","519,0,369"
"0/1","6,10","16","99","315,0,188"
"0/1","14,15","29","99","444,0,452"
"0/1","14,9","23","99","288,0,461"
"0/1","10,11","21","99","318,0,350"
"0/1","18,20","38","99","608,0,565"
"0/1","17,21","38","99","683,0,504"
"0/1","13,21","34","99","656,0,383"
"0/1","17,13","30","99","414,0,586"
"0/1","15,14","29","99","345,0,487"
"0/1","6,4","10","90","90,0,172"
"0/1","11,15","26","99","499,0,369"
"0/1","20,15","35","99","484,0,649"
"0/1","11,16","27","99","505,0,372"
"0/1","13,15","28","99","452,0,382"
"0/1","14,16","30","99","562,0,438"
"0/1","12,8","20","99","239,0,415"
"0/1","16,18","34","99","626,0,533"
"0/1","11,12","23","99","388,0,375"
"0/1","12,4","16","99","118,0,392"
"0/1","19,17","36","99","509,0,606"
"0/1","16,14","30","99","439,0,519"
"0/1","11,10","21","99","346,0,353"
"0/1","11,13","24","99","426,0,371"
"0/1","15,14","29","99","394,0,469"
"0/1","19,14","33","99","404,0,586"
"0/1","17,19","36","99","605,0,573"
"0/1","18,17","35","99","569,0,598"
"0/1","16,16","32","99","536,0,552"
"0/1","9,12","21","99","264,0,251"
"0/1","6,12","18","99","430,0,189"
"0/1","9,2","11","49","49,0,339"
"0/1","9,8","17","99","267,0,321"
"0/1","14,15","29","99","514,0,477"
"0/1","15,5","20","69","69,0,472"
"0/1","15,4","20","32","32,0,470"
"0/1","10,14","24","99","494,0,298"
"0/1","13,15","29","99","462,0,384"
"0/1","29,15","44","99","422,0,807"
"0/1","15,4","19","99","112,0,478"
"0/1","13,8","21","99","263,0,454"
"0/1","14,11","25","99","374,0,469"
"0/1","15,10","25","99","332,0,528"
"0/1","16,11","27","99","365,0,544"
"0/1","12,16","28","99","564,0,403"
"0/1","15,24","39","99","713,0,414"
"0/1","15,25","41","99","797,0,305"
"0/1","11,16","27","99","535,0,332"
"0/1","11,8","19","99","263,0,390"
"0/1","10,16","26","99","525,0,297"
"0/1","15,12","27","99","406,0,530"
"0/1","15,12","27","99","408,0,531"
"0/1","10,15","25","99","488,0,330"
"0/1","15,13","28","99","448,0,488"
"0/1","8,13","21","99","426,0,263"
"0/1","12,13","25","99","452,0,399"
"0/1","11,13","24","99","455,0,372"
"0/1","16,13","29","99","427,0,541"
"0/1","13,12","25","99","419,0,444"
"0/1","9,12","21","99","420,0,286"
"0/1","7,5","12","99","171,0,244"
"0/1","9,5","14","99","160,0,312"
"0/1","10,8","18","99","235,0,321"
"0/1","10,11","21","99","362,0,280"
"0/1","8,11","19","99","325,0,268"
"0/1","14,17","31","99","548,0,444"
"0/1","15,16","31","99","481,0,473"
"0/1","11,13","24","99","451,0,381"
"0/1","12,8","20","99","263,0,424"
"0/1","11,11","22","99","347,0,379"
"0/1","12,7","19","99","206,0,437"
"0/1","10,8","18","99","275,0,350"
"0/1","11,9","20","99","273,0,394"
"0/1","16,4","20","99","107,0,578"
"0/1","13,9","22","99","301,0,449"
"0/1","11,5","16","99","145,0,360"
"0/1","11,14","25","99","499,0,369"
"0/0","29,1","31","62","0,62,1105"
"0/1","13,13","26","99","397,0,396"
"0/1","12,8","21","99","263,0,408"
"0/1","10,6","16","99","163,0,358"
"0/1","14,11","25","99","357,0,481"
"0/1","12,13","25","99","400,0,407"
"0/1","10,12","22","99","352,0,342"
"0/1","9,4","13","99","124,0,323"
"0/1","13,18","31","99","600,0,429"
"0/1","16,19","35","99","605,0,538"
"0/1","8,12","20","99","423,0,260"
"0/1","9,10","19","99","342,0,307"
"0/1","20,18","38","99","577,0,609"
"0/1","24,20","44","99","585,0,765"
"0/1","21,25","47","99","788,0,706"
"0/1","16,22","38","99","732,0,511"
"0/1","7,8","15","99","278,0,194"
"0/1","6,8","14","99","285,0,185"
"0/1","13,10","23","99","333,0,434"
"0/0","21,0","21","60","0,60,806"
"0/1","8,4","12","99","127,0,291"
"0/1","16,16","32","99","524,0,511"
"0/1","17,16","33","99","523,0,568"
"0/1","13,8","21","99","254,0,448"
"0/1","8,12","20","99","434,0,250"
"0/1","13,16","29","99","464,0,398"
"0/1","17,15","32","99","517,0,555"
"0/1","20,20","40","99","632,0,644"
"0/1","16,21","37","99","689,0,391"
"0/1","14,18","32","99","549,0,310"
"0/1","14,6","20","99","180,0,442"
"0/0","17,1","18","27","0,27,347"
"0/1","11,12","23","99","339,0,285"
"0/1","10,11","22","99","305,0,303"
"0/1","12,10","22","99","338,0,424"
"0/1","10,11","21","99","297,0,345"
"0/1","7,7","14","99","242,0,247"
"0/1","12,7","19","99","238,0,364"
"0/1","9,7","16","99","208,0,270"
"0/1","7,7","14","99","234,0,222"
"0/1","7,12","19","99","389,0,230"
"0/1","8,11","19","99","284,0,276"
"0/1","18,2","20","25","25,0,615"
"0/1","13,4","17","99","115,0,434"
"0/1","11,10","21","99","348,0,316"
"0/1","10,12","22","99","433,0,290"
"0/1","14,10","24","99","336,0,461"
"0/1","14,11","25","99","327,0,452"
"0/1","11,11","22","99","337,0,373"
"0/1","7,10","17","99","346,0,233"
"0/1","12,17","29","99","606,0,392"
"0/1","6,9","15","99","322,0,200"
"0/1","14,7","21","99","208,0,488"
"0/1","7,8","16","99","276,0,244"
"0/1","7,11","18","99","396,0,231"
"0/1","14,8","22","99","249,0,510"
"0/1","12,8","20","99","267,0,436"
"0/1","11,8","19","99","231,0,389"
"0/1","6,9","15","99","322,0,165"
"0/1","8,4","12","99","130,0,237"
"0/1","11,7","18","99","195,0,394"
"0/1","10,12","22","99","338,0,323"
"0/1","18,11","29","99","339,0,596"
"0/1","19,12","31","99","349,0,632"
"0/1","17,17","34","99","567,0,555"
"0/1","11,13","24","99","453,0,367"
"0/1","17,15","32","99","475,0,528"
"0/1","12,15","27","99","526,0,410"
"0/1","6,14","20","99","507,0,177"
"0/1","9,7","16","99","242,0,287"
"0/1","11,5","16","99","158,0,362"
"0/1","11,6","17","99","191,0,364"
"0/1","12,9","21","99","302,0,389"
"0/1","15,11","26","99","283,0,491"
"0/1","14,24","38","99","786,0,395"
"0/1","18,13","31","99","393,0,554"
"0/1","24,13","37","99","416,0,829"
"0/1","12,11","23","99","130,0,339"
"0/1","19,14","33","99","446,0,573"
"0/1","19,11","30","99","274,0,608"
"0/1","7,10","17","99","314,0,224"
"1/1","1,27","28","47","1045,47,0"
"0/1","15,12","27","99","350,0,453"
"0/1","17,23","40","99","734,0,485"
"0/1","23,15","38","99","496,0,783"
"0/1","12,16","28","99","482,0,403"
"0/1","12,13","25","99","374,0,328"
"0/1","36,8","44","99","127,0,1100"
"0/1","36,5","41","25","25,0,1070"
"0/1","37,5","42","8","8,0,1134"
"0/0","26,0","26","66","0,66,847"
"0/0","26,2","28","48","0,48,859"
"0/0","26,0","28","66","0,66,886"
"0/0","28,0","28","69","0,69,884"
"0/0","26,0","27","66","0,66,873"
"0/0","28,0","28","69","0,69,909"
"0/0","30,0","32","87","0,87,1159"
"0/0","36,0","36","99","0,99,1282"
"0/0","37,0","37","99","0,102,1358"
"0/0","37,0","37","99","0,102,1354"
"0/0","34,0","34","93","0,93,1250"
"0/0","37,1","38","74","0,74,1427"
"0/0","39,0","39","99","0,111,1419"
"0/1","19,16","35","99","496,0,618"
"0/1","10,16","26","99","527,0,331"
"0/1","11,13","24","99","417,0,372"
"0/1","16,20","36","99","673,0,516"
"0/1","14,19","33","99","557,0,440"
"0/1","17,15","32","99","471,0,569"
"0/1","15,19","34","99","604,0,439"
"0/1","25,18","43","99","514,0,860"
"0/1","13,17","30","99","585,0,365"
"0/1","15,10","25","99","337,0,488"
"0/1","15,13","28","99","426,0,483"
"0/1","9,17","26","99","535,0,285"
"0/1","11,5","16","99","142,0,404"
"0/1","11,9","20","99","271,0,363"
"0/1","6,15","21","99","540,0,128"
"0/1","16,9","25","99","302,0,547"
"0/1","11,12","23","99","421,0,364"
"0/1","13,13","26","99","442,0,368"
"0/1","13,13","26","99","404,0,397"
"0/1","17,24","41","99","798,0,390"
"0/1","10,11","21","99","387,0,346"
"0/1","11,7","18","99","190,0,395"
"0/1","7,8","15","99","272,0,231"
"0/1","14,12","26","99","367,0,470"
"0/0","26,0","26","72","0,72,977"
"0/1","10,8","18","99","268,0,310"
"0/0","25,0","25","75","0,75,969"
"0/1","8,10","18","99","345,0,267"
"0/1","17,14","31","99","462,0,543"
"0/1","10,5","15","99","146,0,330"
"0/1","13,5","18","99","133,0,437"
"1/1","0,2","2","3","37,3,0"
"0/1","17,13","30","99","392,0,596"
"0/1","19,18","37","99","600,0,633"
"0/1","6,7","13","99","241,0,206"
"0/1","11,15","26","99","536,0,369"
"0/1","23,7","30","99","195,0,779"
"0/1","18,23","41","99","767,0,540"
"0/1","19,18","37","99","551,0,542"
"0/1","18,19","37","99","626,0,601"
"0/1","5,7","12","99","251,0,166"
"0/1","8,10","18","99","337,0,235"
"0/1","11,9","20","99","291,0,371"
"0/1","18,13","31","99","404,0,506"
"0/1","20,13","33","99","405,0,592"
"0/1","15,16","31","99","441,0,342"
"0/1","14,18","32","99","560,0,393"
"0/1","7,12","19","99","385,0,229"
"0/1","10,9","19","99","260,0,343"
"0/1","14,9","23","99","261,0,500"
"0/1","10,12","22","99","427,0,338"
"0/1","12,6","18","99","185,0,437"
"0/1","11,29","40","99","913,0,262"
"0/1","16,6","22","99","108,0,463"
"0/1","12,23","35","99","829,0,377"
"0/1","11,12","23","99","381,0,369"
"0/1","18,12","30","99","393,0,536"
"0/1","13,12","25","99","415,0,416"
"0/1","15,22","37","99","725,0,467"
"0/1","15,9","24","99","296,0,487"
"0/1","11,10","21","99","338,0,381"
"0/1","17,13","30","99","394,0,569"
"0/1","17,7","24","99","168,0,577"
"0/1","17,11","28","99","352,0,575"
"0/1","22,14","36","99","410,0,653"
"0/1","14,16","30","99","496,0,451"
"0/1","12,15","27","99","507,0,395"
"0/1","6,10","16","99","309,0,200"
"0/1","7,11","18","99","356,0,231"
"0/1","17,21","38","99","682,0,547"
"0/1","16,6","23","99","115,0,287"
"0/1","22,12","34","99","194,0,752"
"0/1","13,13","26","99","449,0,434"
"0/1","15,14","30","99","398,0,511"
"0/1","13,18","31","99","589,0,399"
"0/1","8,12","20","99","367,0,270"
"0/1","12,10","22","99","341,0,387"
"0/1","12,15","27","99","443,0,409"
"0/1","8,14","22","99","420,0,217"
"0/1","15,6","21","99","171,0,456"
"0/1","12,13","25","99","460,0,369"
"0/1","12,17","29","99","542,0,343"
"0/1","9,12","21","99","416,0,294"
"0/1","17,9","26","99","281,0,603"
"0/1","17,14","31","99","472,0,592"
"0/1","24,21","46","99","606,0,769"
"0/1","15,11","26","99","372,0,495"
"0/1","13,11","24","99","387,0,423"
"0/1","23,21","44","99","663,0,584"
"0/1","17,22","39","99","548,0,537"
"0/1","13,10","23","99","195,0,144"
"0/1","16,16","33","99","406,0,475"
"0/1","13,17","31","99","476,0,394"
"0/1","8,7","15","99","238,0,243"
"0/1","20,18","39","99","601,0,669"
"0/1","5,4","9","99","131,0,132"
"0/1","14,11","26","99","341,0,476"
"0/1","6,13","19","99","401,0,179"
"0/1","6,12","18","99","355,0,197"
"0/1","11,12","23","99","349,0,366"
"0/1","11,8","19","99","238,0,354"
"0/1","9,9","18","99","272,0,308"
"0/1","9,8","17","99","271,0,295"
"0/1","16,5","22","35","35,0,446"
"0/1","18,14","33","99","387,0,601"
"0/1","23,25","49","99","679,0,598"
"0/1","15,14","29","99","481,0,485"
"0/1","13,17","30","99","557,0,442"
"0/1","17,9","26","99","297,0,522"
"0/1","9,15","24","99","466,0,258"
"0/1","12,14","26","99","465,0,409"
"0/1","16,13","29","99","424,0,481"
"0/1","18,17","35","99","517,0,483"
"0/1","12,8","20","99","261,0,412"
"0/1","16,17","33","99","587,0,514"
"0/1","19,8","27","99","247,0,617"
"0/1","8,20","28","99","633,0,249"
"0/1","8,15","23","99","547,0,221"
"0/1","18,10","28","99","326,0,592"
"0/1","15,9","24","99","269,0,487"
"0/1","6,11","17","99","367,0,199"
"0/1","17,10","27","99","284,0,611"
"0/1","12,20","32","99","667,0,376"
"0/1","16,14","31","99","476,0,512"
"0/1","17,18","35","99","588,0,499"
"0/1","18,12","30","99","363,0,642"
"0/1","10,16","26","99","562,0,286"
"0/1","12,10","22","99","343,0,417"
"0/1","9,9","18","99","301,0,318"
"0/1","4,11","15","99","390,0,118"
"0/1","11,10","21","99","344,0,386"
"0/1","11,12","23","99","400,0,356"
"0/1","15,15","30","99","501,0,498"
"0/1","6,8","14","99","287,0,201"
"0/1","72,16","88","99","328,0,2193"
"0/1","38,11","49","99","216,0,1223"
"0/1","13,11","24","99","370,0,428"
"0/1","8,13","21","99","456,0,253"
"0/1","12,19","31","99","676,0,349"
"0/1","6,12","18","99","358,0,188"
"0/1","23,16","39","99","525,0,707"
"0/1","15,9","24","99","230,0,496"
"0/1","10,15","25","99","536,0,294"
"0/0","22,0","22","63","0,63,831"
"0/1","9,9","18","99","316,0,304"
"0/1","28,5","33","86","86,0,1031"
"0/1","44,10","56","99","229,0,1564"
"0/1","68,18","86","99","299,0,2079"
"0/1","26,6","32","88","88,0,957"
"0/1","9,14","23","99","479,0,287"
"0/1","12,21","33","99","727,0,378"
"0/1","10,10","20","99","347,0,339"
"0/1","10,12","22","99","390,0,306"
"0/1","12,21","34","99","712,0,379"
"0/1","17,9","26","99","282,0,558"
"0/1","21,6","27","99","158,0,684"
"0/1","7,14","21","99","503,0,219"
"0/1","12,6","18","99","185,0,421"
"0/1","9,13","22","99","424,0,259"
"0/1","5,13","18","99","419,0,146"
"0/1","18,4","22","67","67,0,583"
"0/1","32,12","44","99","257,0,1027"
"0/1","5,13","18","99","436,0,156"
"0/1","16,7","23","99","210,0,509"
"0/0","25,0","25","72","0,72,970"
"0/0","27,0","27","78","0,78,1019"
"0/1","17,9","26","99","285,0,462"
"0/1","22,8","30","99","245,0,548"
"0/1","15,13","28","99","147,0,466"
"0/1","14,11","25","99","239,0,377"
"0/1","9,14","23","99","466,0,290"
"0/1","16,17","33","99","582,0,462"
"0/1","20,10","30","99","314,0,714"
"0/1","32,6","38","99","112,0,1030"
"0/0","32,4","38","10","0,10,1000"
"0/1","57,8","66","99","136,0,1940"
"0/1","33,13","47","99","340,0,996"
"0/0","53,0","53","99","0,144,1891"
"0/1","10,33","43","99","819,0,209"
"0/0","46,0","46","99","0,129,1662"
"0/1","16,14","30","99","422,0,512"
"0/1","14,28","42","99","824,0,405"
"0/1","36,18","54","99","539,0,1048"
"0/1","35,4","39","56","56,0,1211"
"0/1","35,4","39","56","56,0,1208"
"0/1","35,4","39","58","58,0,1061"
"0/1","38,4","42","47","47,0,1290"
"0/1","36,4","40","53","53,0,1239"
"0/1","38,4","42","40","40,0,1350"
"0/1","16,18","34","99","635,0,463"
"0/1","15,20","35","99","616,0,486"
"0/1","13,23","36","99","734,0,409"
"0/1","25,6","31","82","82,0,884"
"0/1","14,29","43","99","918,0,432"
"0/1","25,20","45","99","631,0,836"
"0/0","21,0","21","60","0,60,810"
"0/0","18,0","18","48","0,48,641"
"0/1","7,20","27","99","686,0,190"
"0/1","45,11","56","99","135,0,1414"
"0/1","42,10","52","99","205,0,1482"
"0/1","41,11","52","99","215,0,1415"
"0/1","19,20","39","99","527,0,468"
"0/1","19,20","39","99","545,0,486"
"0/1","19,25","44","99","679,0,629"
"0/1","20,15","35","99","500,0,627"
"0/1","16,17","33","99","503,0,527"
"0/1","8,6","14","99","164,0,287"
"0/1","12,13","25","99","366,0,428"
"0/1","12,14","26","99","481,0,377"
"0/1","12,14","26","99","481,0,374"
"0/1","15,17","32","99","544,0,425"
"0/1","14,21","35","99","653,0,423"
"0/1","7,7","14","99","243,0,230"
"0/1","11,22","33","99","757,0,343"
"0/1","17,18","35","99","575,0,578"
"0/1","17,16","33","99","496,0,582"
"0/1","11,6","17","99","191,0,389"
"0/1","15,9","24","99","297,0,520"
"0/1","27,17","44","99","477,0,966"
"0/1","10,9","19","99","303,0,310"
"0/1","10,19","29","99","636,0,273"
"0/1","12,13","25","99","334,0,354"
"0/1","10,16","26","99","503,0,304"
"0/1","9,26","35","99","853,0,240"
"0/1","6,21","27","99","717,0,162"
"0/1","13,10","23","99","292,0,397"
"0/1","18,12","30","99","365,0,628"
"0/1","14,24","39","99","646,0,466"
"0/1","10,10","21","99","347,0,298"
"0/1","7,10","17","99","324,0,238"
"0/1","18,12","30","99","393,0,567"
"0/1","13,12","25","99","405,0,359"
"0/1","12,8","20","99","201,0,390"
"0/1","10,8","18","99","273,0,314"
"0/1","16,13","29","99","402,0,568"
"0/1","15,10","25","99","319,0,527"
"0/1","11,12","23","99","347,0,386"
"0/1","14,8","22","99","262,0,430"
"0/0","13,0","13","36","0,36,464"
"0/0","24,7","31","24","0,24,575"
"0/1","11,10","21","99","331,0,379"
"0/0","20,0","20","48","0,48,646"
"0/1","25,10","35","99","301,0,781"
"0/1","23,12","35","99","386,0,786"
"0/1","15,18","33","99","489,0,425"
"0/1","23,17","40","99","508,0,746"
"0/0","35,0","35","96","0,96,1259"
"0/1","14,4","18","99","111,0,471"
"0/1","10,19","29","99","646,0,326"
"0/1","11,16","27","99","546,0,329"
"0/1","12,9","21","99","310,0,340"
"0/1","18,10","28","99","329,0,567"
"0/1","16,7","23","99","215,0,578"
"0/1","16,11","27","99","363,0,505"
"0/1","14,11","25","99","375,0,425"
"0/1","14,9","23","99","297,0,503"
"0/1","10,12","22","99","380,0,344"
"0/1","12,12","24","99","380,0,420"
"0/1","9,10","19","99","312,0,313"
"0/1","13,9","22","99","288,0,445"
"0/1","7,8","15","99","274,0,237"
"0/1","15,4","19","99","105,0,551"
"0/1","14,9","23","99","222,0,499"
"0/1","10,10","20","99","318,0,337"
"0/1","17,23","40","99","687,0,573"
"0/1","18,22","40","99","698,0,590"
"0/1","18,8","26","99","247,0,650"
"0/1","19,6","25","99","133,0,684"
"0/1","12,13","25","99","417,0,414"
"0/1","11,10","21","99","336,0,387"
"0/1","14,12","26","99","329,0,492"
"0/1","14,16","30","99","481,0,476"
"0/1","14,11","25","99","349,0,457"
"0/1","19,12","31","99","371,0,665"
"0/1","14,19","33","99","554,0,364"
"0/1","23,12","35","99","332,0,767"
"0/1","5,14","19","99","479,0,149"
"0/1","12,9","21","99","303,0,429"
"0/1","13,22","35","99","720,0,419"
"0/1","15,15","30","99","520,0,459"
"0/1","19,16","35","99","502,0,608"
"0/1","5,9","14","95","331,0,95"
"0/1","8,4","12","95","95,0,259"
"0/1","12,9","21","99","233,0,420"
"0/1","23,14","37","99","417,0,783"
"0/1","25,13","38","99","415,0,825"
"0/1","22,15","37","99","495,0,732"
"0/1","13,10","23","99","336,0,383"
"0/1","15,11","26","99","357,0,465"
"0/1","13,5","18","99","148,0,480"
"0/1","4,5","9","99","110,0,142"
"0/0","24,0","24","69","0,69,940"
"0/1","10,12","22","99","391,0,344"
"0/1","7,9","16","99","300,0,235"
"0/1","18,16","34","99","499,0,582"
"0/1","18,17","35","99","535,0,584"
"0/1","18,16","34","99","529,0,582"
"0/1","16,12","28","99","400,0,499"
"0/1","19,9","29","99","283,0,635"
"0/1","13,15","28","99","418,0,352"
"0/1","16,19","35","99","617,0,533"
"0/1","14,9","23","99","292,0,467"
"0/1","13,10","23","99","340,0,420"
"0/1","9,14","24","99","486,0,298"
"0/1","12,13","25","99","447,0,414"
"0/1","8,12","20","99","412,0,267"
"0/1","6,5","11","99","167,0,207"
"0/1","15,9","24","99","274,0,521"
"0/1","7,10","17","99","356,0,236"
"0/1","9,5","14","99","165,0,321"
"0/1","11,17","28","99","494,0,362"
"0/1","13,11","24","99","278,0,413"
"0/1","15,7","22","99","210,0,502"
"0/1","10,18","28","99","560,0,323"
"0/1","8,10","18","99","325,0,235"
"0/1","2,9","11","49","318,0,49"
"0/1","7,16","23","99","480,0,219"
"0/1","7,15","22","99","461,0,202"
"0/1","8,17","25","99","527,0,142"
"0/1","13,15","28","99","494,0,434"
"0/1","16,16","32","99","521,0,560"
"0/1","16,17","33","99","514,0,560"
"0/1","18,14","32","99","442,0,609"
"0/1","19,13","32","99","403,0,571"
"0/1","18,12","30","99","366,0,529"
"0/1","25,21","46","99","641,0,766"
"0/1","21,15","36","99","495,0,664"
"0/1","18,14","33","99","393,0,602"
"0/1","23,15","38","99","484,0,750"
"0/1","13,12","25","99","353,0,418"
"0/1","12,19","31","99","653,0,357"
"0/1","6,25","31","99","752,0,150"
"0/1","17,25","42","99","884,0,573"
"0/1","9,12","21","99","343,0,300"
"0/1","11,13","24","99","442,0,351"
"0/1","15,3","18","69","69,0,530"
"0/1","27,13","40","99","400,0,935"
"0/1","12,15","27","99","462,0,376"
"0/1","13,15","28","99","523,0,445"
"0/1","16,18","34","99","602,0,524"
"0/1","15,11","28","99","274,0,360"
"0/1","10,4","15","90","90,0,143"
"0/1","12,16","28","99","463,0,307"
"0/1","11,21","32","99","657,0,354"
"0/1","14,12","26","99","372,0,443"
"1/1","0,29","29","84","1094,84,0"
"0/1","19,15","34","99","448,0,628"
"0/1","16,18","34","99","631,0,503"
"0/0","6,0","6","18","0,18,237"
"0/0","24,0","24","72","0,72,946"
"0/1","7,9","16","99","319,0,241"
"0/1","10,9","19","99","310,0,349"
"0/1","17,15","32","99","499,0,571"
"0/1","15,9","24","99","269,0,534"
"0/1","9,12","21","99","395,0,302"
"0/1","6,8","14","99","280,0,200"
"0/0","7,0","7","18","0,18,198"
"0/0","6,0","6","15","0,15,158"
"0/1","20,8","28","99","252,0,645"
"0/1","32,9","41","99","169,0,1047"
"0/1","31,8","39","99","125,0,1129"
"0/1","17,14","31","99","449,0,530"
"0/1","16,18","34","99","545,0,468"
"0/1","22,12","34","99","361,0,719"
"0/1","14,15","29","99","520,0,453"
"0/1","13,15","28","99","483,0,448"
"0/1","9,6","16","84","84,0,207"
"0/1","15,7","22","99","182,0,536"
"0/1","6,16","22","99","580,0,171"
"0/1","21,17","38","99","519,0,710"
"0/1","10,9","19","99","261,0,349"
"0/0","29,0","29","78","0,78,1041"
"0/1","7,10","17","99","316,0,234"
"0/0","19,0","19","36","0,36,463"
"0/1","16,17","34","99","558,0,557"
"0/1","19,14","33","99","382,0,622"
"0/1","8,4","12","99","123,0,289"
"0/1","11,21","32","99","721,0,309"
"0/1","15,17","32","99","574,0,421"
"0/1","11,17","28","99","591,0,355"
"1/1","1,9","12","12","170,12,0"
"0/1","10,12","22","99","407,0,338"
"0/1","9,9","18","99","269,0,304"
"0/1","9,13","22","99","384,0,289"
"0/1","18,15","33","99","460,0,582"
"0/1","9,11","20","99","340,0,295"
"0/1","7,12","19","99","433,0,226"
"0/1","12,15","27","99","491,0,410"
"0/1","8,12","20","99","382,0,238"
"0/1","13,11","24","99","343,0,460"
"0/1","18,14","32","99","459,0,593"
"0/1","18,13","31","99","304,0,543"
"0/1","16,11","27","99","356,0,474"
"0/1","14,27","41","99","899,0,401"
"0/1","19,11","30","99","352,0,635"
"0/1","7,10","17","99","342,0,231"
"0/1","18,15","33","99","463,0,625"
"0/1","20,13","33","99","420,0,590"
"0/1","22,13","35","99","410,0,756"
"0/1","7,9","16","99","282,0,241"
"0/1","16,21","37","99","696,0,521"
"0/1","14,9","23","99","301,0,456"
"0/1","8,8","16","99","272,0,243"
"0/1","19,13","32","99","384,0,634"
"0/1","9,10","19","99","307,0,305"
"0/1","12,13","26","99","425,0,397"
"0/1","8,11","19","99","358,0,273"
"0/1","14,15","29","99","489,0,495"
"0/1","10,10","20","99","343,0,344"
"0/1","19,20","39","99","577,0,626"
"0/1","14,15","29","99","471,0,446"
"0/1","24,28","52","99","923,0,742"
"0/1","23,17","40","99","390,0,594"
"0/1","20,25","45","99","800,0,654"
"0/1","27,14","43","99","255,0,240"
"0/0","25,0","25","69","0,69,923"
"0/1","17,16","33","99","459,0,538"
"0/1","9,9","18","99","274,0,277"
"0/1","6,9","15","99","317,0,164"
"0/1","12,19","31","99","646,0,365"
"0/1","18,14","32","99","292,0,614"
"0/1","5,15","20","99","408,0,154"
"0/1","8,11","19","99","364,0,239"
"0/1","12,15","27","99","521,0,383"
"0/1","8,10","18","99","233,0,282"
"0/1","7,11","18","99","372,0,218"
"0/1","13,11","24","99","376,0,425"
"0/1","13,7","20","99","231,0,386"
"0/1","16,16","32","99","528,0,528"
"0/1","13,16","29","99","557,0,373"
"0/1","13,11","24","99","314,0,451"
"0/1","11,5","16","99","146,0,399"
"0/1","13,6","19","99","188,0,452"
"0/1","18,7","25","99","183,0,457"
"0/1","17,20","37","99","698,0,479"
"0/1","16,16","32","99","543,0,431"
"0/1","12,15","28","99","464,0,408"
"0/1","14,12","26","99","368,0,454"
"0/1","22,13","35","99","423,0,782"
"0/1","13,19","32","99","635,0,407"
"0/1","11,10","21","99","334,0,368"
"0/1","17,16","33","99","551,0,554"
"1/1","1,31","32","56","1161,56,0"
"0/1","12,14","26","99","443,0,409"
"0/1","10,14","24","99","500,0,294"
"0/1","14,8","22","99","214,0,490"
"0/1","2,7","9","53","258,0,53"
"0/1","19,8","27","99","204,0,691"
"0/1","5,7","12","99","250,0,169"
"0/1","12,13","25","99","452,0,383"
"0/0","17,1","18","8","0,8,532"
"0/1","4,10","14","84","274,0,84"
"0/1","10,8","18","99","242,0,321"
"0/1","12,9","21","99","269,0,411"
"0/1","5,4","9","99","118,0,129"
"0/1","10,13","23","99","449,0,302"
"0/1","15,7","22","99","206,0,542"
"0/1","7,4","11","99","126,0,212"
"0/1","7,13","20","99","438,0,222"
"0/1","8,11","19","99","390,0,229"
"0/1","14,14","28","99","420,0,431"
"0/1","13,6","19","99","185,0,389"
"0/1","28,21","49","99","559,0,831"
"0/1","15,15","31","99","406,0,407"
"0/1","18,15","33","99","365,0,580"
"0/1","11,13","24","99","309,0,330"
"0/1","14,21","35","99","581,0,415"
"0/1","19,14","33","99","440,0,594"
"0/1","7,15","22","99","522,0,223"
"0/1","12,13","25","99","461,0,381"
"0/1","10,21","31","99","763,0,267"
"0/1","7,14","21","99","463,0,225"
"0/1","12,15","27","99","502,0,369"
"0/1","9,13","22","99","469,0,233"
"0/1","9,18","27","99","540,0,282"
"0/1","10,8","18","99","237,0,315"
"0/1","2,14","16","34","518,0,34"
"0/1","2,16","18","32","558,0,32"
"0/1","15,13","28","99","445,0,511"
"0/1","12,14","26","99","485,0,405"
"0/1","15,13","28","99","442,0,519"
"0/1","14,10","24","99","337,0,491"
"0/1","11,11","22","99","312,0,378"
"0/1","14,9","24","99","296,0,464"
"0/1","12,10","22","99","335,0,392"
"0/1","6,16","22","99","556,0,182"
"0/1","6,17","23","99","584,0,183"
"0/1","18,9","27","99","285,0,643"
"0/0","27,0","27","75","0,75,998"
"0/1","19,20","39","99","648,0,587"
"0/1","23,2","25","2","2,0,850"
"0/1","14,8","22","99","255,0,478"
"0/1","22,21","43","99","665,0,570"
"0/0","17,0","17","48","0,48,626"
"0/0","18,0","18","48","0,48,626"
"0/0","20,0","20","51","0,51,665"
"0/0","20,0","21","51","0,51,616"
"0/0","22,0","22","54","0,54,697"
"0/0","20,1","21","54","0,54,682"
"0/0","18,0","19","48","0,48,643"
"0/1","18,6","24","99","129,0,657"
"0/1","8,10","18","99","355,0,275"
"0/1","13,14","27","99","439,0,445"
"0/1","10,14","24","99","479,0,327"
"0/1","18,16","34","99","498,0,568"
"0/1","7,7","14","99","243,0,234"
"0/0","27,0","27","81","0,81,1027"
"0/1","15,17","32","99","561,0,497"
"0/1","9,17","30","99","609,0,239"
"0/1","19,18","37","99","573,0,587"
"0/1","13,15","28","99","488,0,414"
"0/1","16,14","31","99","470,0,475"
"0/1","15,7","22","99","211,0,542"
"0/1","9,15","24","99","480,0,258"
"0/1","14,10","24","99","301,0,492"
"0/1","14,10","24","99","334,0,480"
"0/1","14,10","24","99","322,0,480"
"0/1","12,12","24","99","405,0,411"
"0/1","14,16","30","99","520,0,442"
"0/1","16,16","32","99","541,0,481"
"0/1","5,6","11","99","170,0,169"
"0/1","13,13","26","99","428,0,446"
"0/1","5,18","23","99","616,0,137"
"0/1","15,11","26","99","372,0,530"
"0/0","15,1","16","2","0,2,473"
"0/1","16,12","29","99","311,0,389"
"0/1","17,14","31","99","432,0,488"
"0/1","16,14","31","99","391,0,366"
"0/1","7,11","18","99","395,0,225"
"0/1","11,10","21","99","351,0,372"
"0/1","16,15","32","99","488,0,481"
"0/0","20,0","20","57","0,57,722"
"0/1","9,22","31","99","767,0,194"
"0/1","13,6","19","99","190,0,441"
"0/1","16,13","29","99","359,0,523"
"0/1","16,8","24","99","248,0,534"
"0/0","26,0","26","75","0,75,1014"
"0/1","12,14","26","99","437,0,415"
"0/1","12,16","28","99","573,0,378"
"0/1","17,12","29","99","308,0,514"
"0/1","21,21","42","99","658,0,681"
"0/1","14,11","25","99","375,0,452"
"0/1","11,16","27","99","531,0,352"
"0/1","17,12","29","99","360,0,593"
"0/1","12,9","21","99","308,0,353"
"0/0","33,0","33","96","0,96,1268"
"0/1","17,9","26","99","281,0,593"
"0/1","13,21","34","99","666,0,422"
"0/1","17,29","46","99","992,0,516"
"0/1","12,10","22","99","341,0,372"
"0/1","9,11","20","99","289,0,235"
"0/1","27,18","58","99","294,0,721"
"0/1","61,7","68","29","29,0,2132"
"0/1","56,19","75","99","394,0,1802"
"0/1","8,8","16","99","278,0,267"
"0/1","15,10","25","99","302,0,447"
"0/1","12,15","27","99","428,0,370"
"0/1","12,4","16","99","108,0,432"
"0/1","10,7","17","99","207,0,322"
"0/1","9,9","18","99","304,0,303"
"0/1","6,4","10","99","123,0,197"
"0/1","6,7","13","99","214,0,199"
"1/1","0,20","20","51","670,51,0"
"0/1","16,13","29","99","445,0,527"
"0/1","9,12","21","99","423,0,299"
"0/1","14,10","24","99","322,0,480"
"0/1","9,11","21","99","357,0,288"
"0/1","11,13","24","99","414,0,372"
"0/1","23,22","46","99","678,0,713"
"0/1","24,22","46","99","676,0,743"
"0/1","32,23","55","99","542,0,895"
"0/1","38,21","59","99","464,0,1030"
"0/1","40,20","60","99","452,0,1108"
"0/1","20,10","30","99","266,0,663"
"0/1","20,10","30","99","278,0,655"
"0/1","24,5","29","99","114,0,781"
"0/1","14,12","26","99","414,0,411"
"0/1","16,17","33","99","510,0,546"
"0/1","12,6","18","99","183,0,396"
"0/1","11,16","27","99","482,0,362"
"0/1","8,15","23","99","443,0,251"
"0/1","15,18","33","99","601,0,488"
"0/1","17,13","30","99","344,0,557"
"0/1","9,12","21","99","344,0,302"
"0/1","16,17","34","99","527,0,500"
"0/1","14,9","23","99","204,0,451"
"0/1","16,19","35","99","416,0,353"
"0/1","9,12","21","99","421,0,285"
"0/1","5,13","18","99","400,0,140"
"0/1","10,8","18","99","256,0,319"
"0/1","10,14","24","99","424,0,293"
"0/1","13,26","39","99","902,0,336"
"0/1","15,26","41","99","891,0,453"
"0/1","16,13","29","99","368,0,458"
"0/1","12,25","37","99","761,0,380"
"0/1","12,17","29","99","591,0,382"
"0/0","24,0","24","69","0,69,907"
"0/1","13,16","29","99","462,0,383"
"0/1","9,11","20","99","361,0,279"
"0/1","13,10","23","99","343,0,449"
"0/1","12,14","26","99","374,0,389"
"0/1","11,17","28","99","595,0,367"
"0/1","16,13","29","99","412,0,498"
"0/1","14,11","25","99","369,0,464"
"0/1","6,13","19","99","430,0,193"
"0/1","16,10","26","99","329,0,523"
"0/1","11,12","23","99","405,0,355"
"0/1","9,11","20","99","373,0,306"
"0/1","8,10","18","99","347,0,272"
"0/1","4,10","14","99","360,0,118"
"0/1","6,7","13","99","201,0,172"
"0/0","7,0","7","12","0,12,165"
"0/1","7,4","12","99","127,0,238"
"0/1","7,14","21","99","491,0,197"
"0/1","6,13","19","99","471,0,176"
"0/1","14,11","25","99","335,0,480"
"0/1","10,9","19","99","303,0,347"
"0/1","5,5","10","99","172,0,172"
"0/1","9,12","21","99","374,0,298"
"0/1","9,13","22","99","382,0,290"
"0/1","7,14","21","99","459,0,209"
"0/1","5,17","22","99","597,0,137"
"0/1","8,10","18","99","352,0,262"
"0/1","13,15","28","99","496,0,401"
"0/1","9,16","25","99","542,0,290"
"0/1","7,5","12","99","171,0,241"
"0/1","9,12","21","99","426,0,304"
"0/1","20,10","30","99","283,0,704"
"0/1","19,12","32","99","177,0,427"
"0/1","7,21","28","99","605,0,183"
"0/1","24,15","39","99","432,0,768"
"0/1","10,16","26","99","521,0,324"
"0/1","14,13","27","99","440,0,469"
"0/1","22,20","42","99","601,0,615"
"0/1","32,20","52","99","614,0,1075"
"0/1","19,16","35","99","474,0,546"
"0/1","16,14","30","99","480,0,514"
"0/1","17,15","32","99","505,0,577"
"0/1","9,10","19","99","329,0,306"
"0/1","13,12","25","99","405,0,454"
"0/1","16,10","27","99","273,0,556"
"0/1","17,13","30","99","394,0,591"
"0/1","17,10","27","99","317,0,535"
"0/1","9,16","25","99","493,0,274"
"0/1","17,10","27","99","302,0,600"
"0/1","21,9","30","99","252,0,575"
"0/1","16,14","30","99","364,0,501"
"0/1","12,10","22","99","325,0,386"
"0/1","14,9","23","99","242,0,413"
"0/1","15,10","25","99","279,0,433"
"0/1","18,15","33","99","499,0,501"
"0/0","15,0","15","42","0,42,560"
"0/1","9,10","19","99","340,0,298"
"0/1","13,16","29","99","522,0,447"
"0/1","13,16","29","99","539,0,436"
"0/1","11,22","33","99","734,0,284"
"0/1","11,13","24","99","387,0,319"
"0/0","10,0","11","18","0,18,222"
"0/0","19,4","23","51","0,51,601"
"0/0","20,0","24","51","0,51,615"
"0/0","22,0","26","51","0,51,630"
"0/1","10,3","13","69","69,0,158"
"0/1","11,18","29","99","579,0,364"
"0/1","10,10","20","99","300,0,334"
"0/1","13,8","21","99","255,0,380"
"0/0","24,0","24","72","0,72,949"
"0/1","10,15","25","99","490,0,335"
"0/1","16,16","32","99","526,0,521"
"0/1","9,14","23","99","478,0,288"
"0/1","20,15","35","99","446,0,703"
"0/1","14,9","23","99","230,0,498"
"0/0","26,0","26","75","0,75,1010"
"0/1","19,9","31","99","214,0,440"
"0/1","11,15","26","99","452,0,359"
"0/1","18,17","35","99","504,0,549"
"0/1","20,18","38","99","592,0,606"
"0/1","17,18","35","99","610,0,486"
"0/1","10,8","18","99","231,0,340"
"0/1","12,12","24","99","409,0,328"
"0/1","13,7","20","99","196,0,446"
"0/1","7,7","14","99","226,0,183"
"0/1","9,11","20","99","347,0,271"
"0/1","9,14","23","99","456,0,250"
"0/1","9,17","26","99","548,0,298"
"0/1","14,15","29","99","522,0,462"
"0/1","16,11","27","99","365,0,509"
"0/1","14,10","24","99","282,0,454"
"0/1","18,14","32","99","444,0,544"
"0/1","17,19","36","99","569,0,589"
"0/1","21,16","37","99","497,0,679"
"0/1","19,14","33","99","405,0,626"
"0/1","18,16","34","99","546,0,589"
"0/1","19,8","27","99","245,0,633"
"0/1","8,10","18","99","356,0,266"
"0/1","9,15","24","99","492,0,277"
"0/1","15,16","31","99","514,0,505"
"0/1","17,13","30","99","424,0,569"
"0/1","18,11","29","99","353,0,612"
"0/1","14,19","33","99","635,0,459"
"0/1","14,14","28","99","455,0,479"
"0/1","15,13","28","99","408,0,510"
"0/1","15,15","30","99","479,0,486"
"0/1","14,10","24","99","329,0,489"
"0/1","12,11","23","99","339,0,413"
"0/1","9,8","17","99","264,0,296"
"0/1","9,7","16","99","237,0,272"
"0/1","18,12","30","99","331,0,569"
"0/1","16,11","27","99","296,0,527"
"0/1","17,11","28","99","331,0,560"
"0/1","17,15","32","99","472,0,554"
"0/1","22,19","41","99","578,0,667"
"0/1","6,11","17","99","384,0,184"
"0/1","3,18","21","62","644,0,62"
"0/1","17,12","29","99","394,0,530"
"0/1","12,12","24","99","370,0,402"
"0/1","12,12","24","99","423,0,352"
"0/1","7,16","23","99","585,0,207"
"0/1","8,10","18","99","353,0,276"
"0/1","9,8","17","99","275,0,313"
"0/1","21,12","33","99","313,0,638"
"0/1","14,7","21","99","220,0,495"
"0/1","7,8","15","99","282,0,242"
"0/1","16,10","26","99","330,0,492"
"0/1","12,7","19","99","220,0,387"
"0/1","12,10","22","99","335,0,411"
"0/1","21,9","30","99","274,0,715"
"0/1","19,14","33","99","474,0,641"
"0/1","16,21","37","99","694,0,475"
"0/1","14,18","32","99","614,0,472"
"0/0","26,0","27","78","0,78,1046"
"0/1","7,11","18","99","376,0,231"
"0/1","21,6","27","99","128,0,732"
"0/1","10,8","18","99","269,0,307"
"0/1","19,15","34","99","486,0,641"
"0/1","16,16","32","99","492,0,508"
"0/1","13,16","29","99","525,0,424"
"0/1","13,17","30","99","576,0,402"
"0/1","12,24","36","99","834,0,380"
"0/1","7,6","13","99","204,0,241"
"0/1","7,10","17","99","358,0,157"
"0/1","4,9","13","86","334,0,86"
"0/1","5,24","29","99","822,0,122"
"0/1","6,12","18","99","418,0,152"
"0/1","32,5","38","95","95,0,1009"
"0/1","29,11","40","99","274,0,877"
"0/1","11,5","16","99","145,0,391"
"0/1","9,9","18","99","274,0,313"
"0/1","19,14","33","99","428,0,604"
"0/1","25,21","46","99","684,0,747"
"0/1","23,20","43","99","679,0,746"
"0/1","17,16","33","99","545,0,564"
"0/1","21,15","36","99","428,0,704"
"0/1","9,21","30","99","645,0,278"
"0/1","11,17","28","99","575,0,340"
"0/1","10,11","21","99","365,0,287"
"0/1","14,21","35","99","514,0,456"
"0/1","9,19","28","99","672,0,231"
"0/1","12,22","34","99","714,0,333"
"0/1","13,19","32","99","554,0,406"
"0/1","17,15","32","99","428,0,531"
"0/1","13,13","26","99","443,0,438"
"0/1","21,11","32","99","318,0,645"
"0/1","16,16","32","99","536,0,511"
"0/1","24,18","42","99","538,0,726"
"0/1","15,11","26","99","361,0,442"
"0/1","13,12","25","99","379,0,428"
"0/1","13,20","33","99","681,0,343"
"0/1","12,18","30","99","559,0,390"
"0/1","12,19","31","99","597,0,390"
"0/1","14,12","26","99","363,0,471"
"0/1","16,10","26","99","325,0,559"
"0/1","16,7","23","99","208,0,560"
"0/1","15,18","33","99","601,0,510"
"0/1","17,9","26","99","292,0,596"
"0/1","14,14","28","99","482,0,476"
"0/1","12,17","29","99","596,0,365"
"0/1","14,8","22","99","219,0,502"
"0/1","8,8","16","99","168,0,153"
"0/1","9,10","19","99","342,0,265"
"0/1","11,13","24","99","450,0,360"
"0/1","6,18","24","99","623,0,144"
"0/1","8,16","24","99","541,0,254"
"0/1","22,9","31","99","266,0,757"
"0/1","14,16","30","99","479,0,479"
"0/1","19,12","31","99","345,0,595"
"1/1","0,22","22","63","857,63,0"
"0/1","8,12","20","99","392,0,260"
"0/1","13,10","23","99","329,0,454"
"0/1","9,9","18","99","245,0,322"
"0/1","14,20","34","99","606,0,468"
"0/1","22,18","40","99","570,0,680"
"0/1","6,16","22","99","558,0,162"
"0/1","9,13","22","99","427,0,267"
"0/1","12,12","24","99","400,0,420"
"0/1","7,8","15","99","213,0,230"
"0/1","18,15","33","99","503,0,589"
"0/1","19,20","39","99","640,0,581"
"0/1","46,19","65","99","562,0,969"
"0/1","40,20","60","99","218,0,845"
"0/1","14,5","19","56","56,0,384"
"0/1","20,12","32","99","326,0,607"
"0/1","9,19","28","99","582,0,225"
"0/1","8,8","16","99","278,0,279"
"0/1","11,13","24","99","427,0,337"
"0/1","14,13","27","99","437,0,472"
"0/1","14,13","27","99","436,0,485"
"0/1","10,12","22","99","416,0,341"
"0/1","8,10","18","99","344,0,273"
"0/1","18,22","40","99","729,0,606"
"0/1","8,9","17","99","274,0,263"
"0/1","14,13","27","99","408,0,489"
"0/1","12,15","27","99","485,0,351"
"0/1","11,15","26","99","467,0,345"
"0/1","7,19","26","99","664,0,171"
"0/1","9,11","20","99","389,0,206"
"0/1","24,5","29","31","31,0,495"
"0/1","21,6","32","97","97,0,420"
"0/1","20,21","42","99","521,0,187"
"0/1","14,27","42","99","915,0,433"
"0/1","10,10","20","99","313,0,276"
"0/1","24,14","38","99","345,0,462"
"0/1","15,16","31","99","478,0,388"
"0/1","14,9","24","99","261,0,463"
"0/1","15,18","33","99","525,0,464"
"0/1","11,17","28","99","602,0,328"
"0/1","16,23","39","99","797,0,512"
"0/1","21,15","36","99","433,0,703"
"0/1","11,15","26","99","525,0,352"
"0/1","9,14","23","99","456,0,301"
"0/1","8,6","14","99","207,0,284"
"0/1","10,6","16","99","191,0,359"
"0/1","8,9","17","99","316,0,240"
"0/1","12,16","28","99","497,0,399"
"0/1","9,15","24","99","471,0,303"
"0/1","13,8","21","99","266,0,466"
"0/1","12,10","22","99","347,0,370"
"0/1","11,11","22","99","339,0,376"
"0/1","12,11","23","99","378,0,420"
"0/1","10,13","23","99","422,0,304"
"0/1","10,12","22","99","421,0,307"
"0/1","14,12","26","99","398,0,488"
"0/1","13,13","26","99","437,0,406"
"0/1","9,12","21","99","392,0,305"
"0/1","13,8","21","99","262,0,419"
"0/1","10,14","24","99","453,0,332"
"0/1","16,24","40","99","694,0,542"
"0/1","9,8","17","99","262,0,279"
"0/1","16,15","31","99","503,0,526"
"0/1","16,22","38","99","750,0,490"
"0/1","6,9","15","99","310,0,166"
"0/1","5,9","14","99","317,0,161"
"0/1","6,7","13","99","243,0,204"
"0/1","13,8","21","99","230,0,466"
"0/1","6,11","17","99","396,0,157"
"0/1","7,11","18","99","346,0,225"
"0/1","9,12","21","99","423,0,303"
"0/1","17,7","24","99","165,0,549"
"0/1","14,9","23","99","306,0,416"
"0/1","14,11","25","99","366,0,476"
"0/1","17,11","28","99","362,0,537"
"0/1","20,14","34","99","423,0,644"
"0/1","14,14","28","99","482,0,465"
"0/1","17,14","31","99","466,0,567"
"0/1","8,16","24","99","565,0,244"
"0/1","12,15","27","99","461,0,338"
"0/1","20,14","34","99","399,0,657"
"0/1","13,11","24","99","349,0,382"
"0/1","9,14","23","99","455,0,293"
"0/1","10,18","28","99","582,0,286"
"0/1","14,13","27","99","456,0,411"
"0/1","9,11","20","99","378,0,309"
"0/1","13,12","25","99","409,0,457"
"0/1","13,13","27","99","464,0,374"
"0/1","16,13","29","99","456,0,429"
"0/1","20,15","35","99","524,0,511"
"0/1","11,19","30","99","551,0,318"
"0/1","13,16","29","99","560,0,304"
"0/1","9,8","17","99","278,0,270"
"0/1","21,16","37","99","483,0,748"
"0/1","18,19","37","99","617,0,625"
"0/1","16,20","36","99","679,0,496"
"0/1","16,16","32","99","544,0,520"
"0/1","16,14","30","99","471,0,521"
"0/1","11,16","28","99","565,0,324"
"0/1","8,21","29","99","724,0,239"
"0/1","11,4","15","99","120,0,354"
"0/1","10,12","22","99","381,0,343"
"0/1","13,17","31","99","517,0,420"
"0/1","11,14","25","99","416,0,381"
"0/1","10,4","14","99","120,0,357"
"0/1","11,6","17","99","178,0,393"
"0/1","11,12","23","99","417,0,316"
"0/1","13,20","33","99","693,0,312"
"0/1","15,20","35","99","552,0,453"
"0/1","17,15","32","99","480,0,433"
"0/0","33,6","39","19","0,19,1123"
"0/1","25,3","28","33","33,0,885"
"0/1","11,13","25","99","417,0,303"
"0/1","10,10","20","99","285,0,348"
"0/1","13,12","25","99","419,0,442"
"0/1","14,17","31","99","601,0,473"
"0/1","11,20","31","99","668,0,342"
"0/1","11,14","25","99","498,0,326"
"0/1","18,18","36","99","592,0,622"
"0/1","22,16","38","99","436,0,728"
"0/1","16,11","27","99","363,0,558"
"0/1","17,8","25","99","248,0,538"
"0/1","17,15","32","99","506,0,526"
"0/1","16,15","31","99","487,0,486"
"0/1","17,18","35","99","571,0,563"
"0/1","12,15","27","99","493,0,368"
"0/1","16,15","31","99","499,0,546"
"0/1","14,17","31","99","599,0,449"
"0/1","13,15","28","99","526,0,354"
"0/1","17,17","34","99","587,0,497"
"0/1","16,17","33","99","592,0,548"
"0/1","18,17","35","99","569,0,605"
"0/1","17,9","26","99","282,0,608"
"0/1","19,7","26","99","201,0,673"
"1/1","1,25","26","63","806,63,0"
"0/1","13,7","20","99","171,0,459"
"0/1","11,9","20","99","261,0,387"
"0/1","8,16","24","99","535,0,253"
"0/1","22,5","27","99","122,0,773"
"0/1","6,12","18","99","387,0,194"
"0/1","14,14","28","99","459,0,478"
"0/1","18,18","36","99","530,0,596"
"0/1","15,13","28","99","414,0,354"
"0/1","11,14","25","99","455,0,344"
"0/1","11,10","21","99","326,0,336"
"0/1","22,20","42","99","641,0,745"
"0/1","11,12","23","99","377,0,327"
"0/1","12,17","29","99","562,0,405"
"0/1","13,8","21","99","266,0,464"
"0/1","7,6","13","99","195,0,240"
"0/1","10,7","17","99","213,0,328"
"0/1","10,7","17","99","216,0,291"
"0/1","17,19","36","99","550,0,418"
"0/1","18,20","38","99","559,0,457"
"0/1","17,20","37","99","549,0,461"
"0/1","12,5","17","99","151,0,405"
"0/1","13,10","23","99","308,0,386"
"0/1","18,18","36","99","540,0,589"
"0/1","19,22","41","99","681,0,418"
"0/1","20,16","37","99","409,0,640"
"0/1","8,9","17","99","281,0,240"
"0/1","17,17","34","99","542,0,564"
"0/1","22,14","36","99","456,0,725"
"0/1","18,12","30","99","349,0,467"
"0/1","13,14","27","99","475,0,395"
"0/1","19,15","34","99","480,0,645"
"0/1","9,17","26","99","595,0,278"
"0/1","19,26","45","99","807,0,511"
"0/1","16,23","39","99","764,0,514"
"0/1","20,24","44","99","638,0,573"
"0/1","13,11","24","99","337,0,433"
"0/1","13,6","19","99","151,0,392"
"0/1","5,17","22","99","516,0,149"
"0/1","3,9","12","81","326,0,81"
"0/1","16,14","30","99","468,0,529"
"0/1","15,13","28","99","448,0,483"
"0/1","11,18","29","99","611,0,343"
"0/1","12,11","23","99","312,0,353"
"0/1","8,14","22","99","444,0,259"
"0/1","6,10","16","99","359,0,192"
"0/0","23,2","25","23","0,23,768"
"0/1","16,18","34","99","528,0,429"
"0/0","13,0","13","33","0,33,417"
"0/1","4,5","10","74","74,0,141"
"0/1","15,17","32","99","592,0,511"
"0/1","17,18","35","99","550,0,526"
"0/1","14,11","25","99","357,0,452"
"0/1","15,11","26","99","345,0,513"
"0/1","16,14","30","99","462,0,482"
"0/1","12,18","31","99","443,0,315"
"0/1","16,12","28","99","408,0,549"
"0/1","18,15","33","99","517,0,627"
"0/1","27,15","42","99","396,0,931"
"0/1","14,14","28","99","434,0,431"
"0/1","15,16","31","99","474,0,477"
"0/1","13,12","25","99","386,0,401"
"0/1","14,16","30","99","539,0,442"
"0/1","16,15","32","99","443,0,414"
"0/1","20,13","33","99","343,0,655"
"0/1","13,14","27","99","292,0,379"
"0/1","12,17","29","99","598,0,322"
"0/1","22,19","41","99","565,0,764"
"0/1","20,17","37","99","382,0,635"
"0/1","10,5","15","99","106,0,302"
"0/1","7,11","18","99","382,0,226"
"0/1","12,15","27","99","392,0,406"
"0/1","11,15","27","99","437,0,309"
"0/1","15,14","29","99","376,0,277"
"0/1","13,19","32","99","614,0,344"
"0/0","40,3","43","48","0,48,1283"
"0/0","40,3","44","51","0,51,1308"
"0/1","8,13","21","99","444,0,258"
"0/1","16,13","29","99","374,0,471"
"0/1","13,10","23","99","294,0,399"
"0/1","6,7","13","99","246,0,130"
"0/1","15,14","29","99","449,0,483"
"0/1","10,20","31","99","692,0,302"
"1/1","0,32","32","96","1248,96,0"
"0/1","7,31","38","99","1069,0,134"
"0/0","30,0","30","87","0,87,1160"
"0/1","12,7","19","99","225,0,388"
"0/1","15,10","25","99","265,0,483"
"0/1","11,12","23","99","374,0,343"
"0/1","3,13","16","75","480,0,75"
"0/1","8,12","20","99","335,0,206"
"0/1","19,13","32","99","428,0,589"
"0/1","15,14","29","99","440,0,470"
"0/1","10,14","24","99","499,0,337"
"0/1","14,12","26","99","375,0,439"
"0/1","6,15","21","99","484,0,145"
"0/1","7,5","12","99","132,0,256"
"0/1","5,14","19","99","504,0,142"
"0/1","6,12","18","99","424,0,183"
"0/1","13,8","21","99","256,0,455"
"0/1","13,9","22","99","259,0,451"
"0/1","16,10","26","99","294,0,562"
"0/1","8,16","24","99","521,0,253"
"0/1","13,16","29","99","526,0,423"
"0/1","21,12","33","99","301,0,717"
"0/1","11,14","25","99","467,0,327"
"0/1","8,17","25","99","590,0,228"
"0/1","15,8","23","99","222,0,450"
"0/1","17,9","26","99","240,0,571"
"0/1","9,18","27","99","589,0,289"
"0/1","16,14","30","99","420,0,499"
"0/1","13,14","27","99","407,0,435"
"0/1","13,21","34","99","698,0,375"
"0/1","18,20","38","99","569,0,569"
"0/1","11,14","25","99","449,0,292"
"0/1","17,16","33","99","525,0,437"
"0/1","11,14","25","99","365,0,366"
"0/1","15,14","29","99","462,0,471"
"0/1","15,15","30","99","418,0,485"
"0/1","16,17","33","99","546,0,533"
"0/1","17,18","35","99","574,0,563"
"0/1","10,10","20","99","288,0,332"
"0/1","14,13","27","99","393,0,448"
"0/1","15,10","25","99","297,0,504"
"0/1","10,13","23","99","312,0,296"
"0/1","15,10","25","99","320,0,493"
"0/1","16,14","30","99","408,0,521"
"0/1","12,14","26","99","394,0,351"
"0/1","13,13","26","99","441,0,433"
"0/1","13,13","26","99","436,0,423"
"0/1","11,16","27","99","548,0,284"
"0/1","16,12","28","99","354,0,549"
"0/1","15,10","25","99","325,0,479"
"0/1","10,19","29","99","562,0,240"
"0/1","15,11","26","99","359,0,437"
"0/1","12,14","26","99","409,0,303"
"0/1","16,13","29","99","398,0,451"
"0/1","18,13","31","99","371,0,582"
"0/1","20,14","34","99","460,0,630"
"0/1","8,10","18","99","351,0,259"
"0/1","13,12","25","99","378,0,446"
"0/1","13,14","27","99","470,0,410"
"0/1","13,13","26","99","431,0,439"
"0/1","13,12","25","99","394,0,433"
"0/1","11,13","24","99","406,0,370"
"0/1","21,13","34","99","387,0,712"
"0/1","11,14","25","99","495,0,326"
"0/1","14,14","28","99","457,0,431"
"0/1","11,17","28","99","591,0,311"
"0/1","11,17","28","99","598,0,309"
"0/1","13,18","31","99","537,0,437"
"0/1","13,13","26","99","377,0,370"
"0/1","12,9","21","99","283,0,363"
"0/1","14,8","22","99","221,0,434"
"0/1","11,18","29","99","540,0,275"
"0/1","14,12","26","99","364,0,477"
"0/0","36,0","36","99","0,105,1361"
"0/0","27,0","27","81","0,81,1065"
"0/0","28,0","28","81","0,81,1060"
"0/0","28,0","28","84","0,84,1095"
"0/0","28,0","28","81","0,81,1090"
"0/0","27,0","27","78","0,78,1016"
"0/0","21,0","21","60","0,60,799"
"0/0","22,0","22","63","0,63,841"
"0/0","24,0","24","66","0,66,863"
"0/0","30,0","30","84","0,84,1130"
"0/1","16,12","28","99","318,0,484"
"0/1","11,20","31","99","631,0,335"
"0/1","14,10","24","99","269,0,466"
"0/1","11,9","20","99","306,0,353"
"0/1","9,11","20","99","369,0,307"
"0/1","11,15","26","99","499,0,301"
"0/1","15,12","27","99","409,0,435"
"0/1","10,19","29","99","462,0,268"
"0/1","9,9","18","99","190,0,248"
"0/1","10,5","15","45","45,0,286"
"0/1","9,7","16","99","188,0,305"
"0/1","13,6","19","99","151,0,468"
"0/1","19,10","29","99","315,0,622"
"0/1","10,21","31","99","724,0,301"
"0/1","13,13","27","99","369,0,423"
"0/1","11,26","37","99","789,0,287"
"0/1","9,20","29","99","674,0,236"
"0/1","9,17","26","99","554,0,252"
"0/1","7,12","19","99","429,0,214"
"0/1","5,13","18","99","458,0,142"
"0/1","16,18","34","99","574,0,527"
"0/1","15,16","31","99","506,0,424"
"0/1","13,18","31","99","596,0,405"
"0/1","11,15","27","99","424,0,371"
"0/1","5,13","18","99","446,0,148"
"0/1","14,16","30","99","563,0,401"
"0/1","15,16","31","99","440,0,529"
"0/1","17,15","32","99","491,0,548"
"0/1","18,10","28","99","329,0,540"
"0/1","13,14","27","99","437,0,452"
"0/1","12,13","25","99","455,0,410"
"0/1","10,9","19","99","302,0,347"
"0/1","7,10","17","99","319,0,232"
"0/1","8,7","15","99","235,0,240"
"0/1","8,12","20","99","432,0,201"
"0/1","8,9","17","99","287,0,242"
"0/1","7,10","17","99","319,0,205"
"0/1","16,8","24","99","261,0,535"
"0/1","7,6","13","99","206,0,241"
"0/1","7,9","16","99","284,0,236"
"0/1","8,8","16","99","229,0,280"
"0/1","13,9","22","99","265,0,435"
"0/1","15,8","23","99","249,0,511"
"0/1","8,16","24","99","582,0,250"
"0/1","16,8","24","99","245,0,582"
"0/1","16,8","24","99","240,0,570"
"0/1","17,7","24","99","204,0,627"
"0/1","10,3","13","86","86,0,368"
"0/1","7,7","14","99","210,0,209"
"0/1","9,9","18","99","274,0,312"
"0/1","28,3","31","33","33,0,963"
"0/1","8,10","18","99","344,0,265"
"0/1","11,9","20","99","271,0,381"
"0/1","16,16","32","99","524,0,457"
"0/0","37,0","37","99","0,105,1373"
"0/0","33,0","33","75","0,75,982"
"0/1","11,16","27","99","489,0,291"
"0/0","34,0","34","99","0,99,1329"
"0/0","24,0","24","63","0,63,855"
"0/0","24,0","24","63","0,63,861"
"0/0","25,0","25","63","0,63,855"
"0/1","13,15","28","99","520,0,403"
"0/0","33,0","33","84","0,84,985"
"0/0","31,1","32","41","0,41,866"
"0/0","28,0","28","78","0,78,1020"
"0/0","28,0","28","78","0,78,1049"
"0/1","19,6","25","99","158,0,592"
"0/1","9,8","17","99","239,0,321"
"0/1","10,11","21","99","374,0,305"
"0/1","13,12","25","99","415,0,391"
"0/0","20,0","20","54","0,54,710"
"0/0","19,0","19","51","0,51,678"
"0/0","21,0","21","54","0,54,718"
"0/0","19,0","19","48","0,48,619"
"0/1","12,16","28","99","458,0,349"
"0/1","10,16","26","99","450,0,328"
"0/1","31,7","38","99","99,0,985"
"0/1","30,9","39","99","167,0,878"
"0/1","21,9","30","99","271,0,753"
"0/1","13,21","34","99","703,0,389"
"0/0","17,0","17","51","0,51,696"
"0/0","21,0","21","54","0,54,742"
"0/0","21,0","21","54","0,54,735"
"0/0","20,0","20","54","0,54,737"
"0/0","24,0","24","63","0,63,844"
"0/0","24,0","24","63","0,63,834"
"0/0","24,0","24","63","0,63,858"
"0/1","14,11","25","99","374,0,490"
"0/0","21,0","21","57","0,57,752"
"0/0","29,0","29","81","0,81,1067"
"0/0","35,0","35","90","0,90,1162"
"0/0","23,0","23","66","0,66,846"
"0/0","22,0","22","63","0,63,766"
"0/1","22,10","32","99","308,0,656"
"0/0","19,0","19","48","0,48,598"
"0/0","15,0","15","36","0,36,448"
"0/0","15,0","15","36","0,36,449"
"0/0","29,0","29","84","0,84,1121"
"0/1","16,18","34","99","627,0,500"
"0/0","32,0","32","84","0,84,1090"
"0/1","19,16","35","99","488,0,663"
"0/1","22,12","34","99","353,0,673"
"0/1","12,11","23","99","363,0,421"
"0/1","11,14","25","99","436,0,252"
"0/1","5,28","33","99","886,0,101"
"0/1","15,20","35","99","625,0,486"
"0/1","10,16","26","99","536,0,311"
"0/1","18,12","30","99","398,0,522"
"0/1","12,19","31","99","594,0,388"
"0/1","11,12","23","99","421,0,294"
"0/1","21,18","39","99","534,0,658"
"0/0","15,0","15","39","0,39,496"
"0/1","20,19","39","99","563,0,612"
"0/1","2,15","18","29","527,0,29"
"0/1","5,15","20","92","430,0,92"
"0/1","5,15","21","99","515,0,133"
"0/1","8,28","36","99","802,0,137"
"0/1","9,8","17","99","272,0,267"
"0/0","33,0","33","90","0,90,1208"
"0/0","92,4","97","99","0,112,1444"
"0/1","75,17","95","99","368,0,702"
"0/1","8,14","22","99","477,0,226"
"0/1","10,16","26","99","531,0,329"
"0/1","11,7","18","99","233,0,396"
"0/1","11,15","26","99","451,0,307"
"0/1","16,16","32","99","506,0,534"
"0/1","20,14","34","99","400,0,653"
"0/1","13,10","23","99","332,0,424"
"0/1","12,17","29","99","574,0,360"
"0/1","14,10","24","99","335,0,499"
"0/1","12,16","28","99","541,0,386"
"0/1","17,15","32","99","517,0,563"
"0/1","15,16","31","99","561,0,478"
"0/1","12,14","26","99","461,0,385"
"0/1","6,10","16","99","349,0,167"
"0/1","13,7","20","99","232,0,436"
"0/1","14,17","31","99","526,0,466"
"0/1","12,13","25","99","410,0,399"
"0/1","10,11","21","99","345,0,290"
"0/1","10,13","23","99","373,0,256"
"0/1","2,9","13","49","272,0,49"
"0/1","7,15","22","99","466,0,209"
"0/1","13,16","29","99","504,0,342"
"0/1","9,3","12","87","87,0,321"
"0/1","18,19","37","99","625,0,618"
"0/1","13,16","29","99","532,0,419"
"0/1","7,15","22","99","485,0,188"
"0/1","10,15","25","99","483,0,298"
"0/1","18,9","27","99","286,0,616"
"0/1","15,8","23","99","256,0,547"
"0/1","10,13","23","99","444,0,337"
"0/1","17,13","30","99","442,0,515"
"0/1","17,13","30","99","427,0,553"
"0/1","11,18","29","99","622,0,326"
"0/1","11,12","23","99","417,0,301"
"0/1","11,18","29","99","565,0,302"
"0/1","12,12","24","99","337,0,371"
"0/0","17,0","17","51","0,51,661"
"0/1","9,12","21","99","425,0,266"
"0/1","5,7","12","99","250,0,164"
"0/1","16,19","35","99","611,0,483"
"0/1","16,18","34","99","584,0,466"
"0/0","33,0","33","90","0,90,1182"
"0/0","29,0","29","84","0,84,1087"
"0/0","29,0","29","84","0,84,1078"
"0/0","28,0","28","81","0,81,1046"
"0/0","28,0","28","78","0,78,1022"
"0/0","36,0","36","87","0,87,1116"
"0/0","36,0","38","90","0,90,1198"
"0/1","44,5","49","33","33,0,1306"
"0/1","56,18","74","99","286,0,1571"
"0/1","46,12","64","99","130,0,1337"
"0/1","50,11","63","99","101,0,1516"
"0/1","65,10","76","85","85,0,1786"
"0/0","38,0","38","99","0,99,1251"
"0/0","27,2","29","50","0,50,973"
"0/1","28,9","37","99","209,0,934"
"0/1","8,13","21","99","430,0,230"
"0/1","14,9","23","99","298,0,470"
"0/1","6,8","14","99","277,0,198"
"0/0","24,0","24","66","0,66,896"
"0/1","15,17","32","99","520,0,478"
"0/1","24,19","43","99","567,0,745"
"0/1","17,11","28","99","357,0,514"
"0/1","16,14","30","99","411,0,461"
"0/1","3,8","12","46","46,0,84"
"0/1","18,19","37","99","536,0,538"
"0/1","16,24","40","99","805,0,463"
"0/1","18,14","32","99","441,0,588"
"0/1","19,11","30","99","362,0,632"
"0/1","10,14","24","99","458,0,287"
"0/1","7,8","15","99","276,0,239"
"0/1","14,4","18","99","111,0,473"
"0/1","10,12","22","99","405,0,322"
"0/1","9,8","17","99","245,0,321"
"0/1","10,8","18","99","208,0,350"
"0/1","7,4","12","99","123,0,251"
"0/1","5,15","20","99","492,0,143"
"0/1","8,9","17","99","271,0,251"
"0/0","23,0","23","69","0,69,907"
"0/1","21,16","37","99","400,0,666"
"0/1","9,6","15","99","195,0,318"
"0/1","24,4","28","39","39,0,847"
"0/1","29,4","33","9","9,0,1085"
"0/1","30,4","34","47","47,0,990"
"0/1","25,5","30","99","101,0,891"
"0/1","26,10","36","99","197,0,927"
"0/1","38,10","48","99","154,0,1246"
"0/1","36,8","44","99","113,0,1172"
"0/1","34,14","48","99","435,0,1037"
"0/1","38,10","48","99","107,0,1371"
"0/1","17,13","30","99","416,0,588"
"0/1","15,18","33","99","569,0,464"
"0/1","35,10","46","86","86,0,1051"
"0/0","21,2","23","51","0,51,682"
"0/0","18,1","20","17","0,17,661"
"0/1","9,11","20","99","318,0,256"
"0/1","15,9","24","99","202,0,460"
"0/1","8,12","20","99","396,0,264"
"0/1","26,14","40","99","447,0,863"
"0/1","22,10","32","99","296,0,717"
"0/1","20,10","30","99","284,0,612"
"0/1","30,7","37","99","110,0,932"
"0/1","32,9","41","99","166,0,996"
"0/1","32,9","41","99","135,0,1030"
"0/1","7,3","10","21","21,0,222"
"0/1","39,6","45","77","77,0,972"
"1/1","6,27","33","40","943,40,0"
"0/1","17,14","31","99","430,0,523"
"0/1","8,3","11","78","78,0,275"
"0/1","19,16","35","99","453,0,658"
"0/1","18,18","36","99","571,0,533"
"0/1","19,19","38","99","520,0,651"
"0/1","19,12","31","99","376,0,601"
"0/0","20,0","20","60","0,60,798"
"0/0","20,0","20","60","0,60,794"
"1/1","0,29","29","84","1120,84,0"
"0/1","13,7","20","99","225,0,430"
"0/1","9,10","19","99","318,0,312"
"0/1","9,11","20","99","397,0,265"
"1/1","0,20","20","60","818,60,0"
"0/1","24,10","35","99","271,0,769"
"0/1","11,11","22","99","383,0,347"
"0/1","10,12","22","99","418,0,305"
"0/1","8,20","28","99","586,0,232"
"0/1","12,12","24","99","370,0,398"
"0/1","12,8","20","99","226,0,372"
"0/1","11,10","21","99","329,0,300"
"0/1","11,7","18","99","223,0,366"
"0/0","33,0","33","96","0,96,1253"
"0/1","13,5","18","99","117,0,444"
"0/1","11,18","29","99","594,0,370"
"0/1","9,5","14","99","168,0,288"
"0/1","9,13","22","99","440,0,248"
"0/0","26,1","27","38","0,38,938"
"0/1","23,5","28","35","35,0,644"
"0/1","19,13","32","99","343,0,662"
"0/1","20,24","44","99","840,0,573"
"0/0","38,0","39","99","0,99,1289"
"0/0","41,0","43","99","0,108,1354"
"0/0","43,2","50","62","0,62,1402"
"0/0","48,1","52","99","0,103,1562"
"0/0","55,2","57","64","0,64,1532"
"0/0","45,0","51","93","0,93,1168"
"0/0","49,0","49","96","0,96,1223"
"0/0","41,2","47","96","0,96,1233"
"0/0","37,0","38","90","0,90,1148"
"0/0","35,1","38","84","0,84,1064"
"0/0","35,2","37","84","0,84,1071"
"0/0","34,1","35","87","0,87,1097"
"0/0","48,0","49","99","0,126,1603"
"0/0","46,2","53","99","0,102,1518"
"0/0","50,3","53","99","0,132,1727"
"0/0","43,0","45","99","0,105,1379"
"0/0","43,0","44","99","0,114,1510"
"0/0","27,1","28","78","0,78,1015"
"0/1","13,22","35","99","743,0,419"
"0/1","9,6","15","99","151,0,309"
"0/1","9,15","24","99","498,0,258"
"0/1","9,16","25","99","539,0,285"
"0/1","16,12","28","99","335,0,488"
"0/1","17,10","28","99","296,0,496"
"0/0","16,1","17","30","0,30,387"
"0/1","10,13","24","63","63,0,198"
"0/1","17,17","34","99","548,0,413"
"0/1","20,15","35","99","487,0,659"
"0/1","14,7","21","99","103,0,424"
"0/1","11,8","20","99","136,0,308"
"0/1","17,11","28","99","351,0,473"
"0/1","10,13","23","99","457,0,332"
"0/1","10,14","33","99","311,0,220"
"0/1","34,6","40","8","8,0,1088"
"0/1","34,6","40","36","36,0,1055"
"0/1","14,20","34","99","666,0,454"
"0/1","13,18","31","99","603,0,421"
"0/1","19,20","39","99","582,0,589"
"0/1","14,11","25","99","321,0,492"
"0/1","14,7","21","99","223,0,477"
"0/1","14,9","24","99","198,0,435"
"0/1","17,12","29","99","330,0,560"
"0/1","15,12","27","99","368,0,489"
"0/1","7,8","15","99","240,0,240"
"0/1","15,12","27","99","397,0,495"
"0/1","26,5","31","37","37,0,857"
"0/1","11,12","23","99","375,0,369"
"0/1","10,8","18","99","266,0,339"
"0/0","45,0","45","99","0,123,1672"
"0/0","49,0","49","99","0,141,1859"
"0/1","25,3","28","48","48,0,662"
"0/1","13,16","29","99","536,0,379"
"0/1","11,16","27","99","535,0,326"
"0/1","11,9","20","99","295,0,372"
"0/1","14,12","26","99","369,0,451"
"0/1","20,14","34","99","468,0,637"
"0/1","10,12","22","99","304,0,297"
"0/1","7,12","19","99","388,0,185"
"0/1","13,14","27","99","480,0,392"
"0/1","22,15","37","99","464,0,754"
"0/1","18,14","32","99","461,0,632"
"0/1","17,11","28","99","361,0,479"
"0/1","20,11","31","99","309,0,710"
"0/1","17,15","33","99","505,0,572"
"0/1","28,17","45","99","468,0,966"
"0/1","29,20","49","99","553,0,954"
"0/1","27,20","47","99","655,0,898"
"0/1","28,22","50","99","702,0,940"
"0/1","21,13","34","99","416,0,662"
"0/1","21,12","33","99","374,0,630"
"0/1","21,18","40","99","491,0,660"
"0/1","19,18","37","99","600,0,603"
"0/1","14,17","31","99","558,0,432"
"0/1","12,11","23","99","322,0,337"
"0/1","18,11","29","99","280,0,518"
"0/1","13,14","27","99","477,0,397"
"0/1","23,25","48","99","790,0,751"
"0/1","21,16","37","99","526,0,658"
"0/1","13,15","28","99","491,0,428"
"0/1","16,22","38","99","779,0,467"
"0/1","15,15","30","99","514,0,477"
"0/1","11,24","35","99","733,0,296"
"0/1","25,9","34","99","235,0,754"
"0/1","29,10","39","99","283,0,1044"
"0/1","17,13","30","99","431,0,546"
"0/1","14,20","34","99","664,0,372"
"0/1","19,12","31","99","313,0,630"
"0/1","14,12","26","99","406,0,472"
"0/1","14,11","25","99","227,0,417"
"0/1","13,17","30","99","515,0,395"
"0/1","16,11","27","99","353,0,553"
"0/1","17,12","29","99","329,0,557"
"0/1","14,12","26","99","327,0,489"
"0/1","14,14","28","99","426,0,397"
"0/1","7,16","24","99","277,0,222"
"0/1","7,24","31","99","659,0,176"
"0/1","13,19","32","99","381,0,318"
"0/1","18,18","36","99","529,0,618"
"0/1","15,19","34","99","654,0,505"
"0/1","17,18","35","99","609,0,536"
"0/1","15,18","33","99","552,0,499"
"0/1","15,18","33","99","581,0,499"
"0/1","19,11","30","99","350,0,611"
"0/1","18,11","29","99","366,0,584"
"0/1","17,12","29","99","400,0,548"
"0/1","11,12","23","99","392,0,338"
"0/1","9,7","16","99","205,0,278"
"0/1","7,8","15","99","232,0,204"
"0/1","15,8","23","99","258,0,470"
"0/1","17,15","33","99","445,0,562"
"0/1","13,13","26","99","437,0,408"
"0/1","15,11","26","99","332,0,506"
"0/1","18,9","27","99","269,0,597"
"0/1","17,9","27","99","235,0,558"
"0/1","14,13","27","99","435,0,442"
"0/1","20,19","39","99","644,0,617"
"0/1","7,3","10","93","93,0,169"
"0/1","8,4","12","99","127,0,158"
"0/1","7,5","12","99","133,0,130"
"0/1","16,4","20","99","99,0,508"
"0/1","17,13","30","99","350,0,568"
"0/1","6,13","20","99","391,0,189"
"0/1","17,10","27","99","327,0,567"
"0/1","12,15","27","99","505,0,385"
"0/1","24,16","40","99","527,0,762"
"0/1","21,15","36","99","493,0,710"
"0/1","17,15","32","99","496,0,564"
"0/1","19,11","30","99","352,0,630"
"0/1","17,8","25","99","214,0,474"
"0/1","14,7","21","99","209,0,497"
"0/1","24,13","37","99","342,0,739"
"0/1","24,12","36","99","373,0,689"
"0/1","14,12","26","99","401,0,456"
"0/1","7,10","17","99","346,0,226"
"0/1","15,13","28","99","430,0,517"
"0/1","11,7","18","99","224,0,369"
"0/1","10,15","25","99","446,0,337"
"0/1","14,12","26","99","406,0,493"
"0/1","9,12","21","99","396,0,260"
"0/1","6,14","20","99","459,0,169"
"0/1","3,10","13","68","346,0,68"
"0/1","11,12","23","99","381,0,347"
"0/1","12,13","25","99","411,0,373"
"0/1","19,14","33","99","395,0,655"
"0/1","18,14","32","99","402,0,630"
"0/1","8,8","16","99","277,0,262"
"0/0","19,0","19","57","0,57,749"
"0/1","17,16","33","99","471,0,562"
"0/1","15,21","36","99","709,0,429"
"0/1","14,19","33","99","616,0,352"
"0/0","4,0","4","12","0,12,153"
"0/1","12,6","18","99","180,0,433"
"0/1","9,14","23","99","468,0,298"
"0/1","11,17","28","99","576,0,363"
"0/1","11,18","29","99","609,0,352"
"0/1","12,25","37","99","818,0,361"
"0/0","32,0","32","93","0,93,1222"
"0/1","10,7","17","99","228,0,319"
"0/1","10,9","19","99","299,0,304"
"0/1","5,13","18","99","410,0,155"
"0/1","11,14","25","99","418,0,310"
"0/1","11,14","25","99","481,0,343"
"0/1","18,14","32","99","442,0,623"
"1/1","2,19","21","54","746,54,0"
"1/1","0,16","16","45","616,45,0"
"1/1","0,16","16","45","604,45,0"
"0/1","13,7","20","99","222,0,455"
"0/1","13,7","20","99","219,0,466"
"0/1","12,5","17","99","148,0,431"
"0/1","11,15","26","99","501,0,374"
"0/1","15,10","25","99","340,0,502"
"0/0","20,0","20","60","0,60,822"
"0/1","12,13","25","99","446,0,403"
"0/1","9,10","19","99","333,0,286"
"0/1","9,11","20","99","379,0,304"
"0/1","15,12","27","99","396,0,528"
"0/1","22,9","31","99","233,0,744"
"0/1","15,13","28","99","394,0,439"
"0/1","15,22","37","99","694,0,364"
"0/1","12,11","23","99","368,0,414"
"0/1","13,16","29","99","522,0,406"
"0/1","9,17","26","99","545,0,274"
"0/1","10,14","24","99","492,0,277"
"0/1","8,11","19","99","338,0,265"
"0/1","5,7","12","99","243,0,164"
"0/1","3,3","6","99","104,0,104"
"0/1","7,4","11","99","126,0,241"
"0/1","5,4","9","99","129,0,178"
"0/1","6,5","11","99","169,0,206"
"0/1","8,4","12","99","132,0,251"
"0/1","12,6","18","99","139,0,390"
"0/1","8,10","18","99","348,0,234"
"0/1","10,10","20","99","354,0,343"
"0/1","15,12","27","99","369,0,536"
"0/1","10,14","24","99","490,0,301"
"0/1","12,13","25","99","447,0,337"
"0/1","11,9","20","99","305,0,378"
"0/1","9,11","20","99","372,0,297"
"0/1","9,16","25","99","573,0,260"
"0/1","9,14","23","99","500,0,248"
"0/1","10,10","20","99","305,0,337"
"0/1","8,9","17","99","322,0,166"
"0/1","9,7","16","99","231,0,307"
"0/1","13,5","18","99","157,0,406"
"0/1","9,7","16","99","231,0,307"
"0/1","7,10","17","99","332,0,233"
"0/1","8,11","19","99","351,0,259"
"0/1","6,13","19","99","467,0,163"
"0/1","11,10","21","99","343,0,376"
"0/1","11,9","20","99","307,0,380"
"0/1","2,15","17","34","521,0,34"
"0/1","14,8","22","99","263,0,469"
"0/1","11,12","23","99","406,0,295"
"0/1","8,11","19","99","382,0,264"
"0/1","11,3","14","78","78,0,371"
"0/1","10,6","16","99","158,0,331"
"0/1","13,17","30","99","598,0,435"
"0/1","17,11","28","99","361,0,553"
"0/1","20,12","32","99","395,0,563"
"0/1","13,12","25","99","411,0,437"
"0/1","9,9","18","99","269,0,318"
"0/1","13,5","18","99","146,0,469"
"0/1","13,3","16","71","71,0,473"
"0/1","10,7","17","99","217,0,315"
"0/1","11,10","21","99","342,0,367"
"0/1","12,11","23","99","353,0,390"
"0/1","11,15","26","99","521,0,359"
"0/1","12,13","25","99","415,0,401"
"0/1","12,13","25","99","449,0,389"
"0/1","12,13","25","99","444,0,409"
"0/1","14,13","27","99","445,0,482"
"0/1","10,11","21","99","390,0,279"
"0/1","8,7","15","99","240,0,280"
"0/1","8,7","15","99","229,0,277"
"0/1","9,12","21","99","343,0,293"
"0/1","18,9","27","99","250,0,589"
"0/1","10,6","16","99","146,0,364"
"0/1","11,5","16","99","162,0,362"
"0/1","8,4","12","99","119,0,294"
"0/1","11,9","20","99","265,0,389"
"0/1","15,18","33","99","596,0,469"
"0/1","14,25","39","99","885,0,441"
"0/1","16,23","39","99","720,0,409"
"0/1","14,11","25","99","325,0,492"
"0/1","16,16","32","99","500,0,421"
"0/1","11,18","29","99","515,0,261"
"0/1","19,20","39","99","452,0,616"
"0/1","19,18","37","99","533,0,624"
"0/1","11,12","23","99","409,0,307"
"0/1","18,19","37","99","548,0,601"
"0/0","32,0","32","93","0,93,1251"
"0/1","14,14","28","99","443,0,468"
"0/1","10,12","22","99","341,0,291"
"0/1","15,14","29","99","367,0,428"
"0/1","16,17","33","99","457,0,398"
"0/1","16,13","29","99","377,0,444"
"0/1","9,12","21","99","429,0,269"
"0/1","15,15","30","99","510,0,486"
"0/1","10,9","19","99","224,0,313"
"0/1","10,11","21","99","288,0,209"
"0/0","17,4","21","42","0,42,546"
"0/0","22,0","25","57","0,57,738"
"0/1","7,13","21","99","300,0,191"
"0/1","9,12","21","99","414,0,290"
"0/1","8,13","21","99","461,0,256"
"0/1","22,17","39","99","511,0,647"
"0/1","23,19","43","99","582,0,725"
"0/1","10,15","25","99","489,0,281"
"0/1","7,4","11","99","130,0,253"
"0/1","7,18","25","99","625,0,213"
"0/1","18,11","29","99","346,0,601"
"0/1","10,9","19","99","306,0,337"
"0/1","14,13","27","99","431,0,417"
"0/1","22,13","35","99","383,0,751"
"0/1","21,11","32","99","338,0,708"
"0/1","15,18","33","99","614,0,470"
"0/0","10,0","11","27","0,27,357"
"0/1","12,2","15","43","43,0,352"
"0/0","22,0","22","60","0,60,779"
"0/1","21,10","31","99","212,0,208"
"0/1","18,17","35","99","587,0,498"
"0/1","21,13","34","99","398,0,611"
"0/1","30,12","42","99","273,0,946"
"0/1","10,19","29","99","619,0,279"
"0/1","13,9","22","99","273,0,379"
"0/1","14,20","34","99","622,0,461"
"0/1","19,18","37","99","540,0,614"
"0/1","20,17","37","99","439,0,516"
"0/0","28,0","28","75","0,75,975"
"0/0","27,0","28","75","0,75,969"
"0/0","41,0","41","93","0,93,1176"
"0/0","31,3","35","81","0,81,941"
"0/0","40,2","42","68","0,68,1275"
"0/0","52,2","56","70","0,70,1415"
"0/0","49,3","54","54","0,54,1361"
"0/0","46,0","48","99","0,105,1348"
"0/1","20,11","31","99","309,0,699"
"0/1","18,20","38","99","588,0,519"
"0/1","18,21","39","99","626,0,554"
"0/1","22,22","44","99","708,0,668"
"0/1","8,18","27","99","174,0,114"
"0/0","21,0","21","57","0,57,731"
"0/0","21,1","22","34","0,34,722"
"0/0","21,1","22","20","0,20,708"
"0/0","22,0","23","60","0,60,789"
"0/0","22,0","22","60","0,60,792"
"0/0","21,0","22","57","0,57,757"
"0/0","21,0","22","57","0,57,728"
"0/1","10,14","24","99","414,0,301"
"0/1","17,24","41","99","793,0,511"
"0/1","18,9","27","99","246,0,640"
"0/1","15,15","30","99","409,0,495"
"0/0","23,0","23","66","0,66,871"
"0/1","12,18","30","99","583,0,360"
"0/1","13,18","31","99","539,0,392"
"0/1","15,12","27","99","388,0,370"
"0/1","5,21","26","46","539,0,46"
"0/1","16,9","25","99","275,0,523"
"0/1","19,19","38","99","534,0,558"
"0/1","9,12","21","99","364,0,309"
"0/1","20,9","29","99","241,0,682"
"0/1","10,16","26","99","530,0,331"
"0/1","9,16","25","99","528,0,276"
"0/1","5,8","13","99","275,0,160"
"0/1","11,13","24","99","446,0,325"
"0/1","12,13","25","99","390,0,398"
"0/1","22,9","31","99","259,0,742"
"0/1","7,11","18","99","391,0,231"
"0/1","9,12","21","99","392,0,309"
"0/1","11,5","16","99","148,0,398"
"0/1","21,20","41","99","573,0,722"
"0/1","9,21","30","99","672,0,272"
"0/1","11,20","31","99","677,0,269"
"0/1","15,23","39","99","815,0,412"
"0/1","15,25","40","99","853,0,451"
"0/1","18,16","34","99","517,0,575"
"0/1","11,16","27","99","517,0,362"
"0/1","12,22","34","99","732,0,379"
"0/1","16,14","30","99","462,0,468"
"0/1","15,18","33","99","502,0,410"
"0/0","30,1","31","81","0,81,1023"
"0/0","35,1","36","93","0,93,1185"
"0/0","33,1","34","87","0,87,1090"
"0/0","40,2","42","81","0,81,1409"
"0/0","40,2","42","99","0,117,1492"
"0/0","44,1","45","77","0,77,1387"
"0/0","41,1","42","71","0,71,1247"
"0/0","42,1","43","74","0,74,1323"
"0/0","29,0","29","81","0,81,1080"
"0/1","11,18","29","99","539,0,346"
"0/1","14,10","24","99","330,0,448"
"0/1","11,11","22","99","371,0,328"
"0/1","17,12","29","99","371,0,592"
"0/1","10,28","38","99","966,0,296"
"0/1","3,12","15","69","436,0,69"
"0/1","22,16","38","99","375,0,700"
"0/1","20,15","35","99","507,0,622"
"0/1","16,16","32","99","504,0,509"
"0/1","14,15","29","99","473,0,420"
"0/1","18,9","27","99","286,0,579"
"0/1","15,15","30","99","499,0,462"
"0/1","16,14","30","99","429,0,525"
"0/1","16,13","29","99","405,0,546"
"0/1","22,19","41","99","579,0,754"
"0/1","18,22","40","99","766,0,559"
"0/1","10,14","24","99","451,0,266"
"0/1","15,11","26","99","372,0,492"
"0/1","11,22","33","99","789,0,330"
"0/1","9,18","27","99","632,0,278"
"0/1","17,9","26","99","289,0,584"
"0/1","17,9","26","99","291,0,571"
"0/1","23,12","35","99","373,0,738"
"0/1","15,14","29","99","408,0,437"
"0/1","9,9","18","99","315,0,315"
"0/1","11,6","17","99","183,0,381"
"0/1","8,12","20","99","416,0,236"
"0/1","7,5","12","99","119,0,247"
"0/1","4,6","10","99","200,0,132"
"0/1","9,10","19","99","319,0,313"
"0/1","7,9","16","99","316,0,239"
"0/1","9,15","24","99","485,0,268"
"0/0","19,0","19","57","0,57,763"
"0/1","10,7","17","99","231,0,365"
"0/1","9,10","19","99","301,0,303"
"0/1","11,13","24","99","455,0,325"
"0/1","14,14","28","99","445,0,479"
"0/1","9,13","22","99","446,0,294"
"0/1","14,16","30","99","556,0,468"
"0/1","11,15","26","99","520,0,331"
"0/1","16,20","36","99","667,0,518"
"0/1","13,10","23","99","310,0,441"
"0/1","19,14","33","99","411,0,654"
"0/1","10,9","19","99","315,0,349"
"0/1","13,15","28","99","527,0,356"
"0/1","14,15","29","99","446,0,444"
"0/1","15,14","29","99","444,0,519"
"0/1","13,13","26","99","445,0,437"
"0/1","15,17","32","99","299,0,460"
"0/1","19,16","35","99","479,0,558"
"0/1","11,15","26","99","518,0,289"
"0/1","11,16","27","99","500,0,318"
"0/1","15,10","25","99","239,0,528"
"0/1","10,13","23","99","460,0,295"
"0/1","14,16","30","99","484,0,468"
"0/1","14,16","30","99","505,0,477"
"0/1","17,11","28","99","348,0,571"
"0/1","16,5","21","99","140,0,590"
"0/1","17,8","25","99","247,0,605"
"0/1","9,20","29","99","722,0,271"
"0/1","6,13","19","99","429,0,184"
"0/1","8,9","17","99","321,0,274"
"0/1","15,9","24","99","279,0,491"
"0/1","15,10","25","99","310,0,519"
"0/1","21,11","32","99","341,0,647"
"0/1","8,8","16","99","194,0,225"
"0/1","9,8","17","99","231,0,307"
"0/1","12,8","20","99","229,0,391"
"0/1","14,13","27","99","414,0,430"
"0/1","21,14","35","99","451,0,738"
"0/1","17,14","31","99","470,0,589"
"0/1","17,10","27","99","318,0,568"
"0/0","23,0","23","51","0,51,665"
"0/0","18,0","18","54","0,54,725"
"0/1","16,14","30","99","441,0,446"
"0/1","12,22","34","99","687,0,387"
"0/1","9,12","21","99","387,0,244"
"0/1","10,13","23","99","423,0,306"
"0/1","12,16","28","99","546,0,385"
"0/1","16,19","35","99","592,0,432"
"0/1","11,11","22","99","339,0,386"
"1/1","0,23","23","60","781,60,0"
"0/1","20,20","40","99","619,0,550"
"0/1","10,20","30","99","721,0,311"
"0/1","17,14","31","99","474,0,498"
"0/1","14,14","28","99","473,0,453"
"0/1","7,11","18","99","316,0,221"
"0/1","10,12","22","99","381,0,322"
"0/1","9,11","20","99","386,0,270"
"0/1","8,10","18","99","340,0,270"
"0/1","8,15","23","99","501,0,217"
"0/1","10,13","23","99","451,0,298"
"0/1","17,12","29","99","277,0,527"
"0/1","16,15","31","99","519,0,445"
"0/1","14,11","25","99","345,0,382"
"0/1","8,5","13","99","157,0,220"
"0/1","18,15","33","99","419,0,571"
"0/1","9,13","22","99","361,0,269"
"0/1","12,5","17","99","134,0,391"
"0/1","18,11","29","99","358,0,527"
"0/1","14,13","27","99","421,0,425"
"0/1","13,9","22","99","307,0,426"
"0/1","16,16","33","99","460,0,446"
"0/1","20,13","33","99","346,0,554"
"0/1","21,13","34","99","333,0,658"
"0/1","14,23","37","99","654,0,377"
"0/1","17,21","38","99","611,0,522"
"0/1","18,16","35","99","442,0,510"
"0/1","20,19","39","99","617,0,565"
"0/1","19,19","38","99","570,0,592"
"0/0","19,1","21","48","0,48,591"
"0/1","17,24","41","99","596,0,457"
"0/1","21,15","37","99","396,0,375"
"0/1","16,16","32","99","416,0,404"
"0/1","12,26","38","99","935,0,349"
"0/1","19,21","40","99","717,0,575"
"0/1","14,15","29","99","439,0,454"
"0/1","14,14","28","99","458,0,425"
"0/1","17,15","32","99","469,0,330"
"0/1","12,15","27","99","456,0,322"
"0/1","14,12","26","99","394,0,359"
"0/1","9,19","28","99","681,0,280"
"0/1","14,13","27","99","396,0,457"
"0/1","18,14","32","99","448,0,607"
"0/0","8,0","8","18","0,18,233"
"0/1","12,8","20","99","216,0,422"
"0/1","17,18","35","99","541,0,512"
"0/1","13,13","26","99","400,0,449"
"0/1","20,24","44","99","829,0,666"
"0/1","17,11","28","99","351,0,547"
"0/1","16,20","36","99","654,0,489"
"0/1","10,9","19","99","314,0,287"
"0/1","14,12","26","99","397,0,429"
"1/1","1,17","18","45","595,45,0"
"0/1","17,20","37","99","481,0,511"
"0/1","20,24","45","99","725,0,567"
"0/1","8,16","24","99","511,0,174"
"0/1","18,22","40","99","732,0,449"
"0/1","15,14","29","99","477,0,491"
"0/1","22,13","35","99","391,0,710"
"0/1","18,13","31","99","391,0,641"
"0/1","10,8","18","99","273,0,352"
"0/1","16,6","22","99","143,0,501"
"0/1","16,6","22","99","182,0,513"
"0/1","12,21","33","99","623,0,352"
"0/1","12,11","23","99","362,0,356"
"0/1","8,12","20","99","411,0,257"
"0/1","11,8","19","99","273,0,358"
"0/1","14,9","23","99","283,0,446"
"0/1","19,9","29","99","236,0,626"
"0/1","18,9","27","99","240,0,607"
"0/1","15,16","31","99","506,0,504"
"0/1","18,13","31","99","433,0,622"
"0/1","16,13","29","99","381,0,528"
"0/1","15,22","37","99","713,0,358"
"0/1","7,19","26","99","549,0,129"
"0/1","17,20","37","99","608,0,454"
"0/1","6,3","9","28","28,0,101"
"0/1","9,2","12","19","19,0,216"
"0/1","24,25","49","99","828,0,727"
"0/1","10,7","17","99","238,0,353"
"0/1","3,7","10","25","123,0,25"
"0/1","14,20","34","99","613,0,463"
"0/1","24,20","44","99","607,0,718"
"0/1","24,18","42","99","473,0,717"
"0/1","21,11","32","99","280,0,654"
"0/1","19,14","33","99","422,0,588"
"0/1","18,11","29","99","282,0,518"
"0/1","10,8","19","99","258,0,234"
"0/1","6,9","15","99","319,0,204"
"0/1","7,12","19","99","359,0,192"
"0/1","11,16","27","99","440,0,365"
"0/1","16,13","30","99","356,0,531"
"0/1","19,13","32","99","399,0,619"
"0/1","15,18","33","99","631,0,476"
"0/1","4,14","18","99","478,0,109"
"0/1","12,12","24","99","417,0,403"
"0/1","11,12","23","99","338,0,314"
"0/1","11,9","20","99","235,0,201"
"0/1","16,9","27","99","171,0,523"
"0/1","16,8","25","99","177,0,451"
"0/1","7,8","15","99","240,0,234"
"0/1","19,22","41","99","711,0,637"
"0/1","8,6","16","69","136,0,69"
"0/1","58,51","109","99","453,0,1155"
"0/1","14,14","28","99","437,0,319"
"0/1","19,15","34","99","474,0,583"
"0/1","12,17","29","99","530,0,272"
"0/1","9,12","22","99","321,0,179"
"0/1","8,13","23","99","361,0,182"
"0/1","15,22","37","99","770,0,479"
"0/1","13,19","32","99","659,0,430"
"0/1","18,24","42","99","814,0,561"
"0/1","16,16","32","99","486,0,511"
"0/1","19,14","33","99","432,0,571"
"0/1","24,16","40","99","511,0,825"
"0/0","26,0","26","72","0,72,961"
"0/1","17,15","32","99","475,0,574"
"0/0","17,0","17","36","0,36,411"
"1/1","0,14","14","39","527,39,0"
"0/1","11,15","26","99","411,0,307"
"0/0","34,0","34","96","0,96,1277"
"0/1","12,14","26","99","443,0,404"
"0/1","10,15","25","99","508,0,295"
"0/1","11,6","17","87","87,0,90"
"0/1","13,12","25","99","333,0,400"
"0/1","13,12","25","99","355,0,404"
"0/1","13,8","22","99","219,0,456"
"0/1","11,10","21","99","308,0,347"
"0/1","24,9","33","99","163,0,837"
"0/1","24,9","33","99","166,0,785"
"0/1","45,9","54","99","104,0,1529"
"0/1","23,5","28","96","96,0,779"
"0/1","19,14","33","99","205,0,548"
"0/1","28,7","36","41","41,0,1014"
"0/1","16,13","29","99","361,0,491"
"0/1","16,17","33","99","589,0,430"
"0/1","16,24","40","99","808,0,457"
"0/1","15,16","31","99","547,0,477"
"0/1","14,10","24","99","327,0,455"
"0/1","13,13","26","99","375,0,452"
"0/1","14,6","20","99","112,0,326"
"0/1","13,10","23","99","266,0,339"
"0/1","17,7","24","99","132,0,408"
"0/1","9,9","18","99","313,0,250"
"0/1","14,13","27","99","435,0,488"
"0/1","10,8","18","99","276,0,321"
"0/1","10,18","28","99","491,0,254"
"0/1","4,7","11","47","173,0,47"
"0/1","11,13","24","99","415,0,378"
"0/1","3,10","13","83","358,0,83"
"0/1","11,8","19","99","268,0,358"
"0/1","11,8","19","99","270,0,353"
"0/1","9,9","18","99","279,0,301"
"0/1","8,2","10","53","53,0,257"
"0/1","21,22","43","99","731,0,642"
"0/1","14,23","37","99","648,0,372"
"0/1","13,15","28","99","528,0,398"
"0/1","18,11","29","99","311,0,558"
"0/1","22,20","42","99","640,0,753"
"0/1","16,14","30","99","374,0,534"
"0/1","7,12","19","99","399,0,191"
"0/1","12,17","29","99","556,0,397"
"0/1","16,12","28","99","371,0,551"
"0/0","46,5","58","80","0,80,1202"
"0/0","54,0","56","99","0,114,1443"
"0/0","15,0","15","36","0,36,459"
"0/1","13,24","37","99","704,0,398"
"0/1","20,13","33","99","402,0,691"
"0/1","9,13","22","99","421,0,265"
"0/1","23,18","41","99","556,0,803"
"0/1","8,6","14","99","204,0,232"
"0/1","14,6","20","99","142,0,472"
"0/1","11,9","20","99","268,0,363"
"0/1","18,14","32","99","416,0,611"
"0/1","15,13","28","99","365,0,491"
"0/1","18,13","31","99","361,0,547"
"0/1","11,15","26","99","463,0,349"
"0/1","17,22","39","99","747,0,565"
"0/1","10,19","29","99","638,0,301"
"0/1","14,11","25","99","366,0,194"
"0/1","21,17","38","99","427,0,650"
"0/1","13,14","27","99","414,0,357"
"0/1","13,14","27","99","416,0,417"
"0/1","14,16","30","99","522,0,443"
"0/1","19,12","31","99","234,0,578"
"0/1","15,11","26","99","338,0,466"
"0/1","11,4","15","99","115,0,334"
"0/1","14,14","28","99","375,0,473"
"0/1","18,16","34","99","481,0,448"
"0/1","19,13","32","99","313,0,543"
"0/1","15,15","30","99","470,0,431"
"0/1","9,11","20","99","389,0,218"
"0/0","30,0","30","90","0,90,1152"
"0/1","13,13","26","99","439,0,425"
"1/1","0,12","12","33","442,33,0"
"0/1","64,14","78","99","134,0,378"
"0/1","31,8","39","99","103,0,959"
"1/1","0,14","14","33","409,33,0"
"0/0","22,2","24","57","0,57,734"
"0/1","27,17","44","99","550,0,891"
"0/0","9,2","11","24","0,24,310"
"0/1","10,15","25","99","525,0,247"
"0/1","12,17","30","99","557,0,376"
"0/1","13,9","22","99","234,0,425"
"0/1","11,11","22","99","297,0,371"
"0/0","20,0","20","51","0,51,653"
"0/0","20,0","20","57","0,57,711"
"0/0","21,0","21","63","0,63,800"
"0/0","21,0","21","57","0,57,710"
"0/0","21,0","21","60","0,60,772"
"0/1","12,14","26","99","410,0,382"
"0/1","14,9","23","99","234,0,393"
"0/1","16,22","38","99","680,0,442"
"0/1","14,7","21","99","167,0,498"
"0/1","18,17","35","99","501,0,577"
"0/1","17,17","34","99","573,0,537"
"0/1","17,15","32","99","506,0,589"
"0/1","8,10","18","99","342,0,276"
"0/1","11,17","28","99","494,0,320"
"0/1","36,21","57","99","417,0,1268"
"0/1","38,21","60","99","449,0,1311"
"0/1","15,15","30","99","505,0,425"
"0/1","20,20","41","99","571,0,565"
"0/1","6,15","21","99","484,0,128"
"0/1","18,17","35","99","505,0,560"
"0/1","18,19","37","99","559,0,532"
"0/1","10,7","17","99","232,0,350"
"0/1","8,13","21","99","408,0,234"
"0/1","20,16","36","99","504,0,656"
"0/1","18,19","37","99","637,0,587"
"0/1","7,8","15","99","253,0,204"
"0/1","6,8","14","99","251,0,194"
"0/1","6,6","12","99","200,0,209"
"0/1","7,7","14","99","232,0,215"
"0/1","17,20","37","99","611,0,551"
"0/1","14,13","27","99","443,0,436"
"0/1","14,17","31","99","586,0,412"
"0/1","17,20","37","99","630,0,556"
"0/1","19,12","36","99","189,0,388"
"0/0","15,7","22","45","0,45,549"
"0/0","13,0","13","27","0,27,353"
"0/0","14,0","14","36","0,36,444"
"0/1","10,15","25","99","507,0,309"
"0/1","12,12","24","99","232,0,241"
"0/1","17,9","26","88","88,0,210"
"0/1","15,13","28","99","326,0,444"
"0/1","13,8","21","99","219,0,358"
"0/1","10,10","20","99","307,0,288"
"0/1","10,13","23","99","347,0,300"
"0/1","11,17","28","99","594,0,353"
"0/1","10,11","21","99","363,0,341"
"0/1","12,16","29","99","427,0,325"
"0/1","17,16","33","99","407,0,458"
"0/1","14,8","22","99","221,0,375"
"0/1","10,15","25","99","474,0,320"
"0/1","17,13","30","99","414,0,506"
"0/1","7,16","23","99","543,0,221"
"0/1","11,15","26","99","469,0,364"
"0/1","11,12","23","99","375,0,378"
"0/1","4,13","17","99","461,0,114"
"0/1","15,21","37","99","650,0,393"
"0/1","20,15","35","99","476,0,599"
"0/1","14,14","28","99","434,0,389"
"0/1","11,17","28","99","513,0,330"
"0/1","15,15","30","99","468,0,520"
"0/1","9,11","20","99","375,0,276"
"0/1","15,11","26","99","359,0,531"
"0/1","17,9","26","99","292,0,513"
"0/1","17,9","26","99","287,0,536"
"0/1","9,11","20","99","322,0,295"
"0/1","13,8","21","99","205,0,461"
"0/1","12,7","19","99","211,0,410"
"0/1","7,9","16","99","316,0,238"
"0/1","8,11","19","99","392,0,267"
"0/1","13,21","34","99","619,0,422"
"0/1","13,14","27","99","449,0,424"
"0/1","15,17","32","99","562,0,483"
"0/1","14,17","31","99","560,0,476"
"0/1","14,12","26","99","397,0,439"
"0/1","16,19","35","99","620,0,532"
"0/1","12,17","29","99","596,0,355"
"0/1","11,12","23","99","405,0,365"
"0/1","13,13","26","99","429,0,384"
"0/1","12,10","22","99","339,0,420"
"0/1","14,12","26","99","404,0,444"
"0/1","19,15","34","99","385,0,537"
"0/1","10,11","21","99","342,0,337"
"0/1","12,7","19","99","225,0,344"
"0/1","26,10","36","99","279,0,910"
"0/1","18,15","33","99","483,0,627"
"0/1","14,13","27","99","412,0,486"
"0/1","15,16","31","99","456,0,509"
"0/1","15,15","30","99","503,0,472"
"0/1","17,11","28","99","308,0,579"
"0/1","7,19","26","99","669,0,198"
"0/1","16,17","33","99","555,0,499"
"0/1","16,15","31","99","488,0,455"
"0/1","8,16","24","99","538,0,258"
"0/1","5,10","15","99","369,0,158"
"0/0","25,1","26","35","0,35,843"
"0/1","11,12","23","99","396,0,341"
"0/1","13,12","25","99","414,0,409"
"0/1","6,13","19","99","460,0,185"
"0/1","8,16","24","99","522,0,213"
"0/1","16,15","31","99","473,0,530"
"0/1","11,11","22","99","383,0,372"
"0/1","11,27","38","99","886,0,328"
"0/1","8,9","17","99","282,0,276"
"0/1","7,10","17","99","345,0,234"
"0/1","9,10","19","99","306,0,267"
"0/1","18,8","26","99","246,0,599"
"0/0","26,0","26","66","0,66,855"
"0/0","13,1","14","20","0,20,488"
"0/1","14,12","26","99","291,0,484"
"0/1","15,16","31","99","496,0,480"
"0/1","12,20","32","99","529,0,378"
"0/1","15,9","24","99","238,0,415"
"0/1","7,16","23","99","418,0,201"
"0/1","8,11","19","99","366,0,262"
"0/1","19,11","30","99","271,0,625"
"0/1","10,1","11","21","21,0,212"
"0/1","5,6","11","50","163,0,50"
"0/1","14,8","22","99","264,0,457"
"0/1","10,21","31","99","615,0,331"
"0/0","35,0","35","99","0,99,1339"
"0/1","13,22","35","99","745,0,362"
"0/1","15,11","26","99","356,0,502"
"0/1","15,16","31","99","505,0,430"
"0/1","8,15","23","99","499,0,254"
"0/1","18,11","29","99","301,0,588"
"0/1","11,13","25","99","420,0,351"
"0/1","10,14","24","99","466,0,304"
"0/1","10,12","22","99","303,0,342"
"0/1","13,15","30","99","501,0,423"
"0/1","15,19","34","99","607,0,487"
"0/1","16,17","33","99","541,0,431"
"0/1","15,21","36","99","753,0,415"
"0/1","20,13","33","99","324,0,713"
"0/1","15,26","41","99","863,0,458"
"0/1","14,16","30","99","532,0,434"
"0/1","16,17","33","99","588,0,545"
"0/1","12,12","24","99","414,0,419"
"0/1","15,11","26","99","366,0,494"
"0/1","17,10","27","99","315,0,565"
"0/1","11,9","20","99","295,0,352"
"0/1","13,12","25","99","404,0,416"
"0/1","9,14","23","99","426,0,300"
"0/1","21,20","41","99","557,0,711"
"0/1","22,20","43","99","619,0,650"
"0/1","19,19","38","99","572,0,608"
"0/1","31,18","49","99","550,0,774"
"0/1","11,10","21","99","310,0,349"
"0/1","13,10","23","99","329,0,449"
"0/1","18,7","25","99","215,0,628"
"0/1","12,9","21","99","234,0,414"
"0/1","29,9","39","99","182,0,961"
"0/1","13,9","23","99","247,0,453"
"0/1","38,20","58","99","641,0,1020"
"0/1","6,9","15","99","270,0,168"
"0/1","5,11","16","99","396,0,154"
"0/1","8,13","21","99","455,0,253"
"0/1","13,22","35","99","700,0,417"
"0/1","15,12","28","99","218,0,260"
"0/1","9,7","16","99","242,0,288"
"0/1","13,15","28","99","420,0,404"
"0/1","6,12","18","99","380,0,147"
"0/1","22,17","39","99","549,0,710"
"0/1","10,10","20","99","344,0,340"
"0/1","9,11","20","99","397,0,278"
"0/1","7,10","17","99","335,0,198"
"0/1","12,27","39","99","928,0,333"
"0/1","18,20","38","99","695,0,567"
"0/1","17,10","27","99","320,0,582"
"0/1","14,15","29","99","498,0,413"
"0/1","23,15","38","99","439,0,737"
"0/1","11,20","31","99","638,0,350"
"0/1","5,5","10","99","166,0,173"
"0/1","8,9","17","99","302,0,274"
"0/1","8,10","18","99","349,0,270"
"0/1","10,14","24","99","447,0,336"
"0/1","8,5","13","99","166,0,278"
"0/1","5,6","11","99","214,0,164"
"0/1","20,19","40","99","627,0,632"
"0/1","18,15","33","99","439,0,602"
"0/1","17,17","34","99","593,0,499"
"0/1","16,10","26","99","263,0,402"
"0/1","17,20","38","99","565,0,470"
"0/1","7,19","26","99","639,0,134"
"0/1","8,8","16","99","281,0,266"
"0/1","10,13","23","99","407,0,323"
"0/1","16,13","29","99","394,0,457"
"0/1","18,19","37","99","504,0,577"
"0/0","34,0","34","87","0,87,1057"
"0/1","14,15","29","99","494,0,412"
"0/1","9,17","26","99","530,0,293"
"0/1","13,17","30","99","591,0,413"
"0/1","14,16","30","99","556,0,475"
"0/1","25,22","47","99","555,0,599"
"0/1","24,24","48","99","568,0,548"
"0/1","11,16","27","99","505,0,366"
"0/1","14,9","23","99","257,0,412"
"0/1","14,15","29","99","479,0,489"
"1/1","0,20","20","57","784,57,0"
"1/1","0,24","24","66","894,66,0"
"0/1","11,4","15","80","80,0,399"
"0/1","11,11","22","99","372,0,376"
"0/1","10,5","15","99","121,0,367"
"0/1","9,7","16","99","232,0,248"
"0/1","18,19","37","99","553,0,504"
"0/1","6,9","15","99","321,0,179"
"0/1","11,2","13","44","44,0,413"
"0/1","20,10","30","99","315,0,677"
"0/1","15,21","36","99","707,0,433"
"0/1","8,8","16","99","276,0,282"
"0/1","6,6","12","99","203,0,207"
"1/1","1,11","12","30","404,30,0"
"0/1","13,9","22","99","288,0,451"
"1/1","0,22","22","63","867,63,0"
"0/1","10,10","20","99","338,0,310"
"0/1","9,10","19","99","319,0,292"
"0/1","16,12","28","99","275,0,537"
"0/1","20,14","34","99","387,0,644"
"0/1","19,14","33","99","419,0,662"
"0/1","11,8","19","99","235,0,393"
"0/1","14,9","23","99","267,0,464"
"0/1","14,17","31","99","515,0,465"
"0/1","11,17","28","99","526,0,371"
"0/1","22,17","39","99","557,0,701"
"0/0","15,0","15","42","0,42,556"
"1/1","0,13","13","39","513,39,0"
"0/0","24,1","26","45","0,45,549"
"0/0","21,1","23","48","0,48,637"
"0/1","9,14","23","99","311,0,208"
"0/1","17,19","36","99","633,0,511"
"0/1","18,19","37","99","617,0,621"
"0/1","10,10","20","99","335,0,308"
"0/0","35,0","35","99","0,102,1360"
"0/0","39,0","39","99","0,111,1458"
"0/0","40,0","40","99","0,108,1423"
"0/0","37,0","37","99","0,105,1386"
"0/0","34,0","34","99","0,99,1297"
"0/1","14,16","30","99","517,0,434"
"0/1","7,11","18","99","336,0,154"
"0/1","5,15","20","99","506,0,145"
"0/1","35,3","38","2","2,0,1156"
"0/0","27,0","27","78","0,78,1047"
"0/0","20,0","20","30","0,30,372"
"0/1","20,18","39","99","592,0,689"
"0/1","21,14","35","99","442,0,635"
"0/1","14,17","31","99","517,0,452"
"0/1","9,6","15","99","194,0,325"
"0/1","15,23","38","99","794,0,393"
"0/1","18,16","34","99","518,0,512"
"0/1","12,11","23","99","333,0,415"
"0/1","11,9","20","99","238,0,388"
"0/1","4,7","14","96","197,0,96"
"0/1","8,12","20","99","343,0,261"
"0/1","9,15","24","99","536,0,290"
"0/1","12,17","29","99","564,0,397"
"0/1","15,15","30","99","454,0,481"
"0/1","9,20","29","99","675,0,268"
"0/1","14,12","26","99","403,0,413"
"1/1","0,26","26","75","1013,75,0"
"1/1","0,19","19","54","720,54,0"
"0/1","8,6","14","99","208,0,241"
"0/1","18,12","30","99","381,0,519"
"1/1","1,28","29","75","1014,75,0"
"0/1","6,14","20","99","499,0,150"
"0/1","13,10","23","99","343,0,442"
"0/1","14,13","27","99","398,0,395"
"0/1","11,20","31","99","662,0,242"
"0/1","11,9","20","99","234,0,341"
"0/1","9,10","19","99","345,0,291"
"0/1","13,14","27","99","486,0,440"
"0/1","11,10","21","99","307,0,345"
"0/1","16,16","32","99","480,0,478"
"1/1","0,24","24","72","930,72,0"
"0/1","7,12","19","99","401,0,229"
"0/1","10,9","19","99","295,0,345"
"0/1","12,14","26","99","394,0,387"
"0/1","8,10","18","99","356,0,202"
"0/1","15,20","35","99","659,0,459"
"0/0","36,0","36","99","0,108,1436"
"0/1","9,14","23","99","507,0,294"
"0/1","12,7","19","99","232,0,415"
"0/1","11,9","20","99","304,0,323"
"0/0","29,2","31","46","0,46,861"
"0/0","25,0","25","69","0,69,924"
"0/1","7,19","26","99","652,0,146"
"0/0","5,0","5","15","0,15,190"
"0/1","9,10","19","99","347,0,307"
"0/1","12,16","28","99","553,0,403"
"0/1","17,11","28","99","347,0,597"
"0/1","11,18","29","99","600,0,357"
"0/0","40,0","40","99","0,120,1553"
"0/1","10,8","18","99","221,0,282"
"0/0","10,1","11","21","0,21,287"
"0/1","9,35","44","71","1171,0,71"
"0/1","12,16","28","99","479,0,362"
"0/1","13,20","34","99","610,0,294"
"0/1","16,18","34","99","609,0,454"
"0/1","8,11","19","99","392,0,248"
"0/0","31,1","32","93","0,93,1248"
"0/0","30,1","31","81","0,81,1033"
"0/1","16,20","36","99","634,0,546"
"0/1","13,16","29","99","479,0,313"
"0/1","8,10","19","99","303,0,274"
"0/1","9,10","19","99","318,0,311"
"0/1","10,15","25","99","523,0,311"
"0/1","13,14","27","99","418,0,412"
"0/0","12,0","12","36","0,36,485"
"0/1","10,17","27","99","415,0,324"
"0/1","12,14","26","99","492,0,381"
"0/1","17,5","22","53","53,0,592"
"0/1","20,2","22","13","13,0,636"
"0/1","22,6","28","83","83,0,702"
"0/1","24,6","30","99","121,0,811"
"0/1","15,22","37","99","660,0,471"
"0/1","12,10","22","99","306,0,423"
"0/1","15,17","32","99","406,0,447"
"0/1","13,17","30","99","539,0,379"
"0/1","12,5","17","99","149,0,439"
"0/1","23,17","40","99","481,0,754"
"0/1","10,7","17","99","199,0,349"
"0/1","9,6","15","99","120,0,327"
"1/1","1,32","33","93","1240,93,0"
"0/1","19,11","30","99","264,0,621"
"0/1","15,13","28","99","432,0,488"
"0/1","10,15","25","99","523,0,337"
"0/1","15,6","21","99","191,0,441"
"0/1","21,9","30","99","275,0,646"
"0/1","15,9","24","99","289,0,430"
"0/1","14,11","25","99","337,0,449"
"0/1","10,16","26","99","508,0,328"
"0/1","9,18","27","99","565,0,250"
"0/1","5,9","14","99","277,0,164"
"0/1","32,9","41","99","185,0,865"
"0/1","20,8","28","99","114,0,549"
"0/1","15,10","25","99","312,0,451"
"0/1","11,14","25","99","416,0,374"
"0/1","14,17","31","99","526,0,408"
"0/0","36,0","36","99","0,102,1354"
"0/1","20,3","23","54","54,0,733"
"0/1","19,4","23","59","59,0,692"
"0/0","28,0","28","81","0,81,1067"
"0/1","13,22","35","99","740,0,373"
"0/1","15,11","26","99","365,0,454"
"1/1","1,22","23","63","842,63,0"
"0/0","40,0","40","99","0,108,1401"
"0/0","19,0","19","54","0,54,739"
"1/1","0,28","28","75","1017,75,0"
"0/1","6,11","17","99","335,0,194"
"0/0","30,0","30","87","0,87,1195"
"0/0","13,0","13","36","0,36,468"
"0/1","7,4","11","99","124,0,180"
"0/0","53,4","57","30","0,30,1736"
"0/1","37,6","43","95","95,0,1102"
"0/1","28,9","37","99","261,0,842"
"0/0","31,4","35","61","0,61,1032"
"0/1","15,20","35","99","696,0,477"
"0/0","21,0","21","51","0,51,691"
"0/0","30,0","31","87","0,87,1159"
"0/0","22,0","22","63","0,63,832"
"0/1","27,16","44","99","450,0,826"
"0/0","6,0","8","18","0,18,238"
"0/0","24,0","24","66","0,66,882"
"0/0","20,0","20","57","0,57,762"
"0/0","21,0","21","60","0,60,797"
"0/0","19,0","19","54","0,54,715"
"0/1","11,19","30","99","640,0,331"
"0/1","17,19","36","99","577,0,563"
"0/1","12,11","23","99","303,0,397"
"0/1","15,12","27","99","414,0,488"
"0/1","24,7","31","99","164,0,869"
"0/1","13,21","34","99","719,0,252"
"0/1","39,5","45","57","57,0,1102"
"0/1","5,8","13","99","283,0,158"
"0/0","17,0","17","36","0,36,470"
"0/1","25,6","31","52","52,0,728"
"0/1","25,5","30","17","17,0,763"
"0/0","22,5","27","1","0,1,776"
"0/1","21,7","28","99","197,0,723"
"0/1","10,4","14","87","87,0,320"
"0/1","12,19","31","99","644,0,386"
"0/1","14,8","22","99","261,0,464"
"0/1","17,15","32","99","200,0,506"
"0/1","29,11","40","99","188,0,781"
"1/1","0,20","20","57","770,57,0"
"0/0","36,4","40","39","0,39,1266"
"0/0","32,4","36","1","0,1,1133"
"0/1","11,13","24","99","405,0,365"
"0/0","21,0","21","51","0,51,653"
"0/1","9,13","25","99","339,0,238"
"0/1","14,12","26","99","379,0,445"
"0/1","10,5","15","99","120,0,252"
"0/0","34,5","39","13","0,13,1086"
"0/0","35,5","40","22","0,22,1196"
"0/0","35,4","39","25","0,25,1080"
"0/0","31,2","33","56","0,56,1205"
"1/2","0,12,13","25","99","844,399,363,445,0,412"
"0/1","19,23","42","99","778,0,462"
"0/1","21,21","42","99","651,0,734"
"0/1","9,12","21","99","379,0,299"
"0/1","12,8","20","99","226,0,432"
"0/1","15,7","22","99","188,0,480"
"0/1","10,8","18","99","226,0,351"
"0/1","12,16","28","99","549,0,361"
"0/1","29,4","33","27","27,0,989"
"0/1","11,10","21","99","273,0,355"
"0/1","8,21","29","99","753,0,106"
"0/1","24,8","32","99","232,0,807"
"0/1","11,23","34","99","784,0,343"
"0/1","22,15","37","99","457,0,685"
"0/1","14,17","31","99","548,0,472"
"0/1","10,14","24","99","495,0,337"
"0/1","36,5","41","47","47,0,1211"
"0/1","36,6","42","79","79,0,1188"
"0/1","41,7","48","63","63,0,1371"
"0/1","29,4","33","44","44,0,943"
"0/0","26,2","28","8","0,8,827"
"0/1","5,5","10","99","147,0,153"
"0/1","10,8","18","99","273,0,347"
"0/1","10,12","22","99","363,0,310"
"0/1","6,11","18","99","310,0,146"
"0/1","19,17","36","99","580,0,557"
"0/0","13,0","13","39","0,39,522"
"0/1","15,8","23","99","217,0,540"
"0/1","14,16","30","99","516,0,475"
"0/1","17,15","32","99","491,0,529"
"0/1","7,14","21","99","503,0,224"
"0/1","9,4","16","40","40,0,241"
"0/1","13,17","31","99","597,0,439"
"0/1","19,22","41","99","672,0,573"
"0/0","10,0","12","28","0,28,364"
"0/0","13,0","14","33","0,33,454"
"0/1","5,9","14","99","290,0,168"
"0/1","12,10","22","99","304,0,355"
"0/1","18,17","35","99","544,0,526"
"0/1","15,8","23","99","263,0,484"
"0/1","11,31","42","99","1006,0,244"
"0/1","12,12","24","99","380,0,417"
"0/1","11,15","26","99","499,0,341"
"0/1","7,18","25","99","578,0,190"
"0/0","13,0","13","30","0,30,379"
"0/0","12,0","12","21","0,21,279"
"0/1","23,16","39","99","465,0,742"
"0/1","14,13","28","99","377,0,448"
"0/1","14,5","19","97","97,0,400"
"0/1","23,14","37","99","413,0,756"
"0/1","16,13","29","99","443,0,539"
"0/1","14,13","27","99","446,0,475"
"0/1","10,19","29","99","663,0,315"
"0/1","16,17","33","99","476,0,554"
"0/1","18,16","34","99","536,0,585"
"0/1","19,17","36","99","578,0,618"
"0/1","21,20","41","99","460,0,640"
"0/1","16,17","33","99","503,0,416"
"0/1","25,20","45","99","587,0,799"
"0/1","13,14","27","99","451,0,454"
"0/1","11,15","26","99","465,0,382"
"0/1","9,13","22","99","460,0,267"
"0/1","18,6","24","99","184,0,594"
"0/1","18,19","37","99","654,0,603"
"0/1","24,19","43","99","544,0,773"
"0/1","15,16","31","99","523,0,445"
"0/1","6,13","19","99","435,0,185"
"0/1","11,13","24","99","406,0,370"
"0/1","9,11","20","99","352,0,304"
"0/1","9,11","20","99","383,0,273"
"0/1","2,18","20","25","636,0,25"
"1/1","0,14","14","36","482,36,0"
"1/1","0,15","15","45","602,45,0"
"0/0","14,1","15","2","0,2,494"
"0/0","15,1","16","5","0,5,531"
"0/0","15,1","16","5","0,5,529"
"0/0","19,0","20","54","0,54,734"
"0/0","20,1","21","20","0,20,726"
"1/1","1,16","17","9","597,9,0"
"0/1","22,6","28","88","88,0,696"
"0/0","20,0","20","54","0,54,683"
"0/1","14,18","33","99","365,0,432"
"0/1","20,6","26","99","167,0,682"
"0/1","11,8","19","99","208,0,343"
"1/1","0,20","20","51","698,51,0"
"0/1","46,5","51","8","8,0,1605"
"0/1","8,17","25","99","629,0,184"
"0/1","9,16","25","99","438,0,190"
"0/1","16,12","28","99","195,0,564"
"0/1","14,12","26","99","225,0,430"
"0/1","13,10","23","99","159,0,351"
"0/1","8,6","14","99","205,0,272"
"0/1","6,6","12","99","207,0,211"
"0/1","9,3","12","83","83,0,331"
"0/1","6,12","18","99","394,0,187"
"0/1","12,13","25","99","432,0,416"
"0/1","6,15","21","99","545,0,177"
"0/1","6,20","26","99","674,0,165"
"0/1","14,7","21","99","230,0,467"
"0/1","7,12","19","99","427,0,223"
"0/1","8,10","18","99","353,0,265"
"0/1","14,11","25","99","348,0,451"
"0/1","8,10","18","99","307,0,205"
"0/1","8,9","17","99","277,0,273"
"0/1","6,13","19","99","467,0,152"
"0/1","9,1","10","15","15,0,298"
"0/1","10,11","21","99","323,0,310"
"0/1","13,12","25","99","379,0,459"
"0/0","37,3","40","61","0,61,1331"
"0/1","16,24","40","99","801,0,524"
"0/1","11,9","20","99","302,0,313"
"0/1","8,7","15","99","244,0,282"
"0/1","8,11","19","99","353,0,233"
"0/0","20,0","20","57","0,57,773"
"0/1","11,8","19","99","270,0,338"
"0/1","13,10","23","99","303,0,441"
"0/1","6,9","15","99","287,0,195"
"0/1","8,9","17","99","313,0,236"
"0/1","7,13","20","99","452,0,222"
"0/1","6,6","12","99","192,0,211"
"0/1","9,13","22","99","408,0,274"
"0/1","7,12","19","99","405,0,155"
"0/1","8,11","19","99","356,0,225"
"0/1","6,12","19","99","393,0,186"
"0/1","27,9","36","99","216,0,875"
"0/1","27,9","36","99","206,0,856"
"0/1","36,6","42","68","68,0,940"
"1/1","0,20","20","60","809,60,0"
"0/1","18,18","36","99","570,0,541"
"0/1","5,14","19","99","138,0,111"
"0/1","12,13","25","99","205,0,373"
"0/0","19,0","19","54","0,54,717"
"0/1","17,20","37","99","596,0,574"
"0/1","15,20","35","99","618,0,413"
"0/1","9,10","19","99","336,0,235"
"0/1","19,16","35","99","466,0,599"
"0/1","16,21","38","99","745,0,466"
"0/1","8,11","19","99","383,0,186"
"0/1","11,7","18","99","157,0,127"
"0/0","19,0","19","54","0,54,728"
"0/1","16,9","25","99","284,0,541"
"0/1","12,11","23","99","333,0,398"
"0/1","16,17","33","99","581,0,476"
"0/1","17,11","28","99","343,0,151"
"0/1","14,17","32","99","498,0,384"
"0/1","13,14","27","99","415,0,440"
"0/1","6,16","22","99","500,0,171"
"0/1","18,12","30","99","403,0,545"
"0/1","7,9","16","99","322,0,232"
"0/1","19,14","33","99","454,0,594"
"0/1","11,13","25","99","452,0,367"
"0/1","13,14","27","99","482,0,433"
"0/1","11,16","27","99","480,0,371"
"0/1","11,10","21","99","341,0,353"
"0/1","11,14","25","99","483,0,372"
"0/1","10,4","14","99","126,0,322"
"0/1","12,8","20","99","222,0,411"
"1/1","1,22","23","36","785,36,0"
"0/0","22,1","23","39","0,39,805"
"0/1","16,3","19","66","66,0,551"
"0/1","8,14","22","99","440,0,253"
"0/1","23,16","39","99","496,0,769"
"0/1","18,18","36","99","569,0,594"
"0/1","22,23","45","99","686,0,750"
"0/1","11,6","17","99","197,0,328"
"0/1","14,7","21","99","219,0,494"
"0/1","14,12","26","99","380,0,478"
"0/1","21,20","41","99","597,0,590"
"0/1","16,24","40","99","754,0,496"
"0/1","14,10","24","99","342,0,492"
"0/1","10,17","27","99","551,0,332"
"0/1","15,9","24","99","300,0,421"
"0/1","7,8","15","99","280,0,244"
"0/1","16,14","30","99","423,0,479"
"0/1","15,19","34","99","619,0,450"
"0/1","16,15","31","99","514,0,481"
"0/1","3,7","11","50","167,0,50"
"0/1","14,13","27","99","426,0,441"
"0/0","39,0","39","99","0,114,1536"
"0/1","8,16","24","99","532,0,243"
"0/0","35,0","35","93","0,93,1225"
"0/1","15,10","25","99","333,0,409"
"0/1","9,11","21","99","352,0,307"
"0/1","5,17","22","99","576,0,114"
"0/1","8,12","20","99","398,0,227"
"0/1","18,20","38","99","613,0,610"
"0/1","13,13","26","99","403,0,444"
"0/1","23,17","40","99","565,0,683"
"0/1","19,16","35","99","509,0,494"
"0/1","15,18","33","99","630,0,485"
"0/1","18,18","36","99","571,0,617"
"0/1","12,12","24","49","49,0,126"
"0/1","22,14","36","99","431,0,692"
"0/1","18,11","29","99","316,0,555"
"0/1","13,9","22","99","255,0,359"
"0/1","19,14","33","99","395,0,628"
"0/1","14,8","22","99","197,0,230"
"0/1","5,9","14","99","282,0,168"
"0/1","6,11","17","99","364,0,196"
"0/1","17,12","29","99","368,0,541"
"0/1","12,14","26","99","485,0,329"
"0/1","13,14","27","99","456,0,415"
"1/1","0,14","14","33","439,33,0"
"0/1","3,8","11","78","252,0,78"
"0/1","2,6","8","47","160,0,47"
"1/1","0,6","6","15","168,15,0"
"0/1","24,9","33","99","262,0,810"
"0/1","14,14","28","99","446,0,377"
"0/1","18,11","29","99","337,0,530"
"0/0","25,5","30","4","0,4,854"
"0/1","15,21","36","99","687,0,467"
"0/1","10,12","22","99","359,0,255"
"0/1","10,12","22","99","361,0,257"
"0/1","12,13","25","99","405,0,367"
"0/1","18,20","38","99","587,0,506"
"0/1","5,14","19","99","510,0,138"
"0/0","13,1","14","39","0,39,496"
"0/0","35,0","35","99","0,105,1402"
"0/1","9,18","27","99","614,0,254"
"0/1","10,17","28","99","612,0,313"
"0/0","38,0","38","99","0,111,1449"
"0/0","31,0","31","75","0,75,979"
"0/1","13,16","40","99","490,0,419"
"0/1","16,17","33","99","596,0,446"
"0/1","13,19","32","99","610,0,382"
"0/1","1,23","24","16","227,0,16"
"0/1","18,21","39","99","585,0,497"
"0/1","12,20","32","99","646,0,321"
"0/1","15,19","34","99","555,0,460"
"0/1","15,20","35","99","531,0,487"
"0/1","21,10","31","99","305,0,666"
"0/1","11,9","20","99","293,0,394"
"0/1","11,9","20","99","283,0,392"
"0/0","19,0","19","54","0,54,693"
"0/1","19,17","36","99","410,0,553"
"0/1","11,13","24","99","374,0,331"
"0/1","12,11","23","99","291,0,412"
"0/1","14,10","24","99","285,0,495"
"0/1","8,11","19","99","381,0,270"
"0/1","15,12","27","99","406,0,467"
"0/1","7,12","19","99","398,0,226"
"0/1","5,17","22","99","559,0,140"
"0/1","8,14","22","99","433,0,266"
"0/1","8,10","18","99","360,0,269"
"0/1","14,5","19","99","148,0,463"
"1/1","0,24","24","69","927,69,0"
"0/1","14,10","24","99","340,0,421"
"0/1","9,15","26","99","534,0,283"
"0/1","6,7","13","99","246,0,171"
"0/1","7,6","13","99","198,0,245"
"0/1","12,16","28","99","557,0,400"
"0/1","12,14","26","99","461,0,372"
"1/2","0,12,14","26","99","895,456,420,439,0,403"
"0/1","13,10","23","99","336,0,369"
"0/1","12,14","26","99","388,0,405"
"0/1","12,10","22","99","331,0,376"
"0/1","16,11","27","99","369,0,495"
"0/1","15,7","22","99","219,0,543"
"0/1","12,9","21","99","309,0,379"
"0/1","13,15","28","99","477,0,430"
"0/1","17,10","27","99","275,0,510"
"0/1","18,15","33","99","440,0,595"
"0/1","16,18","34","99","582,0,522"
"0/1","19,17","36","99","518,0,619"
"1/1","2,10","12","27","339,27,0"
"0/1","14,11","25","99","363,0,450"
"0/1","12,7","19","99","226,0,436"
"0/1","21,9","30","99","283,0,613"
"0/1","19,17","36","99","548,0,627"
"0/1","13,16","29","99","557,0,425"
"0/1","20,14","34","99","416,0,654"
"0/1","7,15","22","99","508,0,219"
"0/1","6,9","15","99","317,0,151"
"0/1","14,20","34","99","598,0,468"
"0/1","6,9","15","99","300,0,194"
"0/1","10,11","21","99","389,0,338"
"0/1","11,15","26","99","434,0,301"
"0/1","7,23","30","99","649,0,131"
"0/1","18,20","38","99","654,0,508"
"0/1","15,9","24","99","298,0,527"
"0/1","10,15","25","99","528,0,331"
"0/1","15,19","38","99","489,0,343"
"0/1","22,14","37","99","398,0,678"
"0/1","21,13","34","99","294,0,578"
"0/1","24,11","35","71","71,0,770"
"0/1","23,12","35","87","87,0,690"
"0/1","11,10","22","99","341,0,365"
"0/1","10,12","22","99","322,0,346"
"0/0","19,1","22","33","0,33,436"
"0/1","13,17","30","99","567,0,339"
"0/1","11,14","25","99","443,0,363"
"0/1","6,7","13","99","194,0,208"
"0/1","10,9","19","99","235,0,348"
"0/1","16,13","29","99","391,0,513"
"0/1","15,21","36","99","660,0,467"
"0/1","16,20","36","99","658,0,499"
"0/1","20,16","36","99","533,0,698"
"0/1","17,21","38","99","741,0,560"
"0/1","18,12","30","99","400,0,568"
"0/1","12,11","23","99","341,0,417"
"0/1","20,13","33","99","426,0,615"
"0/1","23,14","37","99","426,0,808"
"0/1","21,12","33","99","356,0,699"
"0/1","15,14","29","99","440,0,496"
"0/1","5,10","15","99","347,0,155"
"0/1","9,11","20","99","392,0,242"
"0/1","17,11","28","99","328,0,610"
"0/1","6,3","9","96","96,0,175"
"0/1","10,10","20","99","326,0,338"
"0/1","15,13","28","99","430,0,468"
"0/1","9,6","15","99","153,0,312"
"0/1","11,6","17","99","183,0,350"
"0/1","6,10","16","99","316,0,192"
"0/1","13,14","28","99","452,0,364"
"0/1","13,16","29","99","498,0,391"
"0/1","10,14","24","99","441,0,303"
"0/1","16,18","34","99","621,0,529"
"0/1","20,18","38","99","594,0,608"
"0/1","20,20","40","99","664,0,618"
"0/1","15,9","25","99","231,0,373"
"0/1","9,18","27","99","522,0,253"
"0/1","15,13","28","99","403,0,404"
"0/1","15,16","31","99","531,0,497"
"0/1","15,16","31","99","542,0,466"
"0/1","14,15","29","99","459,0,472"
"0/1","14,14","28","99","477,0,408"
"0/1","14,18","32","99","591,0,428"
"0/1","13,16","29","99","512,0,420"
"0/1","13,17","30","99","573,0,428"
"0/1","21,11","32","99","339,0,720"
"0/1","18,23","41","99","740,0,586"
"0/1","15,14","29","99","430,0,498"
"0/1","15,16","31","99","536,0,472"
"0/1","16,20","36","99","636,0,470"
"0/1","18,16","34","99","541,0,619"
"0/1","12,17","29","99","595,0,360"
"0/1","20,19","39","99","562,0,680"
"0/1","11,12","23","99","392,0,375"
"0/1","12,13","25","99","442,0,378"
"0/1","12,13","25","99","446,0,408"
"0/1","10,11","21","99","328,0,208"
"0/1","14,12","26","99","388,0,489"
"0/1","15,19","34","99","607,0,473"
"0/1","15,18","34","99","616,0,393"
"0/1","16,11","27","99","314,0,456"
"0/1","8,25","33","99","892,0,228"
"0/1","12,9","21","99","252,0,393"
"0/1","20,11","31","99","341,0,653"
"0/1","16,19","35","99","653,0,453"
"0/1","17,5","22","99","108,0,437"
"0/1","21,4","26","57","57,0,499"
"0/1","21,5","26","7","7,0,522"
"0/1","15,7","22","99","207,0,507"
"0/1","12,7","19","99","194,0,396"
"0/1","14,12","26","99","357,0,480"
"0/1","10,24","35","99","789,0,255"
"0/1","22,16","38","99","447,0,590"
"0/1","14,17","31","99","528,0,359"
"0/1","14,11","26","99","331,0,393"
"0/1","14,18","32","99","617,0,408"
"0/1","25,11","36","99","303,0,755"
"0/1","13,10","23","99","291,0,455"
"0/1","28,7","36","65","65,0,950"
"0/1","3,11","14","72","386,0,72"
"0/1","14,14","28","99","481,0,475"
"0/1","10,12","22","99","408,0,325"
"0/1","14,18","32","99","606,0,402"
"0/1","6,13","19","99","398,0,191"
"0/1","13,26","39","99","858,0,364"
"0/1","12,27","39","99","902,0,362"
"0/1","14,16","30","99","554,0,423"
"1/1","0,27","27","75","998,75,0"
"0/1","11,10","21","99","333,0,334"
"0/1","9,12","21","99","405,0,269"
"0/0","20,0","21","57","0,57,762"
"0/1","8,11","19","99","384,0,266"
"0/1","14,14","28","99","442,0,440"
"0/0","23,0","23","57","0,57,718"
"0/1","23,21","44","99","586,0,720"
"0/1","13,8","21","99","264,0,456"
"0/1","13,8","21","99","202,0,458"
"0/0","6,0","6","12","0,12,161"
"0/1","14,15","29","99","441,0,441"
"0/1","18,15","33","99","427,0,613"
"0/1","6,7","13","99","237,0,200"
"0/1","11,13","24","99","422,0,380"
"0/1","53,14","67","99","144,0,1429"
"0/1","13,5","18","99","140,0,332"
"0/1","17,11","28","99","343,0,617"
"0/1","25,21","46","99","638,0,798"
"0/1","13,7","20","99","233,0,387"
"0/1","11,16","27","99","554,0,358"
"0/0","4,2","6","6","0,6,79"
"0/1","17,14","31","99","407,0,461"
"1/1","1,7","8","18","237,18,0"
"1/1","1,22","23","17","532,17,0"
"0/1","6,11","17","99","386,0,188"
"0/1","19,16","35","99","544,0,569"
"0/1","16,17","33","99","553,0,540"
"0/1","21,12","33","99","387,0,625"
"0/1","20,23","43","99","710,0,623"
"0/1","8,15","23","99","506,0,240"
"0/1","12,14","26","99","492,0,393"
"0/1","18,5","23","99","137,0,569"
"0/1","16,11","27","99","336,0,509"
"0/1","16,11","27","99","351,0,487"
"0/1","11,9","20","99","262,0,353"
"0/1","14,12","26","99","380,0,411"
"0/1","16,17","34","99","570,0,547"
"0/1","21,15","36","99","439,0,659"
"0/1","21,16","37","99","535,0,720"
"0/1","7,10","17","99","349,0,189"
"0/1","15,14","29","99","477,0,488"
"0/1","15,14","29","99","411,0,501"
"0/1","7,10","17","99","348,0,218"
"0/1","16,12","28","99","411,0,490"
"0/1","14,9","23","99","289,0,455"
"0/1","11,14","25","99","454,0,323"
"0/1","10,15","25","99","424,0,340"
"0/1","17,13","30","99","442,0,500"
"0/1","15,13","28","99","399,0,369"
"0/1","8,12","20","99","410,0,250"
"0/1","10,11","21","99","374,0,316"
"0/1","12,14","26","99","471,0,401"
"0/1","11,16","27","99","579,0,337"
"0/1","2,15","17","31","553,0,31"
"0/1","4,13","17","99","436,0,103"
"0/1","16,15","31","99","515,0,518"
"0/1","17,12","29","99","397,0,561"
"0/1","22,5","27","87","87,0,780"
"0/1","22,5","27","85","85,0,779"
"0/1","12,9","21","99","300,0,426"
"0/1","16,12","28","99","353,0,488"
"0/1","8,10","18","99","352,0,199"
"0/1","13,18","31","99","596,0,391"
"0/1","19,11","30","99","347,0,670"
"0/1","7,8","15","99","209,0,235"
"0/1","10,11","21","99","364,0,339"
"0/1","10,7","17","99","236,0,319"
"0/1","8,15","23","99","537,0,216"
"0/1","7,10","17","99","346,0,233"
"0/1","13,4","18","78","78,0,478"
"0/0","13,2","15","5","0,5,484"
"0/1","17,13","30","99","440,0,492"
"0/1","13,17","30","99","553,0,425"
"0/1","12,16","28","99","555,0,367"
"0/1","10,15","25","99","514,0,319"
"0/1","6,10","16","99","362,0,181"
"0/0","21,3","32","42","0,42,517"
"0/1","8,16","24","99","540,0,247"
"0/1","13,16","29","99","508,0,418"
"0/1","11,21","32","99","637,0,359"
"0/1","13,11","24","99","362,0,445"
"0/1","16,17","33","99","578,0,486"
"0/1","9,6","15","99","189,0,315"
"0/1","12,10","22","99","307,0,379"
"0/0","23,0","23","63","0,63,853"
"0/1","8,9","17","99","320,0,207"
"0/1","16,10","26","99","332,0,528"
"0/1","11,12","25","99","277,0,188"
"0/1","11,13","24","99","388,0,364"
"0/1","23,16","39","99","456,0,732"
"0/0","38,0","38","99","0,102,1335"
"0/1","13,13","26","99","405,0,457"
"0/1","10,14","24","99","452,0,226"
"0/1","13,18","31","99","588,0,435"
"0/1","12,14","26","99","415,0,412"
"0/1","19,19","39","99","593,0,561"
"0/0","31,0","32","75","0,75,957"
"0/0","32,1","34","87","0,87,1083"
"0/0","37,0","39","96","0,96,1212"
"0/0","37,0","38","93","0,93,1185"
"0/1","24,7","31","99","102,0,833"
"0/1","42,7","49","99","167,0,1022"
"0/1","20,24","44","99","823,0,562"
"0/1","17,11","28","99","364,0,517"
"0/1","15,14","29","99","484,0,519"
"0/1","9,10","19","99","304,0,307"
"0/1","9,10","19","99","337,0,307"
"0/0","24,0","24","63","0,63,810"
"0/1","19,16","35","99","468,0,606"
"0/1","11,17","28","99","592,0,326"
"0/1","11,24","35","99","737,0,343"
"0/1","12,9","21","99","275,0,382"
"0/1","11,13","24","99","410,0,375"
"1/1","0,24","24","63","843,63,0"
"0/1","11,14","25","99","497,0,371"
"1/1","0,19","19","48","661,48,0"
"0/0","25,0","25","75","0,75,1013"
"0/1","13,14","27","99","455,0,366"
"0/1","13,29","42","99","984,0,394"
"0/1","14,11","25","99","366,0,491"
"0/1","14,17","31","99","554,0,479"
"0/1","14,22","36","99","722,0,456"
"0/1","17,13","30","99","345,0,511"
"0/0","18,0","18","33","0,33,436"
"0/1","18,13","31","99","414,0,447"
"0/1","14,11","25","99","333,0,369"
"0/0","32,0","32","90","0,90,1175"
"0/1","21,14","35","99","433,0,662"
"0/1","11,11","22","99","383,0,379"
"0/1","26,13","39","99","278,0,528"
"0/1","17,19","36","99","615,0,523"
"0/1","21,19","40","99","608,0,580"
"0/1","20,5","25","99","99,0,501"
"0/1","13,14","27","99","422,0,425"
"0/1","21,13","34","99","380,0,610"
"0/1","9,14","23","99","423,0,268"
"0/1","21,17","38","99","539,0,665"
"0/1","15,15","30","99","487,0,521"
"0/1","18,11","29","99","351,0,601"
"0/0","42,0","42","99","0,108,1385"
"0/0","16,0","16","36","0,36,444"
"0/1","10,19","29","99","599,0,250"
"0/0","23,4","27","60","0,60,764"
"0/1","12,11","23","99","319,0,367"
"0/1","19,13","33","99","379,0,617"
"0/1","17,19","36","99","636,0,490"
"0/1","11,15","26","99","441,0,262"
"0/1","21,14","35","99","173,0,411"
"0/1","24,15","39","99","414,0,852"
"0/1","8,10","18","99","345,0,255"
"0/0","39,2","41","34","0,34,1314"
"0/0","36,2","38","31","0,31,1212"
"0/1","15,11","26","99","351,0,455"
"0/1","15,11","26","99","344,0,459"
"0/1","10,23","33","99","772,0,274"
"0/1","26,11","37","99","292,0,875"
"0/1","24,11","36","99","300,0,808"
"0/1","14,19","33","99","674,0,464"
"0/1","34,7","41","99","162,0,1256"
"0/1","30,7","37","99","149,0,993"
"0/1","22,4","26","65","65,0,769"
"0/1","11,11","22","99","375,0,367"
"0/0","38,2","40","27","0,27,1318"
"0/1","43,8","51","99","119,0,1400"
"0/1","39,6","45","23","23,0,1371"
"0/1","46,8","55","99","177,0,1552"
"0/0","42,4","46","12","0,12,1477"
"0/1","12,7","19","99","118,0,360"
"0/1","14,7","21","99","151,0,444"
"0/1","19,9","28","99","170,0,649"
"0/1","20,11","31","99","321,0,680"
"0/1","20,4","24","89","89,0,590"
"0/1","30,6","36","99","132,0,997"
"0/1","30,7","37","99","133,0,995"
"0/1","16,8","24","99","252,0,558"
"0/1","24,10","34","99","253,0,831"
"0/1","31,9","40","99","235,0,1064"
"0/1","45,10","55","99","130,0,1504"
"0/1","34,10","44","99","204,0,1167"
"0/0","39,0","39","99","0,108,1414"
"0/1","18,12","30","99","374,0,606"
"0/1","20,12","32","99","375,0,634"
"0/0","20,0","21","60","0,60,809"
"0/1","13,8","21","99","254,0,404"
"0/1","14,13","27","99","446,0,464"
"0/1","3,13","16","78","440,0,78"
"0/1","7,16","23","99","538,0,223"
"0/1","15,10","25","99","258,0,460"
"0/1","17,17","34","99","537,0,543"
"0/1","9,15","24","99","473,0,292"
"0/1","3,13","16","72","478,0,72"
"0/1","12,15","27","99","506,0,373"
"0/1","12,13","25","99","424,0,418"
"0/1","12,11","23","99","332,0,407"
"0/1","14,19","33","99","571,0,418"
"0/1","17,10","27","99","297,0,563"
"0/1","8,8","16","99","242,0,282"
"0/1","12,5","17","99","152,0,433"
"0/1","13,5","18","99","149,0,444"
"0/1","15,4","19","99","104,0,476"
"0/1","9,15","24","99","495,0,293"
"0/1","9,20","29","99","641,0,279"
"0/1","9,12","21","99","421,0,244"
"0/1","14,18","32","99","526,0,445"
"0/1","8,12","20","99","377,0,265"
"0/1","9,12","21","99","391,0,301"
"0/1","16,17","33","99","560,0,563"
"0/1","14,8","22","99","265,0,384"
"0/1","14,6","20","99","184,0,496"
"0/1","8,10","18","99","350,0,272"
"0/1","7,8","15","99","274,0,235"
"0/0","21,2","24","33","0,33,771"
"0/1","16,7","23","99","220,0,528"
"0/1","11,8","19","99","259,0,389"
"0/1","10,7","17","99","230,0,351"
"0/1","12,12","24","99","413,0,409"
"0/1","26,11","37","99","328,0,836"
"0/1","30,12","42","99","303,0,892"
"0/1","10,9","19","99","315,0,314"
"0/1","17,10","27","99","295,0,532"
"0/1","9,16","25","99","554,0,284"
"0/1","9,17","26","99","569,0,282"
"0/1","8,8","16","99","233,0,268"
"0/1","9,5","14","99","158,0,317"
"0/1","14,16","30","99","494,0,422"
"0/1","10,17","27","99","566,0,297"
"0/1","16,9","25","99","214,0,568"
"0/1","11,26","37","99","856,0,334"
"0/1","5,11","16","99","384,0,120"
"0/1","10,10","20","99","308,0,314"
"0/1","21,9","30","99","288,0,687"
"0/1","15,13","28","99","410,0,513"
"0/1","10,8","18","99","268,0,350"
"0/1","6,14","20","99","440,0,189"
"0/1","11,10","21","99","343,0,384"
"0/1","10,8,0","18","99","273,0,311,300,335,635"
"0/1","10,16","26","99","539,0,289"
"0/1","12,9","21","99","299,0,387"
"0/1","11,6","17","99","189,0,393"
"0/1","11,11","22","99","342,0,374"
"0/1","7,7","14","99","228,0,232"
"0/1","7,8","15","99","269,0,240"
"0/1","18,20","38","99","705,0,567"
"0/1","10,13","23","99","427,0,338"
"0/1","12,19","31","99","608,0,344"
"0/1","7,14","21","99","468,0,166"
"0/1","9,6","15","99","183,0,316"
"0/1","13,6","19","99","136,0,472"
"0/1","13,9","22","99","303,0,358"
"0/1","18,12","30","99","376,0,535"
"0/1","13,9","22","99","250,0,319"
"0/1","13,7","20","99","223,0,414"
"0/1","13,11","24","99","294,0,461"
"0/1","15,15","30","99","512,0,486"
"0/1","18,15","33","99","459,0,541"
"0/1","11,25","36","99","840,0,289"
"0/0","14,0","14","33","0,33,451"
"0/1","13,4","18","99","106,0,309"
"0/1","11,7","18","99","207,0,252"
"0/1","11,6","17","99","172,0,258"
"0/1","12,6","18","99","166,0,342"
"0/1","12,3","15","66","66,0,396"
"1/1","0,12","12","36","487,36,0"
"0/1","26,8","34","99","222,0,808"
"0/1","33,4","37","12","12,0,1103"
"0/1","29,9","38","99","211,0,940"
"0/1","31,12","43","99","263,0,958"
"0/1","36,6","43","62","62,0,1259"
"0/1","35,5","40","29","29,0,1194"
"0/1","41,6","48","94","94,0,1315"
"0/1","39,6","45","96","96,0,1271"
"0/1","40,7","47","99","122,0,1313"
"0/1","23,10","33","99","244,0,755"
"0/1","11,3","14","84","84,0,339"
"0/1","8,6","14","99","139,0,276"
"0/1","8,6","14","99","137,0,284"
"0/1","15,6","21","99","119,0,501"
"0/1","9,8","17","99","206,0,316"
"0/1","10,6","16","99","137,0,362"
"0/1","6,1","7","19","19,0,224"
"0/1","6,1","7","19","19,0,222"
"0/1","6,2","8","53","53,0,221"
"0/1","9,5","14","99","160,0,324"
"0/1","11,5","16","99","155,0,377"
"0/1","11,5","16","99","155,0,399"
"0/1","9,5","14","99","167,0,324"
"0/1","8,5","13","99","166,0,291"
"0/1","8,5","13","99","170,0,291"
"0/0","24,0","24","63","0,63,813"
"0/1","10,6","16","99","194,0,359"
"0/1","13,3","17","72","72,0,493"
"0/1","14,3","17","69","69,0,518"
"0/1","13,3","16","72","72,0,493"
"0/1","11,7","18","99","235,0,387"
"0/1","15,4","19","99","103,0,548"
"0/1","15,3","18","59","59,0,549"
"0/1","15,3","18","59","59,0,542"
"0/1","15,4","19","88","88,0,533"
"0/1","11,2","13","46","46,0,372"
"0/1","7,3","10","91","91,0,255"
"0/1","7,3","10","91","91,0,252"
"0/1","8,3","11","88","88,0,275"
"0/1","9,3","12","85","85,0,315"
"0/1","9,3","12","85","85,0,323"
"0/1","9,2","11","50","50,0,331"
"0/1","9,7","16","99","144,0,322"
"0/1","8,7","15","99","154,0,244"
"0/1","9,3","12","52","52,0,297"
"0/1","14,4","18","35","35,0,513"
"0/1","16,7","23","95","95,0,554"
"0/1","19,9","28","99","213,0,613"
"0/1","17,7","24","99","185,0,551"
"0/1","17,7","24","99","185,0,541"
"0/1","9,6","15","99","163,0,328"
"0/1","9,2","11","50","50,0,336"
"0/1","10,2","12","47","47,0,353"
"0/1","10,3","13","84","84,0,368"
"0/1","15,7","22","99","223,0,498"
"0/1","15,7","22","99","223,0,496"
"0/1","14,7","21","99","226,0,472"
"0/1","14,7","21","99","218,0,475"
"0/1","14,9","23","99","232,0,511"
"0/1","14,9","23","99","235,0,501"
"0/1","13,9","22","99","236,0,474"
"0/1","14,8","22","99","194,0,479"
"0/1","17,7","24","99","146,0,581"
"0/1","6,5","11","99","164,0,210"
"0/1","6,5","11","99","164,0,209"
"0/1","11,10","21","99","222,0,307"
"0/1","14,12","26","99","383,0,418"
"0/1","8,3","11","61","61,0,185"
"0/1","19,6","27","92","92,0,174"
"0/0","17,0","17","51","0,51,659"
"0/1","17,4","21","31","31,0,584"
"0/1","18,6","24","99","99,0,584"
"0/1","21,5","26","83","83,0,672"
"0/1","11,6","17","99","177,0,341"
"0/1","11,6","17","99","182,0,331"
"0/1","9,8","17","99","212,0,276"
"0/1","12,9","21","99","245,0,372"
"0/1","7,3","10","39","39,0,243"
"0/0","22,0","22","60","0,60,774"
"0/0","23,0","23","60","0,60,754"
"0/0","17,0","17","45","0,45,606"
"0/0","18,0","18","51","0,51,683"
"0/1","21,6","27","41","41,0,725"
"0/1","15,8","23","99","142,0,511"
"0/1","23,10","33","99","206,0,771"
"0/1","22,10","32","99","253,0,692"
"0/1","22,4","26","4","4,0,734"
"0/1","22,4","26","1","1,0,754"
"0/1","22,5","27","4","4,0,732"
"0/1","25,6","31","95","95,0,860"
"0/1","22,11","33","99","223,0,740"
"0/1","23,5","28","31","31,0,730"
"0/1","17,10","27","99","235,0,555"
"0/1","17,10","27","99","206,0,546"
"0/1","20,11","31","99","291,0,629"
"0/1","21,8","29","99","110,0,730"
"0/1","15,2","17","26","26,0,537"
"0/1","15,2","17","16","16,0,537"
"0/1","15,2","17","23","23,0,522"
"0/1","17,7","24","99","156,0,555"
"0/1","14,7","21","99","204,0,448"
"0/1","18,3","21","51","51,0,635"
"0/1","18,3","21","59","59,0,636"
"0/1","18,3","21","62","62,0,608"
"0/1","19,2","21","11","11,0,694"
"0/0","22,5","27","2","0,2,742"
"0/0","31,1","32","93","0,93,1243"
"0/1","11,15","26","99","528,0,332"
"0/1","42,40","82","99","961,0,1209"
"0/1","41,40","81","99","970,0,1240"
"0/1","39,37","76","99","966,0,1178"
"0/1","38,36","74","99","940,0,1134"
"0/1","11,9","20","99","292,0,345"
"0/1","20,15","35","99","457,0,663"
"0/1","9,3","12","89","89,0,299"
"0/0","21,0","21","57","0,57,758"
"0/1","15,11","26","99","334,0,534"
"0/1","9,17","26","99","566,0,207"
"0/1","9,9","18","99","263,0,267"
"0/1","9,16","25","99","521,0,268"
"0/1","16,21","37","99","716,0,485"
"0/1","16,17","33","99","554,0,542"
"0/1","8,14","22","99","435,0,261"
"0/0","22,4","26","39","0,39,474"
"0/0","8,1","12","12","0,12,147"
"0/1","8,15","23","99","525,0,209"
"0/1","15,12","27","99","365,0,447"
"0/1","16,14","30","99","480,0,499"
"0/1","16,20","36","99","604,0,411"
"0/1","13,10","23","99","338,0,389"
"0/1","11,35","48","99","749,0,202"
"0/1","32,6","38","56","56,0,676"
"0/1","12,12","24","99","415,0,378"
"0/1","11,23","34","99","698,0,349"
"0/1","14,10","24","99","332,0,408"
"0/1","8,13","21","99","354,0,175"
"0/1","20,17","37","99","458,0,650"
"0/1","18,21","39","99","596,0,474"
"0/1","17,11","28","99","328,0,519"
"0/1","13,11","24","99","372,0,403"
"0/1","9,20","29","99","670,0,254"
"0/1","20,12","32","99","295,0,605"
"0/1","18,16","34","99","476,0,506"
"0/1","22,20","42","99","573,0,606"
"0/1","16,16","32","99","505,0,415"
"0/1","11,22","33","99","707,0,348"
"0/1","20,11","31","99","357,0,647"
"0/1","14,14","28","99","468,0,448"
"0/1","19,8","27","99","243,0,640"
"0/1","18,12","30","99","382,0,599"
"0/1","20,14","34","99","450,0,687"
"0/1","15,15","30","99","529,0,437"
"0/1","12,13","25","99","423,0,411"
"0/1","17,14","31","99","445,0,579"
"0/1","16,16","32","99","552,0,550"
"0/1","7,16","23","99","548,0,214"
"0/1","6,16","22","99","537,0,175"
"0/1","6,10","16","99","352,0,189"
"0/1","14,14","28","99","359,0,452"
"0/1","12,11","23","99","306,0,348"
"0/1","12,10","22","99","314,0,269"
"0/1","10,7","17","99","232,0,282"
"0/1","4,13","17","99","449,0,112"
"0/1","3,13","16","78","444,0,78"
"0/1","10,11","21","99","343,0,341"
"0/1","9,17","26","99","553,0,268"
"0/1","6,10","16","99","312,0,200"
"0/1","10,17","27","99","585,0,292"
"0/1","12,9","21","99","258,0,378"
"0/1","12,16","28","99","540,0,405"
"0/1","8,17","26","99","599,0,207"
"0/1","14,23","37","99","737,0,422"
"0/1","18,18","36","99","566,0,575"
"0/1","15,22","37","99","754,0,419"
"0/1","14,8","22","99","266,0,439"
"0/1","18,14","32","99","459,0,553"
"0/1","24,7","31","99","199,0,738"
"0/1","12,13","25","99","441,0,365"
"0/1","17,23","40","99","728,0,541"
"0/1","11,11","22","99","316,0,345"
"0/1","18,8","26","99","247,0,573"
"0/1","17,13","30","99","400,0,571"
"0/1","13,10","23","99","276,0,378"
"0/1","22,16","38","99","329,0,718"
"0/1","12,8","20","99","228,0,322"
"0/1","10,11","21","99","340,0,330"
"0/1","11,15","26","99","340,0,260"
"0/1","24,15","39","99","435,0,854"
"0/1","16,24","40","99","816,0,488"
"0/1","24,15","39","99","422,0,803"
"0/1","27,12","39","99","362,0,936"
"0/0","32,0","32","93","0,93,1217"
"0/1","14,14","28","99","445,0,436"
"0/1","7,10","17","99","349,0,229"
"0/0","11,0","11","33","0,33,452"
"0/1","13,18","31","99","517,0,412"
"0/1","7,13","20","99","433,0,222"
"0/1","15,16","31","99","514,0,517"
"0/1","71,16","88","99","257,0,2358"
"0/1","74,20","95","99","314,0,2229"
"0/1","83,23","114","99","458,0,2588"
"0/1","118,29","149","99","457,0,3676"
"0/1","133,22","155","99","404,0,4506"
"0/1","57,15","72","99","209,0,1924"
"0/1","39,15","55","99","342,0,1278"
"0/1","51,16","68","99","344,0,1752"
"0/1","46,10","56","99","126,0,1412"
"0/1","41,8","49","99","147,0,1411"
"0/1","43,11","55","99","162,0,1214"
"0/1","39,11","51","99","177,0,1015"
"0/1","34,13","48","99","195,0,944"
"0/0","36,1","37","87","0,87,1050"
"0/1","3,3","6","77","80,0,77"
"0/1","11,9","20","99","291,0,377"
"0/1","17,14","31","99","453,0,499"
"0/1","32,5","37","20","20,0,877"
"0/2","23,0,13","37","99","366,429,1114,0,685,649"
"0/1","19,17","36","99","539,0,534"
"0/1","16,27","43","99","872,0,500"
"0/1","32,16","48","99","420,0,901"
"0/1","15,17","32","99","561,0,506"
"0/1","34,18","52","99","575,0,920"
"0/1","33,19","52","99","541,0,1029"
"0/1","40,16","56","99","176,0,1307"
"0/1","41,16","57","99","227,0,1340"
"0/1","30,16","46","99","233,0,1020"
"0/1","10,12","22","99","390,0,304"
"0/1","9,8","17","99","276,0,321"
"0/1","20,20","40","99","635,0,636"
"0/1","14,19","33","99","625,0,361"
"0/1","13,10","23","99","303,0,414"
"0/0","40,0","40","99","0,114,1453"
"0/1","11,12","23","99","412,0,357"
"0/1","22,6","28","99","163,0,783"
"0/1","8,10","18","99","335,0,211"
"0/1","13,11","24","99","328,0,442"
"0/1","25,17","42","99","488,0,756"
"0/1","16,11","27","99","340,0,442"
"0/1","15,16","32","99","472,0,371"
"0/1","11,16","27","99","513,0,290"
"0/1","16,18","34","99","408,0,471"
"0/1","16,15","31","99","441,0,505"
"0/0","22,0","22","66","0,66,859"
"0/0","26,0","26","72","0,72,931"
"0/1","12,16","28","99","528,0,381"
"0/1","11,11","22","99","377,0,330"
"0/1","9,17","26","99","572,0,250"
"0/0","29,0","29","81","0,81,1045"
"0/1","17,14","31","99","433,0,475"
"0/1","13,10","23","99","307,0,429"
"0/1","15,17","33","99","579,0,460"
"0/1","29,7","36","99","121,0,749"
"0/1","37,6","43","99","123,0,1197"
"0/2","31,0,32","63","99","949,1033,2036,0,1003,916"
"0/1","14,9","23","99","291,0,507"
"0/1","6,11","17","99","391,0,177"
"0/1","9,8","17","99","269,0,318"
"0/1","20,14","34","99","469,0,600"
"0/1","16,15","31","99","463,0,531"
"0/1","8,14","22","99","495,0,222"
"0/1","8,9","17","99","311,0,269"
"0/1","9,14","23","99","488,0,271"
"0/1","41,13","54","99","246,0,1279"
"0/1","98,23","121","99","493,0,2856"
"0/1","44,22","66","99","492,0,1409"
"0/1","9,9","18","99","262,0,316"
"0/1","8,10","18","99","326,0,275"
"0/1","12,8","20","99","267,0,380"
"0/1","14,14","28","99","434,0,442"
"0/1","24,6","30","99","128,0,815"
"0/0","20,0","20","57","0,57,732"
"0/1","59,10","69","89","89,0,1669"
"0/1","55,15","70","99","293,0,1807"
"0/1","91,25","116","99","571,0,2746"
"0/1","17,13","30","99","399,0,573"
"0/1","9,14","23","99","449,0,214"
"0/1","14,11","25","99","355,0,411"
"0/1","11,11","22","99","349,0,299"
"0/1","14,12","26","99","395,0,448"
"0/1","14,20","34","99","658,0,409"
"0/1","9,21","30","99","702,0,270"
"0/1","6,3","9","58","58,0,167"
"0/0","13,0","13","33","0,33,407"
"0/1","19,10","29","99","266,0,600"
"0/1","16,15","31","99","459,0,502"
"0/0","32,0","32","90","0,90,1133"
"0/1","6,9","15","99","306,0,202"
"0/1","16,22","38","99","711,0,524"
"0/1","8,10","18","99","345,0,263"
"0/0","24,0","24","69","0,69,899"
"0/1","13,6","19","99","188,0,458"
"0/0","4,0","4","12","0,12,142"
"0/1","15,8","23","99","216,0,383"
"0/1","17,12","29","99","369,0,557"
"1/1","0,13","17","21","267,21,0"
"0/1","14,8","22","99","252,0,494"
"0/1","25,19","44","99","513,0,808"
"0/1","13,15","28","99","484,0,353"
"0/1","6,7","13","99","241,0,198"
"0/1","11,9","20","99","263,0,385"
"0/1","8,9","17","99","315,0,261"
"0/1","14,14","28","99","457,0,451"
"0/1","20,9","29","99","265,0,713"
"0/1","15,8","23","99","248,0,547"
"0/1","9,13","22","99","421,0,294"
"0/1","11,4","16","16","16,0,188"
"0/1","10,26","36","99","726,0,292"
"0/1","17,15","32","99","422,0,510"
"0/1","18,15","33","99","417,0,525"
"0/1","19,16","35","99","467,0,619"
"0/1","16,9","25","99","287,0,529"
"0/1","3,18","21","62","590,0,62"
"0/0","36,0","36","99","0,105,1434"
"0/0","29,0","29","78","0,78,1024"
"0/0","32,0","32","96","0,96,1269"
"0/0","40,0","40","99","0,111,1472"
"0/1","26,8","35","99","265,0,220"
"0/1","12,15","27","99","416,0,394"
"0/1","7,15","22","99","496,0,211"
"0/1","11,12","23","99","389,0,365"
"0/1","11,11","22","99","380,0,378"
"0/0","21,0","21","63","0,63,843"
"0/1","11,9","20","99","266,0,352"
"0/1","7,8","15","99","262,0,238"
"0/1","11,7","18","99","227,0,228"
"0/0","22,0","23","51","0,51,653"
"0/1","13,11","24","99","337,0,436"
"0/1","21,19","40","99","600,0,550"
"0/1","21,19","40","99","593,0,718"
"0/0","7,1","10","9","0,9,104"
"0/0","27,0","27","75","0,75,1000"
"0/1","16,18","34","99","604,0,538"
"0/1","10,16","26","99","542,0,288"
"0/1","18,21","39","99","688,0,525"
"0/0","24,0","24","63","0,63,869"
"0/0","27,0","27","66","0,66,846"
"0/0","27,0","27","66","0,66,860"
"0/0","24,0","26","72","0,72,936"
"0/0","25,0","25","75","0,75,972"
"0/1","13,18","31","99","536,0,391"
"0/1","11,13","24","99","407,0,369"
"0/1","11,19","30","99","605,0,335"
"0/1","17,20","37","99","706,0,534"
"0/1","17,11","28","99","328,0,412"
"0/1","13,24","37","99","760,0,395"
"0/1","21,26","47","99","858,0,687"
"0/1","19,19","38","99","648,0,597"
"0/1","11,20","31","99","687,0,344"
"0/1","24,16","41","99","127,0,255"
"0/1","14,16","30","99","473,0,472"
"0/1","18,14","32","99","428,0,631"
"0/1","15,16","31","99","507,0,474"
"0/1","11,17","28","99","489,0,341"
"0/1","21,23","44","99","681,0,672"
"0/1","16,17","33","99","505,0,529"
"0/1","18,15","33","99","429,0,553"
"0/1","20,17","37","99","479,0,672"
"0/1","18,17","36","99","517,0,591"
"0/1","13,18","31","99","609,0,252"
"0/0","12,0","12","30","0,30,374"
"0/0","11,0","11","27","0,27,340"
"0/1","22,22","44","99","612,0,692"
"0/1","9,19","28","99","570,0,224"
"0/1","17,16","33","99","523,0,512"
"0/1","12,17","29","99","590,0,386"
"0/1","11,14","25","99","360,0,331"
"0/1","26,8","34","99","183,0,712"
"0/0","33,3","36","22","0,22,1023"
"0/0","33,3","36","22","0,22,1014"
"0/0","34,3","37","28","0,28,1086"
"0/0","33,3","36","28","0,28,1096"
"0/1","17,21","38","99","563,0,528"
"0/0","28,0","28","81","0,81,1069"
"0/1","11,9","20","99","301,0,334"
"0/1","8,10","18","99","302,0,269"
"0/1","14,13","27","99","332,0,331"
"0/1","10,12","22","86","86,0,306"
"0/0","30,0","30","84","0,84,1082"
"0/0","30,0","30","87","0,87,1120"
"0/0","32,0","32","90","0,90,1095"
"0/0","30,2","32","10","0,10,867"
"0/0","31,0","31","90","0,90,1112"
"0/0","29,0","29","81","0,81,1005"
"0/1","16,28","44","99","857,0,486"
"0/1","12,18","30","99","580,0,352"
"0/1","19,15","34","99","442,0,610"
"0/1","16,12","28","99","377,0,439"
"0/1","14,16","30","99","546,0,444"
"0/1","32,5","38","84","84,0,1020"
"0/1","32,6","39","99","126,0,973"
"0/1","42,4","47","12","12,0,1107"
"0/0","26,0","26","72","0,72,914"
"0/1","19,15","34","99","474,0,496"
"0/1","14,15","29","99","465,0,468"
"0/1","13,19","32","99","649,0,400"
"0/1","13,17","30","99","518,0,410"
"0/0","9,0","9","24","0,24,316"
"0/1","14,11","26","99","334,0,452"
"0/1","15,12","27","99","369,0,495"
"0/1","19,15","34","99","447,0,531"
"0/1","25,20","45","99","636,0,709"
"0/1","32,17","49","99","459,0,1077"
"0/1","30,16","46","99","467,0,1016"
"0/1","13,19","32","99","556,0,417"
"0/1","26,10","36","99","264,0,764"
"0/1","15,21","36","99","571,0,437"
"0/1","47,9","56","58","58,0,1462"
"0/1","11,16","27","99","461,0,334"
"1/1","1,19","20","17","644,17,0"
"1/1","3,16","19","11","436,11,0"
"0/1","14,8","22","99","207,0,181"
"1/1","0,9","9","24","271,24,0"
"0/1","14,20","34","99","677,0,399"
"0/1","10,15","25","99","496,0,283"
"0/1","13,12","25","99","333,0,391"
"0/1","12,16","28","99","542,0,348"
"0/1","17,15","32","99","503,0,472"
"0/1","18,20","38","99","680,0,593"
"0/1","17,19","36","99","566,0,522"
"1/1","0,4","6","12","164,12,0"
"0/1","10,24","34","99","806,0,261"
"0/1","22,10","32","94","94,0,539"
"0/1","15,18","33","99","483,0,462"
"0/1","21,17","38","99","481,0,683"
"0/1","19,14","33","99","438,0,659"
"0/1","25,14","39","99","383,0,696"
"1/1","0,29","29","72","954,72,0"
"0/1","11,13","24","99","416,0,236"
"0/1","6,10","16","99","276,0,183"
"0/1","16,16","32","99","519,0,531"
"0/1","18,9","27","99","243,0,539"
"0/1","19,18","37","99","583,0,546"
"0/1","35,16","51","99","307,0,1063"
"0/1","41,10","52","99","270,0,1008"
"0/1","17,16","33","99","477,0,535"
"0/1","15,10","25","99","323,0,455"
"0/1","15,14","29","99","477,0,504"
"0/1","16,11","27","99","357,0,504"
"0/1","13,10","23","99","325,0,438"
"0/1","15,17","32","99","476,0,471"
"0/1","17,21","38","99","671,0,523"
"0/1","18,21","39","99","668,0,558"
"0/0","16,0","16","30","0,30,403"
"0/1","15,8","23","99","252,0,458"
"0/1","15,13","28","99","435,0,488"
"1/1","0,15","15","36","474,36,0"
"0/1","19,5","25","49","49,0,666"
"0/1","14,9","23","99","207,0,459"
"0/1","15,9","24","99","213,0,492"
"0/1","24,14","38","99","336,0,697"
"0/1","31,5","36","19","19,0,984"
"0/1","26,6","32","99","118,0,856"
"0/2","17,9,14","40","99","402,372,984,0,540,584"
"0/1","13,12","25","99","307,0,345"
"0/1","16,8","24","99","250,0,502"
"0/1","16,14","30","99","448,0,504"
"0/1","21,9","33","99","216,0,320"
"0/1","15,19","34","99","613,0,502"
"0/1","15,10","25","99","208,0,443"
"0/0","23,0","23","66","0,66,876"
"0/1","13,20","33","99","628,0,359"
"0/1","14,10","24","99","286,0,489"
"0/1","12,12","24","99","389,0,383"
"0/1","14,16","30","99","530,0,421"
"0/0","41,0","41","99","0,111,1452"
"0/0","25,2","29","57","0,57,710"
"0/1","12,9","21","99","292,0,410"
"0/1","10,11","21","99","381,0,346"
"0/1","13,14","27","99","402,0,379"
"0/1","15,18","33","99","544,0,430"
"0/1","17,16","33","99","498,0,377"
"0/1","19,7","26","99","205,0,597"
"0/1","15,13","28","99","369,0,500"
"0/1","15,13","29","99","405,0,498"
"0/1","26,5","31","33","33,0,820"
"0/1","19,16","35","99","470,0,582"
"0/1","3,9","12","86","311,0,86"
"0/1","10,5","15","99","152,0,359"
"0/1","10,17","27","99","560,0,305"
"0/1","13,11","24","99","290,0,414"
"0/1","15,15","30","99","438,0,396"
"0/1","11,13","24","99","412,0,339"
"0/1","6,12","18","99","386,0,194"
"0/1","14,24","38","99","745,0,420"
"0/1","14,16","31","99","456,0,409"
"0/1","15,7","22","99","218,0,501"
"0/1","11,15","26","99","519,0,354"
"0/1","17,7","25","99","216,0,535"
"0/1","18,12","30","99","355,0,639"
"0/1","7,15","22","99","536,0,216"
"0/1","7,15","22","99","531,0,219"
"0/1","11,15","26","99","457,0,344"
"0/1","11,14","25","99","492,0,332"
"0/1","14,12","26","99","411,0,446"
"0/1","9,8","17","99","281,0,228"
"0/1","8,9","17","99","276,0,261"
"0/1","12,7","19","99","205,0,419"
"0/1","10,14","24","99","439,0,294"
"0/1","18,8","26","99","242,0,602"
"0/1","14,18","32","99","619,0,448"
"0/1","13,8","21","99","243,0,385"
"0/1","18,15","33","99","430,0,609"
"0/1","11,10","21","99","310,0,383"
"0/1","6,4","10","99","130,0,207"
"0/1","12,16","28","99","516,0,344"
"0/1","22,19","42","99","467,0,738"
"0/1","15,19","34","99","650,0,413"
"0/1","22,16","38","99","449,0,620"
"0/1","12,10","22","99","276,0,413"
"0/1","15,11","26","99","296,0,507"
"0/1","20,16","36","99","463,0,665"
"0/1","18,14","32","99","422,0,630"
"0/1","13,18","31","99","543,0,432"
"0/1","11,16","27","99","539,0,316"
"0/1","15,17","33","99","585,0,508"
"0/1","19,14","33","99","451,0,621"
"0/1","8,16","24","95","345,0,95"
"0/1","14,13","27","99","374,0,310"
"0/1","19,14","33","99","448,0,573"
"0/1","25,27","52","99","736,0,582"
"0/1","12,13","25","99","405,0,402"
"0/1","2,5","7","28","91,0,28"
"0/1","2,12","14","16","211,0,16"
"0/1","15,16","31","99","472,0,433"
"0/1","21,15","36","99","486,0,633"
"0/1","14,18","33","99","539,0,453"
"0/1","16,11","27","99","327,0,490"
"0/1","14,6","20","99","180,0,506"
"0/1","13,16","29","99","530,0,445"
"0/1","16,19","35","99","578,0,514"
"0/1","17,18","35","99","557,0,540"
"0/1","17,16","33","99","490,0,464"
"0/1","19,16","35","99","416,0,595"
"0/1","19,13","32","99","325,0,568"
"0/1","14,19","33","99","534,0,385"
"0/1","10,13","24","99","369,0,257"
"0/1","19,16","35","99","501,0,574"
"0/1","19,18","37","99","581,0,563"
"0/1","17,15","32","99","487,0,530"
"1/1","0,16","16","39","491,39,0"
"0/1","12,6","18","99","186,0,365"
"0/1","12,10","22","99","294,0,353"
"0/1","17,13","30","99","365,0,486"
"0/1","11,18","29","99","508,0,355"
"0/1","14,15","29","99","458,0,432"
"0/1","15,18","33","99","581,0,431"
"0/1","17,19","36","99","640,0,488"
"0/1","17,15","32","99","495,0,495"
"0/1","17,13","30","99","370,0,557"
"0/1","14,18","32","99","621,0,399"
"0/1","9,12","21","99","422,0,259"
"0/1","13,17","30","99","564,0,434"
"0/1","17,9","27","99","300,0,408"
"0/1","8,14","22","99","497,0,253"
"0/1","11,7","18","99","191,0,386"
"0/1","7,5","12","99","129,0,256"
"0/1","6,7","13","99","167,0,169"
"0/1","10,12","22","99","297,0,268"
"0/1","11,10","21","99","224,0,358"
"0/1","11,11","22","99","383,0,334"
"0/1","7,6","13","99","198,0,243"
"0/1","13,13","26","99","347,0,425"
"0/1","8,13","21","99","378,0,250"
"0/1","7,7","14","99","203,0,236"
"0/1","12,11","23","99","337,0,383"
"0/1","6,8","14","99","280,0,200"
"0/1","58,12","70","99","300,0,1661"
"0/1","54,20","74","99","538,0,1856"
"0/1","13,34","47","99","1193,0,294"
"0/1","10,26","36","99","925,0,259"
"0/1","21,17","39","99","469,0,713"
"0/1","12,8","20","99","269,0,424"
"0/0","18,0","18","51","0,51,685"
"0/1","3,8","11","90","244,0,90"
"0/1","6,6","12","99","206,0,198"
"0/1","10,23","33","99","817,0,232"
"0/1","12,9","21","99","297,0,389"
"0/1","7,8","15","99","251,0,228"
"0/1","3,7","10","87","252,0,87"
"0/1","10,10","20","99","295,0,337"
"0/1","9,13","22","99","381,0,262"
"0/1","9,14","24","99","397,0,246"
"0/1","20,14","34","99","400,0,615"
"0/1","7,9","16","99","269,0,232"
"0/1","11,14","25","99","413,0,335"
"0/1","7,15","22","99","468,0,191"
"0/1","24,17","41","99","439,0,772"
"0/1","16,16","32","99","450,0,507"
"0/1","15,29","44","99","896,0,397"
"0/1","14,13","27","99","418,0,384"
"0/1","23,20","43","99","527,0,769"
"0/1","12,13","25","99","410,0,365"
"0/1","16,11","27","99","331,0,548"
"0/0","9,0","9","21","0,21,269"
"0/0","11,0","11","21","0,21,248"
"0/1","12,9","21","99","230,0,328"
"0/1","12,13","25","99","433,0,388"
"0/1","17,11","28","99","360,0,560"
"0/1","10,27","37","99","847,0,297"
"0/1","20,13","33","99","397,0,576"
"1/1","3,18","21","54","733,54,0"
"0/1","17,23","40","99","739,0,562"
"0/1","13,11","24","99","372,0,457"
"0/1","8,14","22","99","491,0,256"
"0/1","8,11","19","99","366,0,196"
"0/1","11,12","23","99","394,0,365"
"0/1","12,9","21","99","297,0,413"
"0/1","5,18","23","99","548,0,122"
"0/1","10,16","26","99","505,0,332"
"0/1","19,10","29","99","134,0,527"
"0/0","30,0","30","87","0,87,1144"
"0/1","8,7","15","99","234,0,284"
"0/1","8,8","16","99","245,0,272"
"0/1","15,10","25","99","324,0,520"
"0/1","5,8","13","99","269,0,160"
"0/1","10,4","14","4","4,0,313"
"0/1","13,10","23","99","328,0,439"
"0/1","10,12","22","99","411,0,333"
"0/1","17,14","31","99","459,0,599"
"0/1","6,11","17","99","377,0,192"
"0/1","10,6","16","99","199,0,318"
"0/1","7,11","18","99","392,0,225"
"0/1","8,12","20","99","396,0,267"
"0/1","11,9","20","99","266,0,375"
"0/1","13,8","21","99","256,0,459"
"0/1","5,13","18","26","438,0,26"
"0/1","16,17","33","99","430,0,407"
"0/0","15,0","15","42","0,42,555"
"0/0","15,0","15","45","0,45,583"
"0/0","23,0","23","63","0,63,816"
"0/0","23,0","23","66","0,66,859"
"0/0","23,0","23","63","0,63,849"
"0/0","23,0","23","66","0,66,879"
"0/0","23,0","23","66","0,66,880"
"0/0","23,0","23","66","0,66,873"
"0/0","23,0","23","66","0,66,868"
"0/0","24,0","24","66","0,66,810"
"0/0","25,0","25","69","0,69,901"
"0/0","25,0","25","69","0,69,843"
"0/0","25,0","25","72","0,72,890"
"0/0","26,0","26","75","0,75,985"
"0/0","29,0","29","84","0,84,1115"
"0/1","13,16","29","99","550,0,383"
"0/1","18,19","37","99","630,0,444"
"0/0","8,0","9","12","0,12,149"
"0/1","12,16","28","99","536,0,360"
"0/0","40,0","40","99","0,108,1409"
"0/1","16,5","21","99","108,0,192"
"0/0","30,0","30","84","0,84,1093"
"0/1","10,17","27","99","565,0,236"
"0/1","21,19","40","99","594,0,524"
"0/0","31,5","44","49","0,49,952"
"0/1","20,15","35","99","497,0,665"
"0/1","24,10","34","99","254,0,675"
"0/1","11,12","23","99","297,0,345"
"0/1","13,16","30","99","511,0,348"
"0/1","14,14","28","99","379,0,440"
"0/1","12,7","19","99","177,0,416"
"0/1","18,22","40","99","731,0,574"
"0/1","17,15","32","99","500,0,582"
"0/1","14,15","29","99","500,0,445"
"0/1","10,18","28","99","588,0,314"
"0/1","17,16","33","99","509,0,531"
"0/1","14,10","24","99","331,0,454"
"0/1","15,10","25","99","327,0,489"
"0/1","15,9","24","99","303,0,451"
"0/1","16,14","30","99","391,0,390"
"0/1","10,13","23","99","417,0,283"
"0/1","6,12","18","99","303,0,154"
"0/1","12,8","20","99","258,0,354"
"0/0","8,0","8","18","0,18,242"
"0/0","36,7","43","19","0,19,705"
"0/1","13,12","25","99","397,0,437"
"0/1","3,24","27","45","710,0,45"
"0/1","18,18","36","99","524,0,606"
"0/1","17,20","37","99","631,0,544"
"0/1","8,15","23","99","477,0,228"
"0/1","8,22","30","99","761,0,239"
"0/0","16,0","16","33","0,33,416"
"0/0","16,0","16","33","0,33,426"
"0/1","12,9","21","99","304,0,392"
"0/1","11,14","25","99","499,0,334"
"0/1","8,13","21","99","422,0,262"
"0/1","15,15","30","99","523,0,513"
"0/1","11,10","21","99","294,0,339"
"0/1","7,21","28","99","611,0,209"
"0/0","7,1","8","21","0,21,277"
"0/1","18,20","38","99","621,0,543"
"0/1","22,15","37","99","423,0,759"
"0/1","9,12","21","99","409,0,297"
"0/1","11,11","22","99","377,0,350"
"0/1","10,13","23","99","381,0,327"
"0/1","10,11","21","99","389,0,307"
"0/1","12,15","27","99","495,0,408"
"0/1","10,9","19","99","258,0,313"
"0/1","15,16","31","99","511,0,508"
"0/1","18,11","29","99","362,0,586"
"0/1","14,11","25","99","285,0,463"
"0/1","12,8","20","99","263,0,371"
"0/1","12,4","16","99","114,0,404"
"0/1","8,2","10","43","43,0,280"
"0/1","4,12","16","99","436,0,114"
"0/1","11,13","24","99","426,0,376"
"0/1","10,11","21","99","381,0,335"
"0/1","8,13","21","99","427,0,260"
"0/1","5,8","13","99","251,0,169"
"0/1","7,11","18","99","320,0,237"
"0/1","7,5","12","99","163,0,253"
"0/1","9,12","21","99","386,0,296"
"0/1","17,11","29","99","296,0,511"
"0/0","28,1","29","78","0,78,1022"
"0/0","29,0","29","78","0,78,1021"
"1/2","3,25,11","39","99","960,117,152,748,0,832"
"0/1","33,10","43","99","204,0,1177"
"0/1","30,10","40","99","188,0,1047"
"0/1","15,9","24","99","176,0,505"
"0/0","30,0","32","78","0,78,984"
"1/1","1,10","11","27","323,27,0"
"1/1","1,10","11","30","348,30,0"
"1/1","1,12","13","36","451,36,0"
"0/1","8,20","28","99","649,0,237"
"0/1","7,9","16","99","312,0,195"
"0/1","13,13","26","99","402,0,422"
"0/1","17,14","31","99","393,0,515"
"0/1","25,9","35","99","178,0,754"
"0/1","15,12","27","99","399,0,429"
"0/1","9,4","13","99","123,0,294"
"0/1","17,24","41","99","805,0,572"
"0/1","10,22","35","99","747,0,143"
"0/1","8,12","20","99","369,0,197"
"0/0","30,2","32","69","0,69,898"
"0/1","9,21","30","99","656,0,271"
"0/1","17,12","29","99","396,0,584"
"0/1","11,20","31","99","373,0,213"
"0/1","16,15","31","99","481,0,426"
"0/1","11,15","26","99","486,0,324"
"0/1","12,2","14","38","38,0,426"
"0/1","12,9","21","99","306,0,423"
"0/1","19,18","37","99","559,0,562"
"0/1","10,10","24","99","249,0,107"
"0/1","15,8","24","99","203,0,155"
"0/1","17,12","29","99","359,0,550"
"0/1","19,11","30","99","320,0,564"
"0/1","9,6","16","99","155,0,320"
"0/0","21,0","21","63","0,63,813"
"0/1","14,8","22","99","263,0,474"
"0/0","23,0","24","54","0,54,684"
"0/0","24,0","24","57","0,57,712"
"0/1","15,12","27","99","409,0,472"
"0/1","20,20","40","99","676,0,647"
"0/1","15,18","33","99","622,0,419"
"0/1","13,12","25","99","377,0,399"
"0/1","33,6","39","99","99,0,862"
"0/1","42,6","49","37","37,0,1323"
"0/1","46,11","57","42","42,0,1301"
"0/1","43,11","54","99","140,0,1438"
"0/1","41,10","51","99","105,0,1367"
"0/1","42,9","51","52","52,0,1280"
"0/1","21,10","31","99","136,0,681"
"0/1","4,13","17","96","139,0,96"
"0/1","22,9","31","99","180,0,721"
"0/1","27,10","37","99","240,0,872"
"0/1","12,17","29","99","583,0,341"
"0/1","23,16","39","99","481,0,768"
"0/1","22,17","39","99","568,0,737"
"0/1","22,16","38","99","426,0,616"
"0/1","18,11","29","99","347,0,539"
"0/1","16,7","23","99","186,0,582"
"0/1","9,8","17","99","271,0,278"
"0/1","13,11","24","99","383,0,408"
"0/1","4,7","11","99","252,0,130"
"0/1","18,14","32","99","386,0,597"
"0/1","17,12","29","99","353,0,530"
"0/1","18,18","36","99","624,0,521"
"0/1","15,21","36","99","709,0,501"
"0/1","14,9","24","99","225,0,327"
"0/1","11,17","28","99","451,0,336"
"0/1","12,11","23","99","362,0,378"
"0/1","17,15","32","99","398,0,553"
"0/1","6,8","14","99","238,0,151"
"0/1","4,9","15","12","117,0,12"
"0/1","10,17","27","99","519,0,324"
"0/0","35,0","35","99","0,99,1329"
"0/0","18,0","18","48","0,48,610"
"0/1","16,19","35","99","658,0,514"
"0/1","14,19","33","99","603,0,433"
"0/1","18,10","30","99","220,0,488"
"0/1","18,14","32","99","307,0,518"
"0/1","19,11","30","99","335,0,609"
"0/1","19,12","31","99","386,0,600"
"0/1","21,7","28","99","165,0,697"
"0/1","29,11","40","99","302,0,920"
"0/1","47,15","62","99","379,0,1582"
"0/1","40,16","56","99","436,0,1189"
"0/1","24,19","43","99","554,0,717"
"0/1","24,17","41","99","527,0,712"
"0/1","28,23","51","99","738,0,833"
"0/1","34,14","48","99","400,0,1127"
"0/1","26,17","43","99","482,0,704"
"0/1","21,19","40","99","637,0,628"
"0/1","20,17","37","99","486,0,676"
"0/1","13,16","29","99","494,0,421"
"0/1","17,8","25","99","236,0,506"
"0/1","16,13","29","99","376,0,534"
"0/1","11,10","21","99","214,0,349"
"0/1","14,10","24","99","291,0,489"
"0/1","20,15","35","99","494,0,534"
"0/1","24,22","46","99","677,0,651"
"0/1","26,15","41","99","455,0,803"
"0/1","26,15","41","99","442,0,794"
"0/1","23,21","44","99","595,0,650"
"0/1","12,23","35","99","745,0,305"
"0/1","26,13","39","99","328,0,758"
"0/1","41,11","52","99","255,0,1317"
"0/1","44,14","58","99","348,0,1390"
"0/1","21,39","60","99","1297,0,591"
"0/1","15,16","31","99","481,0,431"
"0/1","15,17","32","99","505,0,469"
"0/1","14,17","31","99","537,0,405"
"0/1","13,10","23","99","329,0,424"
"0/1","7,12","19","99","421,0,227"
"0/1","6,10","16","99","354,0,192"
"0/1","16,19","35","99","566,0,539"
"0/1","10,13","23","99","405,0,276"
"0/1","9,19","28","99","650,0,266"
"0/1","11,12","23","99","338,0,377"
"0/1","13,12","25","99","399,0,437"
"0/1","10,11","21","99","198,0,305"
"0/1","19,18","37","99","383,0,549"
"0/1","23,21","44","99","686,0,719"
"0/1","23,21","44","99","685,0,702"
"0/1","12,15","28","99","484,0,326"
"0/1","19,16","35","99","501,0,512"
"0/1","8,14","22","99","427,0,244"
"0/1","20,16","36","99","524,0,639"
"0/1","13,15","28","99","487,0,402"
"0/1","15,14","29","99","388,0,505"
"0/1","10,8","18","99","263,0,297"
"0/1","18,22","40","99","744,0,515"
"0/1","9,10","19","99","342,0,261"
"0/1","19,10","29","99","321,0,642"
"0/1","11,20","31","99","577,0,310"
"0/1","15,17","32","99","503,0,447"
"0/1","12,11","23","99","335,0,380"
"0/1","16,16","32","99","506,0,553"
"0/1","13,15","28","99","499,0,357"
"0/1","14,5","19","99","143,0,515"
"0/1","9,10","19","99","349,0,315"
"0/1","11,13","24","99","455,0,368"
"0/1","12,20","32","99","708,0,400"
"0/1","5,9","14","99","321,0,162"
"0/1","9,15","24","99","466,0,257"
"0/1","13,7","20","99","190,0,459"
"0/1","41,8","51","99","187,0,1161"
"0/1","38,11","49","99","252,0,973"
"0/1","32,12","44","99","256,0,935"
"0/1","17,15","32","99","468,0,575"
"0/1","15,14","29","99","399,0,441"
"0/1","14,14","28","99","419,0,460"
"0/1","13,17","30","99","524,0,410"
"0/1","12,16","28","99","468,0,340"
"0/1","20,19","40","99","533,0,603"
"0/1","26,19","45","99","578,0,758"
"0/1","25,20","45","99","616,0,839"
"0/1","12,11","23","99","365,0,409"
"0/1","23,9","33","56","56,0,397"
"0/0","26,0","26","69","0,69,849"
"0/1","16,13","29","99","403,0,527"
"0/1","12,9","21","99","246,0,384"
"0/1","9,8","17","99","230,0,264"
"0/1","31,8","39","99","150,0,824"
"0/1","18,14","32","99","458,0,591"
"0/1","16,15","31","99","505,0,511"
"0/1","13,9","22","99","294,0,409"
"0/1","13,9","22","99","292,0,460"
"0/1","6,8","14","99","280,0,185"
"0/1","8,6","14","99","166,0,284"
"0/1","11,10","21","99","269,0,392"
"0/1","4,8","12","99","284,0,126"
"0/1","11,14","25","99","426,0,378"
"0/1","9,6","15","99","192,0,317"
"0/1","21,13","34","99","391,0,664"
"0/1","15,15","30","99","480,0,509"
"0/1","17,21","38","99","654,0,521"
"0/1","14,9","23","99","227,0,453"
"0/1","13,8","21","99","228,0,423"
"0/1","12,6","18","99","166,0,407"
"0/1","13,18","31","99","596,0,424"
"0/1","9,4","13","99","124,0,308"
"0/1","21,16","37","99","511,0,720"
"0/1","11,16","27","99","555,0,369"
"0/1","5,7","12","99","180,0,175"
"0/1","16,7","23","99","165,0,546"
"0/1","17,12","29","99","353,0,598"
"0/1","13,5","18","99","149,0,459"
"0/1","15,17","32","99","537,0,510"
"0/0","22,0","22","66","0,66,858"
"0/1","20,9","29","99","196,0,673"
"0/1","12,18","30","99","580,0,305"
"0/1","11,8","19","99","231,0,397"
"0/1","17,13","30","99","425,0,586"
"0/1","17,10","27","99","316,0,607"
"0/1","12,11","23","99","334,0,369"
"0/1","15,13","28","99","435,0,463"
"0/1","17,17","34","99","572,0,519"
"0/1","12,19","31","99","559,0,394"
"0/1","17,18","35","99","478,0,585"
"0/1","18,18","36","99","555,0,548"
"0/1","15,13","28","99","357,0,451"
"0/1","13,15","28","99","377,0,395"
"0/0","5,0","5","6","0,6,80"
"0/1","19,19","38","99","613,0,619"
"0/1","15,13","28","99","350,0,399"
"0/1","9,14","23","99","445,0,295"
"0/0","15,0","15","45","0,45,616"
"0/1","16,14","30","99","470,0,525"
"0/1","17,16","33","99","510,0,580"
"1/1","1,24","25","63","842,63,0"
"0/1","11,6","17","99","157,0,362"
"0/1","13,13","26","99","375,0,445"
"0/1","8,9","17","99","322,0,239"
"0/1","38,12","51","99","310,0,595"
"0/0","4,1","5","3","0,3,40"
"0/1","13,17","30","99","581,0,328"
"0/1","15,14","29","99","414,0,519"
"0/1","19,24","43","99","766,0,608"
"0/1","12,6","18","99","194,0,391"
"0/1","14,12","26","99","372,0,445"
"0/1","17,14","31","99","457,0,494"
"0/1","8,23","31","99","751,0,131"
"0/1","15,22","37","99","724,0,403"
"0/1","23,17","40","99","453,0,743"
"1/1","0,4","4","6","63,6,0"
"0/0","35,0","35","99","0,99,1321"
"0/1","8,7","15","99","235,0,284"
"0/1","11,11","22","99","344,0,374"
"0/1","12,8","20","99","263,0,415"
"0/1","18,12","30","99","388,0,603"
"0/1","16,19","35","99","638,0,509"
"0/1","13,18","31","99","548,0,395"
"1/1","1,4","5","12","154,12,0"
"0/1","13,12","25","99","411,0,384"
"0/0","31,0","31","90","0,90,1194"
"0/1","35,17","52","99","314,0,786"
"1/1","8,57","65","19","1834,19,0"
"0/1","59,16","75","99","310,0,1686"
"0/1","54,21","75","99","517,0,1453"
"0/0","71,5","76","9","0,9,2011"
"0/1","48,25","73","99","532,0,1318"
"0/1","43,16","59","99","430,0,1195"
"0/1","63,13","76","99","286,0,1770"
"0/1","62,12","74","99","214,0,1747"
"0/1","43,24","67","99","714,0,1107"
"0/0","67,0","67","99","0,166,2163"
"0/0","64,0","64","99","0,166,2137"
"0/1","15,43","58","99","1190,0,403"
"0/1","42,5","47","32","32,0,1137"
"0/1","42,4","46","53","53,0,998"
"0/1","46,5","51","53","53,0,1074"
"0/1","22,11","33","99","167,0,749"
"0/1","19,16","35","99","513,0,476"
"0/1","31,8","39","99","177,0,794"
"0/1","34,11","45","99","249,0,833"
"0/0","55,0","55","99","0,126,1647"
"0/1","29,17","46","99","448,0,869"
"0/1","37,13","50","99","302,0,848"
"0/1","36,13","49","99","309,0,795"
"0/1","32,13","46","99","284,0,727"
"0/0","42,0","42","87","0,87,1135"
"0/1","23,8","31","99","116,0,587"
"0/1","41,10","51","99","198,0,1139"
"0/1","29,9","38","99","199,0,992"
"0/1","29,11","40","99","283,0,921"
"0/1","30,8","38","99","191,0,960"
"0/1","24,5","29","79","79,0,877"
"0/1","21,9","30","99","273,0,723"
"0/1","22,13","35","99","379,0,746"
"0/1","23,15","38","99","408,0,757"
"0/1","27,12","39","99","312,0,936"
"0/1","21,13","34","99","394,0,699"
"0/1","20,11","31","99","305,0,635"
"0/1","18,10","28","99","269,0,624"
"0/1","21,9","30","99","275,0,627"
"0/1","20,12","32","99","259,0,676"
"0/1","15,12","27","99","393,0,433"
"0/1","10,12","22","99","296,0,289"
"0/1","17,12","29","99","306,0,551"
"0/1","16,19","35","99","600,0,397"
"0/1","26,8","35","99","218,0,810"
"0/1","36,15","51","99","269,0,1223"
"0/1","48,10","58","52","52,0,1442"
"0/1","36,12","48","81","81,0,1037"
"0/1","93,14","107","99","192,0,2099"
"0/1","34,11","45","99","242,0,717"
"0/1","22,20","43","99","431,0,445"
"0/1","10,20","30","99","501,0,289"
"0/1","13,11","24","99","372,0,455"
"0/1","16,15","31","99","357,0,518"
"0/1","11,19","30","99","582,0,345"
"0/1","13,19","32","99","641,0,363"
"0/1","20,12","32","99","396,0,638"
"0/1","8,10","18","99","274,0,185"
"0/1","13,12","25","99","414,0,434"
"0/1","12,16","28","99","566,0,391"
"0/0","32,0","32","78","0,78,1005"
"0/0","24,0","24","69","0,69,889"
"0/1","21,13","34","99","386,0,710"
"0/1","12,16","28","99","412,0,397"
"0/1","7,21","28","99","689,0,196"
"0/1","23,11","35","99","167,0,707"
"0/0","8,0","9","21","0,21,260"
"0/1","12,15","27","99","529,0,362"
"0/1","4,13","18","75","372,0,75"
"0/0","19,0","19","48","0,48,634"
"0/1","11,14","25","99","454,0,369"
"0/1","13,17","31","99","430,0,217"
"0/1","23,16","39","99","519,0,728"
"0/1","13,8","21","99","207,0,378"
"0/1","13,8","22","99","246,0,340"
"0/1","15,14","31","99","417,0,323"
"0/1","13,12","26","99","407,0,404"
"0/1","14,17","31","99","527,0,432"
"0/1","11,28","39","99","866,0,277"
"0/1","7,8","15","99","273,0,234"
"0/1","3,14","17","72","481,0,72"
"0/1","11,9","20","99","297,0,333"
"0/0","10,0","10","12","0,12,150"
"0/0","3,3","8","3","0,3,32"
"0/1","14,11","25","99","345,0,424"
"0/1","9,16","25","99","560,0,287"
"0/1","7,14","21","99","485,0,177"
"0/1","13,14","27","99","482,0,428"
"0/1","20,9","29","99","271,0,664"
"0/1","18,12","30","99","348,0,585"
"0/1","21,21","42","99","619,0,633"
"0/1","19,12","31","99","318,0,620"
"0/1","11,16","27","99","538,0,279"
"0/1","14,20","34","99","629,0,413"
"0/1","8,16","24","99","514,0,245"
"0/1","12,11","23","99","297,0,355"
"0/1","11,17","28","99","502,0,261"
"0/1","15,18","33","99","520,0,423"
"0/1","12,13","25","99","406,0,402"
"0/1","11,15","26","99","383,0,335"
"0/1","17,13","30","99","378,0,497"
"0/1","12,15","27","99","409,0,407"
"0/1","10,10","20","99","259,0,327"
"1/1","0,22","22","63","804,63,0"
"0/1","11,11","23","99","370,0,350"
"0/1","12,13","25","99","410,0,371"
"0/1","12,13","25","99","436,0,364"
"0/1","6,20","26","99","665,0,100"
"0/1","17,14","31","99","451,0,476"
"0/1","19,14","33","99","444,0,596"
"0/1","15,10","25","99","334,0,529"
"0/1","15,11","26","99","337,0,526"
"0/1","13,11","24","99","376,0,428"
"0/1","10,9","22","99","261,0,221"
"1/1","0,37","37","99","1450,111,0"
"0/1","14,14","28","99","345,0,430"
"0/1","12,6","19","99","163,0,406"
"0/1","14,18","32","99","568,0,427"
"0/1","15,21","36","99","597,0,424"
"0/0","26,0","26","72","0,72,954"
"0/1","19,15","34","99","490,0,663"
"0/1","21,27","48","99","880,0,643"
"0/1","14,16","30","99","550,0,369"
"0/1","17,16","33","99","501,0,540"
"0/1","19,12","31","99","400,0,586"
"0/1","10,9","19","99","274,0,342"
"0/1","14,11","25","99","333,0,492"
"0/1","19,22","41","99","749,0,611"
"0/1","14,12","26","99","409,0,439"
"0/1","12,9","21","99","291,0,425"
"0/1","17,15","32","99","422,0,543"
"0/1","12,7","19","99","175,0,423"
"0/1","17,11","28","99","353,0,606"
"0/1","22,14","36","99","388,0,670"
"0/1","17,15","32","99","490,0,472"
"0/1","24,15","39","99","363,0,768"
"0/1","19,10","30","99","216,0,380"
"0/1","16,9","25","99","269,0,516"
"0/1","19,21","40","99","677,0,567"
"0/1","9,12","21","99","395,0,270"
"0/1","9,12","21","99","393,0,270"
"0/1","17,18","35","99","540,0,540"
"0/1","14,15","29","99","461,0,426"
"0/1","17,14","31","99","441,0,532"
"0/1","17,7","24","99","171,0,579"
"0/1","9,8","17","99","216,0,307"
"0/1","10,3","13","77","77,0,331"
"0/1","9,4","13","99","107,0,288"
"0/1","6,11","17","99","344,0,183"
"0/1","12,13","25","99","417,0,410"
"0/1","13,8","24","99","183,0,241"
"0/1","7,18","25","99","652,0,170"
"0/1","6,12","18","99","397,0,178"
"0/1","16,15","31","99","510,0,443"
"0/1","12,15","27","99","528,0,411"
"0/1","21,10","31","99","283,0,715"
"0/0","2,0","2","6","0,6,82"
"1/1","1,30","31","53","1148,53,0"
"0/1","9,17","26","99","559,0,269"
"0/1","10,15","25","99","449,0,323"
"0/1","17,13","30","99","445,0,553"
"1/1","1,10","11","12","153,12,0"
"0/1","6,11","20","86","289,0,86"
"0/1","6,9","15","99","265,0,198"
"0/1","11,6","17","99","184,0,356"
"0/1","14,8","23","99","247,0,363"
"0/1","17,6","23","99","176,0,552"
"0/1","21,22","43","99","712,0,670"
"0/1","13,20","33","99","611,0,395"
"0/1","18,22","40","99","725,0,589"
"0/1","23,13","36","99","342,0,707"
"0/0","31,2","34","13","0,13,979"
"0/1","10,7","17","99","204,0,349"
"0/0","38,0","38","99","0,105,1376"
"0/1","14,11","25","99","338,0,489"
"0/1","11,22","33","99","758,0,301"
"0/1","12,21","33","99","680,0,331"
"1/1","0,36","37","99","1413,105,0"
"0/1","20,21","41","99","665,0,681"
"1/2","0,21,10","31","99","1072,359,302,713,0,683"
"0/1","9,23","32","99","783,0,222"
"0/1","13,9","22","99","230,0,464"
"0/1","4,6","10","99","212,0,130"
"0/1","6,15","21","99","427,0,191"
"0/1","14,13","27","99","334,0,494"
"0/1","11,10","21","99","344,0,375"
"0/1","17,9","26","99","245,0,578"
"0/1","17,17","34","99","420,0,449"
"0/1","19,4","24","81","81,0,499"
"0/1","12,13","25","99","397,0,402"
"0/1","11,9","20","99","270,0,343"
"0/1","17,17","34","99","537,0,589"
"0/1","15,11","26","99","360,0,521"
"0/1","11,13","24","99","384,0,334"
"0/1","15,17","32","99","542,0,471"
"0/1","16,12","28","99","393,0,525"
"0/1","5,15","20","99","477,0,146"
"0/1","9,10","19","99","305,0,297"
"0/1","11,15","26","99","439,0,352"
"0/1","14,12","26","99","372,0,425"
"0/1","17,13","31","99","405,0,572"
"0/1","17,5","22","99","110,0,585"
"0/1","18,11","29","99","355,0,592"
"0/1","13,19","32","99","578,0,410"
"0/1","17,14","31","99","418,0,562"
"0/1","13,15","28","99","501,0,372"
"0/1","6,13","19","99","473,0,185"
"0/1","7,10","17","99","309,0,228"
"0/1","16,14","30","99","405,0,478"
"0/1","10,11","21","99","319,0,253"
"0/1","15,14","29","99","452,0,450"
"0/1","11,17","28","99","559,0,328"
"0/1","13,13","26","99","418,0,457"
"0/1","17,6","23","99","184,0,552"
"0/1","13,7","20","99","224,0,452"
"0/1","13,11","24","99","385,0,391"
"0/1","12,10","22","99","335,0,389"
"0/1","10,7","17","99","234,0,346"
"0/1","13,10","23","99","334,0,421"
"0/1","10,12","22","99","412,0,341"
"0/1","17,19","36","99","598,0,570"
"0/1","16,14","30","99","461,0,551"
"0/1","15,14","29","99","477,0,511"
"0/1","9,18","27","99","634,0,236"
"0/1","10,17","27","99","597,0,319"
"0/1","12,12","24","99","410,0,414"
"0/1","8,15","23","99","502,0,263"
"0/1","15,11","26","99","359,0,452"
"0/1","16,14","30","99","422,0,444"
"0/1","14,13","27","99","372,0,402"
"0/1","14,13","27","99","389,0,414"
"0/1","16,15","31","99","411,0,451"
"0/1","18,16","34","99","446,0,536"
"0/1","18,16","34","99","417,0,546"
"0/1","18,18","36","99","570,0,600"
"0/1","17,14","31","99","404,0,536"
"0/1","21,16","37","99","486,0,651"
"0/1","16,7","24","99","170,0,479"
"0/1","17,18","35","99","500,0,473"
"0/1","19,16","35","99","514,0,452"
"0/1","17,13","30","99","379,0,481"
"0/0","13,1","15","30","0,30,365"
"0/1","16,14","30","99","381,0,535"
"0/1","20,13","33","99","433,0,663"
"0/1","24,16","40","99","495,0,776"
"0/1","15,17","32","99","470,0,494"
"0/1","33,10","43","99","241,0,1056"
"0/1","15,11","26","99","292,0,473"
"0/1","21,12","33","99","379,0,750"
"0/1","27,12","39","99","254,0,944"
"0/1","25,3","28","4","4,0,866"
"0/1","15,7","22","99","219,0,445"
"0/1","11,17","28","99","534,0,311"
"0/1","16,21","37","99","610,0,533"
"0/1","18,18","36","99","553,0,517"
"0/1","19,17","36","99","566,0,646"
"0/1","17,19","36","99","612,0,513"
"0/1","13,14","27","99","421,0,418"
"0/0","30,1","31","54","0,54,684"
"0/1","17,12","29","99","384,0,534"
"0/1","10,18","28","99","584,0,324"
"0/1","12,13","25","99","436,0,363"
"0/1","24,12","36","99","285,0,755"
"0/1","33,9","47","99","142,0,821"
"0/1","41,9","50","99","160,0,1109"
"0/1","42,10","52","99","153,0,1200"
"0/1","39,9","48","99","146,0,1132"
"0/1","48,9","57","94","94,0,1307"
"0/1","46,8","54","99","135,0,1269"
"0/1","44,6","50","67","67,0,1184"
"0/1","51,12","64","99","127,0,1664"
"0/1","20,17","37","99","492,0,657"
"0/0","51,6","57","3","0,3,1338"
"0/1","18,7","25","99","193,0,557"
"0/1","11,18","29","99","589,0,303"
"0/1","17,12","29","99","321,0,510"
"0/1","18,12","30","99","339,0,636"
"0/1","15,18","33","99","563,0,489"
"0/1","20,19","39","99","536,0,644"
"0/1","17,18","35","99","614,0,584"
"0/1","22,11","33","99","316,0,713"
"0/1","18,16","34","99","336,0,503"
"0/1","16,19","35","99","574,0,456"
"0/1","4,14","19","91","120,0,91"
"0/1","4,8","12","99","155,0,119"
"0/1","16,16","32","99","523,0,470"
"0/1","15,6","21","99","176,0,512"
"0/1","12,7","19","99","197,0,394"
"0/1","17,16","33","99","436,0,399"
"0/1","13,11","25","99","266,0,308"
"0/1","22,17","39","99","562,0,726"
"0/1","15,15","30","99","508,0,472"
"0/1","10,21","31","99","598,0,268"
"0/1","13,10","23","99","338,0,457"
"0/1","19,13","32","99","433,0,623"
"0/1","9,10","19","99","345,0,256"
"0/0","16,3","19","42","0,42,541"
"0/1","12,17","29","99","601,0,397"
"0/1","22,20","42","99","618,0,696"
"0/1","7,16","23","99","491,0,217"
"0/1","22,13","35","99","364,0,748"
"0/0","29,3","32","1","0,1,792"
"0/1","17,18","35","99","548,0,489"
"0/1","17,22","39","99","680,0,546"
"0/1","28,8","36","99","161,0,868"
"0/1","15,14","29","99","418,0,444"
"0/1","31,6","37","27","27,0,918"
"0/1","21,10","31","99","186,0,650"
"0/1","12,12","24","99","392,0,382"
"0/1","14,16","30","99","519,0,416"
"0/1","14,16","30","99","509,0,429"
"0/1","16,9","26","99","249,0,440"
"0/1","5,7","12","99","145,0,108"
"0/1","20,13","33","99","426,0,694"
"0/1","17,21","38","99","712,0,460"
"0/0","34,0","34","93","0,93,1232"
"0/1","12,9","21","99","266,0,311"
"0/0","24,0","24","72","0,72,967"
"0/0","25,0","25","75","0,75,951"
"0/1","14,15","30","99","476,0,429"
"0/1","12,15","27","99","427,0,382"
"0/0","5,0","5","9","0,9,117"
"0/1","16,11","27","99","339,0,476"
"0/0","29,2","31","7","0,7,950"
"0/1","18,13","31","99","415,0,629"
"0/1","14,14","28","99","485,0,394"
"0/1","12,16","28","99","531,0,370"
"0/1","10,16","26","99","525,0,292"
"0/1","16,15","31","99","514,0,465"
"0/1","22,16","38","99","497,0,728"
"0/1","20,15","35","99","485,0,708"
"0/0","34,0","34","99","0,102,1364"
"0/1","14,19","33","99","617,0,411"
"0/1","11,8","19","99","256,0,387"
"0/1","6,10","16","99","356,0,185"
"0/1","10,10","20","99","344,0,339"
"0/1","7,15","22","99","380,0,228"
"0/0","18,3","21","54","0,54,720"
"0/1","12,19","33","99","655,0,363"
"0/1","17,16","34","99","460,0,591"
"0/1","13,14","27","99","372,0,455"
"0/1","11,12","23","99","336,0,377"
"0/1","12,5","17","99","152,0,367"
"0/1","15,12","27","99","399,0,461"
"0/1","33,9","42","99","144,0,297"
"0/1","21,19","42","99","357,0,205"
"0/1","16,12","28","99","318,0,467"
"0/1","9,14","23","99","473,0,288"
"0/1","48,18","66","99","208,0,1190"
"0/1","25,12","37","99","246,0,584"
"0/1","20,8","28","99","210,0,487"
"0/1","14,23","37","99","811,0,413"
"0/1","16,6","22","99","142,0,401"
"0/1","10,6","17","99","152,0,356"
"0/1","10,5","15","99","124,0,322"
"0/1","10,13","23","99","461,0,338"
"0/1","10,6","16","99","156,0,291"
"0/1","21,13","34","99","425,0,737"
"0/0","11,0","11","27","0,27,358"
"0/1","12,15","28","99","418,0,368"
"0/0","38,0","38","96","0,96,1203"
"0/0","43,0","43","99","0,117,1455"
"0/0","43,0","43","99","0,126,1622"
"0/0","37,0","37","99","0,105,1348"
"0/0","36,0","36","99","0,105,1337"
"0/0","33,0","33","99","0,99,1262"
"0/1","9,20","29","99","706,0,272"
"0/1","10,10","20","99","338,0,307"
"0/1","22,12","34","99","350,0,705"
"0/1","24,13","37","99","348,0,725"
"0/1","15,18","33","99","602,0,492"
"0/1","22,20","42","99","642,0,687"
"0/1","14,17","31","99","539,0,452"
"0/1","15,16","31","99","453,0,426"
"0/1","3,5","8","98","123,0,98"
"0/0","7,0","7","18","0,18,239"
"0/1","52,10","63","80","80,0,1480"
"0/1","17,42","62","99","1152,0,346"
"0/1","24,11","35","99","256,0,681"
"0/1","23,11","34","99","265,0,652"
"0/1","25,13","39","99","183,0,640"
"0/1","26,14","41","99","181,0,673"
"0/1","17,10","27","99","237,0,599"
"0/1","10,10","20","99","305,0,353"
"0/1","15,7","22","99","160,0,482"
"0/1","16,22","38","99","688,0,512"
"0/1","11,18","29","99","559,0,349"
"0/1","15,7","22","99","226,0,507"
"0/1","19,20","39","99","639,0,588"
"0/0","19,1","20","48","0,48,610"
"0/1","16,15","31","99","482,0,446"
"0/1","10,5","15","99","118,0,332"
"0/1","12,8","20","99","266,0,395"
"0/1","17,13","30","99","402,0,554"
"0/0","14,0","14","42","0,42,565"
"0/1","15,10","25","99","331,0,477"
"0/1","14,7","22","99","187,0,378"
"0/1","22,18","40","99","525,0,717"
"0/1","12,11","23","99","375,0,415"
"0/1","11,11","22","99","313,0,380"
"0/1","7,10","17","99","336,0,210"
"0/0","11,0","11","33","0,33,436"
"0/0","15,3","20","30","0,30,362"
"0/1","9,8","17","99","265,0,273"
"0/1","30,7","37","43","43,0,969"
"0/1","12,6","18","99","132,0,386"
"0/1","3,5","8","88","111,0,88"
"0/1","16,11","27","99","342,0,375"
"0/1","14,17","31","99","590,0,417"
"0/0","32,0","36","90","0,90,1164"
"0/0","46,1","47","99","0,117,1503"
"0/0","42,3","45","99","0,114,1489"
"0/1","10,16","26","99","337,0,326"
"0/1","10,1","11","4","4,0,363"
"0/1","5,8","13","99","268,0,143"
"0/0","13,0","13","39","0,39,510"
"0/1","19,14","33","99","381,0,659"
"0/1","15,16","31","99","554,0,463"
"0/1","10,5","15","99","154,0,321"
"0/1","7,11","18","99","359,0,231"
"0/1","5,10","15","99","369,0,149"
"0/1","4,4","9","65","65,0,93"
"0/1","19,9","28","99","240,0,640"
"0/1","15,16","31","99","514,0,471"
"0/1","10,6","16","99","160,0,361"
"0/1","14,12","26","99","409,0,452"
"0/1","9,10","19","99","314,0,262"
"0/1","19,16","35","99","425,0,659"
"0/0","26,0","26","75","0,75,872"
"0/1","15,6","21","99","150,0,312"
"0/1","17,16","33","99","555,0,592"
"0/1","4,34","38","61","959,0,61"
"0/1","18,15","33","99","136,0,383"
"0/1","20,8","28","99","226,0,638"
"0/1","8,12","20","99","302,0,271"
"0/1","16,7","23","99","217,0,533"
"0/1","17,20","37","99","639,0,547"
"0/1","15,12","27","99","395,0,509"
"0/1","12,11","23","99","358,0,359"
"0/1","23,13","36","99","406,0,796"
"0/1","18,12","30","99","317,0,534"
"0/0","26,1","27","35","0,35,880"
"0/1","8,6","14","99","137,0,162"
"0/1","20,14","34","99","410,0,631"
"0/1","20,15","35","99","426,0,659"
"0/0","7,6","14","15","0,15,182"
"0/1","11,5","17","99","118,0,359"
"0/1","14,13","27","99","298,0,372"
"0/1","17,15","32","99","502,0,549"
"0/1","19,11","30","99","343,0,626"
"0/1","19,16","35","99","481,0,619"
"0/1","21,15","37","99","428,0,681"
"0/1","16,18","35","99","579,0,461"
"0/1","9,18","27","99","561,0,205"
"0/1","10,17","27","99","513,0,233"
"0/1","12,23","35","99","811,0,288"
"0/1","15,14","29","99","427,0,496"
"0/1","14,9","23","99","283,0,407"
"0/1","14,10","24","99","319,0,502"
"0/1","13,7","20","99","217,0,386"
"0/1","12,2","14","43","43,0,393"
"0/1","13,20","33","99","711,0,336"
"0/1","11,7","18","99","211,0,342"
"0/1","8,15","23","99","510,0,253"
"0/1","17,8","25","99","252,0,558"
"0/1","29,16","45","99","493,0,1007"
"0/1","11,13","24","99","432,0,364"
"0/1","15,13","28","99","388,0,513"
"0/1","8,13","21","99","432,0,226"
"0/1","16,11","27","99","353,0,550"
"0/1","20,18","38","99","467,0,678"
"0/0","15,0","15","42","0,42,568"
"0/1","14,4","18","99","111,0,464"
"0/1","38,15","53","99","125,0,880"
"0/1","40,15","55","99","121,0,948"
"0/1","35,15","50","99","227,0,923"
"0/1","20,5","25","21","21,0,627"
"0/0","25,0","25","72","0,72,964"
"0/1","13,13","26","99","420,0,397"
"0/1","7,8","15","99","274,0,235"
"0/1","11,10","21","99","328,0,380"
"0/1","10,16","26","99","489,0,286"
"0/0","19,0","19","51","0,51,695"
"0/0","23,0","23","63","0,63,840"
"0/1","8,6","14","99","189,0,240"
"0/1","9,13","22","99","417,0,302"
"0/1","9,13","22","99","424,0,260"
"0/1","11,9","20","99","287,0,303"
"0/1","6,17","23","99","624,0,176"
"0/1","11,15","26","99","489,0,365"
"0/1","85,12","97","99","127,0,2815"
"0/1","23,17","40","99","363,0,819"
"0/1","4,10","14","99","358,0,120"
"0/1","8,8","16","99","272,0,274"
"0/1","8,14","22","99","471,0,266"
"0/1","18,7","25","99","208,0,574"
"0/1","16,15","32","99","440,0,463"
"1/1","0,15","16","33","434,33,0"
"0/1","20,13","34","99","400,0,490"
"0/1","15,12","27","99","347,0,453"
"0/1","6,22","28","88","713,0,88"
"0/1","22,15","37","99","415,0,670"
"0/0","9,0","9","27","0,27,361"
"0/1","15,16","31","99","484,0,471"
"0/1","11,16","27","99","511,0,346"
"0/1","5,4","9","99","139,0,136"
"0/1","11,14","25","99","432,0,366"
"0/1","9,13","22","99","468,0,249"
"0/1","13,20","33","99","612,0,382"
"0/0","17,0","17","48","0,48,642"
"0/0","20,1","21","52","0,52,706"
"0/1","14,11","25","99","371,0,451"
"0/1","5,24","29","99","224,0,118"
"0/1","10,1","11","13","13,0,243"
"0/1","14,22","36","99","767,0,447"
"0/1","10,10","20","99","339,0,323"
"0/1","17,11","28","99","353,0,550"
"0/1","15,14","29","99","370,0,455"
"0/1","14,7","21","99","211,0,444"
"0/1","10,12","22","99","421,0,299"
"0/1","13,9","22","99","273,0,405"
"0/1","10,7","17","99","139,0,253"
"0/0","21,1","24","17","0,17,619"
"0/0","23,2","26","26","0,26,753"
"0/1","31,8","40","99","151,0,945"
"0/1","14,19","33","99","549,0,416"
"0/1","12,13","25","99","413,0,347"
"0/1","21,14","35","99","423,0,709"
"0/1","21,12","34","99","323,0,693"
"0/1","14,17","31","99","588,0,429"
"0/1","10,4","14","99","106,0,330"
"0/1","9,7","16","99","232,0,309"
"0/1","11,14","25","99","457,0,370"
"0/1","12,10","22","99","341,0,394"
"0/1","9,13","22","99","433,0,256"
"0/1","7,15","22","99","553,0,219"
"0/1","16,22","38","99","722,0,500"
"0/1","10,11","21","99","372,0,341"
"0/1","8,18","26","99","517,0,238"
"0/1","12,20","34","99","638,0,298"
"0/1","16,7","23","99","202,0,471"
"0/1","17,13","30","99","422,0,422"
"0/1","29,5","34","83","83,0,1018"
"0/1","22,14","40","99","162,0,710"
"0/1","23,13","39","99","168,0,673"
"0/1","20,12","34","99","113,0,498"
"0/1","23,12","35","99","280,0,696"
"0/0","23,0","23","63","0,63,835"
"1/1","2,37","39","37","1355,37,0"
"0/1","16,15","31","99","431,0,533"
"0/1","9,8","17","99","279,0,264"
"0/1","9,8","17","99","281,0,227"
"0/1","21,18","40","99","516,0,701"
"0/1","24,15","39","99","453,0,799"
"0/1","9,13","22","99","382,0,294"
"0/1","16,18","34","99","482,0,506"
"0/1","17,20","37","99","475,0,516"
"0/1","12,11","23","99","375,0,408"
"0/1","10,24","34","99","735,0,296"
"0/0","32,0","32","69","0,69,910"
"0/1","26,14","40","99","380,0,878"
"0/1","27,6","33","99","117,0,934"
"0/1","14,13","27","99","409,0,441"
"0/1","16,13","29","99","389,0,504"
"0/1","28,10","38","99","263,0,911"
"0/1","8,4","12","99","134,0,254"
"0/0","11,0","11","21","0,21,261"
"0/0","13,0","13","24","0,24,304"
"0/0","12,0","13","24","0,24,307"
"0/1","15,15","30","99","499,0,457"
"0/0","29,0","29","84","0,84,1085"
"0/1","9,5","14","99","157,0,323"
"0/1","7,4","11","98","98,0,181"
"0/1","13,10","23","99","325,0,408"
"0/1","9,15","24","99","511,0,208"
"0/1","17,15","32","99","433,0,225"
"1/1","0,3","3","9","117,9,0"
"0/1","14,9","23","99","248,0,484"
"0/1","17,13","30","99","444,0,559"
"0/1","11,5","16","99","148,0,352"
"0/1","13,22","35","99","635,0,330"
"0/1","19,15","34","99","465,0,669"
"0/0","6,0","6","18","0,18,237"
"0/0","6,0","6","18","0,18,237"
"0/0","6,0","6","18","0,18,229"
"0/0","6,0","6","18","0,18,239"
"0/0","7,0","7","21","0,21,281"
"0/0","7,0","7","21","0,21,279"
"0/0","7,0","7","21","0,21,284"
"0/0","7,0","7","21","0,21,279"
"0/1","9,10","19","99","335,0,310"
"0/1","8,10","18","99","355,0,275"
"0/1","8,6","14","99","170,0,249"
"0/1","7,7","14","99","239,0,245"
"0/1","16,15","31","99","465,0,444"
"0/1","12,16","28","99","507,0,396"
"0/1","6,10","16","99","364,0,194"
"0/1","11,28","40","99","825,0,256"
"0/1","8,11","19","99","366,0,267"
"0/1","5,10","15","59","173,0,59"
"0/0","9,0","9","27","0,27,339"
"0/0","9,0","9","27","0,27,346"
"0/1","17,10","27","99","321,0,573"
"0/1","13,12","25","99","411,0,439"
"0/1","19,7","26","99","171,0,597"
"0/0","17,0","19","45","0,45,591"
"0/1","26,20","46","99","525,0,901"
"0/1","25,10","36","99","251,0,523"
"0/1","10,5,3","18","20","101,0,271,20,178,294"
"0/0","25,0","25","45","0,45,565"
"0/0","23,0","25","45","0,45,585"
"0/1","21,12","33","99","233,0,566"
"0/1","54,10","64","99","106,0,1637"
"0/1","37,12","49","99","242,0,1242"
"0/1","38,11","49","99","166,0,1232"
"0/1","39,15","54","99","293,0,1222"
"0/1","39,15","54","99","292,0,1262"
"0/1","38,15","54","99","294,0,1217"
"0/1","22,10","32","89","89,0,681"
"0/1","27,13","40","99","212,0,772"
"0/0","5,0","5","12","0,12,150"
"0/1","6,12","22","99","354,0,117"
"0/1","7,5","12","99","164,0,250"
"0/1","13,14","27","99","441,0,419"
"0/0","12,0","12","36","0,36,474"
"0/1","40,11","51","99","192,0,1296"
"0/1","35,12","47","99","272,0,1152"
"0/1","37,13","50","99","286,0,1052"
"0/1","41,13","54","99","315,0,1145"
"0/1","45,15","60","99","287,0,1283"
"0/1","47,15","62","99","269,0,1402"
"0/1","48,14","62","99","243,0,1406"
"0/1","39,10","50","99","148,0,1067"
"0/1","37,11","48","50","50,0,1086"
"0/1","39,9","48","99","124,0,1174"
"0/1","44,9","53","84","84,0,1321"
"0/1","13,8","21","99","257,0,433"
"0/0","9,1","10","12","0,12,135"
"0/1","9,22","31","99","633,0,281"
"0/1","7,16","23","99","545,0,182"
"0/1","6,12","18","99","403,0,199"
"0/1","8,13","21","99","433,0,205"
"0/1","12,11","23","99","333,0,366"
"0/1","13,20","33","99","668,0,423"
"0/1","14,19","33","99","567,0,445"
"0/0","36,0","36","99","0,105,1398"
"0/1","12,13","25","99","454,0,402"
"0/1","9,8","17","99","268,0,304"
"0/1","13,11","24","99","356,0,442"
"0/1","55,9","66","99","186,0,1282"
"0/1","53,14","67","73","73,0,1400"
"0/1","33,13","47","99","249,0,914"
"0/1","13,14","27","99","417,0,393"
"0/1","9,12","21","99","380,0,267"
"0/0","5,0","5","12","0,12,154"
"0/1","14,13","27","99","435,0,472"
"0/1","8,8","16","99","275,0,230"
"0/1","24,12","36","99","330,0,821"
"0/1","23,18","41","99","592,0,792"
"0/1","16,18","34","99","621,0,452"
"0/1","15,7","22","99","224,0,491"
"0/1","22,20","42","99","618,0,768"
"0/1","11,3","16","31","73,0,31"
"0/1","12,12","24","99","403,0,400"
"0/1","18,15","33","99","500,0,566"
"0/1","8,10","18","99","327,0,256"
"0/1","35,7","42","92","92,0,881"
"0/1","30,4","34","54","54,0,827"
"0/0","28,1","29","45","0,45,932"
"0/1","17,10","27","99","270,0,547"
"0/1","18,8","26","99","161,0,599"
"0/1","14,16","30","99","410,0,331"
"0/1","13,24","37","99","719,0,271"
"0/1","18,15","33","99","441,0,626"
"0/1","11,19","30","99","572,0,315"
"0/1","10,7","18","99","113,0,323"
"0/1","12,11","23","99","359,0,336"
"0/1","8,5","13","99","160,0,195"
"0/1","15,8","23","99","250,0,468"
"0/1","9,12","21","99","408,0,285"
"0/1","18,10","28","99","294,0,559"
"0/0","34,0","34","90","0,90,1155"
"0/1","5,31","36","59","971,0,59"
"0/0","42,0","42","99","0,102,1303"
"0/1","18,21","39","99","534,0,518"
"0/0","34,3","37","53","0,53,1025"
"0/1","48,26","78","99","435,0,713"
"0/1","15,20","35","99","675,0,483"
"0/1","10,11","21","99","380,0,239"
"0/1","10,14","24","99","467,0,270"
"0/1","15,11","26","99","369,0,492"
"0/0","16,0","16","42","0,42,567"
"0/1","17,10","28","99","289,0,373"
"0/1","13,13","26","99","436,0,411"
"0/1","13,7","20","99","189,0,417"
"0/1","17,9","26","99","277,0,527"
"0/1","14,13","27","99","446,0,472"
"0/1","17,16","33","99","493,0,531"
"0/1","12,10","22","99","294,0,431"
"0/1","12,6","18","99","195,0,443"
"0/1","14,14","28","99","465,0,476"
"0/1","5,11","16","99","349,0,155"
"0/1","22,22","44","99","585,0,766"
"0/1","22,15","37","99","494,0,746"
"0/1","11,13","24","99","439,0,330"
"0/1","8,6","14","99","197,0,280"
"0/1","13,11","24","99","354,0,451"
"0/1","6,5","18","99","161,0,145"
"0/1","15,15","30","99","511,0,526"
"0/1","9,6","15","99","197,0,285"
"0/0","15,0","15","36","0,36,479"
"0/1","11,8","19","99","261,0,361"
"0/1","22,9","31","99","278,0,688"
"0/1","12,11","23","99","254,0,313"
"0/1","11,11","22","99","332,0,383"
"0/1","7,13","20","99","428,0,220"
"0/1","14,12","26","99","378,0,469"
"0/1","13,21","34","99","680,0,365"
"0/1","4,17","21","99","532,0,102"
"0/1","18,26","44","99","814,0,565"
"0/1","19,22","41","99","622,0,615"
"0/1","9,12","21","99","390,0,229"
"0/1","6,10","16","99","350,0,189"
"0/1","10,13","23","99","374,0,341"
"0/1","12,13","25","99","443,0,399"
"0/1","18,16","34","99","539,0,606"
"0/1","20,18","38","99","612,0,646"
"0/1","10,12","22","99","393,0,296"
"0/1","11,5","16","99","147,0,365"
"0/1","10,13","23","99","451,0,332"
"0/1","20,19","40","99","646,0,611"
"0/1","6,10","16","99","303,0,195"
"0/1","19,13","32","99","392,0,632"
"0/1","22,13","35","99","393,0,777"
"0/1","19,10","29","99","290,0,656"
"0/1","18,9","27","99","281,0,628"
"0/1","13,16","29","99","517,0,440"
"0/1","11,17","28","99","555,0,362"
"0/1","20,16","36","99","512,0,597"
"0/1","14,16","30","99","344,0,324"
"0/1","21,20","41","99","569,0,594"
"0/1","19,9","28","99","236,0,632"
"0/1","20,11","31","99","349,0,626"
"0/1","10,17","27","99","508,0,314"
"0/1","12,11","23","99","373,0,399"
"0/1","9,17","26","99","461,0,244"
"0/1","7,18","25","99","615,0,202"
"0/1","19,7","26","99","201,0,661"
"0/1","6,14","20","99","504,0,182"
"0/1","17,24","41","99","769,0,458"
"0/1","12,16","28","99","528,0,398"
"0/1","10,19","29","99","604,0,296"
"0/0","46,0","46","99","0,123,1637"
"0/1","14,16","30","99","518,0,368"
"0/1","20,16","36","99","466,0,587"
"0/1","14,19","33","99","607,0,381"
"0/1","13,9","22","99","191,0,453"
"0/1","19,10","29","99","314,0,682"
"0/0","31,2","33","57","0,57,746"
"0/0","25,2","30","57","0,57,752"
"0/0","26,2","28","60","0,60,786"
"0/0","29,1","30","84","0,84,1105"
"0/0","28,1","29","84","0,84,1107"
"0/0","46,1","48","86","0,86,1529"
"0/0","42,1","43","59","0,59,1151"
"0/0","32,0","34","84","0,84,1061"
"0/0","34,2","36","69","0,69,898"
"0/0","33,2","35","66","0,66,853"
"0/0","32,2","34","63","0,63,816"
"0/0","28,0","31","69","0,69,891"
"0/0","33,0","33","72","0,72,951"
"0/0","30,0","30","72","0,72,944"
"0/0","32,0","32","90","0,90,1163"
"0/0","33,0","33","90","0,90,1159"
"0/0","34,0","34","96","0,96,1248"
"0/0","33,0","33","90","0,90,1159"
"0/0","34,0","34","90","0,90,1148"
"0/0","33,0","33","93","0,93,1228"
"0/0","38,2","40","43","0,43,1319"
"0/0","29,0","31","66","0,66,815"
"0/1","9,14","23","99","419,0,296"
"0/1","19,19","38","99","599,0,601"
"0/1","12,11","23","99","362,0,405"
"0/1","16,13","29","99","443,0,506"
"0/1","11,6","17","99","152,0,345"
"0/1","17,16","33","99","342,0,466"
"0/0","36,0","36","99","0,102,1356"
"0/1","20,14","34","99","413,0,583"
"0/1","10,14","24","99","494,0,328"
"0/1","14,10","24","99","294,0,464"
"0/1","29,10","39","99","145,0,927"
"0/1","55,15","70","99","288,0,1178"
"0/1","54,14","68","99","267,0,1145"
"0/1","52,11","63","99","126,0,1140"
"0/1","50,11","61","99","166,0,1029"
"0/1","11,13","24","99","452,0,333"
"0/1","11,14","25","99","448,0,371"
"0/1","15,18","33","99","563,0,442"
"0/1","9,9","18","99","315,0,304"
"0/1","9,3","12","69","69,0,329"
"0/1","7,8","15","99","262,0,232"
"0/1","16,6","22","99","106,0,571"
"0/1","8,8","16","99","267,0,277"
"0/1","14,15","29","99","481,0,448"
"0/1","17,16","33","99","538,0,504"
"0/1","11,19","30","99","458,0,233"
"0/1","14,6","20","99","136,0,490"
"1/1","0,20","20","57","730,57,0"
"0/1","13,7","20","99","224,0,424"
"0/1","9,10","19","99","302,0,266"
"0/1","16,20","36","99","538,0,477"
"0/1","16,14","30","99","427,0,486"
"0/1","5,9","14","99","233,0,161"
"0/1","23,14","37","99","319,0,749"
"0/1","13,12","25","99","403,0,414"
"0/1","11,18","29","99","585,0,366"
"0/1","13,19","32","99","626,0,377"
"0/1","13,10","23","99","310,0,392"
"0/1","16,23","39","99","735,0,463"
"0/1","12,12","24","99","415,0,415"
"0/1","9,20","29","99","716,0,234"
"0/1","19,15","34","99","446,0,540"
"0/1","19,14","33","99","423,0,528"
"0/1","4,9","13","18","256,0,18"
"0/1","29,11","40","99","256,0,799"
"0/1","16,16","32","99","534,0,358"
"0/1","17,17","34","99","559,0,391"
"0/1","12,20","32","99","681,0,351"
"0/1","9,5","17","18","18,0,68"
"0/1","8,8","16","99","281,0,279"
"0/1","9,17","26","99","524,0,292"
"0/1","45,19","64","99","516,0,1564"
"0/1","15,16","31","99","555,0,516"
"0/1","10,7","17","99","239,0,285"
"0/1","10,7","17","99","235,0,363"
"0/1","10,11","21","99","375,0,333"
"0/1","10,11","21","99","380,0,347"
"0/0","5,0","5","15","0,15,195"
"0/1","5,8","13","99","257,0,126"
"0/1","23,16","39","99","487,0,750"
"0/1","21,14","35","99","425,0,708"
"0/1","21,13","34","99","371,0,676"
"0/1","11,15","26","99","504,0,296"
"0/1","13,14","27","99","496,0,348"
"0/1","19,6","25","99","175,0,625"
"0/1","9,6","15","99","156,0,285"
"0/0","18,0","18","48","0,48,647"
"0/1","15,7","22","99","217,0,499"
"0/1","16,4","20","80","80,0,573"
"0/1","11,20","31","99","680,0,315"
"0/1","12,12","24","99","414,0,383"
"0/1","11,10","21","99","335,0,335"
"0/1","13,13","26","99","377,0,446"
"0/1","9,10","19","99","346,0,275"
"0/1","9,20","29","99","713,0,183"
"0/1","13,10","23","84","84,0,352"
"0/1","15,10","25","99","118,0,320"
"0/1","10,8","18","99","267,0,352"
"0/0","28,0","28","81","0,81,1068"
"0/1","10,11","21","99","381,0,347"
"0/1","3,16","19","72","524,0,72"
"0/1","17,15","32","99","496,0,541"
"0/1","15,10","25","99","340,0,469"
"1/1","0,14","14","42","553,42,0"
"0/1","17,11","28","99","356,0,527"
"0/1","15,13","28","99","433,0,488"
"0/1","13,11","24","99","380,0,423"
"0/1","6,13","19","99","469,0,160"
"0/1","11,14","25","99","468,0,323"
"0/1","11,13","24","99","454,0,348"
"0/1","14,8","22","99","152,0,507"
"0/1","14,10","24","99","328,0,475"
"0/1","18,26","44","99","847,0,580"
"0/1","14,10","24","99","348,0,184"
"0/1","8,12","20","99","430,0,258"
"0/1","13,9","22","99","263,0,464"
"0/0","26,0","26","78","0,78,1053"
"0/1","13,14","27","99","466,0,409"
"0/1","5,11","16","99","240,0,163"
"0/1","14,5","19","99","107,0,492"
"0/1","17,8","25","99","134,0,621"
"0/1","18,8","26","99","132,0,656"
"0/1","18,8","26","99","127,0,661"
"0/1","8,11","19","99","398,0,234"
"0/1","10,9","19","99","289,0,352"
"0/1","12,14","26","99","443,0,371"
"0/1","6,15","21","99","503,0,184"
"0/1","9,14","23","99","467,0,259"
"0/1","8,7","15","99","241,0,275"
"0/1","23,15","39","99","413,0,605"
"0/1","23,15","38","99","280,0,575"
"0/1","22,15","37","99","305,0,567"
"0/1","28,14","42","99","242,0,686"
"0/1","28,14","42","99","247,0,676"
"0/1","28,13","41","99","206,0,776"
"0/0","17,0","17","48","0,48,641"
"0/1","12,7","19","99","228,0,367"
"0/1","15,16","31","99","469,0,495"
"0/1","9,14","23","99","469,0,259"
"0/0","31,0","31","84","0,84,1105"
"0/1","23,20","43","99","606,0,723"
"0/1","13,13","26","99","455,0,409"
"0/1","49,15","67","99","195,0,1458"
"0/1","43,10","56","94","94,0,1019"
"0/1","32,13","45","99","198,0,881"
"0/1","38,7","46","70","70,0,1111"
"0/1","44,9","54","36","36,0,1261"
"0/0","58,9","74","2","0,2,1743"
"0/0","56,5","64","34","0,34,1698"
"0/1","19,9","28","99","190,0,631"
"0/1","11,8","19","99","252,0,235"
"0/1","17,25","42","99","877,0,511"
"0/1","12,16","29","99","524,0,343"
"0/0","32,0","32","84","0,84,1020"
"0/1","6,9","15","99","317,0,187"
"0/1","14,16","30","99","551,0,410"
"0/1","13,6","21","99","197,0,327"
"1/1","2,18","23","5","448,5,0"
"0/0","25,1","27","63","0,63,811"
"0/1","14,15","29","99","404,0,325"
"0/1","12,16","28","99","308,0,287"
"0/1","19,20","39","99","617,0,582"
"0/1","26,23","49","99","557,0,738"
"0/1","15,16","32","99","420,0,203"
"0/1","14,27","41","99","781,0,297"
"0/1","20,8","29","69","69,0,456"
"0/1","10,15","25","99","487,0,288"
"0/1","16,7","23","99","223,0,531"
"0/1","12,17","29","99","566,0,380"
"0/1","13,10","23","99","286,0,424"
"0/1","8,7","15","99","234,0,246"
"0/1","16,15","31","99","469,0,511"
"0/0","17,0","19","42","0,42,533"
"0/1","26,6","32","87","87,0,132"
"0/1","15,17","32","99","529,0,453"
"0/1","16,9","25","99","279,0,483"
"0/1","5,27","32","96","893,0,96"
"0/1","19,17","36","99","574,0,643"
"0/1","9,13","22","99","424,0,300"
"0/1","10,10","20","99","337,0,306"
"0/1","14,16","30","99","539,0,443"
"0/0","14,1","16","21","0,21,272"
"0/0","18,0","18","33","0,33,428"
"0/1","11,14","25","99","489,0,354"
"0/1","19,8","27","99","247,0,612"
"0/1","15,15","31","99","380,0,499"
"0/1","16,16","32","99","547,0,538"
"0/1","12,12","24","99","370,0,412"
"0/1","6,11","17","99","353,0,182"
"0/1","20,14","34","99","460,0,598"
"0/1","13,15","28","99","486,0,357"
"0/1","10,13","23","99","418,0,327"
"0/1","15,12","27","99","363,0,509"
"0/1","9,10","19","99","316,0,308"
"0/1","13,7","20","99","221,0,464"
"0/1","7,8","15","99","284,0,238"
"0/1","8,11","19","99","344,0,234"
"0/1","10,13","23","99","432,0,303"
"0/1","14,17","31","99","567,0,452"
"0/1","13,9","22","99","292,0,450"
"0/1","8,8","16","99","272,0,279"
"0/1","10,12","22","99","336,0,329"
"0/1","11,6","17","99","191,0,373"
"0/1","4,8","12","99","242,0,129"
"0/1","7,15","22","99","499,0,203"
"0/1","17,12","29","99","357,0,541"
"0/1","19,16","35","99","519,0,515"
"0/1","14,8","22","99","229,0,462"
"0/1","23,7","30","99","184,0,856"
"0/1","11,10","21","99","299,0,378"
"0/1","11,12","23","99","337,0,336"
"0/1","11,5","16","99","151,0,365"
"0/1","21,4","25","46","46,0,569"
"0/1","10,19","29","99","616,0,309"
"0/1","14,12","26","99","372,0,486"
"0/1","7,11","18","99","387,0,191"
"0/1","4,3","7","99","102,0,131"
"0/1","9,14","23","99","371,0,297"
"1/1","0,7","7","21","279,21,0"
"0/1","11,10","21","99","341,0,270"
"0/1","19,21","40","99","624,0,563"
"0/1","16,12","28","99","366,0,506"
"0/1","8,13","21","99","432,0,259"
"0/1","6,8","14","99","288,0,161"
"0/1","9,5","14","99","160,0,327"
"0/1","9,9","18","99","308,0,311"
"0/1","9,12","21","99","421,0,301"
"0/1","11,5","16","99","162,0,367"
"0/1","6,13","19","99","391,0,194"
"0/1","15,14","29","99","440,0,445"
"0/1","16,19","35","99","672,0,505"
"0/1","9,12","21","99","352,0,285"
"0/1","12,16","28","99","509,0,361"
"0/1","16,17","33","99","583,0,515"
"0/1","12,12","24","99","408,0,340"
"0/1","13,18","31","99","619,0,402"
"0/1","9,18","27","99","642,0,237"
"0/1","8,14","22","99","500,0,214"
"0/1","12,14","26","99","434,0,383"
"0/1","12,8","20","99","225,0,406"
"0/1","12,15","27","99","526,0,352"
"0/1","12,11","23","99","377,0,349"
"0/1","13,7","20","99","222,0,446"
"0/1","11,1","12","4","4,0,395"
"0/1","14,8","22","99","254,0,454"
"0/1","14,7","21","99","207,0,489"
"0/1","12,9","21","99","282,0,376"
"0/1","8,6","15","99","148,0,291"
"0/1","18,15","33","99","462,0,519"
"0/1","19,19","38","99","616,0,603"
"0/1","14,17","31","99","525,0,431"
"0/1","11,15","26","99","481,0,298"
"0/1","13,17","30","99","528,0,344"
"0/1","13,18","31","99","584,0,381"
"0/1","18,19","37","99","643,0,502"
"0/1","26,15","41","99","487,0,823"
"0/1","27,14","41","99","452,0,889"
"0/1","24,18","42","99","590,0,811"
"0/1","17,17","34","99","552,0,586"
"0/1","15,14","29","99","406,0,475"
"0/1","11,15","26","99","471,0,364"
"0/1","11,12","23","99","410,0,335"
"0/1","11,12","23","99","370,0,360"
"0/1","16,15","31","99","465,0,556"
"0/1","15,17","32","99","527,0,464"
"0/1","16,23","39","99","759,0,503"
"0/1","18,14","32","99","410,0,572"
"0/1","19,14","33","99","449,0,572"
"0/1","10,18","29","99","531,0,206"
"0/1","23,12","36","99","375,0,743"
"0/1","11,15","26","99","532,0,357"
"0/1","12,14","26","99","426,0,357"
"0/1","19,21","40","99","598,0,608"
"0/1","16,15","32","99","341,0,418"
"0/1","27,17","44","99","480,0,703"
"0/1","17,18","35","99","623,0,573"
"0/1","14,4","18","68","68,0,440"
"0/1","13,7","20","99","213,0,449"
"0/1","13,8","21","99","239,0,449"
"0/1","13,11","24","99","375,0,462"
"0/1","13,11","24","99","335,0,446"
"0/1","13,11","24","99","341,0,437"
"0/1","17,14","31","99","427,0,543"
"0/1","19,14","33","99","405,0,628"
"0/1","16,8","24","99","250,0,481"
"0/1","19,19","38","99","600,0,417"
"0/1","11,16","27","99","574,0,282"
"0/1","13,17","30","99","597,0,337"
"0/1","12,11","23","99","362,0,381"
"0/1","19,9","28","99","233,0,668"
"0/1","12,11","26","99","263,0,331"
"0/1","16,13","29","99","361,0,568"
"0/1","11,11","22","99","340,0,364"
"0/1","23,22","45","99","714,0,771"
"0/1","11,19","30","99","620,0,332"
"0/1","15,22","37","99","715,0,452"
"0/1","31,17","48","99","462,0,1032"
"0/1","11,19","31","99","644,0,325"
"0/0","27,0","27","75","0,75,982"
"0/1","13,15","28","99","417,0,442"
"0/1","3,4","7","98","126,0,98"
"0/1","17,18","35","99","622,0,484"
"0/1","11,18","29","99","559,0,333"
"0/1","9,7","16","99","235,0,285"
"0/1","25,8","33","99","143,0,749"
"0/1","12,10","22","99","324,0,341"
"0/1","11,28","39","99","731,0,170"
"0/1","20,18","38","99","609,0,700"
"0/1","23,20","43","99","619,0,759"
"0/1","18,18","36","99","579,0,596"
"0/0","32,0","32","87","0,87,1076"
"0/0","30,0","30","84","0,84,1055"
"0/0","34,0","34","93","0,93,1134"
"0/1","68,8","76","4","4,0,1982"
"0/1","37,24,12","90","99","592,0,1059,436,868,1532"
"0/0","128,3","131","99","0,249,3551"
"0/0","202,1","203","99","0,467,6034"
"0/0","199,6","207","99","0,329,5909"
"0/1","16,14","30","99","406,0,473"
"0/1","20,27","47","99","877,0,564"
"0/1","18,20","38","99","638,0,540"
"0/1","10,9","19","99","260,0,350"
"0/1","14,7","21","99","180,0,473"
"0/1","8,14","22","99","466,0,257"
"0/1","16,11","27","99","369,0,521"
"0/1","9,14","23","99","463,0,286"
"0/1","15,11","26","99","364,0,484"
"0/1","8,7","15","99","240,0,285"
"0/1","8,16","24","99","579,0,257"
"0/1","8,8","16","99","266,0,277"
"0/1","13,16","29","99","556,0,436"
"0/1","17,18","35","99","596,0,510"
"0/1","10,6","16","99","180,0,320"
"0/1","8,6","14","99","201,0,281"
"0/1","8,18","26","99","555,0,250"
"0/1","4,11","15","99","401,0,105"
"0/1","7,15","22","99","492,0,201"
"0/1","18,15","33","99","469,0,593"
"0/1","12,8","20","99","252,0,406"
"0/1","8,16","24","99","498,0,251"
"0/1","15,13","28","99","406,0,521"
"0/1","12,17","29","99","592,0,367"
"0/1","21,10","31","99","273,0,663"
"0/1","23,9","33","99","270,0,729"
"0/1","9,11","20","99","380,0,306"
"0/1","12,13","25","99","445,0,400"
"0/1","11,14","25","99","455,0,368"
"0/1","13,19","32","99","554,0,450"
"0/1","5,10","15","99","266,0,164"
"0/1","13,22","35","99","680,0,391"
"0/1","26,28","54","99","920,0,824"
"0/1","13,15","28","99","401,0,435"
"0/1","13,14","27","99","476,0,400"
"0/1","19,8","28","99","229,0,617"
"0/1","14,19","33","99","561,0,387"
"0/1","11,9","20","99","306,0,343"
"0/1","6,10","16","99","362,0,129"
"0/1","19,21","40","99","581,0,593"
"0/1","9,18","27","99","611,0,229"
"0/1","17,9","26","99","220,0,606"
"0/1","21,16","37","99","497,0,644"
"0/1","18,14","32","99","485,0,479"
"0/1","14,12","28","99","344,0,457"
"0/1","11,13","24","99","452,0,372"
"0/1","11,13","24","99","445,0,370"
"0/1","13,13","26","99","423,0,446"
"0/1","13,14","27","99","477,0,426"
"0/1","9,9","18","99","275,0,303"
"0/1","9,9","18","99","278,0,315"
"0/1","12,12","24","99","371,0,411"
"0/1","8,13","21","99","463,0,261"
"0/1","8,17","25","99","555,0,250"
"0/1","17,15","32","99","481,0,577"
"0/1","14,10","24","99","291,0,452"
"0/1","12,10","22","99","347,0,374"
"0/1","12,10","22","99","347,0,371"
"0/1","8,16","24","99","581,0,228"
"0/1","11,12","23","99","378,0,371"
"0/1","8,10","18","99","356,0,173"
"0/1","6,12","18","99","382,0,160"
"0/1","17,9","26","99","282,0,595"
"0/1","13,9","22","99","301,0,424"
"0/1","10,9","19","99","305,0,311"
"0/1","9,8","17","99","262,0,290"
"0/1","9,13","22","99","427,0,270"
"0/1","12,12","24","99","369,0,383"
"0/1","16,14","30","99","472,0,516"
"0/1","10,15","25","99","478,0,258"
"0/1","19,14","33","99","411,0,552"
"0/1","17,9","26","99","256,0,520"
"0/1","13,15","28","99","293,0,237"
"0/1","18,10","28","99","198,0,542"
"0/1","15,9","24","99","250,0,466"
"0/1","11,13","24","99","377,0,357"
"0/1","8,7","15","99","235,0,277"
"0/1","10,10","20","99","314,0,352"
"0/1","10,10","20","99","343,0,340"
"0/1","15,7","22","99","219,0,508"
"0/1","13,11","24","99","377,0,443"
"0/1","9,14","23","99","472,0,222"
"0/1","10,11","21","99","380,0,248"
"0/1","11,14","25","99","489,0,317"
"0/1","7,13","20","99","421,0,188"
"0/1","8,10","18","99","307,0,266"
"0/1","8,11","19","99","291,0,225"
"0/1","13,10","23","99","323,0,459"
"0/1","13,23","36","99","744,0,376"
"0/1","9,17","26","99","556,0,258"
"0/1","7,16","23","99","525,0,214"
"0/1","15,4","19","99","109,0,481"
"0/1","13,18","31","99","629,0,426"
"0/1","9,17","26","99","597,0,286"
"0/1","19,24","43","99","840,0,570"
"0/1","9,13","22","99","427,0,274"
"0/1","8,5","13","99","123,0,280"
"0/1","17,7","24","99","208,0,585"
"0/1","10,14","24","99","369,0,268"
"0/1","20,9","29","99","232,0,568"
"0/1","12,14","26","99","379,0,337"
"0/1","15,12","27","99","378,0,514"
"0/1","19,13","32","99","398,0,639"
"0/1","21,12","33","99","396,0,710"
"0/1","16,11","27","99","365,0,522"
"0/1","20,15","35","99","466,0,631"
"0/1","19,11","30","99","342,0,637"
"0/1","18,8","26","99","239,0,617"
"0/1","18,9","27","99","265,0,611"
"0/1","19,12","31","99","399,0,600"
"0/1","17,17","34","99","536,0,558"
"0/1","17,19","36","99","661,0,506"
"0/1","21,19","40","99","608,0,684"
"0/1","11,12","23","99","402,0,344"
"0/1","22,12","34","99","313,0,673"
"0/1","20,11","31","99","349,0,595"
"0/1","13,16","29","99","457,0,383"
"0/1","19,11","30","99","331,0,656"
"0/1","15,11","26","99","368,0,519"
"0/1","11,7","18","99","234,0,364"
"0/1","15,15","30","99","389,0,450"
"0/1","28,17","46","99","528,0,922"
"0/1","12,12","24","99","420,0,386"
"0/1","6,11","17","99","395,0,198"
"0/1","9,13","22","99","466,0,289"
"0/1","13,12","25","99","405,0,417"
"0/1","13,12","25","99","412,0,382"
"0/1","19,18","37","99","569,0,644"
"0/1","27,16","43","99","467,0,923"
"0/1","11,12","23","99","415,0,347"
"0/1","8,7","15","99","244,0,265"
"0/1","12,14","27","99","335,0,268"
"0/1","19,22","41","99","677,0,407"
"0/0","10,0","10","30","0,30,398"
"0/0","12,0","12","33","0,33,436"
"0/1","12,11","23","99","370,0,355"
"0/1","13,24","37","99","775,0,358"
"0/1","19,15","34","99","425,0,524"
"0/1","15,22","39","99","524,0,421"
"0/1","25,20","45","99","573,0,788"
"0/1","7,19","26","99","639,0,204"
"0/1","22,18","40","99","549,0,667"
"1/1","0,12","12","12","120,12,0"
"0/1","15,15","30","99","438,0,481"
"0/1","24,12","36","99","274,0,753"
"0/1","10,8","18","99","262,0,338"
"0/1","11,16","27","99","508,0,313"
"0/1","12,18","30","99","612,0,397"
"0/1","14,18","32","99","593,0,427"
"0/1","11,14","25","99","452,0,372"
"0/1","17,16","33","99","550,0,536"
"0/1","18,16","34","99","546,0,574"
"0/1","17,10","27","99","310,0,566"
"0/1","11,14","25","99","452,0,336"
"1/1","0,8","8","24","318,24,0"
"0/1","13,11","24","99","333,0,445"
"0/1","14,14","28","99","362,0,494"
"0/1","15,22","37","99","743,0,463"
"0/1","13,17","30","99","509,0,440"
"0/0","34,1","35","59","0,59,1261"
"0/1","14,13","27","99","439,0,390"
"0/1","19,16","35","99","463,0,593"
"0/1","14,10","24","99","303,0,416"
"0/1","8,9","17","99","310,0,261"
"0/1","11,10","21","99","342,0,365"
"0/1","12,10","22","99","339,0,412"
"0/1","14,12","26","99","330,0,476"
"0/1","4,12","16","99","405,0,112"
"0/1","12,15","27","99","532,0,374"
"0/1","18,17","35","99","590,0,574"
"0/1","15,22","37","99","732,0,485"
"0/1","19,25","44","99","813,0,593"
"0/1","18,25","43","99","819,0,600"
"0/1","20,17","37","99","541,0,608"
"0/1","11,19","30","99","600,0,365"
"0/1","16,8","24","99","238,0,530"
"0/1","9,16","25","99","532,0,283"
"0/1","13,12","25","99","407,0,454"
"0/1","12,10","22","99","338,0,408"
"0/1","11,8","19","99","272,0,359"
"0/1","6,10","16","99","359,0,192"
"0/1","10,11","21","99","386,0,304"
"0/1","11,9","20","99","295,0,316"
"0/1","13,15","28","99","483,0,414"
"0/1","15,14","29","99","430,0,481"
"0/1","17,10","27","99","311,0,568"
"0/1","15,14","30","99","419,0,478"
"0/1","13,8","21","99","266,0,469"
"0/1","10,10","20","99","341,0,337"
"0/1","14,11","25","99","369,0,405"
"0/1","11,7","18","99","196,0,385"
"0/1","13,8","21","99","267,0,383"
"0/1","14,14","28","99","486,0,473"
"0/1","16,14","30","99","474,0,543"
"0/1","11,13","24","99","418,0,375"
"0/1","8,10","18","99","336,0,263"
"0/1","2,16","18","29","508,0,29"
"0/1","2,15","17","37","473,0,37"
"0/1","11,10","21","99","341,0,383"
"0/1","12,9","21","99","234,0,416"
"0/1","14,6","20","99","143,0,509"
"0/1","16,9","25","99","258,0,469"
"0/1","18,12","30","99","363,0,608"
"0/1","11,17","28","99","602,0,342"
"0/1","15,15","30","99","524,0,472"
"0/1","15,18","33","99","638,0,506"
"0/1","18,17","35","99","587,0,602"
"0/1","16,17","33","99","560,0,520"
"0/1","9,13","22","99","451,0,267"
"0/1","11,6","17","99","192,0,353"
"0/1","7,12","19","99","385,0,226"
"0/1","8,5","13","99","161,0,281"
"0/1","9,14","23","99","396,0,301"
"0/1","12,6","18","99","189,0,398"
"0/1","12,8","20","99","262,0,381"
"0/1","10,14","24","99","385,0,310"
"0/1","9,14","23","99","494,0,294"
"0/1","9,14","23","99","493,0,298"
"0/1","9,13","22","99","426,0,304"
"0/1","14,13","27","99","404,0,465"
"0/1","11,12","23","99","428,0,349"
"0/1","10,5","15","99","166,0,288"
"0/1","10,11","21","99","356,0,338"
"0/1","12,12","24","99","386,0,418"
"0/1","7,7","14","99","233,0,238"
"0/1","10,7","17","99","198,0,362"
"0/1","17,13","30","99","435,0,594"
"0/1","19,13","32","99","398,0,579"
"0/1","15,14","29","99","424,0,493"
"0/1","19,20","39","99","620,0,605"
"0/1","16,13","29","99","398,0,560"
"0/1","10,10","20","99","334,0,341"
"0/1","13,17","31","99","570,0,383"
"0/1","12,19","31","99","666,0,381"
"0/1","12,21","33","99","666,0,379"
"0/1","17,10","27","99","322,0,602"
"0/1","12,19","31","99","642,0,391"
"0/1","6,7","13","99","245,0,200"
"0/1","7,11","18","99","390,0,220"
"0/1","18,20","38","99","668,0,567"
"0/1","10,10","20","99","335,0,345"
"0/1","15,13","28","99","403,0,486"
"0/1","12,16","28","99","561,0,354"
"0/1","9,13","22","99","454,0,298"
"0/1","12,16","28","99","529,0,320"
"0/1","9,13","22","99","381,0,306"
"0/1","19,8","27","99","218,0,606"
"0/1","12,10","22","99","336,0,416"
"0/1","16,15","32","99","494,0,518"
"0/1","13,17","30","99","540,0,403"
"0/1","7,12","19","99","392,0,222"
"0/1","8,14","22","99","473,0,185"
"0/1","10,10","20","99","340,0,273"
"0/1","14,4","18","77","77,0,445"
"0/1","5,11","16","99","312,0,117"
"0/1","13,21","34","99","711,0,423"
"0/1","18,21","39","99","726,0,574"
"0/1","18,16","34","99","471,0,635"
"0/1","20,17","37","99","581,0,649"
"0/1","19,16","35","99","539,0,660"
"0/1","13,14","27","99","427,0,411"
"0/1","13,15","29","99","475,0,365"
"0/1","7,12","19","99","438,0,158"
"0/1","9,15","24","99","503,0,220"
"0/1","7,8","15","99","246,0,232"
"0/1","15,11","26","99","374,0,487"
"0/1","22,10","32","99","272,0,726"
"0/1","13,15","28","99","474,0,398"
"0/1","12,15","27","99","511,0,408"
"0/1","13,12","25","99","407,0,407"
"0/0","14,0","14","33","0,33,423"
"0/1","19,18","37","99","593,0,600"
"0/1","8,5","13","99","173,0,250"
"0/1","8,7","15","99","247,0,234"
"0/1","9,10","19","99","321,0,279"
"0/1","12,13","25","99","418,0,344"
"0/1","12,17","29","99","520,0,371"
"0/1","19,16","35","99","494,0,622"
"0/1","18,15","34","99","413,0,526"
"0/1","16,10","26","99","309,0,520"
"0/1","20,14","34","99","357,0,573"
"0/1","18,18","36","99","535,0,415"
"0/1","16,19","36","99","359,0,392"
"0/1","22,21","43","99","692,0,702"
"0/1","17,11","28","99","327,0,561"
"0/1","13,9","22","99","299,0,430"
"0/1","12,10","22","99","335,0,415"
"0/1","16,8","24","99","215,0,465"
"0/1","10,5","15","99","153,0,318"
"0/1","14,21","35","99","716,0,419"
"0/1","18,19","37","99","652,0,562"
"0/1","14,3","20","44","44,0,347"
"0/0","23,4","28","11","0,11,478"
"0/1","6,1","7","30","30,0,75"
"0/1","19,14","33","99","423,0,657"
"0/1","14,11","25","99","326,0,492"
"0/1","12,14","26","99","425,0,408"
"0/1","6,16","22","99","562,0,166"
"0/1","22,14","36","99","428,0,748"
"0/1","11,11","22","99","369,0,363"
"0/1","12,9","21","99","286,0,384"
"0/1","12,7","19","99","191,0,413"
"0/1","13,19","32","99","588,0,436"
"1/1","0,27","27","78","982,78,0"
"0/1","51,18","70","99","223,0,1374"
"0/1","22,26","48","99","844,0,674"
"0/0","13,0","17","27","0,27,317"
"0/0","13,2","16","27","0,27,326"
"0/1","14,12","26","99","411,0,495"
"0/0","16,0","16","45","0,45,581"
"0/1","12,10","22","99","340,0,369"
"0/0","6,0","6","3","0,3,40"
"0/1","6,4","10","99","130,0,217"
"0/1","14,12","26","99","410,0,459"
"0/1","14,11","25","99","366,0,450"
"0/1","5,17","22","99","552,0,140"
"0/1","16,26","42","99","903,0,489"
"0/1","8,11","20","99","393,0,223"
"0/1","17,12","29","99","386,0,582"
"0/1","17,13","30","99","422,0,578"
"0/1","20,16","36","99","545,0,616"
"0/1","4,7","11","99","251,0,127"
"0/1","11,10","22","99","263,0,212"
"0/0","22,0","22","42","0,42,527"
"0/1","7,8","15","99","282,0,235"
"0/1","7,11","18","99","393,0,216"
"0/1","11,12","23","99","400,0,377"
"0/1","7,15","22","99","510,0,204"
"0/1","16,21","37","99","669,0,496"
"0/1","14,19","33","99","567,0,436"
"0/1","18,15","33","99","450,0,629"
"0/1","15,18","33","99","585,0,492"
"0/1","13,17","30","99","492,0,432"
"0/1","13,16","29","99","479,0,433"
"0/1","15,13","28","99","397,0,488"
"0/1","13,10","23","99","338,0,443"
"0/1","7,10","17","99","359,0,235"
"0/0","22,0","22","66","0,66,878"
"0/1","9,13","22","99","468,0,294"
"0/1","8,18","26","99","616,0,247"
"0/1","7,19","26","99","688,0,211"
"0/1","19,14","33","99","463,0,628"
"0/1","14,12","26","99","381,0,409"
"0/1","15,8","23","99","263,0,536"
"0/1","13,9","22","99","305,0,350"
"0/1","19,14","33","99","431,0,624"
"0/1","14,11","25","99","366,0,481"
"0/1","15,8","23","99","254,0,503"
"0/1","7,10","17","99","317,0,233"
"0/1","12,9","21","99","272,0,378"
"0/1","18,8","26","99","243,0,548"
"0/1","12,21","33","99","732,0,348"
"0/1","20,13","33","99","386,0,696"
"0/1","20,14","34","99","460,0,656"
"0/1","21,14","35","99","462,0,729"
"0/1","21,13","34","99","385,0,726"
"0/1","11,19","30","99","653,0,316"
"0/1","18,16","34","99","476,0,514"
"0/1","12,18","30","99","611,0,374"
"0/1","13,15","28","99","396,0,439"
"0/1","18,17","35","99","504,0,614"
"0/1","18,22","40","99","659,0,564"
"0/1","22,20","42","99","619,0,723"
"0/1","14,17","31","99","593,0,453"
"0/1","21,17","38","99","514,0,685"
"0/1","12,10","22","99","337,0,381"
"0/1","12,6","19","99","187,0,375"
"0/1","10,5","15","99","160,0,319"
"0/1","19,17","36","99","544,0,575"
"0/1","14,16","30","99","544,0,457"
"0/1","19,11","30","99","335,0,667"
"0/1","17,15","32","99","482,0,517"
"0/1","18,17","35","99","527,0,532"
"0/1","16,16","32","99","482,0,508"
"0/1","17,19","36","99","552,0,523"
"0/1","18,20","38","99","634,0,513"
"0/1","20,15","35","99","434,0,593"
"1/1","1,24","25","29","813,29,0"
"0/1","8,8","16","99","279,0,279"
"0/1","12,10","22","99","315,0,345"
"0/1","14,9","23","99","294,0,484"
"0/1","13,5","18","99","146,0,477"
"0/1","16,6","22","99","187,0,533"
"0/1","21,12","33","99","389,0,762"
"0/1","12,9","21","99","263,0,389"
"0/1","15,10","25","99","327,0,528"
"0/1","9,17","26","99","605,0,279"
"0/1","18,11","29","99","348,0,602"
"0/1","11,14","25","99","457,0,338"
"0/1","10,12","22","99","415,0,328"
"0/1","8,7","15","99","232,0,280"
"0/1","6,5","13","99","132,0,210"
"0/1","15,6","21","99","174,0,490"
"0/1","19,14","33","99","433,0,651"
"0/1","25,19","44","99","600,0,868"
"0/1","21,23","44","99","689,0,706"
"0/1","20,15","35","99","513,0,603"
"0/1","17,15","32","99","501,0,540"
"0/1","11,11","22","99","389,0,342"
"0/1","7,14","21","99","439,0,228"
"0/1","12,7","19","99","229,0,396"
"0/1","13,7","20","99","198,0,443"
"0/1","12,22","34","99","776,0,376"
"0/1","15,14","29","99","421,0,512"
"0/1","13,9","22","99","303,0,427"
"0/1","20,12","32","99","254,0,567"
"0/1","14,18","32","99","573,0,459"
"0/1","23,15","38","99","473,0,713"
"0/1","7,5","12","99","158,0,195"
"0/1","13,10","23","99","126,0,266"
"0/1","12,8","20","99","236,0,390"
"0/1","15,9","24","99","292,0,486"
"0/1","10,16","26","99","581,0,241"
"0/1","8,14","22","99","488,0,257"
"0/1","13,20","33","99","659,0,406"
"0/1","10,10","20","99","336,0,329"
"0/1","10,17","27","99","567,0,292"
"0/1","23,20","43","99","649,0,718"
"0/1","8,9","17","99","319,0,276"
"0/1","9,11","20","99","377,0,296"
"0/1","7,10","17","99","353,0,233"
"0/1","16,11","27","99","340,0,498"
"0/1","10,3","13","50","50,0,360"
"0/1","14,14","28","99","440,0,489"
"0/1","15,15","30","99","468,0,365"
"0/1","18,17","35","99","521,0,592"
"0/1","22,14","36","99","439,0,731"
"0/1","20,17","37","99","527,0,691"
"0/1","15,15","30","99","516,0,509"
"0/1","4,31","35","61","949,0,61"
"0/1","8,15","23","99","499,0,264"
"0/1","20,12","32","99","388,0,632"
"0/1","8,15","23","99","491,0,209"
"0/1","22,15","37","99","462,0,725"
"0/0","30,0","30","87","0,87,1170"
"0/1","7,11","18","99","320,0,234"
"1/1","0,24","24","69","941,69,0"
"0/1","18,9","27","99","276,0,583"
"0/1","16,20","36","99","653,0,522"
"0/1","47,10","58","99","216,0,1572"
"0/1","35,11","46","99","209,0,1105"
"0/1","33,12","45","99","220,0,827"
"0/1","32,8","44","99","166,0,1072"
"0/1","13,10","23","99","289,0,443"
"0/1","19,16","35","99","452,0,636"
"0/0","28,0","28","78","0,78,1047"
"0/0","28,0","28","81","0,81,1085"
"0/0","30,0","30","87","0,87,1163"
"0/0","30,0","30","84","0,84,1116"
"0/0","47,1","48","94","0,94,1678"
"0/0","58,0","58","99","0,166,2175"
"0/0","31,4","35","18","0,18,1099"
"0/1","21,21","42","99","606,0,671"
"0/1","9,13","22","99","366,0,232"
"0/1","11,17","28","99","564,0,275"
"0/1","15,15","30","99","486,0,439"
"0/1","13,11","24","99","357,0,418"
"0/1","9,11","20","99","288,0,310"
"0/1","15,16","31","99","514,0,511"
"0/1","15,11","26","99","356,0,487"
"0/1","21,18","39","99","580,0,666"
"0/0","39,0","39","99","0,111,1445"
"0/1","28,13","41","99","385,0,750"
"0/1","14,26","40","99","725,0,447"
"0/0","25,0","25","72","0,72,966"
"0/0","24,0","24","69","0,69,929"
"0/0","25,0","25","72","0,72,964"
"0/1","12,14","26","99","379,0,414"
"0/1","9,6","15","99","205,0,313"
"0/1","11,7","18","99","230,0,358"
"0/1","12,9","21","99","293,0,409"
"0/1","17,11","28","99","338,0,469"
"0/1","9,13","22","99","389,0,300"
"0/1","6,9","15","99","325,0,197"
"0/1","13,12","25","99","420,0,389"
"0/1","8,16","24","99","559,0,204"
"0/1","11,12","23","99","415,0,381"
"0/1","6,17","23","99","614,0,173"
"0/1","8,13","21","99","378,0,258"
"0/1","17,7","24","99","165,0,525"
"0/1","20,16","36","99","521,0,598"
"0/1","22,15","37","99","441,0,707"
"0/1","7,10","17","99","315,0,220"
"0/1","10,7","17","99","231,0,302"
"0/1","12,9","21","99","304,0,421"
"0/1","10,11","21","99","177,0,253"
"1/1","1,34","35","59","1199,59,0"
"0/1","32,17","51","99","374,0,638"
"0/1","18,12","30","99","299,0,593"
"0/1","19,17","36","99","517,0,519"
"0/1","15,22","37","99","714,0,379"
"0/1","15,24","39","99","763,0,407"
"0/1","13,8","21","99","223,0,454"
"0/1","14,16","30","99","539,0,374"
"0/1","19,7","26","99","215,0,655"
"0/1","16,13","29","99","425,0,529"
"0/1","12,10","22","99","299,0,377"
"0/1","10,11","21","99","377,0,310"
"0/0","20,0","20","54","0,54,722"
"0/1","12,11","23","99","369,0,357"
"0/1","12,8","21","99","255,0,383"
"0/1","8,6","14","99","185,0,268"
"0/1","35,12","47","99","101,0,1096"
"0/1","36,11","47","94","94,0,1087"
"0/1","30,5","37","71","71,0,839"
"0/1","41,7","48","99","120,0,1270"
"0/1","42,8","50","99","164,0,1339"
"0/1","30,11","41","99","219,0,807"
"0/1","25,9","35","99","106,0,508"
"0/1","22,9","31","99","119,0,519"
"0/1","13,14","27","99","461,0,439"
"0/1","21,15","36","99","384,0,587"
"0/1","15,15","30","99","529,0,452"
"0/1","25,15","40","99","463,0,796"
"0/1","14,23","37","99","780,0,445"
"0/1","12,10","22","99","346,0,346"
"0/1","10,13","23","99","460,0,337"
"0/1","16,14","30","99","437,0,461"
"0/1","5,10","15","99","330,0,157"
"0/1","8,7","15","99","203,0,268"
"0/1","17,11","28","99","341,0,552"
"0/1","13,6","19","99","195,0,441"
"0/1","11,16","27","99","521,0,354"
"0/1","12,13","25","99","445,0,361"
"0/1","16,19","35","99","627,0,530"
"0/1","16,10","26","99","295,0,558"
"0/1","7,8","15","99","278,0,210"
"0/1","18,17","35","99","541,0,518"
"0/1","8,17","25","99","558,0,250"
"0/1","7,11","18","99","318,0,232"
"0/1","14,19","33","99","591,0,388"
"0/1","15,11","26","99","328,0,435"
"0/1","12,12","24","99","412,0,397"
"0/1","16,17","33","99","523,0,519"
"0/1","19,12","31","99","394,0,637"
"0/1","21,15","36","99","487,0,746"
"0/1","21,21","42","99","626,0,579"
"0/1","9,9","18","99","302,0,312"
"0/1","7,7","14","99","232,0,211"
"0/1","7,14","21","99","474,0,232"
"0/1","7,10","17","99","350,0,229"
"0/1","4,5","9","84","175,0,84"
"0/1","25,13","38","99","324,0,816"
"0/1","12,17","29","99","424,0,390"
"0/1","16,13","29","99","414,0,536"
"0/1","16,14","31","99","356,0,555"
"0/1","16,14","30","99","426,0,549"
"0/1","14,10","24","99","302,0,420"
"0/1","22,17","39","99","452,0,722"
"0/1","21,19","40","99","611,0,636"
"0/1","25,23","48","99","726,0,809"
"0/1","26,22","48","99","632,0,846"
"0/1","6,11","17","99","396,0,188"
"0/1","23,18","41","99","516,0,765"
"0/1","20,20","40","99","602,0,640"
"0/1","20,25","45","99","796,0,611"
"0/1","12,17","29","99","577,0,390"
"0/1","10,11","21","99","386,0,336"
"0/1","10,7","17","99","230,0,356"
"0/1","20,14","34","99","399,0,650"
"0/1","15,5","20","99","149,0,469"
"1/1","0,14","14","42","561,42,0"
"0/1","7,14","21","99","488,0,214"
"0/1","7,6","13","99","201,0,242"
"0/0","26,0","26","78","0,78,1034"
"0/1","17,14","31","99","425,0,594"
"0/1","10,6","16","99","169,0,356"
"0/1","8,10","18","99","356,0,239"
"0/1","12,11","23","99","337,0,418"
"0/1","12,6","18","99","154,0,426"
"0/1","9,9","18","99","279,0,281"
"0/1","9,7","16","99","239,0,307"
"0/1","7,8","15","99","278,0,199"
"0/1","17,20","37","99","633,0,552"
"0/1","7,6","13","99","201,0,206"
"0/1","7,14","21","99","491,0,190"
"0/1","11,14","25","99","499,0,369"
"0/1","17,15","32","99","460,0,516"
"0/1","11,10","21","99","339,0,363"
"0/1","13,5","18","99","143,0,451"
"0/1","15,16","31","99","558,0,448"
"0/1","8,20","29","99","623,0,215"
"0/0","20,0","20","42","0,42,522"
"0/1","12,8","20","99","260,0,358"
"0/1","7,10","17","99","352,0,238"
"0/1","10,12","22","99","413,0,325"
"0/1","15,10","25","99","308,0,537"
"1/1","1,15","16","39","531,39,0"
"0/1","11,5","16","99","158,0,362"
"0/1","13,18","31","99","553,0,403"
"0/1","10,13","23","99","325,0,325"
"0/1","15,12","27","99","317,0,528"
"0/1","10,8","18","99","244,0,322"
"0/1","28,9","37","99","180,0,917"
"0/0","19,2","21","42","0,42,527"
"0/1","20,20","40","99","548,0,663"
"0/0","11,0","11","33","0,33,438"
"0/1","12,15","27","99","505,0,398"
"0/1","4,12","16","99","436,0,114"
"0/1","7,10","17","99","322,0,225"
"0/1","7,3","11","56","56,0,187"
"0/0","34,0","34","93","0,93,1226"
"0/1","16,22","38","99","746,0,538"
"0/1","32,7","39","99","130,0,1116"
"0/1","34,7","41","96","96,0,1174"
"0/1","34,7","41","99","130,0,1214"
"0/1","35,7","42","99","130,0,1175"
"0/1","38,8","46","99","179,0,1274"
"0/1","38,8","46","99","167,0,1297"
"0/1","38,8","46","99","152,0,1285"
"0/1","15,19","34","99","672,0,460"
"0/1","15,17","32","99","547,0,498"
"0/1","31,37","68","99","1206,0,989"
"0/1","29,30","59","99","945,0,808"
"0/0","17,2","19","14","0,14,571"
"0/1","20,9","29","99","265,0,700"
"0/0","15,0","15","45","0,45,610"
"0/0","16,0","16","48","0,48,645"
"0/1","9,17","26","99","588,0,260"
"0/1","24,15","39","99","463,0,807"
"0/1","18,20","38","99","589,0,586"
"0/0","29,0","29","78","0,78,1024"
"0/1","25,10","35","67","67,0,676"
"0/1","29,18","47","99","514,0,691"
"0/1","33,13","47","99","178,0,1004"
"0/0","24,0","24","57","0,57,712"
"0/0","42,2","44","68","0,68,1109"
"0/0","23,0","23","66","0,66,890"
"0/1","16,12","28","99","393,0,537"
"0/1","11,12","23","99","377,0,355"
"0/1","8,10","18","99","353,0,268"
"0/1","33,5","38","76","76,0,962"
"0/1","9,11","20","99","372,0,301"
"0/1","15,10","25","99","298,0,539"
"0/0","25,0","25","69","0,69,902"
"0/1","6,12","18","99","425,0,159"
"0/1","19,16","35","99","539,0,670"
"0/1","14,9","23","99","275,0,492"
"0/1","17,14","31","99","426,0,567"
"0/1","12,17","29","99","468,0,380"
"0/1","20,6","26","99","104,0,394"
"0/1","23,10","33","99","241,0,829"
"0/1","19,10","29","99","253,0,641"
"0/0","20,0","20","57","0,57,764"
"0/1","9,11","20","99","298,0,288"
"0/0","18,0","18","51","0,51,684"
"0/0","21,0","21","63","0,63,840"
"0/0","19,0","19","51","0,51,695"
"0/0","17,0","17","51","0,51,656"
"0/0","15,0","15","42","0,42,563"
"0/1","6,6","12","99","178,0,170"
"0/1","16,19","35","99","618,0,537"
"0/1","13,5","18","99","156,0,438"
"0/1","15,25","40","99","751,0,496"
"0/1","25,10","35","99","214,0,660"
"0/1","22,9","31","99","175,0,615"
"0/0","71,0","71","99","0,165,2013"
"0/1","17,13","30","99","397,0,192"
"0/1","23,7","30","99","163,0,609"
"0/1","23,7","30","99","158,0,610"
"0/1","17,9","26","99","240,0,267"
"0/1","5,16","21","99","594,0,103"
"0/1","11,15","26","99","464,0,377"
"0/0","36,0","36","99","0,102,1341"
"0/0","33,1","34","68","0,68,1190"
"0/0","35,0","35","93","0,93,1241"
"0/0","35,0","35","93","0,93,1252"
"0/0","35,0","35","90","0,90,1198"
"0/0","31,0","31","90","0,90,1176"
"0/0","29,0","29","78","0,78,1046"
"0/1","3,12","15","15","282,0,15"
"0/1","23,15","38","99","485,0,810"
"0/1","12,10","22","99","310,0,423"
"0/0","25,0","25","75","0,75,995"
"0/1","16,12","28","99","396,0,526"
"0/1","22,12","34","99","383,0,775"
"0/1","13,16","29","99","536,0,380"
"0/1","8,15","23","99","526,0,237"
"0/1","19,17","36","99","489,0,622"
"0/1","10,14","24","99","488,0,328"
"0/0","15,0","15","39","0,39,534"
"0/1","9,5","14","99","124,0,323"
"0/1","15,10","25","99","283,0,434"
"0/1","19,17","36","99","583,0,585"
"0/1","17,11","28","99","353,0,536"
"0/1","27,9","36","99","234,0,667"
"0/1","28,5","33","95","95,0,863"
"0/1","33,5","38","36","36,0,1063"
"0/1","33,7","40","99","129,0,1004"
"0/1","36,9","45","84","84,0,1216"
"0/1","34,8","42","99","118,0,1059"
"0/1","35,13","48","99","253,0,1078"
"0/1","27,3","30","30","30,0,992"
"0/1","15,10","25","99","289,0,479"
"0/1","39,5","44","27","27,0,1388"
"0/0","8,0","9","24","0,24,303"
"0/0","12,0","12","33","0,33,439"
"0/0","12,0","12","33","0,33,447"
"0/1","9,8","17","99","235,0,319"
"0/0","22,0","22","66","0,66,874"
"0/1","12,11","23","99","378,0,337"
"0/1","7,7","14","99","237,0,229"
"0/1","15,6","21","99","171,0,540"
"0/1","11,11","22","99","380,0,383"
"0/0","22,0","23","33","0,33,442"
"0/0","33,0","33","93","0,93,1212"
"0/0","17,0","17","51","0,51,666"
"0/1","9,10","19","99","347,0,301"
"0/1","15,17","32","99","589,0,503"
"0/1","12,6","18","99","191,0,433"
"0/1","6,15","21","99","505,0,180"
"0/1","20,2","22","20","20,0,662"
"0/1","19,2","21","26","26,0,582"
"0/1","21,4","25","60","60,0,656"
"0/1","6,12","18","99","428,0,183"
"0/1","9,12","21","99","392,0,307"
"0/1","25,12","37","99","337,0,862"
"0/1","27,13","40","99","388,0,938"
"0/1","19,10","29","99","317,0,683"
"0/1","8,6","14","99","197,0,280"
"0/1","9,6","15","99","202,0,288"
"0/1","4,17","21","96","628,0,96"
"0/1","12,10","22","99","337,0,374"
"0/1","7,8","15","99","277,0,238"
"0/1","15,18","33","99","544,0,483"
"0/1","14,18","32","99","622,0,418"
"0/1","4,15","19","99","520,0,108"
"0/0","21,1","22","57","0,57,781"
"0/1","22,5","27","49","49,0,764"
"0/1","21,5","26","52","52,0,730"
"0/1","18,6","24","88","88,0,626"
"0/0","21,0","21","60","0,60,806"
"0/0","21,0","21","60","0,60,807"
"0/1","13,10","23","99","338,0,417"
"0/1","7,6","13","99","196,0,181"
"0/1","16,10","26","99","325,0,559"
"0/1","16,23","39","99","811,0,490"
"0/1","17,14","31","99","383,0,597"
"0/1","14,6","20","99","177,0,501"
"0/1","21,17","38","99","546,0,726"
"0/1","16,10","26","99","334,0,526"
"0/1","9,9","18","99","312,0,300"
"0/1","12,8","20","99","270,0,396"
"0/1","16,27","43","99","931,0,445"
"0/1","23,18","41","99","573,0,802"
"0/1","18,13","31","99","420,0,626"
"0/1","21,13","34","99","342,0,730"
"0/1","14,24","38","99","866,0,414"
"0/1","16,18","34","99","592,0,525"
"0/1","17,17","34","99","560,0,511"
"0/1","13,11","24","99","341,0,450"
"0/1","10,13","23","99","409,0,323"
"0/1","10,10","20","99","352,0,316"
"0/1","17,17","34","99","546,0,454"
"0/1","23,21","44","99","668,0,722"
"0/1","18,21","39","99","621,0,549"
"0/1","19,11","30","99","320,0,658"
"0/1","11,11","22","99","360,0,382"
"0/1","17,7","24","99","186,0,573"
"0/1","11,11","22","99","315,0,366"
"0/1","12,12","24","99","381,0,399"
"0/1","10,16","26","99","539,0,285"
"0/1","11,12","23","99","416,0,370"
"0/1","11,15","26","99","514,0,312"
"0/1","8,21","29","99","673,0,238"
"0/1","12,11","23","99","365,0,405"
"0/1","5,4","9","99","101,0,178"
"0/1","10,9","19","99","269,0,341"
"0/1","9,15","24","99","538,0,250"
"0/1","8,10","18","99","322,0,238"
"0/1","16,7","23","99","189,0,529"
"0/1","11,14","25","99","429,0,346"
"0/1","3,8","11","86","277,0,86"
"1/1","0,14","14","42","566,42,0"
"0/1","11,11","22","99","344,0,343"
"0/1","7,6","13","99","201,0,245"
"0/1","9,15","24","99","512,0,290"
"0/1","22,14","36","99","411,0,605"
"0/1","14,19","33","99","661,0,459"
"0/1","9,12","21","99","420,0,298"
"0/1","11,9","20","99","309,0,377"
"0/1","12,11","23","99","380,0,412"
"0/1","16,8","24","99","214,0,574"
"0/1","15,9","24","99","290,0,534"
"0/1","6,9","15","99","316,0,199"
"0/1","7,7","14","99","245,0,236"
"0/1","15,9","24","99","288,0,447"
"0/1","8,5","13","99","160,0,288"
"0/1","9,10","19","99","352,0,307"
"0/1","16,14","30","99","481,0,465"
"0/1","11,9","20","99","297,0,394"
"0/1","12,8","20","99","230,0,435"
"0/1","10,9","19","99","276,0,355"
"0/1","11,6","17","99","180,0,395"
"0/1","7,10","17","99","355,0,223"
"0/1","15,9","24","99","287,0,533"
"0/1","5,7","12","99","192,0,160"
"0/1","11,7","18","99","213,0,399"
"0/1","16,20","36","99","649,0,449"
"0/1","10,13","23","99","418,0,286"
"0/1","8,12","20","99","397,0,262"
"0/1","13,14","27","99","464,0,284"
"0/1","12,23","35","99","788,0,345"
"0/1","17,10","27","99","307,0,600"
"0/1","16,9","25","99","268,0,538"
"0/1","5,6","11","99","215,0,128"
"0/1","14,15","29","99","522,0,376"
"0/1","7,12","19","99","392,0,233"
"0/1","15,15","30","99","483,0,469"
"0/1","11,13","24","99","417,0,374"
"0/1","14,16","30","99","522,0,440"
"0/1","20,11","31","99","277,0,703"
"0/1","12,14","26","99","491,0,399"
"0/1","11,9","20","99","306,0,362"
"0/1","13,14","27","99","489,0,378"
"0/0","21,0","21","57","0,57,751"
"0/1","17,10","27","99","322,0,607"
"0/1","16,7","23","99","195,0,566"
"0/1","13,18","31","99","562,0,380"
"0/1","13,14","27","99","452,0,440"
"0/1","26,18","44","99","544,0,852"
"0/1","17,14","31","99","468,0,517"
"0/1","17,18","35","99","604,0,532"
"0/1","15,27","42","99","960,0,467"
"0/1","15,23","38","99","689,0,477"
"0/1","15,22","37","99","688,0,472"
"0/1","16,12","28","99","365,0,563"
"0/0","32,0","32","78","0,78,1030"
"0/1","16,15","34","99","376,0,396"
"0/1","12,7","19","99","160,0,134"
"0/1","19,4","23","30","30,0,657"
"0/1","7,9","16","99","318,0,236"
"0/1","14,14","28","99","449,0,445"
"0/1","12,12","24","99","393,0,378"
"0/1","8,11","19","99","356,0,269"
"0/1","10,9","19","99","310,0,308"
"0/0","24,0","24","72","0,72,977"
"0/1","14,9","24","99","257,0,452"
"0/1","47,8","55","56","56,0,1561"
"0/1","54,7","61","83","83,0,1676"
"0/1","53,7","61","92","92,0,1570"
"0/1","24,3","27","41","41,0,890"
"0/0","35,2","37","19","0,19,1161"
"0/1","9,13","22","99","470,0,303"
"0/1","16,10","26","99","328,0,567"
"0/1","10,12","22","99","417,0,348"
"0/1","11,15","26","99","526,0,332"
"0/1","14,13","27","99","450,0,446"
"0/1","4,10","14","99","340,0,121"
"0/1","12,10","22","99","340,0,312"
"0/1","8,6","14","99","200,0,284"
"0/1","15,8","23","99","214,0,484"
"0/1","20,19","39","99","601,0,607"
"0/1","16,12","28","99","392,0,522"
"0/1","15,14","29","99","405,0,473"
"0/1","18,12","30","99","363,0,490"
"0/1","5,6","11","99","199,0,172"
"0/1","14,12","26","99","380,0,427"
"0/1","23,19","42","99","579,0,639"
"0/1","14,6","20","99","179,0,461"
"0/1","8,9","17","99","286,0,273"
"0/1","6,4","10","99","125,0,209"
"0/0","16,0","16","48","0,48,648"
"0/1","22,12","34","99","354,0,747"
"0/1","10,9","19","99","308,0,301"
"0/1","9,11","20","99","348,0,255"
"0/1","5,12","17","99","435,0,154"
"0/1","12,7","19","99","225,0,427"
"0/1","20,14","34","99","434,0,650"
"0/1","26,9","35","99","140,0,717"
"0/1","10,9","19","99","298,0,359"
"0/1","6,16","22","99","488,0,183"
"0/1","15,15","30","99","417,0,487"
"0/1","9,8","17","99","273,0,315"
"0/1","11,7","18","99","226,0,378"
"0/1","6,9","15","99","285,0,181"
"0/1","14,8","22","99","245,0,271"
"0/1","23,13","37","99","406,0,607"
"0/1","29,3","32","18","18,0,915"
"0/1","8,15","23","99","483,0,193"
"0/1","15,10","26","99","305,0,519"
"0/1","13,15","28","99","486,0,411"
"0/1","12,15","27","99","501,0,397"
"0/1","15,22","37","99","721,0,491"
"0/1","14,12","26","99","405,0,385"
"0/1","10,14","24","99","499,0,330"
"0/1","10,9","19","99","309,0,336"
"0/1","13,14","27","99","454,0,419"
"0/1","18,19","37","99","586,0,577"
"0/1","10,4","14","99","123,0,367"
"0/1","9,11","20","99","381,0,298"
"0/1","6,11","17","99","396,0,154"
"0/1","10,8","18","99","267,0,352"
"0/1","11,9","20","99","304,0,349"
"0/1","11,13","24","99","433,0,346"
"0/1","11,11","22","99","384,0,344"
"0/0","30,0","30","87","0,87,1153"
"0/1","6,10","16","99","328,0,160"
"0/1","11,13","24","99","416,0,351"
"0/1","13,13","26","99","437,0,396"
"0/1","18,10","28","99","317,0,595"
"0/1","16,16","32","99","551,0,502"
"0/1","11,25","36","99","845,0,327"
"0/1","9,5","14","99","152,0,283"
"0/1","16,13","30","99","427,0,515"
"0/1","13,12","25","99","350,0,399"
"0/1","18,13","31","99","384,0,561"
"0/1","12,17","29","99","530,0,314"
"0/1","15,15","30","99","477,0,475"
"0/1","8,15","23","99","468,0,266"
"0/1","8,5","13","99","173,0,236"
"0/1","16,13","29","99","360,0,496"
"0/1","16,16","32","99","505,0,536"
"0/1","28,15","43","99","375,0,845"
"0/1","41,8","49","15","15,0,1342"
"0/1","53,16","69","99","306,0,1388"
"0/1","41,15","56","99","408,0,1328"
"0/1","36,6","42","55","55,0,1152"
"0/1","45,11","57","99","184,0,1544"
"0/1","49,16","65","99","256,0,1651"
"0/1","49,16","65","99","290,0,1637"
"0/1","16,9","25","99","287,0,524"
"0/1","14,14","28","99","400,0,464"
"0/1","14,15","29","99","512,0,476"
"0/1","7,8","15","99","270,0,234"
"0/1","13,13","26","99","444,0,402"
"0/1","10,10","20","99","352,0,305"
"0/1","17,15","33","99","391,0,550"
"0/1","23,16","39","99","483,0,751"
"0/1","12,18","30","99","569,0,391"
"0/1","14,16","30","99","517,0,472"
"1/1","0,20","20","54","734,54,0"
"0/1","14,19","33","99","480,0,433"
"0/1","22,13","35","99","425,0,749"
"0/1","12,22","34","99","670,0,373"
"0/1","15,12","27","99","378,0,450"
"0/1","14,11","25","99","344,0,449"
"1/1","0,17","17","51","696,51,0"
"0/0","35,0","35","99","0,102,1372"
"0/0","36,0","36","99","0,102,1348"
"0/0","35,0","35","99","0,102,1353"
"0/1","13,12","25","99","366,0,410"
"0/0","28,0","28","72","0,72,968"
"0/1","12,8","20","99","267,0,389"
"0/1","19,15","34","99","499,0,663"
"0/1","9,12","21","99","426,0,259"
"0/1","11,8","19","99","267,0,364"
"0/0","31,0","31","90","0,90,1209"
"0/0","30,0","30","87","0,87,1175"
"0/0","32,0","32","96","0,96,1272"
"0/1","13,17","30","99","568,0,419"
"0/1","13,11","24","99","360,0,409"
"1/1","0,23","23","69","937,69,0"
"0/1","16,10","26","99","290,0,509"
"0/1","15,17","32","99","588,0,420"
"0/1","7,8","15","99","238,0,242"
"0/1","6,7","13","99","209,0,207"
"0/1","7,6","13","99","211,0,212"
"0/1","13,10","23","99","266,0,465"
"0/1","10,13","23","99","466,0,269"
"0/1","15,22","37","99","766,0,475"
"0/1","11,11","22","99","383,0,377"
"0/1","11,11","22","99","375,0,378"
"0/1","9,8","17","99","277,0,284"
"0/1","20,13","33","99","418,0,685"
"0/1","10,9","19","99","301,0,301"
"0/0","21,0","21","57","0,57,716"
"0/1","19,16","35","99","459,0,639"
"0/1","19,19","38","99","641,0,645"
"0/1","20,26","46","99","875,0,486"
"0/1","13,20","33","99","652,0,376"
"0/1","8,21","29","99","659,0,228"
"0/1","19,19","38","99","593,0,597"
"0/1","8,11","19","99","390,0,225"
"0/1","5,10","15","99","366,0,159"
"0/1","16,5","21","99","108,0,510"
"0/1","13,9","22","99","287,0,460"
"0/1","20,14","34","99","417,0,679"
"0/1","16,14","30","99","425,0,564"
"0/1","12,16","28","99","560,0,358"
"0/1","21,11","32","99","299,0,734"
"0/1","17,16","33","99","538,0,537"
"0/1","13,8","21","99","243,0,465"
"0/1","25,18","43","99","570,0,842"
"0/1","21,18","39","99","574,0,732"
"0/1","12,19","33","99","619,0,388"
"0/1","19,16","36","99","459,0,576"
"0/1","14,12","26","99","404,0,480"
"0/1","13,10","23","99","337,0,444"
"0/1","9,17","26","99","616,0,284"
"0/1","9,17","26","99","578,0,292"
"0/1","6,13","19","99","464,0,187"
"0/1","10,11","21","99","350,0,312"
"0/1","9,14","23","99","485,0,296"
"0/1","3,9","12","72","331,0,72"
"0/1","3,9","12","81","326,0,81"
"0/1","10,6","16","99","187,0,349"
"0/1","7,8","15","99","197,0,248"
"0/1","11,12","23","99","375,0,381"
"0/1","8,7","15","99","224,0,285"
"0/1","11,21","32","99","711,0,338"
"0/1","13,15","28","99","466,0,391"
"0/1","14,11","25","99","348,0,411"
"0/1","20,12","32","99","352,0,635"
"0/1","27,9","36","99","252,0,943"
"0/1","21,15","36","99","496,0,726"
"0/1","14,14","28","99","471,0,436"
"0/1","15,12","27","99","411,0,459"
"0/1","9,13","22","99","448,0,298"
"0/1","17,16","33","99","552,0,595"
"0/1","10,12","22","99","393,0,273"
"0/1","12,11","23","99","343,0,384"
"0/1","8,7","15","99","239,0,279"
"0/1","11,13","24","99","377,0,377"
"0/1","6,11","17","99","399,0,194"
"0/1","11,9","20","99","295,0,390"
"0/1","8,12","20","99","427,0,205"
"0/1","9,11","20","99","352,0,275"
"0/1","16,11","27","99","347,0,538"
"0/1","16,11","27","99","333,0,578"
"0/1","7,8","15","99","262,0,240"
"0/0","20,0","20","54","0,54,736"
"0/1","9,12","21","99","386,0,302"
"0/1","10,7","17","99","235,0,322"
"0/1","9,9","18","99","303,0,302"
"0/1","11,14","25","99","430,0,377"
"0/1","10,9","19","99","304,0,337"
"0/1","11,9","20","99","307,0,347"
"0/1","17,14","31","99","419,0,593"
"0/1","18,13","31","99","374,0,609"
"0/1","19,16","35","99","529,0,570"
"0/1","17,22","39","99","732,0,527"
"0/1","26,23","49","99","737,0,805"
"0/1","23,24","47","99","794,0,740"
"0/1","15,13","28","99","437,0,451"
"0/1","15,18","33","99","618,0,511"
"0/1","12,14","26","99","448,0,370"
"0/1","8,13","21","99","433,0,225"
"0/1","13,12","25","99","420,0,406"
"0/1","11,18","29","99","569,0,273"
"0/1","16,13","29","99","414,0,501"
"0/0","23,0","23","69","0,69,931"
"0/0","23,0","23","63","0,63,840"
"0/1","17,29","46","99","954,0,482"
"0/1","17,22","39","99","704,0,495"
"0/1","11,12","23","99","390,0,344"
"0/1","25,23","48","99","779,0,797"
"0/1","19,19","38","99","599,0,552"
"0/1","22,15","37","99","473,0,713"
"0/1","13,14","27","99","425,0,446"
"0/1","21,11","32","99","352,0,674"
"0/0","34,0","34","96","0,96,1279"
"0/0","34,0","34","96","0,96,1288"
"0/0","37,0","37","99","0,102,1347"
"0/0","34,0","34","93","0,93,1259"
"0/0","32,0","32","90","0,90,1191"
"0/1","11,11","22","99","334,0,379"
"0/1","17,9","26","99","238,0,451"
"0/0","11,0","13","24","0,24,311"
"0/1","11,14","28","99","443,0,253"
"0/1","11,12","25","99","316,0,328"
"0/1","24,20","44","99","475,0,726"
"0/1","25,20","45","99","525,0,784"
"0/1","20,15","35","99","477,0,656"
"0/1","24,12","36","99","329,0,875"
"0/1","15,21","36","99","639,0,505"
"0/0","30,0","30","81","0,81,1063"
"0/0","31,0","31","87","0,87,1115"
"0/0","29,0","30","84","0,84,1059"
"0/0","37,1","38","63","0,63,1174"
"0/0","41,1","42","78","0,78,1420"
"0/0","37,4","41","72","0,72,1322"
"0/1","18,12","30","99","370,0,486"
"0/0","37,0","38","87","0,87,1161"
"0/0","40,0","40","90","0,90,1141"
"0/0","43,0","43","93","0,93,1216"
"0/0","44,0","44","99","0,102,1347"
"0/0","43,1","44","99","0,99,1308"
"0/0","44,0","44","99","0,99,1309"
"0/0","34,1","44","60","0,60,1185"
"0/0","37,4","41","96","0,96,1275"
"0/0","32,1","33","59","0,59,1146"
"0/0","37,1","38","62","0,62,1181"
"0/0","35,0","35","96","0,96,1229"
"0/0","30,1","33","56","0,56,1115"
"0/0","33,3","36","29","0,29,1081"
"0/0","34,2","36","26","0,26,1122"
"0/0","29,0","29","81","0,81,1059"
"0/1","16,17","33","99","466,0,502"
"0/0","37,3","40","46","0,46,1289"
"0/0","36,3","39","53","0,53,1336"
"0/0","48,0","49","99","0,126,1625"
"0/1","15,14","29","99","463,0,478"
"0/1","21,14","35","99","346,0,689"
"0/1","16,14","30","99","446,0,481"
"0/1","9,10","19","99","340,0,264"
"0/1","10,5","15","99","162,0,364"
"0/1","10,19","30","99","675,0,327"
"0/1","12,19","31","99","679,0,358"
"0/1","8,15","23","99","502,0,257"
"0/1","6,12","18","99","427,0,185"
"0/1","9,11","20","99","359,0,254"
"0/1","11,11","22","99","323,0,349"
"0/1","9,14","23","99","499,0,252"
"0/1","9,10","19","99","352,0,298"
"0/1","9,11","20","99","381,0,294"
"0/1","6,9","15","99","284,0,200"
"0/1","8,6","14","99","188,0,281"
"0/1","10,4","14","99","120,0,354"
"0/1","16,12","28","99","341,0,501"
"0/1","9,4","13","99","127,0,282"
"0/1","9,5","14","99","168,0,261"
"0/1","8,4","12","99","129,0,288"
"0/1","10,17","27","99","591,0,328"
"0/1","11,11","22","99","385,0,371"
"0/1","12,7","19","99","231,0,361"
"0/1","13,10","23","99","341,0,454"
"0/1","17,13","30","99","388,0,598"
"0/1","11,10","21","99","304,0,373"
"0/1","12,11","23","99","368,0,408"
"0/1","15,15","30","99","499,0,487"
"0/1","14,14","28","99","462,0,467"
"0/1","7,13","20","99","399,0,228"
"0/1","8,11","19","99","376,0,249"
"0/1","11,7","18","99","231,0,355"
"0/1","16,16","32","99","509,0,537"
"0/1","11,5","16","99","126,0,321"
"0/1","10,4","14","99","115,0,347"
"0/1","10,18","28","99","539,0,318"
"0/1","17,13","30","99","405,0,511"
"0/0","10,0","10","27","0,27,337"
"0/0","11,0","11","30","0,30,384"
"0/0","11,0","11","30","0,30,388"
"0/1","15,12","27","99","381,0,401"
"0/1","25,23","48","99","732,0,838"
"0/1","14,11","25","99","354,0,458"
"0/1","12,11","23","99","341,0,376"
"0/1","6,12","18","99","398,0,196"
"0/1","16,21","37","99","697,0,513"
"1/1","0,22","22","63","847,63,0"
"1/1","1,30","31","70","964,70,0"
"0/1","17,18","35","99","548,0,515"
"0/1","6,15","21","99","505,0,187"
"0/0","13,0","13","21","0,21,228"
"0/1","11,15","26","99","438,0,356"
"0/1","39,11","50","78","78,0,785"
"0/1","15,18","33","99","554,0,137"
"1/1","0,23","23","66","901,66,0"
"0/1","15,7","22","99","221,0,498"
"0/1","13,16","29","99","566,0,397"
"0/1","15,19","34","99","644,0,469"
"0/1","15,17","32","99","520,0,491"
"0/1","21,5","26","99","109,0,696"
"0/1","15,14","29","99","372,0,511"
"0/1","10,8","18","99","274,0,306"
"0/1","11,13","24","99","450,0,378"
"0/1","8,10","18","99","340,0,262"
"0/1","15,12","27","99","365,0,488"
"0/1","5,22","27","99","713,0,116"
"0/1","20,17","37","99","524,0,638"
"0/1","15,18","33","99","526,0,452"
"0/1","18,19","37","99","583,0,576"
"0/1","1,14","15","4","381,0,4"
"0/1","10,12","22","99","420,0,328"
"0/1","17,17","34","99","555,0,559"
"0/1","15,13","28","99","424,0,473"
"0/1","17,10","27","99","328,0,571"
"0/1","16,13","29","99","391,0,525"
"0/0","21,0","21","60","0,60,808"
"0/1","11,9","20","99","309,0,386"
"0/1","12,10","22","99","309,0,417"
"0/1","19,12","31","99","362,0,521"
"0/1","10,15","25","99","383,0,291"
"0/1","10,22","32","99","749,0,304"
"0/1","14,10","25","99","271,0,474"
"0/1","37,6","43","79","79,0,1249"
"0/1","36,6","42","99","113,0,1000"
"0/1","13,11","24","99","271,0,423"
"0/1","15,9","24","99","256,0,506"
"0/1","13,14","27","99","470,0,402"
"0/1","24,22","46","99","710,0,744"
"0/1","19,21","40","99","670,0,607"
"0/1","20,15","35","99","396,0,634"
"0/1","11,20","31","99","503,0,267"
"0/1","17,15","32","99","506,0,578"
"0/1","13,12","25","99","402,0,446"
"0/1","9,10","19","99","313,0,262"
"0/1","13,10","23","99","327,0,448"
"0/1","8,11","19","99","356,0,247"
"0/1","20,10","30","99","295,0,614"
"0/1","13,6","20","99","166,0,243"
"0/1","12,10","22","99","341,0,412"
"0/1","14,17","31","99","395,0,451"
"0/1","11,22","33","99","747,0,342"
"0/1","11,18","29","99","626,0,349"
"0/1","19,21","40","99","707,0,496"
"0/0","40,0","40","99","0,102,1280"
"0/1","13,19","32","99","587,0,385"
"0/1","6,9","15","99","317,0,197"
"0/1","7,6","13","99","206,0,214"
"0/1","7,6","13","99","209,0,214"
"0/1","8,9","17","99","279,0,263"
"0/1","6,6","12","99","201,0,194"
"0/1","12,9","21","99","304,0,361"
"0/1","6,9","15","99","322,0,198"
"0/1","9,11","20","99","383,0,293"
"0/1","9,11","21","99","390,0,297"
"0/1","22,23","45","99","760,0,705"
"0/1","18,23","41","99","744,0,515"
"0/1","16,27","43","99","904,0,505"
"0/1","16,15","31","99","412,0,532"
"0/1","14,9","23","99","220,0,461"
"0/1","20,20","40","99","639,0,609"
"0/1","9,13","22","99","451,0,295"
"0/1","11,9","30","99","305,0,326"
"0/1","12,22","34","99","708,0,349"
"0/1","18,16","34","99","482,0,583"
"0/1","15,25","40","99","788,0,449"
"0/1","17,13","31","99","351,0,429"
"0/1","13,18","31","99","600,0,399"
"0/1","12,21","33","99","393,0,317"
"0/1","20,12","32","99","300,0,503"
"0/1","8,17","25","99","555,0,230"
"0/1","15,11","26","99","374,0,466"
"0/1","16,11","27","99","361,0,539"
"0/1","13,10","23","99","307,0,461"
"0/1","13,10","23","99","340,0,410"
"0/1","18,9","27","99","279,0,640"
"0/1","11,14","25","99","494,0,364"
"0/1","9,14","23","99","440,0,294"
"0/1","16,12","28","99","351,0,450"
"0/1","11,21","32","99","689,0,351"
"0/1","24,14","38","99","427,0,720"
"0/1","21,15","36","99","466,0,701"
"0/1","10,20","30","99","573,0,210"
"0/1","14,13","27","99","416,0,405"
"0/1","13,14","27","99","415,0,418"
"0/1","16,11","27","99","373,0,445"
"0/1","11,19","30","99","592,0,357"
"0/1","11,11","22","99","298,0,378"
"0/1","11,12","23","99","377,0,338"
"0/1","15,11","26","99","368,0,457"
"0/1","13,22","35","99","729,0,386"
"0/1","10,19","29","99","623,0,287"
"0/1","18,16","34","99","526,0,503"
"0/1","6,6","12","99","209,0,207"
"0/1","7,6","13","99","208,0,241"
"0/1","15,10","25","99","277,0,495"
"0/1","16,12","28","99","345,0,506"
"0/1","16,16","32","99","508,0,561"
"0/1","18,19","37","99","618,0,575"
"0/1","10,12","22","99","423,0,340"
"0/1","11,11","22","99","346,0,376"
"0/1","11,11","22","99","315,0,386"
"0/1","11,11","22","99","348,0,335"
"0/1","13,11","24","99","340,0,390"
"0/1","11,14","25","99","405,0,364"
"0/1","14,14","28","99","444,0,444"
"0/1","17,11","28","99","349,0,512"
"0/1","19,10","29","99","328,0,609"
"0/1","16,12","28","99","400,0,559"
"0/1","17,12","29","99","397,0,568"
"0/1","21,18","39","99","605,0,654"
"0/1","18,21","40","99","688,0,532"
"0/1","37,20","57","99","604,0,1184"
"0/1","16,18","34","99","625,0,496"
"0/1","35,28","63","99","882,0,1144"
"0/1","30,27","57","99","862,0,927"
"0/1","57,16","73","99","437,0,1993"
"0/1","63,28","91","99","721,0,1744"
"0/1","10,15","25","99","441,0,325"
"0/1","22,16","38","99","531,0,691"
"0/1","16,14","30","99","476,0,549"
"0/1","14,13","27","99","415,0,460"
"0/1","16,21","37","99","689,0,497"
"0/1","11,9","20","99","266,0,383"
"0/1","7,10","17","99","345,0,224"
"0/1","19,21","40","99","610,0,603"
"0/1","25,13","38","99","410,0,817"
"0/1","17,9","26","99","237,0,452"
"0/1","3,11","14","38","383,0,38"
"0/1","54,8","62","99","151,0,1767"
"0/1","53,38","91","99","1193,0,1402"
"0/1","67,18","85","99","463,0,2046"
"0/1","93,15","108","99","178,0,2668"
"0/1","39,15","54","99","445,0,1115"
"0/0","31,0","31","93","0,93,1251"
"0/1","18,25","43","99","834,0,539"
"0/1","15,29","44","99","915,0,462"
"0/1","16,33","49","99","1147,0,484"
"0/1","14,32","46","99","1099,0,415"
"0/1","18,31","49","99","986,0,585"
"0/1","16,39","55","99","1306,0,490"
"0/1","13,30","43","99","963,0,397"
"0/1","44,18","62","99","443,0,1511"
"0/1","25,42","67","99","1243,0,754"
"0/1","43,16","59","99","426,0,1463"
"0/1","25,35","60","99","1073,0,731"
"0/1","19,35","54","99","1134,0,502"
"0/1","15,35","50","99","1197,0,457"
"0/1","17,32","49","99","1089,0,500"
"0/1","19,42","61","99","1422,0,527"
"0/1","19,16","35","99","544,0,622"
"0/1","18,40","58","99","1159,0,329"
"0/1","20,22","42","99","649,0,577"
"0/0","8,0","8","15","0,15,205"
"0/0","8,0","10","12","0,12,163"
"0/0","9,0","10","21","0,21,277"
"0/0","13,0","14","30","0,30,369"
"0/0","13,0","15","33","0,33,414"
"0/0","15,0","16","39","0,39,505"
"0/0","13,0","15","22","0,22,271"
"0/0","13,0","15","24","0,24,305"
"0/1","16,12","29","99","301,0,486"
"0/1","17,29","46","99","955,0,538"
"0/1","29,18","47","99","542,0,924"
"0/1","15,15","30","99","450,0,508"
"0/1","14,14","28","99","418,0,474"
"0/1","13,12","25","99","373,0,404"
"0/1","10,12","22","99","372,0,318"
"0/1","13,13","26","99","405,0,446"
"0/1","14,14","28","99","400,0,473"
"0/1","16,11","27","99","363,0,539"
"0/1","16,20","36","99","552,0,490"
"0/1","22,13","35","99","393,0,730"
"0/1","16,13","29","99","391,0,444"
"0/1","16,14","30","99","432,0,510"
"0/1","21,9","30","99","239,0,712"
"0/1","15,15","30","99","432,0,443"
"0/1","16,15","31","99","505,0,434"
"0/1","17,13","30","99","397,0,477"
"0/1","18,17","35","99","539,0,518"
"0/1","18,17","35","99","430,0,519"
"0/1","19,16","35","99","451,0,541"
"0/1","15,20","35","99","661,0,486"
"0/1","15,15","30","99","423,0,471"
"0/1","14,15","29","99","435,0,409"
"0/1","13,11","24","99","360,0,410"
"0/1","14,16","30","99","526,0,352"
"0/1","13,14","28","99","439,0,388"
"0/1","12,13","25","99","417,0,295"
"0/1","11,11","22","99","353,0,335"
"0/1","9,12","21","99","365,0,254"
"0/1","13,15","28","99","495,0,385"
"0/1","18,14","32","99","424,0,610"
"0/1","13,15","28","99","418,0,404"
"0/1","8,17","25","99","598,0,234"
"0/1","3,17","20","62","576,0,62"
"0/1","13,15","28","99","412,0,437"
"0/1","13,14","27","99","423,0,434"
"0/1","14,14","28","99","421,0,462"
"0/1","14,14","28","99","413,0,468"
"0/1","13,14","27","99","425,0,401"
"0/1","19,11","30","99","311,0,603"
"0/0","31,0","32","93","0,93,1216"
"0/1","19,12","31","99","354,0,609"
"0/1","22,8","30","99","186,0,756"
"0/1","15,11","26","99","325,0,484"
"0/1","12,14","26","99","465,0,403"
"0/1","15,14","29","99","458,0,500"
"0/1","15,14","29","99","467,0,482"
"0/1","11,20","31","99","669,0,346"
"0/1","19,11","30","99","354,0,629"
"0/1","21,8","29","99","241,0,724"
"0/1","21,18","39","99","570,0,658"
"0/1","23,18","41","99","556,0,768"
"0/1","18,15","33","99","455,0,541"
"0/1","14,14","28","99","461,0,434"
"0/1","14,18","33","99","593,0,421"
"0/1","8,24","32","99","821,0,229"
"0/1","10,25","35","99","861,0,258"
"0/1","22,20","42","99","680,0,682"
"0/1","21,20","41","99","655,0,656"
"0/1","14,20","34","99","676,0,353"
"0/1","14,20","34","99","671,0,435"
"0/1","13,15","28","99","530,0,402"
"0/1","13,15","28","99","525,0,425"
"0/1","15,15","30","99","519,0,472"
"0/1","17,17","34","99","529,0,499"
"0/1","13,19","32","99","608,0,422"
"0/1","13,12","25","99","407,0,418"
"0/1","18,14","32","99","455,0,538"
"0/1","14,19","33","99","539,0,463"
"0/1","19,22","41","99","698,0,517"
"0/1","12,13","25","99","367,0,364"
"0/1","23,7","30","99","149,0,735"
"0/1","13,19","32","99","613,0,392"
"0/1","13,15","29","99","424,0,375"
"0/1","14,24","38","99","811,0,448"
"0/1","18,11","29","99","317,0,603"
"0/1","23,13","36","99","414,0,756"
"0/1","26,14","40","99","408,0,872"
"0/1","29,23","52","99","675,0,899"
"0/1","24,10","34","99","269,0,791"
"0/1","22,18","41","99","424,0,722"
"0/1","29,18","47","99","492,0,921"
"0/1","17,24","41","99","796,0,480"
"0/1","25,18","43","99","552,0,791"
"0/1","31,18","49","99","570,0,1032"
"0/1","26,8","34","99","135,0,791"
"0/1","17,15","32","99","407,0,434"
"0/1","11,17","28","99","552,0,317"
"0/1","24,16","40","99","460,0,708"
"0/1","16,15","31","99","386,0,464"
"0/1","16,10","26","99","289,0,466"
"0/1","16,17","33","99","439,0,520"
"0/1","26,18","44","99","537,0,841"
"0/1","23,21","44","99","661,0,712"
"0/1","16,16","32","99","555,0,543"
"0/1","10,17","27","99","588,0,292"
"0/1","13,14","27","99","474,0,446"
"0/1","13,12","25","99","412,0,444"
"0/1","13,15","28","99","491,0,409"
"0/1","14,18","32","99","555,0,403"
"0/0","28,3","32","23","0,23,990"
"0/1","35,7","43","93","93,0,1093"
"0/1","41,7","48","99","103,0,1235"
"0/1","37,7","49","99","104,0,1245"
"0/1","42,7","49","84","84,0,1410"
"0/1","21,10","31","99","219,0,706"
"0/1","21,11","32","99","225,0,734"
"0/1","27,12","39","99","346,0,840"
"0/1","15,6","21","99","176,0,513"
"0/1","16,7","23","99","203,0,540"
"0/1","17,8","25","99","234,0,598"
"0/1","16,9","25","99","269,0,572"
"0/1","25,10","35","99","173,0,849"
"0/1","23,10","33","99","203,0,818"
"0/1","21,10","32","99","216,0,739"
"0/1","21,12","33","99","349,0,632"
"0/1","24,9","33","99","222,0,724"
"0/1","12,10","22","99","247,0,372"
"0/1","13,19","32","99","591,0,358"
"0/1","43,15","58","99","415,0,969"
"0/1","37,15","52","99","393,0,1025"
"0/1","76,24","100","99","612,0,1990"
"0/1","32,10","42","77","77,0,1064"
"0/1","15,23","38","99","782,0,456"
"0/1","17,19","36","99","571,0,542"
"0/1","9,11","20","99","387,0,292"
"0/1","14,18","32","99","525,0,470"
"0/1","18,17","35","99","575,0,548"
"0/1","12,12","24","99","408,0,399"
"0/1","23,20","43","99","655,0,774"
"0/1","20,12","32","99","311,0,647"
"0/1","15,11","26","99","372,0,514"
"0/1","23,9","32","99","234,0,769"
"0/1","22,16","38","99","515,0,716"
"0/1","31,10","41","99","282,0,1008"
"0/1","10,18","28","99","593,0,322"
"0/1","22,16","38","99","530,0,762"
"0/1","15,21","36","99","722,0,485"
"0/1","12,18","30","99","549,0,382"
"0/1","14,16","30","99","506,0,466"
"0/1","17,17","34","99","466,0,507"
"0/1","21,16","37","99","259,0,458"
"0/1","19,15","34","99","194,0,230"
"0/1","16,17","33","99","530,0,365"
"0/1","13,17","30","99","464,0,366"
"0/1","16,25","41","99","797,0,518"
"0/1","14,13","27","99","396,0,427"
"0/1","8,15","24","99","518,0,248"
"0/1","18,13","31","99","382,0,588"
"0/1","26,14","40","99","454,0,837"
"0/1","10,14","24","99","490,0,296"
"0/1","12,9","21","99","302,0,429"
"0/1","6,6","12","99","172,0,203"
"0/1","10,10","20","99","355,0,301"
"1/1","0,21","21","60","818,60,0"
"0/1","10,8","18","99","264,0,311"
"0/1","15,11","26","99","334,0,532"
"0/1","13,10","23","99","306,0,398"
"0/1","12,13","25","99","422,0,281"
"0/1","12,14","26","99","402,0,380"
"0/1","10,17","27","99","574,0,323"
"0/1","19,10","29","99","275,0,676"
"0/1","16,5","21","99","150,0,490"
"0/1","12,14","26","99","457,0,408"
"0/1","14,12","26","99","415,0,494"
"0/1","10,14","24","99","484,0,316"
"0/1","13,22","35","99","641,0,344"
"0/1","12,22","34","99","635,0,299"
"0/1","16,21","37","99","674,0,493"
"0/1","23,23","47","99","762,0,691"
"0/1","23,21","44","99","644,0,691"
"0/1","18,16","34","99","503,0,539"
"0/1","21,15","36","99","448,0,708"
"0/1","16,15","31","99","494,0,515"
"0/1","11,28","39","99","865,0,297"
"0/1","27,10","37","99","296,0,950"
"0/1","15,30","45","99","1047,0,479"
"0/1","19,15","35","99","474,0,611"
"0/1","12,24","36","99","621,0,386"
"0/1","22,16","38","99","505,0,585"
"0/1","19,16","35","99","538,0,600"
"0/1","12,19","31","99","631,0,388"
"0/1","25,21","46","99","644,0,837"
"0/1","19,13","32","99","425,0,649"
"0/1","14,9","23","99","276,0,491"
"0/1","14,12","26","99","409,0,455"
"0/1","8,7","15","99","197,0,287"
"0/0","19,0","19","57","0,57,755"
"0/1","7,8","15","99","268,0,242"
"0/1","8,12","20","99","409,0,265"
"0/0","25,0","25","69","0,69,899"
"0/0","25,0","25","69","0,69,907"
"0/0","25,0","25","69","0,69,909"
"0/0","26,0","26","69","0,69,906"
"0/0","26,0","26","69","0,69,897"
"0/0","27,0","27","69","0,69,911"
"0/0","27,0","27","69","0,69,903"
"0/0","27,0","27","69","0,69,909"
"0/0","27,0","27","69","0,69,915"
"0/0","28,0","28","72","0,72,943"
"0/0","28,0","28","72","0,72,943"
"0/0","28,0","28","72","0,72,943"
"0/0","30,0","30","75","0,75,988"
"0/0","30,0","30","75","0,75,986"
"0/0","30,0","30","72","0,72,945"
"0/0","30,0","30","75","0,75,993"
"0/0","31,0","31","75","0,75,986"
"0/0","32,0","32","81","0,81,1073"
"0/0","32,0","32","81","0,81,1063"
"0/0","31,0","31","78","0,78,1027"
"0/0","31,0","31","78","0,78,1033"
"0/0","30,0","30","78","0,78,1035"
"0/0","30,0","30","78","0,78,1034"
"0/0","30,0","30","78","0,78,1041"
"0/0","30,0","30","78","0,78,1049"
"0/0","31,0","31","78","0,78,1043"
"0/0","31,0","31","78","0,78,1046"
"0/1","14,18","32","99","515,0,479"
"0/1","21,17","38","99","545,0,674"
"0/1","10,20","30","99","679,0,322"
"0/1","8,7","15","99","237,0,268"
"0/1","16,10","26","99","314,0,499"
"0/1","6,10","16","99","362,0,147"
"0/0","42,0","43","99","0,114,1479"
"0/1","4,8","12","99","252,0,134"
"0/1","16,13","29","99","375,0,536"
"0/0","36,0","36","96","0,96,1280"
"0/0","36,0","36","96","0,96,1294"
"0/0","32,0","32","90","0,90,1219"
"0/0","30,0","30","84","0,84,1112"
"0/0","46,0","46","99","0,123,1637"
"0/0","31,1","32","90","0,90,1190"
"0/0","7,0","7","21","0,21,287"
"0/0","11,0","11","30","0,30,387"
"0/0","12,0","12","33","0,33,433"
"0/0","13,0","13","36","0,36,477"
"0/0","19,0","19","51","0,51,680"
"0/0","18,0","18","45","0,45,611"
"0/0","19,0","19","48","0,48,616"
"1/1","0,17","17","45","577,45,0"
"0/1","7,12","19","99","378,0,189"
"1/1","0,34","34","93","1263,93,0"
"0/0","26,0","26","75","0,75,1025"
"0/0","24,0","24","69","0,69,933"
"0/0","22,0","22","63","0,63,853"
"0/0","24,0","24","69","0,69,948"
"0/0","24,0","24","69","0,69,949"
"0/0","26,0","26","72","0,72,988"
"0/0","18,0","18","48","0,48,645"
"0/0","19,0","19","51","0,51,691"
"0/0","20,0","20","57","0,57,751"
"0/0","21,0","21","57","0,57,775"
"0/0","21,0","21","57","0,57,783"
"0/0","22,0","22","60","0,60,823"
"0/0","24,0","24","66","0,66,885"
"0/0","22,0","22","63","0,63,856"
"0/0","22,0","22","63","0,63,861"
"0/0","21,0","21","54","0,54,736"
"0/0","24,0","24","66","0,66,884"
"0/0","23,0","23","66","0,66,890"
"0/0","24,0","24","72","0,72,963"
"0/0","27,1","28","75","0,75,1011"
"0/0","31,0","31","87","0,87,1174"
"0/1","16,16","32","99","495,0,444"
"0/1","17,12","29","99","398,0,541"
"1/1","0,12","12","36","486,36,0"
"0/1","14,10","24","99","319,0,404"
"1/1","0,18","18","54","738,54,0"
"0/1","14,11","25","99","338,0,414"
"0/0","13,0","13","39","0,39,521"
"1/1","0,26","26","78","1060,78,0"
"0/1","12,11","23","99","384,0,383"
"1/1","0,21","21","63","868,63,0"
"0/1","4,2","6","30","30,0,148"
"0/1","12,7","19","99","215,0,390"
"1/1","0,21","21","63","835,63,0"
"0/1","10,11","21","99","377,0,347"
"0/1","16,13","29","99","354,0,519"
"1/1","2,23","25","32","861,32,0"
"1/1","0,16","16","48","602,48,0"
"0/0","18,0","18","48","0,48,599"
"0/1","18,19","37","99","589,0,553"
"0/1","17,14","32","99","439,0,442"
"0/1","16,25","41","99","768,0,486"
"1/1","1,23","24","32","840,32,0"
"0/1","13,14","27","99","449,0,446"
"0/1","15,5","20","99","137,0,478"
"0/1","16,11","27","99","319,0,508"
"0/1","12,18","30","99","483,0,312"
"0/1","20,13","33","99","388,0,536"
"1/1","0,32","32","93","1200,93,0"
"1/1","1,21","23","26","770,26,0"
"1/1","0,22","22","63","826,63,0"
"1/1","0,33","33","99","1328,99,0"
"1/1","0,23","23","69","913,69,0"
"1/1","0,22","22","57","769,57,0"
"1/1","2,21","23","19","697,19,0"
"0/1","18,15","33","99","412,0,530"
"0/1","19,14","33","99","401,0,521"
"0/1","18,19","37","99","571,0,492"
"0/1","16,14","30","99","330,0,455"
"1/1","2,24","26","30","663,30,0"
"0/1","18,13","31","99","295,0,475"
"0/1","15,25","40","99","849,0,416"
"0/1","19,10","29","99","317,0,654"
"0/1","29,8","37","99","129,0,808"
"0/0","9,2","11","27","0,27,364"
"0/1","4,3","7","97","97,0,105"
"0/1","3,4","7","68","68,0,68"
"1/1","0,11","11","24","331,24,0"
"1/1","0,14","14","39","467,39,0"
"0/1","4,3","7","64","64,0,117"
"0/1","8,9","17","99","316,0,265"
"1/1","0,13","13","39","517,39,0"
"1/1","0,19","19","57","720,57,0"
"0/0","20,0","20","57","0,57,746"
"0/0","19,0","19","54","0,54,698"
"0/0","17,0","17","48","0,48,630"
"1/1","1,6","7","18","234,18,0"
"0/0","6,0","6","12","0,12,149"
"0/1","15,15","30","99","465,0,441"
"0/1","9,15","24","99","446,0,282"
"0/1","26,18","44","99","543,0,680"
"1/1","0,8","8","21","276,21,0"
"1/1","0,8","8","21","267,21,0"
"1/1","2,28","30","81","1080,81,0"
"0/1","13,12","25","99","334,0,382"
"0/1","14,12","26","99","394,0,459"
"0/1","9,19","28","99","650,0,280"
"0/1","16,16","32","99","504,0,491"
"0/1","13,17","30","99","603,0,392"
"0/1","9,6","15","99","201,0,319"
"0/1","6,6","12","99","167,0,209"
"0/1","8,7","15","99","225,0,274"
"0/1","12,11","23","99","375,0,417"
"0/1","13,7","20","99","233,0,402"
"0/1","7,7","14","99","238,0,234"
"0/1","6,10","16","99","280,0,201"
"0/0","25,1","26","32","0,32,856"
"0/1","16,12","28","99","366,0,488"
"0/1","12,12","24","99","425,0,343"
"0/1","10,10","20","99","312,0,312"
"1/1","1,14","15","3","515,3,0"
"0/1","7,26","33","99","929,0,139"
"0/1","16,4","20","99","106,0,468"
"0/1","49,13","65","99","206,0,1556"
"0/1","78,14","93","99","115,0,2423"
"0/1","89,15","104","99","272,0,2508"
"0/1","72,11","84","99","118,0,2080"
"0/0","40,1","41","99","0,108,1423"
"0/1","21,17","38","99","515,0,512"
"0/1","44,8","52","91","91,0,1353"
"0/1","39,9","48","99","142,0,1243"
"0/1","26,6","32","99","126,0,830"
"0/1","46,7","53","96","96,0,1448"
"0/1","43,7","51","99","105,0,1427"
"0/1","13,10","23","99","332,0,416"
"0/0","26,1","27","33","0,33,924"
"0/1","30,16","46","99","475,0,941"
"0/1","26,9","35","99","174,0,871"
"0/1","27,8","35","99","176,0,886"
"0/1","29,10","39","99","236,0,980"
"0/1","13,13","26","99","418,0,403"
"0/1","6,12","18","99","379,0,191"
"0/1","14,13","27","99","412,0,354"
"0/1","17,18","35","99","507,0,561"
"0/1","14,19","33","99","549,0,347"
"0/1","22,16","38","99","496,0,424"
"0/1","9,15","24","99","503,0,211"
"0/1","12,15","27","99","467,0,377"
"0/1","6,13","19","99","425,0,157"
"0/1","10,7","17","99","236,0,318"
"0/1","17,5","22","99","101,0,633"
"0/1","24,9","33","99","244,0,764"
"0/1","12,5","17","99","149,0,422"
"0/1","11,10","21","99","315,0,376"
"0/1","17,17","34","99","534,0,580"
"0/1","14,22","36","99","757,0,430"
"0/1","7,9","16","99","309,0,197"
"0/1","14,15","29","99","523,0,388"
"0/1","9,10","19","99","345,0,312"
"0/1","4,24","28","76","850,0,76"
"0/1","8,16","24","99","497,0,251"
"0/1","17,16","34","99","477,0,507"
"0/1","10,18","28","99","536,0,313"
"0/1","11,16","27","99","515,0,325"
"0/1","16,17","33","99","506,0,538"
"0/1","13,16","29","99","562,0,393"
"0/1","13,12","25","99","345,0,455"
"0/1","11,11","22","99","367,0,338"
"0/1","18,10","28","99","308,0,648"
"0/1","6,12","18","99","391,0,182"
"0/1","10,9","19","99","263,0,334"
"0/1","23,16","39","99","485,0,779"
"0/1","8,13","21","99","385,0,257"
"0/0","15,0","16","18","0,18,205"
"0/1","20,9","29","99","215,0,530"
"0/0","32,1","33","81","0,81,1004"
"0/0","8,0","9","24","0,24,307"
"0/1","15,9","24","99","282,0,466"
"0/1","23,18","41","99","576,0,807"
"0/0","31,0","31","84","0,84,1119"
"0/1","11,7","18","99","235,0,381"
"0/1","7,6","14","99","211,0,201"
"0/0","28,0","28","78","0,78,1048"
"0/0","12,3","16","24","0,24,296"
"0/0","30,0","30","75","0,75,902"
"0/1","17,16","33","99","472,0,594"
"0/1","20,17","37","99","540,0,697"
"0/1","16,8","24","99","259,0,493"
"0/1","13,6","19","99","153,0,472"
"0/1","5,11","16","99","386,0,157"
"0/1","3,9","12","81","330,0,81"
"0/1","9,9","18","99","308,0,313"
"0/1","11,15","26","99","531,0,340"
"0/1","12,4","16","99","120,0,389"
"0/1","10,7","17","99","231,0,352"
"0/1","13,10","23","99","318,0,451"
"0/1","7,12","19","99","409,0,217"
"0/1","14,18","32","99","521,0,465"
"0/1","15,12","27","99","347,0,518"
"0/1","16,11","27","99","364,0,559"
"0/1","15,15","30","99","504,0,481"
"0/1","11,9","20","99","305,0,373"
"0/1","14,18","32","99","501,0,410"
"0/1","17,10","27","99","321,0,522"
"0/1","18,11","29","99","355,0,598"
"0/1","10,14","24","99","490,0,327"
"0/1","13,11","24","99","373,0,420"
"0/1","18,12","31","99","298,0,601"
"0/1","16,15","31","99","413,0,554"
"0/1","18,15","33","99","425,0,583"
"0/1","18,11","30","99","325,0,561"
"0/1","19,12","31","99","396,0,660"
"0/1","14,9","23","99","295,0,448"
"0/1","19,16","35","99","519,0,649"
"0/1","15,15","30","99","526,0,375"
"0/0","17,1","19","42","0,42,547"
"0/1","10,4","16","87","87,0,203"
"0/1","20,20","40","99","580,0,654"
"0/0","38,2","41","66","0,66,784"
"0/1","11,15","26","99","441,0,305"
"0/1","14,13","27","99","430,0,434"
"0/1","9,11","20","99","347,0,303"
"0/1","12,15","27","99","514,0,398"
"0/1","8,22","30","99","637,0,195"
"0/1","10,14","24","99","457,0,279"
"0/1","17,12","29","99","377,0,553"
"0/1","16,12","28","99","402,0,547"
"0/1","18,15","33","99","419,0,499"
"0/1","17,7","24","99","194,0,478"
"0/1","4,6","12","64","64,0,139"
"0/1","13,17","30","99","596,0,429"
"0/1","10,7","17","99","227,0,331"
"0/1","16,18","34","99","618,0,455"
"0/1","15,17","33","99","510,0,476"
"0/1","21,19","40","99","559,0,606"
"0/1","24,14","38","99","442,0,634"
"0/1","26,13","39","99","371,0,784"
"0/1","27,16","43","99","474,0,832"
"0/1","13,25","38","99","742,0,313"
"0/1","12,18","30","99","593,0,311"
"0/1","14,14","28","99","416,0,393"
"0/1","17,15","32","99","465,0,483"
"0/1","15,17","32","99","548,0,475"
"0/1","13,13","26","99","378,0,357"
"0/1","16,14","30","99","397,0,535"
"0/1","19,17","36","99","503,0,604"
"0/1","17,10","27","99","284,0,493"
"0/1","11,14","25","99","427,0,335"
"0/1","12,14","26","99","455,0,384"
"0/1","16,10","26","99","254,0,557"
"0/1","19,18","38","99","512,0,600"
"0/1","15,9","24","99","250,0,468"
"0/1","23,12","35","99","381,0,649"
"0/1","13,14","27","99","483,0,403"
"0/1","14,13","27","99","437,0,448"
"0/1","14,21","35","99","670,0,378"
"0/1","13,13","26","99","393,0,385"
"0/1","13,15","28","99","439,0,361"
"0/1","11,13","24","99","439,0,326"
"0/1","14,15","29","99","480,0,385"
"0/1","17,16","33","99","493,0,570"
"0/1","15,16","31","99","478,0,468"
"0/1","19,20","40","99","663,0,553"
"0/1","23,11","34","99","283,0,715"
"0/1","16,19","35","99","563,0,430"
"0/1","10,14","24","99","461,0,331"
"0/1","10,13","23","99","452,0,295"
"0/1","12,13","25","99","361,0,400"
"0/1","17,10","27","99","265,0,525"
"0/1","13,17","30","99","531,0,390"
"0/1","13,17","30","99","563,0,382"
"0/1","16,11","27","99","346,0,460"
"0/1","16,17","33","99","371,0,464"
"0/1","7,11","18","99","378,0,233"
"0/1","12,9","21","99","262,0,419"
"0/1","9,15","24","99","458,0,249"
"0/1","9,13","22","99","379,0,291"
"0/1","16,7","23","99","104,0,465"
"0/1","18,8","26","99","210,0,523"
"0/1","19,11","30","99","293,0,540"
"0/1","13,13","26","99","414,0,401"
"0/1","14,16","30","99","320,0,368"
"0/1","17,12","29","99","285,0,515"
"0/1","11,11","22","99","372,0,347"
"0/1","14,16","30","99","522,0,397"
"0/1","12,14","26","99","408,0,341"
"0/1","17,16","34","99","391,0,437"
"0/1","18,18","36","99","483,0,558"
"0/1","10,14","24","99","442,0,296"
"0/1","9,27","36","99","853,0,218"
"0/1","39,9","49","99","169,0,1321"
"0/1","36,9","45","99","206,0,1157"
"0/1","17,10","27","99","328,0,534"
"0/1","18,21","39","99","661,0,431"
"0/1","11,16","27","99","383,0,250"
"0/1","4,10","14","99","245,0,121"
"0/1","8,8","16","99","279,0,265"
"0/1","12,12","24","99","381,0,414"
"0/1","10,24","34","99","808,0,253"
"0/1","10,9","19","99","307,0,304"
"0/1","17,8","25","99","245,0,567"
"0/1","8,14","22","99","457,0,224"
"0/1","18,15","33","99","474,0,527"
"0/0","33,0","33","96","0,96,1275"
"0/1","17,11","28","99","296,0,362"
"0/1","10,17","27","99","565,0,320"
"0/1","19,19","38","99","656,0,497"
"0/1","13,16","29","99","465,0,343"
"0/1","15,15","30","99","483,0,423"
"0/1","14,11","25","99","257,0,443"
"0/1","9,3","12","89","89,0,291"
"0/1","5,8","13","99","252,0,167"
"0/1","13,13","26","99","452,0,388"
"0/1","15,13","28","99","437,0,491"
"0/1","12,9","21","99","296,0,399"
"0/1","9,14","23","99","450,0,304"
"0/1","17,13","30","99","442,0,597"
"0/1","15,21","36","99","720,0,444"
"0/1","20,10","30","99","297,0,714"
"0/1","8,11","19","99","389,0,234"
"0/1","14,20","34","99","620,0,441"
"0/1","11,11","22","99","329,0,320"
"0/1","10,8","19","99","232,0,293"
"0/1","11,16","27","99","507,0,364"
"0/1","13,12","25","99","377,0,403"
"0/1","14,20","34","99","644,0,448"
"0/1","13,20","33","99","702,0,391"
"0/1","13,23","36","99","765,0,370"
"0/1","16,10","29","99","193,0,521"
"0/1","15,9","24","99","286,0,458"
"0/0","13,0","13","36","0,36,440"
"0/0","14,0","14","39","0,39,498"
"0/0","15,0","15","45","0,45,567"
"0/1","14,12","26","99","401,0,444"
"0/1","9,3","13","44","44,0,239"
"0/1","11,17","28","99","522,0,338"
"0/0","6,0","6","18","0,18,242"
"0/0","6,0","6","18","0,18,237"
"0/1","8,12","21","49","49,0,276"
"0/1","15,7","23","99","177,0,478"
"0/1","14,14","29","99","400,0,406"
"0/1","20,13","33","99","429,0,599"
"0/1","10,20","30","99","713,0,306"
"0/1","9,20","29","99","705,0,275"
"0/1","15,25","40","99","773,0,466"
"0/1","30,6","36","99","104,0,431"
"0/1","20,13","36","99","208,0,239"
"0/1","26,12","39","99","261,0,296"
"0/1","17,16","33","99","506,0,498"
"0/1","11,9","20","99","295,0,336"
"0/1","18,17","35","99","552,0,572"
"0/1","15,12","27","99","397,0,488"
"0/1","17,11","28","99","354,0,520"
"0/1","15,11","26","99","319,0,531"
"0/0","30,0","30","84","0,84,1107"
"0/1","15,9","24","99","266,0,489"
"0/1","18,15","33","99","479,0,616"
"0/1","22,16","38","99","502,0,699"
"0/1","14,12","26","99","389,0,454"
"0/1","16,17","33","99","559,0,536"
"0/1","16,15","31","99","509,0,503"
"0/1","9,16","25","99","545,0,294"
"0/1","13,14","27","99","466,0,403"
"0/1","13,6","19","99","186,0,440"
"0/1","10,7","17","99","240,0,280"
"0/1","11,20","31","99","626,0,222"
"0/1","12,11","23","99","324,0,383"
"0/1","17,16","33","99","429,0,574"
"0/1","13,14","27","99","471,0,433"
"0/0","15,0","15","39","0,39,522"
"0/1","19,17","36","99","575,0,642"
"0/1","13,13","26","99","412,0,403"
"0/0","25,1","26","33","0,33,855"
"0/1","9,11","21","99","380,0,299"
"0/1","10,3","13","84","84,0,333"
"1/1","2,40","42","65","1248,65,0"
"0/1","10,18","28","99","652,0,325"
"0/1","6,6","12","99","196,0,204"
"0/1","15,8","23","99","272,0,408"
"0/1","17,11","28","99","291,0,513"
"0/0","19,0","19","51","0,51,686"
"0/1","13,13","26","99","436,0,401"
"0/1","16,14","30","99","420,0,509"
"0/1","10,12","22","99","396,0,300"
"0/1","14,14","29","99","420,0,379"
"0/1","18,17","35","99","543,0,541"
"0/0","23,0","23","63","0,63,812"
"0/1","6,8","16","59","112,0,59"
"0/1","17,8","26","99","247,0,594"
"0/1","18,12","30","99","398,0,559"
"0/1","16,17","33","99","543,0,509"
"0/1","19,12","31","99","381,0,554"
"0/1","13,10","23","99","301,0,374"
"1/1","1,9","10","24","319,24,0"
"0/1","10,5","15","99","148,0,364"
"0/1","15,18","33","99","532,0,513"
"0/1","15,12","27","99","348,0,491"
"0/1","10,20","30","99","627,0,300"
"0/1","12,12","24","99","367,0,419"
"0/1","11,15","26","99","338,0,307"
"0/1","12,10","23","99","288,0,417"
"0/1","13,22","35","99","777,0,380"
"0/1","17,12","29","99","405,0,587"
"0/1","10,15","25","99","473,0,319"
"0/1","23,13","36","99","386,0,697"
"0/1","10,17","27","99","563,0,319"
"0/1","14,22","36","99","728,0,424"
"0/1","10,22","32","99","735,0,311"
"0/1","12,26","38","99","895,0,332"
"0/1","13,16","29","99","484,0,414"
"0/1","12,15","27","99","453,0,395"
"0/1","16,9","25","99","243,0,542"
"0/1","12,11","23","99","340,0,397"
"0/1","14,14","28","99","486,0,406"
"0/1","10,17","27","99","572,0,283"
"0/1","17,7","24","99","207,0,612"
"0/1","14,13","27","99","401,0,458"
"0/1","10,6","16","99","198,0,283"
"0/1","9,6","15","99","191,0,272"
"0/1","28,7","35","99","104,0,957"
"0/0","38,8","47","59","0,59,1078"
"0/0","34,10","44","47","0,47,1011"
"0/0","35,9","44","13","0,13,979"
"0/1","10,10","20","99","344,0,334"
"0/1","7,12","19","99","419,0,196"
"0/1","11,8","19","99","204,0,285"
"0/0","28,0","28","81","0,81,1087"
"0/1","18,22","40","99","740,0,553"
"0/1","18,10","28","99","308,0,610"
"0/1","13,14","27","99","383,0,401"
"0/1","11,8","21","99","226,0,353"
"0/1","35,8","43","99","134,0,1137"
"0/1","35,8","43","99","134,0,1131"
"0/0","19,0","19","42","0,42,556"
"0/0","30,0","30","78","0,78,1006"
"0/1","10,6","16","99","195,0,311"
"0/1","49,12","62","99","240,0,1565"
"0/1","57,12","69","99","230,0,1748"
"0/1","39,9","48","99","136,0,1215"
"0/0","41,2","43","99","0,108,1382"
"0/1","7,9","16","99","314,0,200"
"0/1","10,9","19","99","248,0,271"
"0/1","15,12","27","99","382,0,491"
"0/1","13,16","29","99","543,0,397"
"0/1","42,15","57","99","223,0,1396"
"0/1","39,13","54","99","224,0,1288"
"0/1","34,13","47","99","172,0,1111"
"0/1","21,11","32","99","211,0,600"
"0/1","13,6","19","99","177,0,446"
"0/1","15,5","20","99","102,0,520"
"0/1","21,5","27","99","110,0,708"
"0/1","39,15","54","99","188,0,990"
"0/1","53,12","65","99","154,0,1672"
"0/1","17,5","22","62","62,0,568"
"0/1","17,4","21","88","88,0,508"
"0/1","15,4","19","87","87,0,492"
"0/1","14,4","18","91","91,0,464"
"0/1","32,7","39","99","99,0,780"
"0/1","28,7","35","99","115,0,722"
"0/1","14,17","31","99","478,0,369"
"0/1","20,14","34","99","391,0,626"
"0/0","41,4","45","49","0,49,1295"
"0/0","22,0","22","60","0,60,762"
"0/0","23,0","23","63","0,63,806"
"0/0","23,0","23","63","0,63,812"
"0/0","23,0","23","63","0,63,796"
"0/0","24,0","24","66","0,66,823"
"0/1","10,14","24","99","386,0,325"
"0/1","17,14","31","99","392,0,463"
"0/0","29,0","29","75","0,75,962"
"0/1","14,13","27","99","195,0,235"
"0/1","11,9","20","99","312,0,308"
"0/1","15,14","29","99","440,0,511"
"0/1","15,16","31","99","442,0,491"
"0/1","3,14","17","57","520,0,57"
"0/1","10,13","23","99","422,0,296"
"1/1","1,23","24","27","846,27,0"
"0/0","4,0","4","9","0,9,120"
"0/1","12,8","22","99","229,0,395"
"0/1","16,13","29","99","412,0,467"
"0/1","9,19","28","99","629,0,286"
"0/1","13,7","20","99","218,0,474"
"0/1","6,4","10","99","132,0,215"
"0/1","10,5","15","99","166,0,213"
"0/1","7,5","12","99","130,0,249"
"0/1","13,20","33","99","707,0,385"
"0/1","16,10","26","99","259,0,469"
"0/1","18,14","33","99","343,0,536"
"0/1","15,26","41","99","858,0,489"
"0/1","19,15","34","99","442,0,618"
"0/1","13,11","24","99","317,0,432"
"0/1","18,15","33","99","500,0,593"
"0/1","20,15","36","99","492,0,663"
"0/1","9,10","19","99","264,0,200"
"0/1","10,14","24","99","495,0,296"
"0/1","21,13","34","99","431,0,656"
"0/1","21,19","40","99","643,0,612"
"0/1","36,10","46","99","298,0,802"
"0/1","15,11","26","99","363,0,477"
"0/1","20,18","38","99","445,0,551"
"0/0","19,0","19","48","0,48,638"
"0/1","22,12","34","99","320,0,697"
"0/1","44,8","53","99","101,0,1466"
"0/1","11,20","32","99","587,0,363"
"0/0","11,0","11","24","0,24,323"
"0/1","52,52","104","99","730,0,800"
"0/1","53,55","108","99","831,0,825"
"0/1","16,95","111","99","1928,0,174"
"0/1","29,79","108","99","1553,0,444"
"0/1","18,18","36","99","584,0,593"
"0/1","19,10","29","99","296,0,611"
"0/1","21,15","36","99","399,0,632"
"0/1","13,13","26","99","452,0,374"
"0/1","18,17","35","99","580,0,447"
"0/1","15,12","27","99","349,0,509"
"0/1","17,29","46","99","855,0,529"
"0/1","20,23","43","99","740,0,674"
"0/1","15,8","23","99","209,0,532"
"0/1","14,19","33","99","548,0,464"
"0/1","13,21","35","99","614,0,347"
"0/1","14,14","28","99","489,0,480"
"0/1","8,7","15","99","231,0,275"
"0/1","13,11","24","99","357,0,451"
"0/1","15,13","28","99","191,0,519"
"0/1","11,13","24","99","417,0,357"
"0/1","15,8","23","99","184,0,474"
"0/1","13,16","29","99","448,0,372"
"1/1","0,17","17","48","651,48,0"
"0/1","9,6","15","99","200,0,322"
"0/1","29,7","36","86","86,0,736"
"0/1","32,7","40","99","102,0,740"
"0/1","33,8","41","92","92,0,1033"
"0/1","31,7","38","99","101,0,896"
"0/0","25,0","25","72","0,72,973"
"0/1","24,10","34","99","292,0,397"
"0/1","7,20","27","99","504,0,155"
"0/1","15,13","28","99","361,0,531"
"0/1","24,5","30","50","50,0,593"
"0/1","14,17","31","99","557,0,412"
"0/1","20,12","32","99","360,0,630"
"0/1","24,9","33","99","213,0,751"
"0/1","12,5","17","99","152,0,349"
"0/1","18,15","33","99","429,0,508"
"0/0","26,0","26","60","0,60,704"
"0/1","12,16","28","99","529,0,377"
"0/1","15,17","32","99","594,0,474"
"0/1","18,20","38","99","679,0,573"
"0/1","17,22","39","99","730,0,575"
"0/1","13,13","26","99","458,0,337"
"0/1","12,17","29","99","554,0,387"
"0/1","13,9","22","99","288,0,457"
"0/1","19,20","39","99","679,0,630"
"0/1","16,13","29","99","419,0,515"
"0/1","19,20","39","99","522,0,587"
"0/1","15,8","23","99","253,0,376"
"0/1","18,11","29","99","323,0,603"
"0/1","20,17","37","99","553,0,687"
"0/1","11,19","30","99","570,0,319"
"0/1","11,19","30","99","622,0,341"
"0/1","12,17","29","99","561,0,370"
"0/1","16,10","26","99","293,0,545"
"0/1","14,12","26","99","383,0,396"
"0/1","18,7","25","99","158,0,484"
"0/1","19,6","25","99","134,0,494"
"0/1","22,6","28","54","54,0,624"
"0/1","31,7","38","49","49,0,878"
"0/1","23,8","31","99","102,0,702"
"0/1","13,16","29","99","511,0,426"
"0/1","13,17","30","99","499,0,429"
"0/0","6,0","6","18","0,18,216"
"0/0","6,0","6","18","0,18,212"
"0/0","29,4","34","75","0,75,945"
"0/0","20,0","20","57","0,57,718"
"0/0","20,0","20","57","0,57,748"
"0/0","20,0","20","57","0,57,749"
"0/0","20,0","20","54","0,54,714"
"0/0","22,0","22","60","0,60,788"
"0/0","22,0","22","63","0,63,821"
"0/0","16,0","16","45","0,45,612"
"0/1","12,11","23","99","369,0,408"
"0/1","6,9","16","73","156,0,73"
"0/1","10,8","18","99","270,0,348"
"0/1","15,8","23","99","263,0,489"
"0/1","8,6","14","99","198,0,265"
"0/1","5,19","24","99","513,0,99"
"0/1","15,12","27","99","391,0,507"
"0/1","19,22","41","99","731,0,582"
"0/1","22,21","43","99","633,0,717"
"0/1","21,19","40","99","604,0,664"
"0/1","3,13","16","44","228,0,44"
"0/1","18,19","37","99","631,0,617"
"0/1","5,15","20","99","539,0,113"
"0/1","18,10","28","99","311,0,601"
"0/1","18,11","29","99","362,0,612"
"0/1","12,21","33","99","708,0,349"
"0/1","11,12","23","99","424,0,334"
"0/1","19,15","34","99","466,0,656"
"0/0","21,0","21","60","0,60,804"
"0/1","15,11","26","99","332,0,525"
"0/1","19,16","36","99","433,0,530"
"0/1","21,14","36","99","455,0,708"
"0/1","19,10","29","99","196,0,654"
"0/1","33,11","44","99","255,0,962"
"0/1","33,11","44","99","264,0,941"
"0/1","30,12","42","99","276,0,819"
"0/1","14,15","29","99","423,0,416"
"0/1","24,16","40","99","428,0,662"
"0/1","21,20","41","99","663,0,689"
"0/0","29,0","29","75","0,75,985"
"0/1","16,11","27","99","323,0,486"
"0/1","29,4","33","54","54,0,878"
"0/1","14,11","25","99","285,0,445"
"0/1","15,14","29","99","388,0,475"
"0/1","19,14","33","99","425,0,645"
"0/1","13,7","20","99","208,0,344"
"0/1","15,15","31","99","445,0,467"
"0/1","18,19","37","99","576,0,597"
"0/1","13,14","27","99","463,0,430"
"0/0","27,0","27","69","0,69,910"
"0/1","13,27","40","99","920,0,393"
"0/1","12,7","19","99","220,0,351"
"0/1","12,6","19","99","194,0,398"
"0/1","10,10","20","99","335,0,352"
"0/1","12,3","16","20","102,0,20"
"0/1","21,21","42","99","621,0,613"
"0/1","2,15","17","7","351,0,7"
"0/1","8,9","17","99","279,0,278"
"0/1","12,17","29","99","585,0,384"
"0/1","10,15","25","99","434,0,348"
"1/1","2,18","20","42","554,42,0"
"0/1","10,12","22","99","423,0,304"
"0/0","20,0","20","60","0,60,758"
"0/1","11,12","23","99","420,0,358"
"0/1","7,15","22","99","547,0,211"
"0/1","15,7","22","99","179,0,533"
"0/1","5,15","20","99","491,0,136"
"0/1","11,16","27","99","527,0,300"
"0/1","16,16","32","99","520,0,516"
"0/1","6,11","17","99","387,0,157"
"0/1","6,10","16","99","361,0,188"
"0/1","18,14","32","99","439,0,560"
"0/1","10,17","27","99","611,0,284"
"0/1","17,19","36","99","534,0,520"
"0/1","8,13","21","99","466,0,255"
"0/1","9,9","18","99","308,0,279"
"0/1","9,19","28","99","663,0,267"
"0/1","15,17","32","99","573,0,515"
"0/1","14,6","20","78","78,0,204"
"0/1","15,13","28","36","36,0,301"
"0/1","14,8","22","99","197,0,338"
"0/1","21,6","27","99","99,0,538"
"0/1","23,9","32","99","169,0,632"
"0/1","21,10","31","99","188,0,514"
"0/1","21,9","30","99","144,0,528"
"0/1","33,10","43","27","27,0,925"
"0/1","29,14","43","99","264,0,794"
"0/1","29,14","43","99","248,0,720"
"0/1","12,14","26","99","480,0,402"
"0/1","7,14","21","99","489,0,208"
"0/1","22,5","29","99","175,0,129"
"0/0","22,0","22","66","0,66,868"
"0/1","10,10","21","99","293,0,173"
"0/1","17,21","38","99","734,0,497"
"0/1","22,16","38","99","511,0,728"
"0/1","11,16","27","99","554,0,362"
"0/1","21,16","37","99","533,0,607"
"0/1","26,10","36","99","306,0,825"
"0/1","15,18","33","99","545,0,500"
"0/1","12,13","25","99","458,0,377"
"0/1","15,20","35","99","675,0,481"
"0/1","9,12","21","99","418,0,300"
"0/1","8,15","23","99","532,0,251"
"0/1","16,17","33","99","558,0,462"
"0/1","35,5","40","68","68,0,829"
"0/1","37,4","42","18","18,0,911"
"0/1","14,21","35","99","641,0,447"
"0/1","20,7","28","99","145,0,572"
"0/1","24,9","33","99","259,0,820"
"0/1","16,14","30","99","432,0,471"
"0/1","18,6","24","99","166,0,570"
"0/1","16,10","26","99","277,0,543"
"0/1","6,14","20","99","435,0,170"
"0/1","18,13","31","99","436,0,585"
"0/1","26,15","41","99","453,0,795"
"0/1","12,15","27","99","381,0,371"
"0/1","19,15","34","99","356,0,565"
"0/0","40,0","40","99","0,117,1530"
"0/1","15,10","25","99","323,0,458"
"0/0","15,1","17","3","0,3,494"
"0/1","14,11","25","99","368,0,436"
"0/1","18,12","30","99","363,0,572"
"0/1","17,15","32","99","430,0,577"
"0/0","15,0","15","39","0,39,483"
"0/1","20,12","32","99","385,0,670"
"0/1","14,18","32","99","562,0,472"
"0/1","20,21","41","99","718,0,599"
"0/1","5,7","12","99","243,0,149"
"0/1","16,9","25","99","277,0,566"
"0/1","8,8","16","99","272,0,235"
"0/1","9,6","15","99","195,0,309"
"0/1","4,8","12","99","278,0,123"
"0/1","19,9","28","99","266,0,623"
"0/1","14,10","24","99","312,0,423"
"0/1","8,7","15","99","205,0,284"
"0/1","10,8","18","99","266,0,337"
"0/1","10,9","19","99","301,0,350"
"0/1","15,12","27","99","294,0,383"
"0/1","13,25","38","99","855,0,349"
"0/1","14,13","27","99","391,0,447"
"0/1","22,16","38","99","476,0,710"
"0/1","20,13","33","99","432,0,625"
"0/1","13,16","29","99","516,0,406"
"0/1","19,17","36","99","526,0,651"
"0/1","6,14","20","99","374,0,140"
"0/1","11,5","16","99","145,0,375"
"0/1","16,17","33","99","539,0,450"
"0/1","12,14","26","99","488,0,393"
"0/1","13,10","23","99","328,0,415"
"0/1","14,19","33","99","625,0,470"
"0/1","13,6","19","99","189,0,424"
"0/1","13,6","19","99","149,0,455"
"0/1","8,12","20","99","399,0,198"
"0/1","5,11","16","99","339,0,121"
"0/1","15,18","33","99","590,0,349"
"0/1","11,13","24","99","452,0,367"
"0/1","11,14","25","99","491,0,369"
"0/1","12,11","24","99","365,0,400"
"0/1","22,4","27","35","35,0,417"
"0/1","10,23","33","99","770,0,230"
"0/1","10,13","23","99","452,0,296"
"0/1","12,17","29","99","598,0,404"
"0/1","22,10","33","99","247,0,485"
"0/1","19,9","30","99","247,0,422"
"0/1","41,12","53","99","185,0,1272"
"0/1","15,10","25","99","322,0,522"
"0/1","19,12","31","99","344,0,625"
"0/1","11,13","24","99","447,0,362"
"0/1","17,9","26","99","266,0,544"
"0/1","15,16","31","99","490,0,497"
"0/1","6,10","16","99","307,0,194"
"0/1","15,15","30","99","509,0,508"
"0/1","16,19","35","99","650,0,521"
"0/1","11,8","19","99","231,0,364"
"0/1","11,8","19","99","233,0,389"
"0/1","9,7","16","99","236,0,319"
"0/1","11,12","23","99","417,0,374"
"0/1","13,10","23","99","304,0,468"
"0/1","16,14","30","99","404,0,474"
"0/1","15,16","31","99","426,0,481"
"0/1","16,14","30","99","477,0,504"
"0/1","11,18","29","99","601,0,347"
"0/1","16,23","39","99","701,0,527"
"0/1","22,22","44","99","707,0,742"
"0/1","26,30","56","99","941,0,798"
"0/1","21,22","43","99","765,0,651"
"0/1","19,21","40","99","662,0,652"
"0/1","12,17","29","99","518,0,393"
"0/1","16,18","34","99","525,0,505"
"0/1","11,18","29","99","612,0,318"
"0/1","11,16","27","99","552,0,319"
"0/1","16,10","26","99","258,0,572"
"0/1","8,14","22","99","498,0,253"
"0/1","10,17","27","99","518,0,330"
"0/1","9,16","25","99","520,0,292"
"0/1","10,21","31","99","752,0,311"
"0/1","10,14","24","99","486,0,293"
"0/1","17,12","29","99","383,0,588"
"0/1","23,23","46","99","750,0,760"
"0/1","9,14","23","99","446,0,299"
"0/1","7,15","22","99","518,0,218"
"0/1","13,14","27","99","490,0,380"
"0/1","22,12","34","99","393,0,692"
"0/1","11,18","29","99","646,0,354"
"0/0","11,0","11","27","0,27,344"
"1/1","5,27","33","46","793,46,0"
"1/1","4,29","33","69","907,69,0"
"0/1","11,12","23","99","287,0,379"
"0/0","1,0","3","3","0,3,32"
"0/1","19,15","34","99","485,0,602"
"0/1","12,15","27","99","411,0,356"
"0/1","12,5","18","99","107,0,274"
"0/1","17,7","24","99","217,0,386"
"0/1","22,16","38","99","522,0,674"
"0/1","19,25","44","99","859,0,628"
"0/1","10,14","24","99","444,0,300"
"0/1","10,13","23","99","429,0,310"
"0/1","15,18","33","99","543,0,497"
"1/1","0,23","23","69","924,69,0"
"0/1","8,15","23","99","488,0,250"
"0/1","10,24","34","99","809,0,297"
"0/1","9,12","21","99","416,0,284"
"0/1","13,15","28","99","438,0,391"
"0/1","11,15","26","99","478,0,371"
"0/1","16,11","27","99","363,0,526"
"0/1","13,13","26","99","444,0,414"
"0/1","9,7","16","99","236,0,297"
"0/1","12,15","27","99","489,0,377"
"0/1","19,15","34","99","468,0,594"
"0/1","16,19","35","99","552,0,401"
"0/1","23,23","46","99","794,0,710"
"0/1","26,10","36","99","266,0,787"
"0/1","22,10","32","99","291,0,757"
"0/1","13,20","33","99","688,0,375"
"0/1","16,19","35","99","656,0,539"
"0/1","17,21","38","99","726,0,539"
"0/1","22,17","39","99","499,0,766"
"0/1","22,6","28","99","158,0,743"
"0/1","20,15","35","99","429,0,713"
"0/1","21,20","41","99","635,0,694"
"0/1","15,9","24","99","276,0,508"
"0/1","17,12","29","99","393,0,557"
"0/2","10,0,12","22","99","389,419,776,0,357,323"
"0/1","16,12","28","99","388,0,521"
"0/1","11,13","24","99","400,0,341"
"0/1","14,7","21","99","205,0,494"
"0/1","11,20","31","99","686,0,357"
"0/1","12,13","25","99","418,0,410"
"0/1","23,15","38","99","456,0,775"
"0/1","15,10","25","99","337,0,463"
"0/1","16,10","26","99","318,0,470"
"0/1","21,10","31","99","315,0,673"
"0/1","8,14","22","99","503,0,261"
"0/1","8,5","13","99","155,0,259"
"0/1","10,19","29","99","597,0,307"
"0/1","12,12","24","99","324,0,409"
"0/1","12,20","32","99","631,0,371"
"0/1","19,12","31","99","391,0,553"
"0/1","13,13","26","99","449,0,429"
"0/1","14,12","26","99","391,0,485"
"0/1","15,13","28","99","442,0,485"
"0/0","9,0","9","21","0,21,283"
"0/1","11,19","30","99","628,0,349"
"0/1","17,8","25","99","252,0,587"
"0/1","15,6","21","99","183,0,247"
"0/1","14,13","27","99","389,0,402"
"0/1","17,16","33","99","468,0,564"
"0/1","12,12","24","99","373,0,351"
"0/1","14,9","23","99","257,0,454"
"0/1","7,10","17","99","305,0,202"
"0/1","16,17","33","99","534,0,476"
"0/1","19,14","33","99","449,0,661"
"0/1","9,23","32","99","769,0,269"
"0/1","14,10","24","99","330,0,486"
"0/1","8,6","14","99","169,0,288"
"0/1","21,25","46","99","777,0,678"
"0/1","16,17","33","99","572,0,511"
"0/1","21,9","30","99","276,0,696"
"0/1","14,16","30","99","436,0,470"
"0/1","21,16","37","99","375,0,544"
"0/1","13,15","28","99","456,0,416"
"0/1","15,15","30","99","509,0,460"
"0/1","15,17","32","99","552,0,477"
"0/1","20,20","42","99","472,0,633"
"0/1","17,17","34","99","513,0,555"
"0/1","8,8","16","99","226,0,232"
"0/1","10,11","22","99","314,0,297"
"0/1","17,16","33","99","509,0,523"
"0/1","10,14","24","99","492,0,317"
"0/1","12,20","32","99","665,0,355"
"0/1","16,10","26","99","332,0,465"
"0/1","17,17","34","99","577,0,509"
"0/1","12,17","29","99","514,0,376"
"0/1","17,10","27","99","308,0,574"
"0/1","6,11","17","99","386,0,154"
"0/1","10,10","20","99","346,0,308"
"0/1","10,11","21","99","345,0,293"
"0/1","14,12","26","99","405,0,410"
"0/1","14,13","27","99","413,0,361"
"0/1","4,10","14","99","353,0,118"
"0/1","5,8","13","99","247,0,164"
"0/1","11,21","32","99","721,0,323"
"0/1","17,13","30","99","390,0,595"
"0/1","1,9","10","10","342,0,10"
"0/1","14,11","26","99","222,0,456"
"0/1","17,21","38","99","716,0,511"
"0/1","17,20","37","99","624,0,553"
"0/1","22,24","46","99","737,0,685"
"0/1","9,10","19","99","272,0,271"
"0/1","16,17","34","99","527,0,483"
"0/1","13,14","27","99","448,0,433"
"0/1","9,22","31","99","765,0,247"
"0/1","13,8","21","99","262,0,437"
"0/1","20,17","37","99","575,0,691"
"0/1","18,17","35","99","576,0,621"
"0/1","14,11","25","99","371,0,497"
"0/1","12,12","24","99","370,0,402"
"0/1","14,19","33","99","645,0,413"
"0/1","22,17","39","99","542,0,724"
"0/1","10,14","24","99","453,0,271"
"0/1","15,16","31","99","524,0,457"
"0/1","15,15","30","99","494,0,463"
"0/1","18,18","37","99","487,0,591"
"0/1","21,24","45","99","828,0,657"
"0/1","9,8","17","99","264,0,278"
"0/1","20,24","44","99","722,0,662"
"0/1","15,14","29","99","463,0,517"
"0/1","18,9","27","99","279,0,656"
"0/1","19,15","34","99","438,0,656"
"0/1","12,13","25","99","424,0,314"
"0/0","19,0","19","54","0,54,729"
"0/1","18,16","34","99","458,0,556"
"0/1","33,6","39","64","64,0,871"
"0/1","33,7","40","63","63,0,893"
"0/1","10,8","18","99","257,0,349"
"0/1","11,6","17","99","182,0,377"
"0/1","10,10","28","99","314,0,231"
"0/1","11,3","14","81","81,0,359"
"0/1","7,5","12","99","156,0,253"
"0/1","10,12","22","99","386,0,339"
"0/1","9,16","25","99","551,0,227"
"0/0","21,0","22","57","0,57,757"
"0/0","15,0","15","30","0,30,383"
"0/1","18,16","34","99","508,0,582"
"0/1","17,24","41","99","790,0,509"
"0/1","13,18","31","99","578,0,362"
"0/1","9,9","18","99","306,0,296"
"0/1","10,7","17","99","194,0,340"
"0/1","13,23","36","99","766,0,410"
"0/1","12,13","25","99","403,0,349"
"0/1","21,13","34","99","339,0,756"
"0/1","9,13","22","99","458,0,294"
"0/1","14,9","23","99","282,0,457"
"0/1","14,12","26","99","333,0,296"
"0/1","15,15","30","99","475,0,472"
"0/1","19,15","34","99","456,0,644"
"0/1","19,15","34","99","416,0,657"
"0/1","16,13","29","99","433,0,527"
"0/1","15,15","30","99","513,0,450"
"0/1","7,12","19","99","380,0,200"
"0/1","7,14","21","99","343,0,143"
"0/1","13,14","28","99","439,0,349"
"0/1","18,13","34","99","407,0,373"
"0/1","28,23","51","99","707,0,886"
"0/1","18,9","33","99","268,0,374"
"0/1","20,10","30","99","264,0,502"
"0/1","15,9","24","99","288,0,459"
"0/1","3,20","23","29","411,0,29"
"0/1","20,11","31","99","334,0,579"
"0/1","20,15","35","99","481,0,549"
"0/1","19,18","37","99","402,0,560"
"0/1","14,18","32","99","569,0,388"
"0/1","13,22","35","99","602,0,334"
"0/1","23,18","41","99","543,0,780"
"0/1","18,20","38","99","641,0,510"
"0/1","33,11","44","99","242,0,1037"
"0/1","21,13","34","99","157,0,454"
"0/1","11,13","24","99","412,0,350"
"0/1","13,9","22","99","290,0,438"
"0/1","17,18","35","99","602,0,472"
"0/1","16,18","34","99","552,0,505"
"0/1","15,17","32","99","563,0,499"
"0/1","16,17","33","99","500,0,515"
"0/1","22,16","38","99","517,0,662"
"0/1","21,16","38","99","522,0,577"
"0/1","16,14","30","99","456,0,539"
"0/1","17,13","30","99","407,0,591"
"0/1","27,13","40","99","390,0,879"
"0/1","16,11","27","99","263,0,413"
"0/1","15,18","33","99","486,0,438"
"0/1","20,18","38","99","555,0,653"
"0/1","19,21","40","99","678,0,525"
"0/1","5,13","18","99","357,0,103"
"0/1","8,14","22","99","492,0,251"
"0/1","10,8","18","99","257,0,223"
"0/1","20,5","25","92","92,0,592"
"0/1","21,10","31","99","311,0,702"
"0/1","14,18","32","99","551,0,449"
"0/1","10,18","28","99","607,0,273"
"0/1","13,11","24","99","297,0,405"
"0/1","6,7","13","99","228,0,206"
"0/1","7,7","14","99","238,0,215"
"0/0","14,0","14","39","0,39,535"
"0/1","8,14","22","99","467,0,225"
"0/1","8,9","17","99","313,0,264"
"0/1","8,8","16","99","276,0,269"
"0/1","12,6","18","99","189,0,366"
"0/1","8,12","20","99","306,0,260"
"0/1","9,12","21","99","433,0,270"
"0/1","7,10","17","99","360,0,158"
"0/1","9,10","19","99","341,0,265"
"0/1","7,14","21","99","457,0,222"
"0/1","8,14","22","99","457,0,261"
"0/1","9,13","22","99","391,0,294"
"0/1","9,13","22","99","412,0,301"
"0/1","7,11","18","99","388,0,192"
"0/1","9,13","23","99","417,0,299"
"0/1","14,13","27","99","400,0,488"
"0/1","12,7","19","99","225,0,398"
"0/1","9,8","17","99","240,0,275"
"0/1","11,11","22","99","377,0,341"
"0/1","10,7","17","99","234,0,325"
"0/1","9,11","20","99","392,0,275"
"0/1","10,11","21","99","381,0,304"
"0/1","10,13","23","99","463,0,273"
"0/1","8,13","21","99","437,0,230"
"0/1","7,11","18","99","358,0,238"
"0/1","6,10","16","99","343,0,192"
"0/1","13,7","20","99","212,0,474"
"0/1","9,14","23","99","493,0,297"
"0/1","9,13","22","99","470,0,301"
"0/1","11,14","25","99","430,0,310"
"0/1","4,15","19","99","537,0,102"
"0/1","12,11","23","99","375,0,415"
"0/1","12,12","24","99","387,0,390"
"0/1","13,9","22","99","304,0,455"
"0/1","9,8","17","99","242,0,313"
"0/1","10,7","17","99","190,0,352"
"0/1","9,7","16","99","203,0,314"
"0/1","6,6","12","99","199,0,211"
"0/1","7,11","18","99","373,0,233"
"0/1","11,15","26","99","536,0,340"
"0/1","13,9","22","99","303,0,356"
"0/1","13,9","22","99","304,0,416"
"0/1","12,9","21","99","289,0,416"
"0/1","12,14","26","99","450,0,368"
"0/1","7,17","24","99","539,0,221"
"0/1","7,19","26","99","610,0,205"
"0/1","12,8","20","99","219,0,412"
"0/1","10,6","16","99","194,0,325"
"0/1","7,12","19","99","355,0,236"
"0/1","9,10","19","99","318,0,303"
"0/1","6,11","17","99","362,0,197"
"0/1","19,17","36","99","540,0,597"
"0/1","17,17","34","99","547,0,522"
"0/1","12,9","21","99","282,0,426"
"0/1","13,18","31","99","621,0,426"
"0/1","19,15","34","99","462,0,554"
"0/1","19,12","31","99","344,0,591"
"0/1","21,14","35","99","444,0,664"
"0/1","13,11","24","99","378,0,397"
"0/1","10,11","21","99","371,0,299"
"0/1","14,12","26","99","373,0,419"
"0/1","17,16","33","99","478,0,540"
"0/1","12,12","24","99","371,0,325"
"0/1","14,13","27","99","442,0,396"
"0/1","14,12","26","99","381,0,400"
"0/1","13,14","27","99","447,0,391"
"0/1","18,15","33","99","440,0,619"
"0/1","18,13","31","99","439,0,545"
"0/1","17,16","33","99","513,0,545"
"0/1","17,19","36","99","608,0,504"
"0/1","18,16","34","99","462,0,617"
"0/1","18,18","36","99","542,0,491"
"0/1","20,19","39","99","533,0,638"
"0/1","22,18","40","99","567,0,659"
"0/1","23,14","37","99","376,0,754"
"0/1","23,15","38","99","340,0,757"
"0/1","17,17","34","99","545,0,418"
"0/1","18,17","35","99","590,0,429"
"0/1","15,15","30","99","470,0,469"
"0/1","15,14","29","99","447,0,460"
"0/1","14,15","29","99","394,0,419"
"0/1","14,16","30","99","539,0,346"
"0/1","15,16","31","99","512,0,418"
"0/1","13,17","30","99","518,0,352"
"0/1","12,14","26","99","476,0,388"
"0/1","13,13","26","99","433,0,398"
"0/1","13,15","28","99","484,0,401"
"0/1","14,15","29","99","519,0,438"
"0/1","21,17","38","99","563,0,625"
"0/1","21,17","38","99","501,0,653"
"0/1","20,15","35","99","453,0,679"
"0/1","18,13","31","99","391,0,632"
"0/1","12,13","25","99","408,0,371"
"0/1","14,19","33","99","657,0,407"
"0/1","18,14","32","99","405,0,586"
"0/1","19,12","31","99","339,0,668"
"0/1","20,14","34","99","436,0,655"
"0/1","19,16","35","99","503,0,660"
"0/1","20,10","30","99","303,0,669"
"0/1","15,13","28","99","420,0,522"
"0/1","10,10","20","99","344,0,297"
"0/1","12,12","24","99","378,0,345"
"0/1","9,11","20","99","316,0,244"
"0/1","13,11","24","99","361,0,370"
"0/1","11,16","27","99","487,0,320"
"0/1","12,14","26","99","494,0,265"
"0/1","8,15","23","99","511,0,257"
"0/1","7,11","18","99","350,0,233"
"0/1","10,16","26","99","548,0,284"
"0/1","7,15","22","99","470,0,193"
"0/1","13,14","27","99","477,0,409"
"0/1","12,15","27","99","457,0,377"
"0/1","5,17","22","99","571,0,133"
"0/1","7,12","19","99","426,0,230"
"0/1","17,15","32","99","453,0,554"
"0/1","33,22","55","99","559,0,1000"
"0/1","10,9","19","99","310,0,296"
"0/1","8,6","14","99","168,0,283"
"0/1","8,8","16","99","244,0,281"
"0/1","17,16","33","99","506,0,566"
"0/1","13,18","31","99","623,0,439"
"0/1","16,12","28","99","396,0,485"
"0/1","10,10","20","99","300,0,334"
"0/1","20,11","31","99","333,0,585"
"0/1","16,8","24","99","208,0,516"
"0/1","11,10","21","99","336,0,371"
"0/1","9,11","20","99","382,0,269"
"0/1","21,19","40","99","499,0,553"
"0/1","12,13","25","99","442,0,323"
"0/1","13,16","29","99","547,0,364"
"0/1","19,9","28","99","239,0,675"
"0/1","18,6","24","99","181,0,568"
"0/1","10,6","16","99","194,0,323"
"0/1","5,15","20","99","544,0,142"
"0/1","10,7","17","99","205,0,290"
"0/1","14,7","21","99","192,0,482"
"0/1","11,10","21","99","323,0,310"
"0/1","13,9","22","99","294,0,378"
"0/1","21,20","41","99","613,0,639"
"0/1","12,16","28","99","520,0,389"
"0/1","14,17","31","99","554,0,447"
"0/1","12,19","31","99","667,0,394"
"0/1","21,15","37","99","430,0,538"
"0/0","20,0","20","51","0,51,695"
"0/0","22,0","22","57","0,57,764"
"0/0","22,0","22","57","0,57,770"
"0/1","22,14","36","99","451,0,743"
"0/1","25,14","39","99","409,0,826"
"0/1","21,16","37","99","403,0,516"
"0/1","11,13","24","99","262,0,322"
"0/1","11,12","23","99","295,0,342"
"0/1","19,18","37","99","607,0,609"
"0/1","18,20","38","99","620,0,568"
"0/1","21,17","38","99","552,0,614"
"0/1","16,20","36","99","679,0,503"
"0/1","9,14","23","99","418,0,286"
"0/1","12,11","24","99","376,0,363"
"0/1","15,9","24","99","264,0,478"
"0/1","22,10","32","99","305,0,717"
"0/1","21,11","32","99","285,0,714"
"0/1","26,15","41","99","413,0,863"
"0/1","20,12","32","99","362,0,666"
"0/1","10,16","26","99","500,0,337"
"0/1","12,19","31","99","594,0,394"
"0/1","15,9","24","99","262,0,430"
"0/1","7,15","22","99","525,0,214"
"0/1","7,12","19","99","416,0,221"
"0/1","6,12","18","99","437,0,193"
"0/1","9,12","21","99","356,0,294"
"0/1","11,9","20","99","310,0,380"
"0/1","10,10","20","99","342,0,350"
"0/1","13,12","25","99","382,0,449"
"0/1","11,11","22","99","368,0,383"
"0/1","10,11","21","99","381,0,293"
"0/1","15,6","21","99","179,0,498"
"0/1","8,11","19","99","387,0,266"
"0/1","10,11","21","99","386,0,344"
"0/1","10,7","17","99","238,0,355"
"0/1","11,7","18","99","236,0,393"
"0/1","12,15","27","99","423,0,405"
"0/1","6,17","23","99","586,0,177"
"0/1","12,12","24","99","384,0,379"
"0/1","23,13","36","99","337,0,814"
"0/1","14,22","36","99","659,0,457"
"0/1","14,19","33","99","666,0,397"
"0/1","13,13","26","99","407,0,356"
"0/1","11,8","20","99","257,0,368"
"0/1","16,11","27","99","353,0,532"
"0/1","12,11","23","99","375,0,415"
"0/1","7,10","17","99","318,0,227"
"0/1","7,9","16","99","250,0,228"
"0/1","16,17","33","99","561,0,556"
"0/1","14,15","29","99","437,0,467"
"0/1","17,12","29","99","360,0,484"
"0/1","14,8","22","99","254,0,384"
"0/1","31,12","43","99","357,0,977"
"0/1","17,24","41","99","825,0,538"
"0/1","31,9","40","99","110,0,924"
"0/1","30,8","39","99","161,0,813"
"0/1","43,14","57","99","368,0,1285"
"0/1","41,14","55","99","357,0,1277"
"0/1","10,12","22","99","420,0,336"
"0/1","13,11","24","99","370,0,408"
"0/1","14,11","25","99","366,0,483"
"0/1","14,9","23","99","301,0,443"
"0/1","13,16","29","99","539,0,377"
"0/1","11,7","18","99","235,0,351"
"0/1","10,10","20","99","277,0,350"
"0/1","11,14","25","99","447,0,362"
"0/1","10,11","21","99","379,0,347"
"0/1","13,16","29","99","549,0,385"
"0/1","11,12","23","99","357,0,374"
"0/1","10,9","19","99","264,0,350"
"0/1","12,13","25","99","413,0,417"
"0/1","8,9","18","99","295,0,265"
"0/1","14,18","32","99","477,0,375"
"0/1","10,10","20","99","338,0,315"
"0/1","13,16","29","99","549,0,372"
"0/1","13,13","26","99","460,0,340"
"0/1","12,14","26","99","464,0,337"
"0/1","10,12","22","99","387,0,304"
"0/1","8,11","19","99","372,0,269"
"0/1","9,12","21","99","423,0,300"
"0/1","14,14","28","99","484,0,438"
"0/1","16,12","28","99","414,0,451"
"0/1","12,9","21","99","273,0,411"
"0/1","9,16","25","99","497,0,258"
"0/1","9,14","23","99","505,0,297"
"0/1","8,12","20","99","436,0,265"
"0/1","9,12","21","99","430,0,294"
"0/1","24,14","38","99","402,0,720"
"0/1","16,11","27","99","359,0,486"
"0/1","12,14","26","99","490,0,419"
"0/1","17,17","34","99","584,0,541"
"0/1","15,17","33","99","578,0,503"
"0/1","13,15","28","99","450,0,446"
"0/1","13,16","29","99","520,0,438"
"0/1","17,15","32","99","511,0,560"
"0/1","16,14","30","99","447,0,570"
"0/1","15,11","26","99","376,0,528"
"0/1","16,19","35","99","634,0,509"
"0/1","20,12","32","99","401,0,650"
"0/1","14,15","29","99","489,0,465"
"0/1","19,20","39","99","643,0,586"
"0/1","19,19","38","99","611,0,614"
"0/1","19,20","39","99","643,0,624"
"0/1","14,12","26","99","403,0,463"
"0/1","11,20","31","99","665,0,318"
"0/1","17,21","38","99","689,0,570"
"0/1","19,19","38","99","620,0,637"
"0/1","18,12","30","99","400,0,595"
"0/1","23,20","43","99","646,0,763"
"0/1","16,10","26","99","183,0,252"
"0/1","17,11","28","99","357,0,592"
"0/1","18,6","24","99","170,0,618"
"0/1","15,16","31","99","469,0,467"
"0/1","16,19","35","99","524,0,502"
"0/1","17,18","35","99","512,0,551"
"0/1","10,13","23","99","450,0,331"
"0/1","10,12","22","99","413,0,344"
"0/1","8,12","20","99","417,0,265"
"0/1","11,10","21","99","307,0,376"
"0/1","11,15","26","99","508,0,365"
"0/1","12,15","27","99","490,0,355"
"0/1","10,15","25","99","456,0,337"
"0/1","11,15","26","99","518,0,320"
"0/1","11,15","26","99","492,0,326"
"0/1","14,15","29","99","522,0,431"
"0/1","8,13","21","99","448,0,241"
"0/1","13,12","25","99","329,0,447"
"0/1","9,11","20","99","392,0,275"
"0/1","7,17","24","99","622,0,210"
"0/1","7,15","22","99","498,0,219"
"0/1","8,9","17","99","266,0,278"
"0/1","20,13","33","99","426,0,635"
"0/1","14,15","29","99","472,0,459"
"0/1","8,8","16","99","274,0,282"
"0/0","29,0","29","84","0,84,1137"
"0/1","9,13","22","99","453,0,266"
"0/1","12,12","24","99","403,0,371"
"0/1","11,11","22","99","380,0,358"
"0/1","11,3","14","83","83,0,407"
"0/1","17,19","36","99","611,0,543"
"0/1","15,10","25","99","306,0,467"
"0/1","15,10","25","99","337,0,495"
"0/1","19,16","35","99","494,0,653"
"0/1","19,20","39","99","659,0,538"
"0/1","22,14","36","99","349,0,731"
"0/1","13,12","25","99","366,0,336"
"0/1","13,11","24","99","388,0,359"
"0/1","11,10","21","99","339,0,333"
"0/1","14,7","21","99","225,0,386"
"0/1","16,11","27","99","363,0,551"
"0/1","9,13","22","99","434,0,295"
"0/1","9,6","15","99","192,0,280"
"0/1","14,22","36","99","715,0,425"
"0/1","21,20","41","99","624,0,733"
"0/1","14,18","32","99","535,0,435"
"0/1","9,25","34","99","852,0,255"
"0/0","41,0","41","99","0,117,1516"
"0/1","10,12","22","99","376,0,303"
"0/1","4,18","22","94","601,0,94"
"0/1","6,13","19","99","464,0,185"
"0/1","23,27","50","99","801,0,714"
"0/1","23,8","31","99","159,0,666"
"0/1","17,16","33","99","554,0,511"
"0/1","20,30","50","99","1036,0,616"
"0/1","8,16","24","99","564,0,249"
"0/1","10,14","24","99","487,0,316"
"0/1","9,19","28","99","672,0,234"
"0/1","9,23","32","99","782,0,216"
"0/1","18,15","33","99","491,0,608"
"0/1","16,16","32","99","535,0,548"
"0/1","16,12","28","99","402,0,523"
"0/1","14,12","26","99","325,0,498"
"0/1","12,12","24","99","414,0,412"
"0/1","15,18","34","99","541,0,494"
"0/1","13,16","29","99","544,0,428"
"0/1","15,29","44","99","971,0,437"
"0/1","16,28","44","99","942,0,507"
"0/1","16,19","35","99","626,0,530"
"0/1","7,15","22","99","486,0,217"
"0/1","18,26","44","99","763,0,621"
"0/1","17,14","31","99","450,0,597"
"0/1","16,20","36","99","579,0,540"
"0/1","9,15","24","99","416,0,301"
"0/1","10,15","25","99","458,0,338"
"0/1","11,5","16","99","129,0,399"
"0/1","11,5","16","99","146,0,402"
"0/1","13,9","22","99","313,0,364"
"0/1","14,4","18","99","103,0,429"
"0/1","13,9","22","99","289,0,458"
"0/1","13,11","24","99","357,0,444"
"0/1","9,6","15","99","199,0,322"
"0/1","10,5","15","99","151,0,323"
"0/1","13,4","18","99","109,0,419"
"0/1","15,5","21","99","145,0,467"
"0/1","14,4","19","99","102,0,467"
"0/1","14,5","19","99","117,0,463"
"0/1","12,9","22","99","265,0,390"
"0/1","15,9","24","99","267,0,470"
"0/1","16,9","25","99","224,0,524"
"0/1","17,7","24","99","218,0,543"
"0/1","16,6","22","83","83,0,555"
"0/1","16,6","22","81","81,0,550"
"0/1","44,8","52","99","117,0,1516"
"0/1","20,22","42","99","693,0,543"
"0/1","18,25","43","99","744,0,497"
"0/1","22,25","47","99","714,0,680"
"0/1","47,20","67","99","283,0,1485"
"0/1","22,18","45","99","489,0,645"
"0/1","18,32","50","99","1037,0,527"
"0/1","19,15","34","99","495,0,651"
"0/1","17,28","45","99","913,0,559"
"0/1","17,27","44","99","833,0,519"
"0/1","17,21","38","99","683,0,492"
"0/1","21,21","42","99","692,0,715"
"0/1","26,5","31","99","108,0,912"
"0/1","15,14","29","99","443,0,522"
"0/1","14,14","28","99","456,0,470"
"0/1","17,24","41","99","802,0,538"
"0/1","22,32","56","99","1055,0,667"
"0/1","18,22","40","99","708,0,558"
"0/1","25,18","43","99","608,0,786"
"0/1","17,23","40","99","789,0,534"
"0/1","14,26","40","99","868,0,378"
"0/1","15,25","40","99","829,0,390"
"0/1","15,17","32","99","559,0,367"
"0/1","20,15","35","99","440,0,571"
"0/1","20,14","34","99","396,0,533"
"0/1","21,14","35","99","366,0,651"
"0/1","17,16","33","99","515,0,525"
"0/1","17,14","31","99","437,0,578"
"0/1","17,15","32","99","495,0,513"
"0/1","18,16","34","99","495,0,564"
"0/1","19,19","38","99","559,0,560"
"0/1","18,16","34","99","504,0,549"
"0/1","18,16","34","99","490,0,606"
"0/1","20,19","39","99","627,0,592"
"0/1","17,19","36","99","650,0,563"
"0/1","16,16","32","99","541,0,505"
"0/1","16,14","30","99","447,0,500"
"0/1","13,5","18","99","157,0,395"
"0/1","17,9","26","99","279,0,571"
"0/1","14,13","27","99","452,0,452"
"0/1","14,16","30","99","535,0,445"
"0/1","13,17","30","99","594,0,393"
"0/1","11,17","28","99","564,0,353"
"0/1","11,16","27","99","573,0,355"
"0/1","9,14","24","99","498,0,288"
"0/1","11,13","24","99","439,0,374"
"0/1","11,13","24","99","454,0,371"
"0/1","12,12","24","99","378,0,372"
"0/1","13,5","18","99","109,0,411"
"0/1","10,10","20","99","318,0,269"
"0/1","10,11","21","99","347,0,294"
"0/1","10,9","19","99","306,0,266"
"0/1","19,13","33","99","399,0,618"
"0/1","19,23","42","99","757,0,538"
"0/1","15,19","34","99","638,0,484"
"0/1","14,17","31","99","569,0,476"
"0/1","14,17","31","99","565,0,465"
"0/1","15,15","30","99","470,0,511"
"0/1","14,14","28","99","434,0,481"
"0/1","14,14","28","99","443,0,479"
"0/1","13,11","24","99","347,0,457"
"0/1","13,10","23","99","334,0,413"
"0/1","20,25","45","99","789,0,522"
"0/1","16,19","35","99","650,0,503"
"0/1","15,19","34","99","601,0,460"
"0/1","17,19","36","99","575,0,509"
"0/1","19,17","36","99","527,0,506"
"0/1","14,22","36","99","676,0,385"
"0/1","12,15","27","99","429,0,389"
"0/1","8,15","23","99","527,0,249"
"0/1","11,14","25","99","470,0,372"
"0/1","17,14","31","99","471,0,598"
"0/1","22,13","35","99","417,0,767"
"0/1","22,13","35","99","410,0,746"
"0/1","22,11","33","99","346,0,725"
"0/1","21,9","30","99","237,0,717"
"0/1","23,8","31","99","230,0,783"
"0/1","18,12","30","99","403,0,583"
"0/1","16,11","27","99","366,0,522"
"0/1","15,15","30","99","500,0,457"
"0/1","13,14","27","99","473,0,396"
"0/1","14,15","29","99","502,0,439"
"0/1","16,13","29","99","403,0,479"
"0/1","16,12","28","99","364,0,532"
"0/1","17,7","24","99","193,0,603"
"0/1","17,8","25","99","227,0,607"
"0/1","23,5","28","87","87,0,730"
"0/1","21,12","33","99","375,0,729"
"0/1","22,15","37","99","449,0,731"
"0/1","19,16","35","99","500,0,496"
"0/1","19,15","34","99","461,0,467"
"0/1","17,16","33","99","465,0,570"
"0/1","15,16","31","99","477,0,507"
"0/1","24,15","39","99","292,0,824"
"0/1","22,8","30","99","225,0,742"
"0/1","22,9","32","99","264,0,759"
"0/1","10,15","25","99","519,0,280"
"0/1","13,12","25","99","344,0,435"
"0/1","15,10","25","99","294,0,519"
"0/1","20,11","31","99","304,0,720"
"0/1","22,12","34","99","334,0,726"
"0/1","24,13","37","99","333,0,828"
"0/1","24,11","35","99","324,0,802"
"0/1","22,9","31","99","255,0,687"
"0/1","18,11","29","99","328,0,605"
"0/1","16,11","27","99","323,0,513"
"0/1","14,11","25","99","290,0,455"
"0/1","15,9","24","99","257,0,489"
"0/1","12,10","22","99","309,0,394"
"0/1","38,11","49","99","113,0,944"
"0/1","31,5","36","8","8,0,858"
"0/1","14,9","23","99","300,0,408"
"0/1","13,8","21","99","266,0,421"
"0/1","13,7","20","99","226,0,423"
"0/1","12,7","19","99","231,0,378"
"0/1","12,7","19","99","228,0,395"
"0/1","13,7","20","99","197,0,405"
"0/1","5,5","10","99","139,0,173"
"0/1","7,4","11","99","135,0,220"
"0/1","10,4","14","99","129,0,289"
"0/1","13,5","18","99","125,0,408"
"0/1","13,5","18","99","123,0,408"
"0/1","13,6","19","99","152,0,439"
"0/1","12,5","17","99","120,0,443"
"0/1","10,11","22","99","354,0,340"
"0/1","9,11","20","99","384,0,292"
"0/1","7,9","16","99","324,0,241"
"0/1","8,9","17","99","285,0,266"
"0/1","8,9","17","99","302,0,236"
"0/1","11,7","18","99","229,0,356"
"0/1","11,7","18","99","234,0,330"
"0/1","13,8","21","99","266,0,396"
"0/1","15,9","24","99","288,0,474"
"0/1","15,8","23","99","261,0,477"
"0/1","16,8","24","99","221,0,516"
"0/1","15,8","23","99","260,0,502"
"0/1","15,12","27","99","387,0,494"
"0/1","11,14","25","99","444,0,300"
"0/1","10,18","28","99","593,0,292"
"0/1","10,15","25","99","497,0,267"
"0/1","9,16","25","99","547,0,258"
"0/1","9,19","28","99","637,0,278"
"0/1","9,18","27","99","636,0,283"
"0/1","7,12","19","99","410,0,228"
"0/1","21,17","38","99","523,0,731"
"0/1","17,26","43","99","888,0,461"
"0/1","22,28","50","99","930,0,712"
"0/1","25,25","50","99","819,0,819"
"0/1","25,25","50","99","807,0,818"
"0/1","29,21","50","99","626,0,812"
"0/1","22,20","42","99","609,0,690"
"0/1","17,13","30","99","445,0,485"
"0/1","11,15","26","99","518,0,330"
"0/1","13,15","28","99","444,0,405"
"0/1","13,17","30","99","523,0,398"
"0/1","16,18","34","99","593,0,506"
"0/1","11,11","22","99","344,0,337"
"0/1","10,10","20","99","293,0,288"
"0/1","11,16","27","99","465,0,339"
"0/1","16,17","33","99","517,0,430"
"0/1","15,16","31","99","511,0,448"
"0/1","15,11","26","99","372,0,443"
"0/1","13,16","29","99","512,0,353"
"0/1","13,19","32","99","597,0,374"
"0/1","14,19","33","99","614,0,380"
"0/1","16,20","36","99","648,0,489"
"0/1","16,21","37","99","619,0,466"
"0/1","16,21","37","99","612,0,429"
"0/1","14,19","33","99","570,0,466"
"0/1","13,18","31","99","471,0,360"
"0/1","17,17","34","99","466,0,483"
"0/1","16,16","33","99","411,0,428"
"0/1","17,16","33","99","426,0,451"
"0/1","20,14","34","99","333,0,565"
"0/1","20,14","34","99","301,0,583"
"0/1","25,15","40","99","373,0,725"
"0/1","23,12","35","99","251,0,788"
"0/1","23,12","35","99","258,0,810"
"0/1","11,19","30","99","591,0,359"
"0/1","9,18","27","99","572,0,287"
"0/1","9,19","28","99","630,0,289"
"0/1","12,18","30","99","643,0,390"
"0/1","13,18","31","99","640,0,437"
"0/1","12,17","29","99","587,0,360"
"0/1","12,19","31","99","629,0,394"
"0/1","15,18","33","99","623,0,464"
"0/1","18,17","35","99","438,0,609"
"0/1","20,8","28","99","238,0,713"
"0/1","17,10","27","99","329,0,579"
"0/1","18,10","28","99","322,0,601"
"0/1","13,9","22","99","243,0,461"
"0/1","13,11","24","99","245,0,443"
"0/1","12,11","23","99","282,0,403"
"0/1","8,10","18","99","322,0,272"
"0/1","8,12","20","99","409,0,219"
"0/1","8,12","20","99","410,0,225"
"0/1","7,12","19","99","390,0,191"
"0/1","8,13","21","99","423,0,225"
"0/1","9,14","23","99","405,0,268"
"0/1","8,13","21","99","377,0,260"
"0/1","8,12","20","99","408,0,217"
"0/1","8,12","20","99","417,0,258"
"0/1","8,13","21","99","412,0,245"
"0/1","8,11","19","99","378,0,251"
"0/1","6,11","17","99","353,0,175"
"0/1","7,11","18","99","360,0,144"
"0/1","7,12","19","99","411,0,186"
"0/1","9,8","17","99","240,0,314"
"0/1","8,8","16","99","220,0,279"
"0/1","8,8","16","99","254,0,273"
"0/1","13,12","25","99","393,0,400"
"0/1","16,14","30","99","460,0,480"
"0/1","22,22","44","99","555,0,620"
"0/1","21,21","42","99","671,0,584"
"0/1","13,20","33","99","673,0,347"
"0/1","13,23","36","99","696,0,407"
"0/1","11,20","31","99","634,0,331"
"0/1","10,20","30","99","622,0,249"
"0/1","10,19","29","99","591,0,247"
"0/1","10,21","31","99","634,0,301"
"0/1","8,22","30","99","741,0,179"
"0/1","7,20","27","99","668,0,185"
"0/1","13,25","38","99","730,0,374"
"0/1","14,22","36","99","710,0,432"
"0/1","14,20","34","99","585,0,404"
"0/1","14,16","30","99","523,0,465"
"0/1","13,17","30","99","580,0,427"
"0/1","12,13","25","99","432,0,392"
"0/1","11,14","25","99","452,0,318"
"0/1","11,14","25","99","477,0,332"
"0/1","13,12","25","99","401,0,443"
"0/1","13,12","25","99","391,0,447"
"0/1","14,12","26","99","402,0,478"
"0/1","13,12","25","99","405,0,363"
"0/1","15,13","28","99","429,0,510"
"0/1","16,12","28","99","382,0,520"
"0/1","16,11","27","99","353,0,543"
"0/1","16,12","28","99","397,0,530"
"0/1","15,3","19","68","68,0,546"
"0/1","19,3","23","20","20,0,673"
"0/1","10,14","24","99","395,0,307"
"0/1","13,14","27","99","384,0,346"
"0/1","11,15","27","99","361,0,336"
"0/1","13,13","26","99","441,0,372"
"0/1","13,12","25","99","378,0,365"
"0/1","12,15","27","99","448,0,303"
"0/1","14,14","28","99","477,0,443"
"0/1","16,13","29","99","418,0,483"
"0/1","16,13","29","99","419,0,446"
"0/1","19,8","27","99","222,0,607"
"0/1","18,5","24","99","110,0,612"
"0/1","20,5","27","94","94,0,677"
"0/1","27,5","32","79","79,0,935"
"0/1","22,6","28","98","98,0,719"
"0/1","24,3","27","13","13,0,754"
"0/1","23,3","26","13","13,0,788"
"0/1","28,7","35","99","167,0,865"
"0/1","27,7","34","99","176,0,756"
"0/1","26,8","34","99","182,0,786"
"0/1","27,10","37","99","210,0,868"
"0/1","24,12","36","99","310,0,742"
"0/1","21,12","33","99","327,0,665"
"0/1","21,12","33","99","327,0,654"
"0/1","21,16","37","99","461,0,685"
"0/1","21,16","37","99","465,0,671"
"0/1","21,16","37","99","462,0,680"
"0/1","18,14","32","99","408,0,553"
"0/1","11,6","17","99","143,0,248"
"0/1","17,5","22","51","51,0,523"
"0/1","16,11","27","99","305,0,481"
"0/1","17,11","28","99","303,0,504"
"0/1","17,11","28","99","301,0,514"
"0/1","21,12","33","99","291,0,680"
"0/1","19,17","36","99","455,0,617"
"0/1","25,16","41","99","362,0,784"
"0/1","15,19","34","99","564,0,494"
"0/1","13,11","25","99","317,0,332"
"0/1","16,11","29","99","314,0,496"
"0/1","19,12","31","99","367,0,487"
"0/1","21,14","35","99","355,0,644"
"0/1","19,18","37","99","467,0,486"
"0/1","16,19","35","99","467,0,464"
"0/1","10,17","28","99","416,0,277"
"0/1","14,14","28","99","334,0,382"
"0/1","14,13","28","99","246,0,308"
"0/1","14,14","28","99","316,0,412"
"0/1","17,14","31","99","410,0,487"
"0/1","19,13","32","99","378,0,596"
"0/1","18,12","30","99","355,0,570"
"0/1","17,13","30","99","285,0,490"
"0/1","18,5","23","91","91,0,642"
"0/1","20,11","31","99","264,0,688"
"0/1","20,11","31","99","270,0,709"
"0/1","19,11","30","99","296,0,632"
"0/1","19,12","31","99","309,0,661"
"0/1","18,14","32","99","414,0,610"
"0/1","10,5","15","99","152,0,356"
"0/1","9,1","10","12","12,0,340"
"0/1","15,20","35","99","597,0,461"
"0/1","14,19","33","99","594,0,447"
"0/1","16,15","31","99","393,0,524"
"0/1","12,15","27","99","425,0,396"
"0/1","11,12","23","99","333,0,368"
"0/1","11,12","23","99","338,0,350"
"0/1","17,5","22","97","97,0,604"
"0/1","16,6","22","99","106,0,583"
"0/1","12,7","19","99","212,0,329"
"0/1","7,8","15","99","266,0,227"
"0/1","11,8","19","99","276,0,271"
"0/1","14,12","26","99","403,0,461"
"0/1","14,13","27","99","418,0,474"
"0/1","14,18","32","99","562,0,405"
"0/1","16,18","34","99","559,0,537"
"0/1","15,19","34","99","600,0,476"
"0/1","13,18","31","99","589,0,425"
"0/1","13,19","32","99","571,0,405"
"0/1","11,19","30","99","571,0,360"
"0/1","10,17","27","99","529,0,287"
"0/1","11,17","28","99","526,0,315"
"0/1","13,14","27","99","443,0,409"
"0/1","13,14","28","99","454,0,369"
"0/1","14,17","31","99","510,0,381"
"0/1","8,6","14","99","149,0,280"
"0/1","8,6","14","99","152,0,275"
"0/1","15,7","22","99","161,0,536"
"0/1","8,6","14","99","175,0,283"
"0/1","7,10","17","99","319,0,226"
"0/1","6,11","17","99","351,0,185"
"0/1","6,11","17","99","355,0,191"
"0/1","6,9","15","99","280,0,185"
"0/1","6,12","18","99","350,0,195"
"0/1","7,11","18","99","339,0,228"
"0/1","7,13","20","99","398,0,229"
"0/1","7,12","19","99","349,0,230"
"0/1","8,11","19","99","357,0,255"
"0/1","10,12","22","99","356,0,338"
"0/1","9,14","23","99","397,0,303"
"0/1","9,15","24","99","448,0,298"
"0/1","13,14","27","99","400,0,454"
"0/1","18,12","30","99","368,0,638"
"0/1","18,11","29","99","359,0,643"
"0/1","17,9","26","99","280,0,582"
"0/1","17,9","26","99","289,0,584"
"0/1","18,11","29","99","358,0,581"
"0/1","18,9","27","99","282,0,579"
"0/1","15,9","25","99","295,0,502"
"0/1","14,9","24","99","264,0,457"
"0/1","12,11","24","99","384,0,388"
"0/1","12,12","24","99","423,0,380"
"0/1","11,11","22","99","383,0,366"
"0/1","17,5","22","99","150,0,515"
"0/1","16,5","21","99","150,0,518"
"0/1","16,7","23","99","209,0,503"
"0/1","16,7","23","99","219,0,475"
"0/1","17,7","24","99","216,0,569"
"0/1","12,11","23","99","366,0,414"
"0/1","16,13","29","99","428,0,522"
"0/1","16,13","29","99","409,0,526"
"0/1","16,12","28","99","380,0,501"
"0/1","16,12","28","99","376,0,533"
"0/1","17,13","30","99","444,0,550"
"0/1","18,13","31","99","436,0,582"
"0/1","18,14","32","99","476,0,550"
"0/1","15,10","25","99","347,0,398"
"0/1","16,8","25","99","242,0,535"
"0/1","18,10","28","99","294,0,608"
"0/1","19,9","28","99","274,0,630"
"0/1","21,11","32","99","352,0,632"
"0/1","22,11","33","99","312,0,725"
"0/1","14,21","35","99","679,0,462"
"0/1","22,16","38","99","480,0,766"
"0/1","20,14","34","99","422,0,691"
"0/1","23,14","37","99","379,0,775"
"0/1","23,15","38","99","414,0,780"
"0/1","18,15","33","99","410,0,590"
"0/1","15,16","31","99","457,0,519"
"0/1","19,17","36","99","498,0,551"
"0/1","17,17","34","99","472,0,466"
"0/1","20,14","34","99","415,0,572"
"0/1","21,17","38","99","436,0,634"
"0/1","16,14","30","99","387,0,444"
"0/1","18,9","27","99","265,0,617"
"0/1","15,13","28","99","317,0,518"
"0/1","35,12","47","99","194,0,1094"
"0/1","31,10","41","95","95,0,862"
"0/1","14,28","42","99","773,0,395"
"0/1","29,13","42","99","308,0,716"
"0/1","15,14","33","99","419,0,424"
"0/1","18,13","31","99","396,0,473"
"0/1","17,15","32","99","446,0,539"
"0/1","10,16","26","99","486,0,329"
"0/1","11,13","24","99","370,0,323"
"0/1","8,10","18","99","346,0,262"
"0/1","6,8","14","99","273,0,194"
"0/1","7,8","15","99","266,0,193"
"0/1","10,8","18","99","242,0,288"
"0/1","11,7","18","99","205,0,307"
"0/1","13,7","20","99","225,0,401"
"0/1","16,7","23","99","223,0,531"
"0/1","16,7","23","99","221,0,535"
"0/1","13,6","19","99","180,0,465"
"0/1","13,6","19","99","183,0,468"
"0/1","11,4","15","99","118,0,398"
"0/1","11,4","15","99","117,0,400"
"0/1","14,7","21","99","222,0,454"
"0/1","10,6","16","99","191,0,355"
"0/1","10,4","14","99","106,0,357"
"0/1","12,8","20","99","237,0,390"
"0/1","12,14","26","99","438,0,412"
"0/1","12,13","25","99","408,0,412"
"0/1","9,14","23","99","446,0,295"
"0/1","11,14","25","99","394,0,373"
"0/1","11,15","26","99","423,0,367"
"0/1","15,11","26","99","364,0,497"
"0/1","19,13","32","99","422,0,646"
"0/1","19,13","32","99","434,0,637"
"0/1","19,16","35","99","490,0,629"
"0/1","15,12","27","99","409,0,516"
"0/1","11,13","24","99","416,0,369"
"0/1","11,14","25","99","462,0,368"
"0/1","7,17","24","99","539,0,221"
"0/1","13,12","25","99","375,0,415"
"0/1","15,15","30","99","464,0,517"
"0/1","16,6","22","99","176,0,537"
"0/1","14,6","21","99","195,0,426"
"0/1","10,8","18","99","276,0,313"
"0/1","13,14","27","99","474,0,452"
"0/1","13,12","25","99","411,0,461"
"0/1","14,13","27","99","377,0,487"
"0/1","15,13","28","99","409,0,517"
"0/1","13,14","27","99","415,0,452"
"0/1","9,11","20","99","329,0,312"
"0/1","14,13","27","99","408,0,457"
"0/1","14,13","27","99","405,0,445"
"0/1","15,13","28","99","402,0,486"
"0/1","15,15","30","99","464,0,490"
"0/1","15,15","30","99","468,0,436"
"0/1","15,15","30","99","483,0,447"
"0/1","15,16","31","99","509,0,437"
"0/1","16,15","31","99","472,0,512"
"0/1","14,15","29","99","483,0,437"
"0/1","14,17","31","99","555,0,413"
"0/1","14,13","27","99","377,0,428"
"0/1","11,14","25","99","458,0,338"
"0/1","11,14","25","99","494,0,337"
"0/1","12,11","23","99","385,0,368"
"0/1","11,14","25","99","457,0,378"
"0/1","14,12","26","99","368,0,491"
"0/1","13,9","22","99","306,0,446"
"0/1","13,9","22","99","297,0,463"
"0/1","12,9","21","99","310,0,395"
"0/1","14,9","23","99","270,0,433"
"0/1","14,8","22","99","262,0,433"
"0/1","13,12","25","99","381,0,396"
"0/1","14,13","27","99","447,0,428"
"0/1","16,13","29","99","449,0,530"
"0/1","17,14","31","99","483,0,563"
"0/1","17,15","32","99","481,0,562"
"0/1","17,11","28","99","318,0,564"
"0/1","17,10","27","99","325,0,566"
"0/1","16,10","26","99","311,0,541"
"0/1","16,18","34","99","616,0,517"
"0/1","15,18","33","99","616,0,510"
"0/1","17,12","29","99","384,0,610"
"0/1","20,13","33","99","423,0,709"
"0/1","19,11","30","99","263,0,680"
"0/1","21,11","32","99","335,0,759"
"0/1","21,12","33","99","330,0,764"
"0/1","22,12","34","99","306,0,792"
"0/1","22,12","34","99","325,0,776"
"0/1","23,12","35","99","330,0,835"
"0/1","23,12","35","99","334,0,780"
"0/1","26,12","38","99","300,0,870"
"0/1","23,12","35","99","343,0,789"
"0/1","19,11","30","99","344,0,670"
"0/1","18,10","28","99","318,0,645"
"0/1","19,6","25","99","108,0,702"
"0/1","18,6","24","99","125,0,645"
"0/1","19,6","25","99","125,0,695"
"0/1","23,12","35","99","359,0,798"
"0/1","21,14","35","99","444,0,736"
"0/1","21,14","35","99","446,0,733"
"0/1","21,17","38","99","530,0,671"
"0/1","19,18","37","99","569,0,661"
"0/1","17,16","33","99","499,0,578"
"0/1","16,16","32","99","462,0,513"
"0/1","15,13","28","99","438,0,528"
"0/1","15,13","28","99","427,0,528"
"0/1","18,16","34","99","493,0,621"
"0/1","16,18","34","99","574,0,552"
"0/1","17,19","36","99","619,0,586"
"0/1","17,20","37","99","621,0,583"
"0/1","20,23","43","99","714,0,685"
"0/1","20,22","42","99","665,0,684"
"0/1","22,22","44","99","686,0,716"
"0/1","20,22","42","99","714,0,619"
"0/1","20,22","42","99","731,0,681"
"0/1","20,23","43","99","762,0,678"
"0/1","19,19","38","99","666,0,619"
"0/1","19,19","38","99","658,0,619"
"0/1","21,20","41","99","668,0,718"
"0/1","24,20","44","99","666,0,801"
"0/1","21,16","37","99","525,0,720"
"0/1","23,15","38","99","473,0,799"
"0/1","21,12","33","99","351,0,752"
"0/1","22,12","34","99","339,0,791"
"0/1","22,12","34","99","336,0,768"
"0/1","20,2","22","5","5,0,741"
"0/1","19,9","28","99","283,0,654"
"0/1","19,9","28","99","280,0,667"
"0/1","19,9","28","99","282,0,663"
"0/1","18,10","28","99","316,0,651"
"0/1","18,11","29","99","345,0,648"
"0/1","20,12","32","99","389,0,713"
"0/1","20,12","32","99","388,0,709"
"0/1","18,15","33","99","489,0,592"
"0/1","16,13","29","99","447,0,525"
"0/1","14,12","26","99","412,0,418"
"0/1","15,11","26","99","370,0,479"
"0/1","13,10","23","99","336,0,412"
"0/1","12,12","24","99","397,0,380"
"0/1","12,8","20","99","265,0,407"
"0/1","12,8","20","99","267,0,414"
"0/1","12,9","21","99","302,0,375"
"0/1","13,13","26","99","451,0,411"
"0/1","12,13","25","99","452,0,414"
"0/1","13,12","25","99","406,0,444"
"0/1","15,12","27","99","411,0,517"
"0/1","13,17","30","99","568,0,403"
"0/1","12,16","28","99","524,0,377"
"0/1","15,17","32","99","528,0,501"
"0/1","16,19","35","99","635,0,478"
"0/1","14,16","30","99","502,0,435"
"0/1","16,17","33","99","500,0,504"
"0/1","12,12","24","99","359,0,392"
"0/1","11,13","24","99","388,0,359"
"0/1","10,15","25","99","403,0,333"
"0/1","13,13","26","99","367,0,442"
"0/1","13,13","26","99","368,0,447"
"0/1","11,16","27","99","573,0,360"
"0/1","10,16","26","99","561,0,328"
"0/1","11,18","29","99","630,0,341"
"0/1","13,19","32","99","620,0,388"
"0/1","15,21","36","99","654,0,472"
"0/1","12,19","31","99","629,0,389"
"0/1","13,17","30","99","590,0,443"
"0/1","14,17","31","99","549,0,449"
"0/1","15,17","32","99","540,0,510"
"0/1","18,13","31","99","308,0,640"
"0/1","18,17","35","99","545,0,614"
"0/1","18,17","35","99","507,0,599"
"0/1","18,18","36","99","535,0,552"
"0/1","18,14","32","99","434,0,624"
"0/1","19,14","33","99","422,0,650"
"0/1","20,13","33","99","398,0,700"
"0/1","18,13","32","99","403,0,635"
"0/1","18,13","31","99","406,0,626"
"0/1","16,13","29","99","429,0,551"
"0/1","17,13","30","99","429,0,559"
"0/1","16,11","27","99","366,0,513"
"0/1","16,11","27","99","374,0,525"
"0/1","15,11","26","99","374,0,489"
"0/1","14,11","25","99","353,0,465"
"0/1","12,12","24","99","411,0,371"
"0/1","14,4","18","99","116,0,476"
"0/1","12,4","16","99","114,0,432"
"0/1","12,4","16","99","112,0,427"
"0/1","12,4","16","99","117,0,436"
"0/1","12,5","17","99","156,0,431"
"0/1","11,5","16","99","157,0,384"
"0/1","15,6","21","99","182,0,502"
"0/1","13,6","19","99","188,0,420"
"0/1","13,5","18","99","151,0,451"
"0/1","14,6","20","99","188,0,472"
"0/1","15,4","19","99","114,0,477"
"0/1","13,6","19","99","192,0,401"
"0/1","16,9","25","99","295,0,474"
"0/1","16,9","25","99","298,0,443"
"0/1","15,9","24","99","256,0,477"
"0/1","15,9","24","99","304,0,439"
"0/1","15,4","19","99","109,0,452"
"0/1","15,4","19","99","106,0,481"
"0/1","11,7","18","99","198,0,354"
"0/1","9,7","16","99","210,0,285"
"0/1","11,14","25","99","454,0,371"
"0/1","10,14","25","99","494,0,333"
"0/1","13,20","33","99","700,0,394"
"0/1","14,20","34","99","662,0,433"
"0/1","12,15","27","99","509,0,371"
"0/1","10,17","27","99","557,0,320"
"0/1","10,16","26","99","570,0,320"
"0/1","10,4","14","99","103,0,359"
"0/1","7,13","20","99","393,0,231"
"0/1","7,13","20","99","467,0,222"
"0/1","8,12","20","99","426,0,263"
"0/1","7,12","19","99","423,0,227"
"0/1","11,11","22","99","375,0,373"
"0/1","10,13","23","99","458,0,345"
"0/1","10,13","23","99","455,0,345"
"0/1","10,12","22","99","424,0,345"
"0/1","11,12","23","99","386,0,382"
"0/1","18,14","32","99","454,0,598"
"0/1","21,25","46","99","821,0,689"
"0/1","21,22","43","99","727,0,680"
"0/1","16,22","38","99","725,0,535"
"0/1","22,23","45","99","693,0,724"
"0/1","20,20","40","99","649,0,649"
"0/1","18,18","36","99","579,0,608"
"0/1","18,19","37","99","604,0,574"
"0/1","18,17","35","99","545,0,583"
"0/1","19,16","35","99","437,0,613"
"0/1","19,16","35","99","439,0,633"
"0/1","18,15","33","99","414,0,644"
"0/1","17,15","32","99","425,0,561"
"0/1","25,5","30","84","84,0,800"
"0/1","23,7","30","99","188,0,773"
"0/1","23,7","30","99","156,0,782"
"0/1","21,9","30","99","241,0,699"
"0/1","19,13","32","99","376,0,622"
"0/1","19,13","32","99","371,0,636"
"0/1","22,10","33","99","259,0,711"
"0/1","20,11","31","99","299,0,649"
"0/1","19,11","30","99","297,0,615"
"0/1","19,11","31","99","308,0,603"
"0/1","18,9","27","99","244,0,517"
"0/1","17,9","26","99","248,0,545"
"0/1","17,8","25","99","214,0,538"
"0/1","12,10","22","99","215,0,356"
"0/1","16,11","27","99","226,0,473"
"0/1","17,13","30","99","222,0,515"
"0/1","16,11","27","99","188,0,491"
"0/1","16,11","27","99","202,0,442"
"0/1","13,9","22","99","148,0,430"
"0/1","13,8","22","92","92,0,444"
"0/1","15,8","23","99","114,0,466"
"0/1","12,11","23","99","276,0,362"
"0/1","11,12","23","99","340,0,327"
"0/1","13,13","26","99","381,0,396"
"0/1","13,14","27","99","415,0,384"
"0/1","12,17","29","99","482,0,385"
"0/1","22,20","42","99","543,0,667"
"0/1","21,22","43","99","593,0,634"
"0/1","22,18","40","99","456,0,731"
"0/1","22,18","40","99","450,0,762"
"0/1","18,8","26","99","183,0,574"
"0/1","16,9","25","99","163,0,452"
"0/1","10,15","25","99","407,0,260"
"0/1","12,13","25","99","377,0,344"
"0/1","13,14","27","99","402,0,397"
"0/1","23,6","29","99","113,0,721"
"0/1","30,4","34","36","36,0,832"
"0/1","27,8","35","97","97,0,869"
"0/1","31,5","36","99","104,0,875"
"0/1","31,7","38","54","54,0,906"
"0/1","20,10","30","99","177,0,617"
"0/1","20,9","30","99","182,0,600"
"0/1","10,11","21","99","208,0,358"
"0/1","11,12","23","99","231,0,396"
"0/1","6,10","16","99","257,0,197"
"0/1","6,6","12","99","141,0,210"
"0/1","9,9","18","99","308,0,247"
"0/1","13,7","20","99","218,0,422"
"0/1","8,11","20","99","202,0,209"
"0/1","27,8","35","99","199,0,611"
"0/1","23,12","35","99","379,0,580"
"0/1","16,9","25","99","281,0,442"
"0/1","12,8","20","99","254,0,329"
"0/1","9,7","16","99","233,0,237"
"0/1","8,8","16","99","243,0,198"
"0/1","8,10","18","99","314,0,198"
"0/1","7,10","17","99","299,0,214"
"0/1","8,11","19","99","303,0,214"
"0/1","7,11","18","99","312,0,175"
"0/1","8,7","15","99","201,0,164"
"0/1","9,6","15","99","129,0,210"
"0/1","13,12","25","99","333,0,334"
"0/1","13,10","23","99","298,0,333"
"0/1","19,16","35","99","539,0,616"
"0/1","21,15","36","99","480,0,645"
"0/1","23,16","39","99","508,0,708"
"0/1","20,17","37","99","565,0,576"
"0/1","14,18","32","99","479,0,441"
"0/1","10,19","29","99","682,0,282"
"0/1","10,13","23","99","456,0,261"
"0/1","13,10","23","99","343,0,378"
"0/1","13,9","22","99","290,0,426"
"0/1","9,7","16","99","191,0,274"
"0/1","7,10","17","99","230,0,233"
"0/1","8,10","18","99","257,0,268"
"0/1","7,10","17","99","297,0,231"
"0/1","6,9","15","99","258,0,183"
"0/1","9,4","17","55","55,0,230"
"0/1","16,10","26","99","236,0,435"
"0/1","12,15","27","99","485,0,360"
"0/1","12,14","26","99","460,0,328"
"0/1","19,14","33","99","454,0,662"
"0/1","26,17","43","99","425,0,854"
"0/1","20,17","37","99","512,0,657"
"0/1","17,20","37","99","559,0,543"
"0/1","23,16","39","99","518,0,719"
"0/1","23,15","38","99","485,0,698"
"0/1","25,17","42","99","475,0,820"
"0/1","17,18","35","99","622,0,536"
"0/1","11,11","22","99","378,0,368"
"0/1","14,12","26","99","377,0,468"
"0/1","15,12","27","99","372,0,508"
"0/1","14,12","26","99","363,0,494"
"0/1","14,13","27","99","369,0,489"
"0/1","14,12","26","99","377,0,455"
"0/1","13,9","22","99","264,0,453"
"0/1","6,8","14","99","240,0,198"
"0/1","5,5","10","99","173,0,172"
"0/1","10,8","18","99","271,0,324"
"0/1","9,6","15","99","191,0,305"
"0/1","12,8","20","99","275,0,355"
"0/1","14,11","25","99","335,0,487"
"0/1","16,11","27","99","334,0,556"
"0/1","16,20","36","99","629,0,334"
"0/1","19,14","33","99","324,0,401"
"0/1","15,10","25","99","326,0,424"
"0/1","17,13","31","99","432,0,508"
"0/1","18,19","37","99","630,0,606"
"0/1","20,15","35","99","456,0,686"
"0/1","28,10","39","99","131,0,474"
"0/0","34,1","36","63","0,63,802"
"0/1","14,19","33","99","614,0,467"
"0/1","14,19","33","99","630,0,457"
"0/1","35,3","38","18","18,0,1155"
"0/0","48,0","48","99","0,129,1679"
"0/1","38,11","49","99","228,0,1155"
"0/1","20,15","36","99","468,0,646"
"0/1","12,18","30","99","559,0,375"
"0/1","10,12","22","99","365,0,341"
"0/1","28,18","46","99","508,0,944"
"0/1","12,20","32","99","590,0,387"
"0/1","8,17","25","99","525,0,243"
"0/1","17,16","33","99","529,0,527"
"0/1","17,16","33","99","543,0,515"
"0/1","8,14","22","99","473,0,232"
"0/1","18,7","25","99","176,0,602"
"0/1","20,22","42","99","689,0,608"
"0/1","11,15","26","99","477,0,316"
"1/1","2,37","39","49","1260,49,0"
"0/1","33,26","59","99","804,0,1104"
"0/1","8,12","20","99","403,0,224"
"0/1","13,9","22","99","274,0,319"
"0/1","20,24","44","99","753,0,578"
"0/1","12,7","19","99","196,0,437"
"0/1","16,15","31","99","487,0,549"
"0/1","17,14","31","99","476,0,529"
"0/1","20,15","35","99","371,0,637"
"0/1","7,14","21","99","488,0,229"
"0/1","2,5","7","61","186,0,61"
"0/1","14,10","24","99","328,0,491"
"0/1","10,9","19","99","313,0,301"
"0/1","10,13","23","99","425,0,334"
"0/1","10,8","18","99","235,0,316"
"0/1","10,11","21","99","378,0,346"
"0/1","7,10","17","99","358,0,230"
"0/1","9,10","19","99","353,0,268"
"0/1","16,23","39","99","743,0,484"
"0/1","16,21","37","99","668,0,525"
"0/1","19,8","27","99","236,0,603"
"0/0","10,0","10","21","0,21,270"
"0/1","11,13","24","99","410,0,375"
"0/1","13,13","26","99","350,0,405"
"0/1","13,24","37","99","762,0,339"
"0/1","12,7","19","99","220,0,432"
"0/1","9,6","15","99","200,0,281"
"0/1","10,9","19","99","310,0,312"
"0/1","16,18","34","99","549,0,550"
"0/1","11,10","21","99","308,0,365"
"0/1","11,12","23","99","392,0,363"
"0/1","12,11","23","99","348,0,405"
"0/1","14,16","30","99","538,0,424"
"0/1","13,8","21","99","254,0,463"
"0/1","12,9","21","99","301,0,423"
"0/1","13,12","25","99","411,0,454"
"0/1","12,24","36","99","751,0,265"
"0/1","18,27","45","99","907,0,502"
"0/1","23,10","33","99","294,0,821"
"0/1","19,18","37","99","570,0,635"
"0/1","21,11","32","99","324,0,748"
"0/1","13,23","36","99","679,0,395"
"0/1","12,15","27","99","506,0,402"
"0/1","23,9","32","99","267,0,774"
"0/1","14,11","25","99","361,0,450"
"0/1","15,13","28","99","380,0,460"
"0/1","18,13","31","99","399,0,636"
"0/1","15,7","22","99","214,0,478"
"0/0","35,0","35","96","0,96,1263"
"0/1","6,17","23","99","537,0,179"
"0/1","14,19","33","99","593,0,467"
"0/1","12,9","21","99","269,0,415"
"0/1","12,16","28","99","570,0,368"
"0/1","24,18","42","99","602,0,774"
"0/1","20,23","43","99","763,0,645"
"0/1","9,17","30","99","433,0,259"
"0/0","31,0","31","42","0,42,508"
"0/1","15,23","38","99","700,0,388"
"0/1","23,15","38","99","436,0,779"
"0/1","19,19","38","99","562,0,530"
"0/1","26,17","43","99","497,0,806"
"0/0","28,0","29","69","0,69,851"
"0/0","29,0","29","72","0,72,871"
"0/1","10,24","34","99","689,0,301"
"0/1","5,8","13","99","293,0,129"
"0/1","17,15","33","99","473,0,551"
"0/1","17,18","35","99","562,0,542"
"0/1","18,20","38","99","583,0,527"
"0/1","12,18","30","99","569,0,394"
"0/1","16,9","25","99","264,0,449"
"0/1","10,10","20","99","342,0,342"
"0/1","8,14","22","99","467,0,253"
"0/0","22,0","22","63","0,63,844"
"0/1","7,15","22","99","522,0,216"
"0/1","7,7","14","99","244,0,235"
"0/1","11,6","17","99","197,0,324"
"0/1","7,13","20","99","462,0,210"
"0/1","10,5","15","99","167,0,323"
"0/1","13,8","21","99","257,0,418"
"0/1","12,7","19","99","235,0,390"
"0/1","10,9","19","99","268,0,345"
"0/1","9,14","23","99","423,0,301"
"0/1","11,12","23","99","413,0,375"
"0/1","13,16","29","99","553,0,355"
"0/1","8,17","25","99","588,0,218"
"0/1","14,15","29","99","488,0,430"
"0/1","17,10","27","99","300,0,522"
"0/1","17,18","35","99","551,0,579"
"0/1","17,15","32","99","465,0,559"
"0/1","17,20","37","99","687,0,557"
"0/1","18,11","29","99","341,0,639"
"0/1","10,16","26","99","569,0,289"
"0/1","15,13","28","99","443,0,484"
"0/1","13,12","25","99","404,0,447"
"0/1","23,19","42","99","586,0,727"
"0/1","19,21","40","99","632,0,605"
"0/1","20,19","39","99","580,0,631"
"0/1","14,24","38","99","798,0,326"
"0/1","15,17","32","99","593,0,518"
"0/1","15,22","37","99","764,0,475"
"0/1","23,24","47","99","751,0,689"
"0/1","23,20","43","99","575,0,681"
"0/1","22,18","41","99","559,0,639"
"0/1","17,22","39","99","680,0,491"
"0/1","23,13","36","99","396,0,698"
"0/1","15,14","29","99","479,0,478"
"0/1","8,20","28","99","695,0,229"
"0/1","13,10","23","99","335,0,447"
"0/1","10,11","21","99","338,0,340"
"0/1","9,7","16","99","231,0,316"
"0/1","9,15","24","99","463,0,279"
"0/1","10,15","25","99","493,0,303"
"0/1","5,11","16","99","324,0,140"
"0/1","12,7","19","99","216,0,362"
"0/1","16,10","26","99","298,0,492"
"0/1","14,11","25","99","354,0,442"
"0/1","12,18","30","99","522,0,387"
"0/1","20,15","35","99","492,0,622"
"0/1","11,13","24","99","461,0,316"
"0/1","15,14","29","99","452,0,520"
"1/1","1,24","25","38","918,38,0"
"0/1","10,19","29","99","652,0,323"
"0/1","12,13","25","99","333,0,415"
"0/1","13,18","31","99","597,0,394"
"0/1","15,12","27","99","349,0,481"
"0/1","12,15","27","99","474,0,357"
"0/1","12,10","22","99","306,0,387"
"0/1","11,10","21","99","326,0,335"
"0/1","12,11","23","99","336,0,398"
"0/1","11,13","24","99","431,0,359"
"0/1","9,12","21","99","390,0,274"
"0/1","12,19","31","99","630,0,302"
"0/1","5,5","10","99","139,0,173"
"0/1","10,8","18","99","237,0,322"
"0/1","21,9","30","99","236,0,686"
"0/1","16,18","34","99","615,0,495"
"0/1","20,17","37","99","485,0,667"
"1/1","0,36","36","99","1340,102,0"
"1/1","0,39","39","99","1445,108,0"
"0/1","12,7","19","99","208,0,434"
"0/1","11,9","20","99","313,0,356"
"0/1","12,9","21","99","309,0,396"
"0/1","7,11","18","99","398,0,218"
"0/1","14,14","28","99","416,0,372"
"0/1","20,17","37","99","543,0,606"
"0/1","15,27","42","99","921,0,487"
"0/1","13,8","21","99","267,0,385"
"0/1","17,5","24","74","138,0,74"
"0/0","17,4","21","21","0,21,255"
"0/0","2,0","4","6","0,6,77"
"0/0","4,0","4","12","0,12,153"
"0/1","5,12","17","99","364,0,154"
"0/1","17,15","32","99","490,0,526"
"0/1","9,11","20","99","374,0,269"
"0/1","21,10","32","99","170,0,417"
"0/1","13,21","34","99","742,0,401"
"0/1","15,9","24","99","279,0,522"
"0/1","12,13","26","99","397,0,331"
"0/1","12,12","24","99","381,0,410"
"0/1","14,12","26","99","369,0,437"
"0/1","12,8","20","99","270,0,390"
"0/1","7,10","17","99","257,0,241"
"0/1","15,14","29","99","466,0,478"
"0/1","7,11","18","99","362,0,233"
"0/1","13,13","26","99","378,0,413"
"0/1","10,14","24","99","487,0,325"
"0/1","7,10","17","99","352,0,210"
"0/1","14,8","22","99","233,0,399"
"0/1","13,7","20","99","227,0,454"
"0/1","11,12","23","99","392,0,315"
"0/1","12,10","22","99","347,0,362"
"0/1","12,14","26","99","476,0,414"
"0/1","11,7","18","99","220,0,356"
"0/1","14,7","21","99","222,0,501"
"0/1","14,11","25","99","380,0,458"
"0/1","17,18","35","99","573,0,513"
"0/1","15,9","24","99","245,0,433"
"0/1","16,20","36","99","613,0,468"
"0/1","20,24","44","99","795,0,673"
"0/1","14,14","28","99","460,0,476"
"0/1","21,11","32","99","247,0,699"
"1/1","1,26","27","47","965,47,0"
"0/1","22,15","37","99","460,0,685"
"0/0","42,0","42","99","0,123,1625"
"0/1","12,20","32","99","622,0,298"
"0/1","17,15","32","99","388,0,500"
"1/1","0,22","22","66","896,66,0"
"0/1","9,9","18","99","282,0,266"
"0/1","16,13","29","99","291,0,538"
"0/1","11,14","25","99","408,0,378"
"0/1","10,10","20","99","334,0,349"
"0/1","9,19","28","99","674,0,243"
"0/1","17,17","34","99","558,0,506"
"0/1","8,16","24","99","536,0,255"
"0/1","16,18","34","99","572,0,523"
"0/1","11,17","28","99","563,0,365"
"0/1","14,11","25","99","378,0,420"
"0/1","17,18","35","99","577,0,506"
"0/1","13,13","26","99","451,0,436"
"0/1","10,11","21","99","373,0,306"
"0/1","9,12","21","99","395,0,301"
"0/1","10,11","21","99","384,0,307"
"0/1","4,4","8","64","64,0,125"
"0/1","7,7","15","56","56,0,58"
"0/1","19,11","30","99","299,0,640"
"0/1","14,19","33","99","594,0,444"
"0/1","2,5","7","28","108,0,28"
"0/1","17,8","25","99","174,0,573"
"0/1","12,11","23","99","370,0,409"
"0/1","13,12","26","99","360,0,415"
"0/1","13,16","29","99","533,0,384"
"0/1","19,8","27","99","237,0,598"
"0/1","5,11","16","80","212,0,80"
"0/1","14,27","41","99","714,0,287"
"0/1","13,7","20","99","215,0,299"
"0/1","18,11","29","99","358,0,554"
"1/1","1,10","11","30","385,30,0"
"0/1","10,10","20","99","314,0,331"
"0/1","17,24","41","99","816,0,470"
"0/1","18,25","44","99","786,0,554"
"0/1","14,11","25","99","364,0,374"
"1/1","0,19","19","48","624,48,0"
"0/1","16,23","39","99","699,0,434"
"0/1","16,21","37","99","718,0,449"
"0/1","19,15","34","99","429,0,595"
"0/1","25,7","33","99","164,0,523"
"0/1","20,14","35","99","382,0,527"
"0/1","16,6","22","99","183,0,468"
"0/1","16,17","33","99","519,0,490"
"0/0","30,0","30","87","0,87,1162"
"0/1","21,10","31","99","314,0,739"
"0/0","12,0","12","36","0,36,469"
"0/1","20,14","34","99","463,0,652"
"0/1","13,16","29","99","556,0,400"
"0/1","13,14","27","99","440,0,423"
"0/1","14,5","19","99","132,0,509"
"0/1","21,9","30","99","204,0,656"
"0/1","21,11","32","99","346,0,659"
"0/1","11,15","26","99","485,0,346"
"1/1","3,11","15","27","329,27,0"
"1/1","3,7","11","12","151,12,0"
"0/0","36,0","37","99","0,108,1417"
"0/0","37,0","37","99","0,108,1405"
"1/1","0,32","32","93","1220,93,0"
"0/1","21,14","35","99","422,0,655"
"0/1","11,7","18","99","201,0,396"
"0/1","6,11","17","99","383,0,196"
"1/1","3,37","40","99","1400,108,0"
"0/1","11,12","23","99","400,0,339"
"0/1","19,18","37","99","527,0,622"
"0/1","11,10","21","99","346,0,386"
"0/0","27,0","27","81","0,81,1065"
"0/1","7,6","13","99","188,0,247"
"0/0","30,0","30","81","0,81,1114"
"0/1","7,11","18","99","361,0,231"
"0/1","14,17","31","99","404,0,426"
"0/0","22,0","22","51","0,51,705"
"0/1","18,14","32","99","478,0,586"
"0/1","12,18","30","99","604,0,387"
"1/1","0,18","18","54","693,54,0"
"0/1","15,9","24","99","293,0,421"
"0/1","4,13","17","95","387,0,95"
"0/0","27,0","27","81","0,81,1028"
"0/1","60,33","93","99","1024,0,1889"
"0/1","54,34","91","99","1035,0,1524"
"0/1","38,48","86","99","1591,0,1061"
"0/1","41,39","80","99","1200,0,1179"
"0/1","46,38","84","99","1201,0,1355"
"0/1","43,39","82","99","1198,0,1319"
"0/1","38,62","100","99","2039,0,1156"
"0/1","42,61","103","99","2018,0,1178"
"0/1","42,66","108","99","2178,0,1321"
"0/1","41,62","103","99","2033,0,1201"
"0/1","40,64","104","99","2109,0,1181"
"0/1","36,69","106","99","2231,0,890"
"0/1","36,70","106","99","2309,0,982"
"0/1","38,72","110","99","2328,0,1068"
"0/1","43,66","109","99","2269,0,1245"
"0/1","47,44","91","99","1314,0,1626"
"0/1","53,57","110","99","1849,0,1564"
"0/1","48,58","107","99","1962,0,1514"
"0/1","43,53","96","99","1752,0,1363"
"0/1","42,55","98","99","1810,0,1359"
"0/1","43,55","98","99","1821,0,1393"
"0/1","44,54","98","99","1776,0,1333"
"0/1","48,55","103","99","1755,0,1471"
"0/1","46,53","99","99","1780,0,1369"
"0/1","43,53","96","99","1734,0,1243"
"0/1","48,46","94","99","1517,0,1477"
"0/1","35,82","118","99","2856,0,1047"
"0/1","35,66","102","99","2304,0,1055"
"0/1","38,61","100","99","2090,0,1187"
"0/1","36,60","96","99","2096,0,1076"
"0/1","36,63","99","99","2158,0,1069"
"0/1","28,68","96","99","2213,0,800"
"0/1","30,73","103","99","2391,0,855"
"0/1","30,79","109","99","2587,0,820"
"0/1","29,76","105","99","2533,0,804"
"0/1","30,74","104","99","2501,0,836"
"0/1","31,72","103","99","2430,0,862"
"0/1","34,70","104","99","2364,0,998"
"0/1","35,69","105","99","2269,0,999"
"0/1","34,66","100","99","2243,0,1071"
"0/1","34,64","98","99","2187,0,1075"
"0/1","34,60","95","99","2039,0,1089"
"0/1","34,61","95","99","2070,0,1079"
"0/1","33,60","93","99","1988,0,1040"
"0/1","34,58","93","99","1896,0,1099"
"0/1","33,63","96","99","2081,0,1011"
"0/1","33,64","97","99","2075,0,1038"
"0/1","31,58","89","99","1864,0,975"
"0/1","34,52","86","99","1656,0,1032"
"0/1","32,65","97","99","2193,0,946"
"0/1","45,73","118","99","2434,0,1394"
"0/1","39,73","113","99","2518,0,1187"
"0/1","37,69","106","99","2408,0,1059"
"0/1","39,68","107","99","2376,0,1151"
"0/1","38,71","109","99","2468,0,1162"
"0/1","40,76","116","99","2607,0,1197"
"0/1","41,76","117","99","2582,0,1241"
"0/1","38,76","114","99","2567,0,1095"
"0/1","31,62","93","99","2113,0,855"
"0/1","32,61","93","99","1971,0,904"
"0/1","54,26","80","99","760,0,1782"
"0/1","27,54","81","99","1793,0,768"
"0/1","26,50","76","99","1677,0,795"
"0/1","27,49","76","99","1637,0,814"
"0/1","26,44","70","99","1503,0,804"
"0/1","26,46","72","99","1586,0,803"
"0/1","34,47","81","99","1629,0,1038"
"0/1","36,53","89","99","1761,0,1129"
"0/1","41,55","96","99","1781,0,1270"
"0/1","37,53","90","99","1779,0,1193"
"0/1","37,56","93","99","1874,0,1183"
"0/1","36,57","93","99","1940,0,1190"
"0/1","34,57","91","99","1941,0,1062"
"0/1","37,61","98","99","2052,0,1191"
"0/1","39,64","103","99","2140,0,1233"
"0/1","42,66","108","99","2145,0,1304"
"0/1","42,8","50","99","107,0,1490"
"0/1","42,8","50","99","144,0,1488"
"0/1","43,8","51","99","122,0,1510"
"0/1","44,10","54","99","201,0,1552"
"0/1","42,62","104","99","1907,0,1122"
"0/1","41,64","108","99","1862,0,1112"
"0/1","51,58","109","99","1787,0,1532"
"0/1","51,55","106","99","1679,0,1586"
"0/1","48,50","98","99","1572,0,1461"
"0/1","50,50","100","99","1562,0,1437"
"0/1","52,53","105","99","1647,0,1583"
"0/1","50,54","105","99","1681,0,1471"
"0/1","34,27","61","99","749,0,1164"
"0/1","46,55","101","99","1526,0,1396"
"0/0","11,0","11","33","0,33,422"
"0/0","35,0","35","87","0,87,1140"
"0/1","11,8","19","99","272,0,392"
"0/1","13,13","26","99","404,0,388"
"0/1","22,16","38","99","466,0,631"
"0/1","18,8","26","99","240,0,599"
"0/1","16,18","34","99","539,0,516"
"0/0","16,0","16","42","0,42,571"
"0/1","13,11","24","99","346,0,421"
"0/1","10,12","22","99","415,0,340"
"0/1","5,12","17","99","419,0,141"
"0/0","23,0","23","66","0,66,877"
"0/1","19,15","34","99","489,0,657"
"0/1","16,17","33","99","540,0,539"
"0/1","10,13","23","99","389,0,336"
"0/1","11,6","17","99","199,0,351"
"0/0","25,0","25","72","0,72,943"
"0/0","34,0","34","96","0,96,1291"
"0/1","16,12","28","99","391,0,502"
"0/1","10,16","26","99","553,0,307"
"0/1","14,17","31","99","508,0,398"
"0/1","9,23","32","99","689,0,268"
"0/1","9,11","20","99","386,0,309"
"0/1","13,15","28","99","474,0,391"
"0/1","18,16","34","99","458,0,538"
"0/1","11,12","23","99","403,0,333"
"0/1","14,17","31","99","336,0,411"
"0/1","16,12","28","99","397,0,477"
"0/1","13,12","25","99","410,0,373"
"0/1","15,13","28","99","408,0,515"
"0/1","8,7","15","99","240,0,269"
"1/1","0,27","27","75","1018,75,0"
"0/1","18,13","31","99","434,0,593"
"0/1","8,16","24","99","548,0,255"
"0/1","14,12","26","99","342,0,494"
"0/1","13,14","27","99","449,0,448"
"0/1","15,15","30","99","490,0,489"
"0/1","10,15","25","99","504,0,260"
"0/1","16,6","22","99","177,0,585"
"0/1","9,13","22","99","447,0,301"
"0/1","17,8","25","99","247,0,608"
"0/1","19,14","33","99","463,0,670"
"0/1","18,22","40","99","748,0,530"
"0/1","19,23","42","99","745,0,608"
"0/1","19,15","34","99","499,0,657"
"0/1","14,14","28","99","479,0,484"
"0/1","8,18","26","99","615,0,249"
"0/1","11,14","25","99","487,0,337"
"0/1","10,14","24","99","458,0,322"
"0/1","9,14","23","99","440,0,267"
"0/1","10,9","19","99","301,0,281"
"0/1","16,12","28","99","351,0,507"
"0/1","16,19","35","99","659,0,508"
"0/1","19,10","29","99","308,0,646"
"0/1","29,11","40","99","331,0,979"
"0/0","21,0","21","60","0,60,795"
"0/0","27,0","27","81","0,81,1073"
"0/1","12,10","22","99","325,0,423"
"0/1","14,17","31","99","520,0,383"
"0/1","15,6","21","99","155,0,522"
"1/1","1,19","20","54","701,54,0"
"0/1","17,17","34","99","535,0,580"
"0/1","13,21","34","99","704,0,417"
"0/1","13,9","22","99","303,0,392"
"0/1","14,9","23","99","288,0,492"
"0/1","14,9","23","99","298,0,464"
"0/1","13,14","27","99","485,0,408"
"0/1","14,15","29","99","491,0,363"
"0/1","15,15","30","99","470,0,445"
"0/1","17,10","27","99","292,0,577"
"0/1","10,12","22","99","423,0,329"
"0/1","8,8","16","99","279,0,271"
"0/0","6,0","10","12","0,12,156"
"0/1","20,11","32","99","354,0,518"
"0/1","10,15","25","99","501,0,269"
"0/1","15,17","32","99","552,0,312"
"0/1","12,4","16","99","99,0,153"
"0/1","11,2","14","67","67,0,86"
"0/1","6,9","15","99","322,0,140"
"0/1","23,9","32","77","77,0,641"
"0/1","22,9","31","88","88,0,612"
"0/1","31,10","41","99","120,0,829"
"0/1","15,13","28","99","456,0,487"
"0/1","9,8","17","99","244,0,285"
"0/1","12,13","25","99","455,0,406"
"0/1","18,9","27","99","234,0,626"
"0/1","14,13","28","99","368,0,457"
"0/1","16,14","30","99","419,0,351"
"0/1","17,20","37","99","593,0,338"
"0/0","40,0","40","99","0,114,1440"
"0/0","40,0","40","99","0,111,1400"
"0/1","20,18","38","99","607,0,650"
"0/1","11,16","27","99","529,0,366"
"0/1","12,27","39","99","833,0,314"
"0/1","13,19","32","99","617,0,413"
"0/1","11,17","28","99","602,0,328"
"0/1","13,12","25","99","407,0,437"
"0/1","17,13","30","99","405,0,554"
"0/1","10,13","23","99","440,0,336"
"0/1","17,14","31","99","375,0,555"
"0/1","21,11","32","99","348,0,685"
"0/1","21,13","34","99","430,0,708"
"0/1","11,13","24","99","404,0,320"
"0/1","18,21","39","99","729,0,557"
"0/1","14,29","43","99","973,0,389"
"0/1","15,22","37","99","717,0,511"
"0/1","14,16","30","99","551,0,430"
"0/1","18,13","31","99","414,0,436"
"0/1","10,6","16","99","197,0,344"
"0/1","12,11","23","99","309,0,409"
"0/1","13,13","26","99","431,0,409"
"0/1","11,11","22","99","369,0,368"
"0/1","13,12","25","99","374,0,425"
"0/1","12,5","17","99","115,0,446"
"0/1","9,11","20","99","306,0,312"
"0/1","5,9","14","99","322,0,117"
"0/1","13,10","23","99","344,0,408"
"0/1","15,21","36","99","629,0,387"
"0/1","11,12","23","99","371,0,336"
"0/1","9,17","26","99","433,0,266"
"0/1","14,13","27","99","394,0,470"
"0/1","21,14","35","99","474,0,633"
"0/1","15,13","28","99","385,0,465"
"0/1","11,11","22","99","337,0,327"
"0/1","8,11","19","99","384,0,272"
"0/1","25,17","42","99","552,0,735"
"0/1","27,18","45","99","527,0,742"
"0/1","11,7","18","99","231,0,366"
"0/1","14,16","30","99","542,0,395"
"0/1","12,24","36","99","803,0,314"
"0/1","8,14","22","99","461,0,261"
"0/1","7,8","15","99","273,0,237"
"0/1","18,14","32","99","458,0,570"
"0/1","8,10","18","99","359,0,239"
"0/1","7,9","19","99","191,0,214"
"0/1","10,9","19","99","315,0,316"
"0/1","19,22","41","99","608,0,573"
"0/1","15,12","27","99","404,0,462"
"0/1","16,20","36","99","709,0,483"
"0/1","8,15","23","99","534,0,250"
"0/1","14,15","29","99","488,0,444"
"0/1","10,13","23","99","423,0,335"
"0/1","2,18","20","17","668,0,17"
"0/1","3,9","12","90","278,0,90"
"0/1","9,10","19","99","347,0,307"
"0/1","11,14","26","99","447,0,366"
"0/1","15,5","20","99","143,0,517"
"0/1","15,24","39","99","752,0,336"
"0/1","13,12","25","99","409,0,442"
"0/1","10,15","25","99","531,0,332"
"0/1","17,12","29","99","392,0,602"
"0/1","15,17","32","99","568,0,471"
"0/1","10,15","25","99","520,0,314"
"0/1","10,12","22","99","380,0,345"
"1/1","1,20","21","60","800,60,0"
"0/1","9,11","20","99","387,0,301"
"0/1","12,8","20","99","264,0,419"
"1/1","0,18","18","54","735,54,0"
"0/1","9,15","24","99","489,0,293"
"0/1","15,12","27","99","372,0,514"
"1/1","0,21","21","60","787,60,0"
"0/1","16,5","21","99","137,0,557"
"0/1","21,9","30","99","235,0,699"
"0/1","19,16","35","99","498,0,578"
"0/1","13,14","27","99","386,0,409"
"0/1","13,13","26","99","459,0,377"
"0/1","18,9","27","99","253,0,554"
"0/1","11,16","27","99","528,0,372"
"1/1","0,16","16","48","646,48,0"
"0/1","12,10","22","99","294,0,396"
"0/1","10,12","23","99","408,0,338"
"0/1","14,11","25","99","335,0,483"
"0/1","8,13","21","99","452,0,266"
"0/1","12,22","34","99","747,0,385"
"0/1","16,8","24","99","227,0,513"
"0/1","13,14","27","99","415,0,449"
"0/1","11,14","25","99","478,0,367"
"0/1","17,12","29","99","405,0,593"
"0/1","11,15","26","99","521,0,369"
"0/1","20,15","35","99","509,0,680"
"0/1","20,14","34","99","478,0,677"
"0/1","11,21","32","99","692,0,288"
"0/1","24,15","39","99","456,0,781"
"0/1","13,9","22","99","298,0,456"
"0/1","7,9","16","99","318,0,236"
"0/1","8,8","16","99","284,0,264"
"0/1","10,9","19","99","225,0,338"
"0/1","9,8","17","99","239,0,309"
"0/1","5,13","18","99","469,0,145"
"0/1","5,5","10","99","167,0,163"
"0/1","7,12","19","99","395,0,195"
"0/1","11,9","20","99","309,0,353"
"0/1","9,15","24","99","471,0,274"
"0/1","13,10","23","99","307,0,436"
"0/1","16,8","24","99","208,0,571"
"0/1","16,19","35","99","606,0,546"
"0/1","18,14","32","99","436,0,621"
"0/1","20,9","29","99","241,0,636"
"0/1","9,21","30","99","663,0,271"
"0/1","11,21","32","99","717,0,344"
"0/1","16,20","36","99","629,0,453"
"0/1","11,25","36","99","677,0,309"
"0/1","20,15","36","99","484,0,618"
"0/1","22,17","40","99","462,0,744"
"0/1","22,14","36","99","385,0,682"
"0/1","12,9","21","99","205,0,418"
"0/1","21,16","37","99","485,0,681"
"0/1","38,13","51","99","313,0,1184"
"0/1","15,38","53","99","1195,0,390"
"0/1","25,17","42","99","476,0,776"
"0/1","19,15","34","99","454,0,651"
"0/1","16,14","30","99","418,0,545"
"0/1","22,17","39","99","465,0,610"
"0/1","15,19","34","99","657,0,394"
"0/1","21,8","29","99","194,0,668"
"0/1","22,6","29","99","156,0,686"
"0/1","17,29","46","99","909,0,526"
"0/1","13,22","35","99","775,0,422"
"0/1","9,13","22","99","431,0,288"
"0/1","7,6","13","99","161,0,228"
"1/1","0,12","12","36","479,36,0"
"0/1","13,16","29","99","567,0,394"
"0/1","9,6","15","99","197,0,319"
"0/1","16,18","34","99","515,0,558"
"0/1","10,14","24","99","495,0,328"
"0/0","7,0","7","12","0,12,157"
"0/1","8,11","19","99","355,0,270"
"0/1","9,9","18","99","315,0,274"
"0/1","29,8","37","99","213,0,987"
"0/1","24,15","39","99","455,0,749"
"0/1","14,20","34","99","621,0,415"
"0/1","22,18","40","99","580,0,732"
"0/1","24,18","42","99","572,0,803"
"0/1","23,26","49","99","770,0,723"
"0/1","23,13","37","99","386,0,677"
"0/1","12,23","35","99","706,0,343"
"0/1","17,21","39","99","611,0,566"
"0/1","21,15","36","99","419,0,737"
"0/1","16,15","31","99","471,0,546"
"0/1","10,13","23","99","432,0,329"
"0/1","13,11","24","99","321,0,456"
"0/1","11,9","21","99","310,0,386"
"0/1","14,7","21","99","188,0,436"
"0/1","21,21","42","99","714,0,706"
"0/1","17,13","30","99","350,0,551"
"0/1","13,22","35","99","572,0,319"
"0/1","30,23","53","99","711,0,985"
"0/1","14,11","25","99","329,0,480"
"0/1","11,17","28","99","596,0,355"
"0/1","15,19","34","99","601,0,474"
"0/1","19,10","29","99","299,0,685"
"0/1","12,12","24","99","364,0,361"
"0/1","17,26","43","99","779,0,434"
"0/1","18,11","29","99","366,0,566"
"0/1","11,8","19","99","270,0,384"
"0/1","8,14","22","99","513,0,227"
"0/1","7,8","15","99","282,0,242"
"0/1","9,8","17","99","268,0,314"
"0/1","8,18","26","99","645,0,251"
"0/1","8,8","16","99","269,0,266"
"0/1","11,12","23","99","386,0,377"
"0/1","10,13","23","99","395,0,305"
"0/1","11,11","22","99","383,0,349"
"0/1","9,9","18","99","316,0,279"
"0/1","7,12","19","99","438,0,194"
"0/1","13,17","30","99","550,0,356"
"0/1","10,11","21","99","384,0,336"
"0/1","12,8","20","99","264,0,432"
"0/1","5,8","13","99","263,0,166"
"0/1","5,7","12","99","242,0,167"
"0/1","15,11","26","99","340,0,459"
"0/1","16,10","26","99","330,0,505"
"0/1","20,3","23","54","54,0,648"
"0/1","6,10","16","99","278,0,198"
"0/1","9,11","20","99","350,0,267"
"0/1","28,6","34","48","48,0,822"
"0/1","5,9","14","99","294,0,163"
"0/1","15,12","27","99","398,0,524"
"0/1","10,19","29","99","689,0,314"
"0/1","12,7","19","99","233,0,405"
"0/1","11,9","20","99","300,0,394"
"0/1","14,9","23","99","290,0,472"
"0/1","11,14","25","99","451,0,366"
"0/1","9,10","19","99","309,0,306"
"0/1","11,13","24","99","384,0,371"
"0/1","9,12","21","99","394,0,294"
"0/1","6,13","19","99","401,0,164"
"0/1","7,10","17","99","350,0,213"
"0/1","15,13","28","99","409,0,457"
"0/1","12,9","21","99","296,0,335"
"0/1","9,15","24","99","501,0,293"
"0/1","16,9","25","99","287,0,523"
"0/1","17,8","25","99","215,0,547"
"0/1","12,8","20","99","271,0,327"
"0/1","8,7","15","99","207,0,254"
"0/1","8,6","14","99","208,0,250"
"0/1","8,6","14","99","208,0,253"
"0/1","19,16","35","99","548,0,664"
"0/1","12,20","32","99","640,0,362"
"0/1","14,10","24","99","320,0,455"
"0/1","10,8","18","99","239,0,351"
"0/1","10,10","20","99","315,0,341"
"0/1","16,13","29","99","442,0,517"
"0/1","11,9","20","99","269,0,347"
"0/1","6,28","34","99","905,0,138"
"0/1","12,16","28","99","541,0,386"
"0/1","13,21","34","99","708,0,392"
"0/1","17,13","30","99","398,0,515"
"0/1","31,7","43","99","197,0,217"
"0/1","6,9","15","99","290,0,190"
"1/1","0,23","23","66","883,66,0"
"0/1","20,15","35","99","505,0,577"
"0/0","34,0","34","99","0,102,1330"
"0/0","34,1","35","99","0,102,1347"
"0/1","44,13","57","99","274,0,1385"
"0/0","38,1","39","71","0,71,1357"
"0/0","37,1","38","71","0,71,1365"
"0/1","6,2","8","56","56,0,126"
"0/1","4,5","9","62","62,0,89"
"0/1","20,10","30","99","315,0,697"
"0/0","18,0","18","54","0,54,715"
"0/0","19,0","19","57","0,57,746"
"0/0","19,0","19","57","0,57,762"
"0/1","9,12","21","99","417,0,301"
"0/0","35,0","35","99","0,99,1335"
"0/0","34,0","34","96","0,96,1284"
"0/0","36,0","36","99","0,105,1405"
"0/0","36,0","36","99","0,105,1401"
"0/0","36,0","36","99","0,108,1432"
"0/0","35,0","35","99","0,102,1374"
"0/0","40,0","40","99","0,117,1534"
"0/0","42,0","42","99","0,120,1611"
"0/0","29,0","29","84","0,84,1105"
"0/1","22,15","37","99","469,0,672"
"0/1","14,14","28","99","448,0,480"
"0/1","11,14","25","99","505,0,309"
"0/1","6,15","21","99","509,0,177"
"0/0","24,0","24","66","0,66,856"
"0/0","24,0","24","66","0,66,877"
"0/0","21,0","21","54","0,54,743"
"0/0","22,0","22","60","0,60,818"
"0/0","23,0","23","63","0,63,831"
"0/0","25,0","25","69","0,69,923"
"0/0","26,0","26","78","0,78,1025"
"0/1","15,13","28","99","450,0,516"
"0/0","29,0","29","78","0,78,1007"
"0/0","26,0","26","69","0,69,911"
"0/0","34,0","34","99","0,99,1293"
"0/0","29,0","29","87","0,87,1096"
"0/0","29,0","30","84","0,84,1083"
"0/0","29,0","29","87","0,87,1121"
"0/0","29,0","29","81","0,81,1057"
"0/0","32,0","32","87","0,87,1154"
"0/1","12,14","26","99","491,0,331"
"0/1","14,11","25","99","362,0,457"
"0/1","10,22","32","99","726,0,279"
"0/1","16,19","35","99","575,0,485"
"0/1","10,9","19","99","315,0,353"
"0/0","15,0","15","45","0,45,614"
"0/1","13,8","21","99","264,0,393"
"0/0","44,0","44","99","0,123,1656"
"0/0","36,0","36","99","0,105,1412"
"0/0","31,0","31","87","0,87,1173"
"0/0","31,0","31","87","0,87,1163"
"0/0","49,0","49","87","0,87,1141"
"0/0","34,2","36","46","0,46,1231"
"0/0","43,0","43","99","0,123,1641"
"0/0","34,0","34","99","0,99,1325"
"0/0","33,0","33","93","0,93,1229"
"0/1","11,16","27","99","534,0,332"
"0/1","10,8","18","99","261,0,345"
"0/0","41,0","41","99","0,117,1562"
"0/0","38,0","38","99","0,108,1446"
"0/1","13,15","28","99","520,0,415"
"0/1","21,18","39","99","607,0,661"
"0/0","28,0","28","84","0,84,1100"
"0/1","26,13","40","99","326,0,726"
"0/1","28,23","51","99","690,0,876"
"0/1","12,15","27","99","437,0,403"
"0/0","22,0","22","63","0,63,817"
"0/0","14,0","14","39","0,39,503"
"0/0","23,0","23","69","0,69,918"
"0/0","20,0","20","54","0,54,708"
"0/0","20,0","20","60","0,60,777"
"0/0","28,0","28","84","0,84,1128"
"0/0","27,0","27","81","0,81,1081"
"0/0","39,0","39","99","0,108,1466"
"0/0","42,0","42","99","0,114,1509"
"0/0","43,0","43","99","0,114,1503"
"0/1","7,15","22","99","508,0,146"
"0/1","16,13","29","99","445,0,554"
"0/0","17,0","17","51","0,51,698"
"0/0","17,0","17","48","0,48,653"
"0/0","25,0","25","63","0,63,871"
"0/1","6,13","19","99","418,0,188"
"0/1","20,12","32","99","372,0,675"
"0/0","15,0","15","45","0,45,615"
"0/0","15,0","15","45","0,45,613"
"0/1","14,13","27","99","374,0,447"
"0/1","10,18","28","99","538,0,313"
"0/1","17,15","32","99","488,0,487"
"0/1","18,16","34","99","451,0,537"
"0/1","15,13","29","99","359,0,517"
"0/0","25,0","25","72","0,72,969"
"0/0","23,0","23","66","0,66,870"
"0/1","8,13","21","99","435,0,223"
"0/0","44,1","45","99","0,129,1695"
"0/0","46,0","47","99","0,132,1727"
"0/0","20,0","20","54","0,54,717"
"0/0","23,0","23","63","0,63,828"
"0/0","23,0","23","63","0,63,851"
"0/1","10,11","21","99","384,0,292"
"0/0","29,0","30","81","0,81,1084"
"0/0","29,0","29","81","0,81,1095"
"0/0","25,0","25","69","0,69,927"
"0/0","26,0","26","66","0,66,894"
"0/0","22,0","22","63","0,63,836"
"0/0","21,0","21","60","0,60,812"
"0/0","19,0","19","51","0,51,695"
"0/0","20,0","20","54","0,54,711"
"0/0","20,0","20","54","0,54,736"
"0/0","18,0","18","48","0,48,649"
"0/1","11,18","29","99","600,0,289"
"0/1","5,11","16","99","312,0,151"
"0/0","18,0","18","54","0,54,706"
"0/1","13,15","28","99","523,0,445"
"0/0","28,0","28","81","0,81,1088"
"0/0","18,0","18","54","0,54,729"
"0/1","13,13","26","99","418,0,367"
"0/0","8,0","8","18","0,18,244"
"0/0","12,0","12","27","0,27,358"
"0/0","14,0","14","30","0,30,402"
"0/0","31,0","31","78","0,78,1047"
"0/0","33,0","33","90","0,90,1195"
"0/0","29,0","30","78","0,78,1019"
"0/0","33,0","33","93","0,93,1251"
"0/0","35,0","35","93","0,93,1224"
"0/1","16,19","35","99","626,0,521"
"0/1","19,12","31","99","264,0,644"
"0/1","16,10","26","99","285,0,527"
"0/1","21,10","31","99","272,0,721"
"0/1","39,7","46","99","153,0,1390"
"0/1","34,13","47","99","345,0,1106"
"0/1","7,6","13","99","208,0,203"
"0/1","9,9","18","99","279,0,295"
"0/0","15,0","15","45","0,45,606"
"0/0","23,0","23","69","0,69,942"
"0/1","9,16","25","99","548,0,276"
"0/0","19,0","19","57","0,57,765"
"0/0","20,0","20","60","0,60,790"
"0/0","22,0","22","63","0,63,846"
"0/0","23,0","23","69","0,69,918"
"0/0","22,0","22","63","0,63,848"
"0/0","24,0","24","69","0,69,923"
"0/0","38,0","38","99","0,108,1463"
"0/0","37,0","37","99","0,105,1427"
"0/0","37,0","37","99","0,105,1411"
"0/0","30,0","30","84","0,84,1138"
"0/0","22,0","22","63","0,63,853"
"0/0","13,0","13","39","0,39,518"
"0/0","14,0","14","42","0,42,559"
"0/0","14,0","14","42","0,42,571"
"0/0","14,0","14","42","0,42,568"
"0/0","24,0","24","72","0,72,971"
"0/0","22,0","22","63","0,63,858"
"0/0","23,0","23","66","0,66,893"
"0/0","16,0","16","42","0,42,576"
"0/0","17,0","17","51","0,51,689"
"0/0","13,0","13","36","0,36,492"
"0/0","31,0","31","81","0,81,1079"
"0/0","30,0","30","78","0,78,1061"
"0/0","29,0","29","81","0,81,1067"
"0/0","30,0","30","84","0,84,1122"
"0/0","36,0","36","99","0,105,1406"
"0/0","30,0","30","90","0,90,1196"
"0/0","30,0","31","90","0,90,1159"
"0/0","28,0","28","84","0,84,1095"
"0/0","28,0","28","81","0,81,1030"
"0/1","14,10","24","99","332,0,481"
"0/0","32,0","32","96","0,96,1285"
"0/0","32,0","32","93","0,93,1255"
"0/0","32,0","32","90","0,90,1207"
"0/0","32,0","32","93","0,93,1242"
"0/0","31,0","31","90","0,90,1202"
"0/0","31,0","31","87","0,87,1183"
"0/0","31,0","31","87","0,87,1185"
"0/0","36,0","36","99","0,99,1350"
"0/0","37,0","37","99","0,102,1378"
"0/0","33,0","33","96","0,96,1310"
"0/0","28,0","28","84","0,84,1127"
"0/1","19,19","38","99","621,0,621"
"0/1","11,9","20","99","306,0,355"
"0/1","9,14","23","99","467,0,259"
"0/1","17,13","30","99","409,0,598"
"0/1","14,18","32","99","589,0,463"
"0/0","19,0","19","57","0,57,742"
"0/0","19,0","19","57","0,57,746"
"0/0","19,0","19","57","0,57,750"
"0/0","18,0","18","51","0,51,680"
"0/0","18,0","18","54","0,54,704"
"0/0","16,0","16","48","0,48,648"
"0/0","16,0","16","48","0,48,639"
"0/0","12,1","13","36","0,36,479"
"0/0","10,0","10","30","0,30,385"
"0/0","8,0","8","24","0,24,305"
"0/0","8,0","8","24","0,24,307"
"0/0","17,0","17","51","0,51,672"
"0/0","18,0","18","54","0,54,720"
"0/0","32,0","32","96","0,96,1267"
"0/0","34,0","34","90","0,90,1222"
"0/0","28,0","28","78","0,78,1032"
"0/0","29,0","29","81","0,81,1053"
"0/0","33,0","33","93","0,93,1219"
"0/0","36,0","36","99","0,102,1330"
"0/0","37,0","37","99","0,105,1395"
"0/0","47,0","47","99","0,114,1491"
"0/0","43,0","43","99","0,105,1362"
"0/1","33,10","43","99","207,0,1096"
"0/1","34,10","44","99","206,0,1109"
"0/0","45,0","45","99","0,123,1598"
"0/0","41,0","41","99","0,114,1496"
"0/1","27,10","38","99","173,0,920"
"0/1","21,19","40","99","588,0,688"
"0/0","37,0","37","93","0,93,1204"
"0/0","24,0","24","69","0,69,900"
"0/0","23,0","23","69","0,69,899"
"0/0","28,0","31","75","0,75,996"
"0/0","28,0","28","69","0,69,915"
"0/0","29,0","29","72","0,72,955"
"0/0","29,0","29","78","0,78,1026"
"0/0","28,0","28","75","0,75,990"
"0/0","27,0","27","78","0,78,996"
"0/0","22,0","22","63","0,63,854"
"0/0","22,0","22","63","0,63,862"
"0/0","22,0","22","63","0,63,847"
"0/0","21,0","21","60","0,60,812"
"0/0","21,0","21","60","0,60,805"
"0/0","36,0","36","99","0,102,1325"
"0/0","35,0","35","99","0,99,1300"
"0/0","31,0","32","93","0,93,1243"
"0/0","29,0","30","84","0,84,1091"
"0/0","37,0","37","99","0,102,1330"
"0/0","26,1","27","38","0,38,986"
"0/0","25,1","26","38","0,38,946"
"0/0","30,1","31","56","0,56,1128"
"0/0","31,1","32","65","0,65,1195"
"0/0","40,0","40","99","0,111,1487"
"0/0","39,0","39","99","0,111,1494"
"0/0","36,0","36","96","0,96,1294"
"0/0","38,0","38","99","0,108,1427"
"0/0","45,0","45","99","0,132,1728"
"0/0","45,0","45","99","0,129,1696"
"0/0","46,0","46","99","0,132,1747"
"0/0","44,0","44","99","0,129,1688"
"0/1","14,17","31","99","604,0,397"
"0/0","24,0","26","63","0,63,778"
"0/1","8,11","19","99","376,0,256"
"0/1","10,19","29","99","593,0,316"
"0/1","13,8","21","99","230,0,466"
"0/1","25,7","32","55","55,0,323"
"0/1","20,12","33","40","40,0,376"
"0/1","15,6","21","99","135,0,517"
"0/1","14,14","28","99","431,0,387"
"0/1","5,16","22","48","416,0,48"
"0/0","23,0","23","24","0,24,260"
"0/1","18,17","35","99","547,0,620"
"0/1","9,10","19","99","342,0,276"
"0/1","9,6","15","99","200,0,287"
"0/1","8,16","24","99","538,0,251"
"0/1","9,16","25","99","562,0,295"
"0/1","16,13","29","99","444,0,566"
"0/1","16,14","30","99","435,0,520"
"0/1","7,5","12","99","133,0,251"
"0/1","17,9","26","99","291,0,574"
"0/1","11,14","25","99","455,0,369"
"0/1","8,9","17","99","319,0,272"
"0/1","11,11","22","99","370,0,312"
"0/1","14,18","32","99","568,0,461"
"0/1","13,8","21","99","254,0,430"
"0/1","10,6","16","99","195,0,361"
"0/1","13,12","25","99","354,0,426"
"0/1","9,6","15","99","147,0,314"
"0/1","9,7","16","99","240,0,277"
"0/1","5,9","14","99","289,0,158"
"0/1","8,7","15","99","204,0,248"
"0/1","17,7","24","99","218,0,582"
"0/1","17,7","24","99","216,0,582"
"0/1","9,12","21","99","386,0,272"
"0/1","5,4","9","99","139,0,139"
"0/1","10,5","15","99","152,0,354"
"0/1","7,1","8","18","18,0,263"
"0/1","5,5","10","99","177,0,167"
"0/1","5,7","12","99","247,0,169"
"0/1","13,10","23","99","307,0,434"
"0/1","13,10","23","99","334,0,436"
"0/1","11,11","22","99","344,0,384"
"0/1","11,10","21","99","326,0,381"
"0/1","11,16","27","99","551,0,362"
"0/1","11,12","23","99","360,0,381"
"0/1","10,10","20","99","336,0,347"
"0/1","10,8","18","99","273,0,352"
"0/1","10,12","22","99","390,0,351"
"0/1","9,12","21","99","390,0,306"
"0/1","7,11","18","99","389,0,219"
"0/1","24,22","46","99","716,0,714"
"0/1","14,17","31","99","591,0,385"
"0/1","15,9","24","99","297,0,471"
"0/1","21,9","30","99","259,0,725"
"0/1","16,17","33","99","534,0,538"
"0/1","18,23","41","99","787,0,530"
"0/1","15,19","34","99","623,0,416"
"0/1","12,16","28","99","489,0,406"
"0/1","16,9","25","99","244,0,455"
"0/1","9,15","24","99","508,0,290"
"0/1","14,14","28","99","438,0,432"
"0/1","14,14","28","99","436,0,410"
"0/1","13,13","26","99","453,0,411"
"0/1","10,14","24","99","501,0,303"
"0/1","13,14","27","99","486,0,445"
"0/1","13,12","25","99","413,0,407"
"0/1","16,10","26","99","316,0,538"
"0/1","22,17","39","99","528,0,764"
"0/1","11,10","21","99","318,0,368"
"0/1","6,5","11","99","156,0,207"
"0/1","10,11","21","99","340,0,333"
"0/1","10,6","16","99","177,0,346"
"0/1","15,4","19","99","105,0,545"
"0/1","13,12","25","99","397,0,451"
"0/1","15,15","30","99","492,0,506"
"0/1","10,11","21","99","291,0,346"
"0/1","10,6","16","99","194,0,330"
"0/1","10,6","16","99","192,0,328"
"0/1","11,9","20","99","309,0,349"
"0/1","10,9","19","99","300,0,347"
"0/1","14,9","23","99","266,0,448"
"0/1","13,8","21","99","256,0,467"
"0/1","16,8","24","99","255,0,532"
"0/1","24,11","35","99","348,0,832"
"0/1","21,18","39","99","586,0,625"
"0/1","19,18","37","99","616,0,554"
"0/1","23,7","30","99","164,0,733"
"0/1","22,10","33","99","305,0,698"
"0/1","14,20","34","99","623,0,357"
"0/1","29,15","44","99","349,0,966"
"0/1","11,9","20","99","298,0,385"
"0/1","10,10","20","99","336,0,328"
"0/1","17,9","26","99","248,0,614"
"0/1","13,11","24","99","333,0,455"
"0/1","16,14","30","99","272,0,455"
"0/1","11,9","20","99","271,0,382"
"0/1","9,11","20","99","376,0,297"
"0/1","7,14","21","99","452,0,218"
"0/1","11,12","23","99","423,0,373"
"0/1","13,13","26","99","452,0,394"
"0/1","19,17","36","99","559,0,586"
"0/1","15,11","26","99","314,0,531"
"0/1","9,8","17","99","236,0,304"
"0/1","14,16","30","99","530,0,444"
"0/1","14,17","31","99","523,0,454"
"0/1","16,5","21","99","147,0,557"
"0/1","15,20","35","99","675,0,473"
"0/1","17,26","43","99","846,0,525"
"0/1","16,10","26","99","294,0,576"
"0/1","14,21","35","99","637,0,367"
"0/1","21,21","43","99","696,0,669"
"0/1","16,15","31","99","485,0,512"
"0/1","8,14","22","99","473,0,264"
"1/1","0,13","13","36","483,36,0"
"0/1","11,5","16","99","157,0,401"
"0/1","12,21","33","99","714,0,359"
"0/1","24,23","47","99","759,0,731"
"0/1","4,10","14","99","372,0,120"
"0/1","20,22","42","99","732,0,649"
"0/0","18,1","19","14","0,14,632"
"0/0","18,1","19","14","0,14,636"
"0/0","19,1","20","17","0,17,668"
"0/1","11,10","23","99","333,0,344"
"0/1","5,8","13","99","275,0,158"
"0/1","18,20","38","99","439,0,568"
"0/1","9,12","21","99","436,0,266"
"0/1","9,8","17","99","282,0,279"
"0/1","15,13","28","99","412,0,459"
"0/1","16,16","32","99","505,0,537"
"0/1","14,18","32","99","612,0,438"
"0/1","11,17","28","99","582,0,365"
"0/1","11,18","29","99","620,0,354"
"0/1","12,10","22","99","336,0,377"
"0/1","11,12","23","99","409,0,373"
"0/1","13,17","30","99","550,0,280"
"0/1","15,9","24","99","246,0,433"
"1/1","0,30","30","87","1137,87,0"
"0/1","29,13","42","99","311,0,976"
"0/1","26,20","46","99","579,0,757"
"0/1","16,17","33","99","517,0,519"
"0/1","17,12","29","99","397,0,572"
"0/1","14,8","22","99","256,0,463"
"0/1","15,16","31","99","515,0,474"
"0/1","12,9","21","99","309,0,372"
"0/1","18,14","32","99","427,0,541"
"0/0","10,0","11","15","0,15,180"
"0/1","23,15","39","99","442,0,728"
"0/1","9,20","29","99","523,0,212"
"0/1","19,13","32","99","148,0,471"
"0/1","14,9","24","99","233,0,426"
"0/1","9,13","22","99","454,0,293"
"0/1","9,12","21","99","417,0,297"
"0/1","17,17","34","99","553,0,557"
"0/1","6,11","19","83","319,0,83"
"0/1","18,20","38","99","489,0,427"
"0/1","14,15","29","99","509,0,420"
"0/0","26,0","26","72","0,72,945"
"0/1","20,11","31","99","210,0,612"
"0/1","13,14","27","99","429,0,423"
"0/1","5,8","13","99","249,0,164"
"0/1","13,15","29","99","348,0,273"
"0/1","15,13","28","99","224,0,359"
"0/1","15,10","29","99","231,0,270"
"0/1","20,7","28","99","115,0,289"
"0/1","12,18","31","99","591,0,301"
"0/1","20,23","43","99","800,0,590"
"0/0","36,0","36","99","0,105,1362"
"0/0","36,0","36","99","0,102,1365"
"0/1","16,12","28","99","356,0,556"
"0/1","13,17","30","99","565,0,360"
"0/1","13,13","26","99","432,0,441"
"0/1","4,10","14","99","291,0,129"
"0/1","16,13","29","99","348,0,426"
"0/1","12,20","32","99","633,0,348"
"0/1","9,12","21","99","302,0,315"
"0/1","13,22","35","99","777,0,426"
"0/1","18,10","28","99","313,0,629"
"0/1","7,19","26","99","585,0,184"
"0/1","14,12","26","99","418,0,489"
"0/1","9,10","19","99","272,0,306"
"0/1","17,11","28","99","369,0,565"
"0/1","18,14","32","99","434,0,623"
"0/1","18,16","34","99","508,0,585"
"0/1","40,19","59","99","550,0,1198"
"0/1","14,18","32","99","552,0,429"
"0/1","4,5","9","92","105,0,92"
"0/1","8,6","14","99","205,0,287"
"0/1","6,9","15","99","281,0,203"
"0/1","12,10","22","99","332,0,391"
"0/1","16,12","28","99","411,0,505"
"0/1","7,9","16","99","301,0,198"
"0/1","9,14","23","99","486,0,281"
"0/0","36,0","37","99","0,102,1310"
"0/0","25,0","26","24","0,24,310"
"0/0","10,0","11","24","0,24,263"
"0/1","22,18","40","99","578,0,738"
"0/1","21,16","37","99","481,0,656"
"0/1","16,14","30","99","437,0,522"
"0/1","4,19","24","99","384,0,103"
"0/1","14,21","35","99","727,0,457"
"0/1","11,11","22","99","366,0,347"
"0/1","12,10","22","99","341,0,374"
"0/1","11,7","18","99","231,0,393"
"0/1","11,7","18","99","226,0,353"
"0/1","9,21","30","99","678,0,270"
"0/1","12,16","28","99","549,0,403"
"0/1","12,19","31","99","589,0,324"
"0/1","14,9","23","99","294,0,415"
"0/1","12,15","27","99","524,0,395"
"0/1","13,12","25","99","376,0,447"
"0/1","13,13","26","99","449,0,454"
"0/1","16,8","24","99","247,0,582"
"0/1","11,11","22","99","340,0,374"
"0/1","10,13","23","99","463,0,285"
"0/1","8,6","14","99","200,0,280"
"0/1","8,6","14","99","164,0,267"
"0/1","19,8","27","99","197,0,638"
"0/1","10,17","27","99","573,0,279"
"0/1","13,20","33","99","651,0,396"
"0/1","11,20","31","99","523,0,346"
"0/1","11,10","21","99","328,0,379"
"0/1","13,22","35","99","710,0,423"
"0/1","11,12","23","99","423,0,362"
"0/1","8,11","19","99","390,0,267"
"0/1","24,7","31","99","188,0,803"
"0/1","8,9","17","99","313,0,276"
"0/1","9,11","20","99","389,0,307"
"0/1","6,11","17","99","396,0,188"
"0/1","12,18","30","99","632,0,365"
"0/1","10,1","11","7","7,0,244"
"0/1","16,6","22","99","189,0,437"
"0/1","10,11","21","99","372,0,291"
"0/0","11,0","11","27","0,27,349"
"0/1","15,9","24","99","284,0,541"
"0/1","8,7","15","99","240,0,284"
"0/1","7,18","25","99","655,0,185"
"0/1","13,11","24","99","358,0,420"
"0/1","5,1","6","13","13,0,172"
"0/1","7,13","20","99","415,0,213"
"0/1","15,9","24","99","295,0,534"
"0/1","57,17","74","99","421,0,1959"
"0/1","70,11","81","99","188,0,2463"
"0/1","38,28,20","86","99","741,0,1206,126,552,1344"
"0/0","69,9","78","9","0,9,2219"
"0/1","63,14","77","99","246,0,1864"
"0/1","55,13","70","99","303,0,1818"
"0/1","62,10","72","99","161,0,2098"
"0/1","15,7","22","99","164,0,452"
"0/1","22,6","28","99","147,0,742"
"0/1","24,13","37","99","312,0,644"
"0/1","31,11","42","99","175,0,867"
"0/1","35,12","47","99","221,0,808"
"0/1","34,11","45","99","229,0,754"
"0/1","30,7","37","99","117,0,759"
"0/1","11,26","37","99","679,0,181"
"0/1","11,10","21","99","329,0,380"
"0/1","11,13","24","99","449,0,331"
"1/1","0,14","14","36","481,36,0"
"0/1","14,5","23","99","129,0,408"
"0/1","17,19","36","99","640,0,562"
"0/1","11,16","27","99","512,0,327"
"0/1","7,10","17","99","342,0,228"
"0/1","12,5","17","99","146,0,437"
"0/1","12,15","27","99","496,0,394"
"1/1","0,30","30","81","1103,81,0"
"0/1","11,14","25","99","479,0,335"
"0/1","15,18","33","99","590,0,464"
"0/1","13,15","28","99","457,0,441"
"0/1","13,16","29","99","492,0,390"
"0/1","9,12","21","99","411,0,296"
"0/1","19,10","29","99","323,0,639"
"0/1","14,18","32","99","581,0,427"
"0/1","15,16","31","99","558,0,488"
"0/1","7,8","15","99","270,0,239"
"0/1","18,18","36","99","556,0,528"
"0/1","21,18","39","99","561,0,644"
"0/1","16,6","22","99","174,0,585"
"0/1","21,8","29","99","246,0,720"
"0/1","18,15","33","99","473,0,574"
"0/1","20,17","37","99","507,0,572"
"0/1","14,11","25","99","375,0,391"
"0/0","26,0","26","78","0,78,1049"
"0/1","4,21","25","91","718,0,91"
"0/1","23,15","41","99","296,0,576"
"0/1","14,9","23","99","243,0,434"
"0/1","44,19","63","99","357,0,920"
"0/1","32,18","51","99","253,0,686"
"0/1","13,10","23","99","331,0,457"
"0/1","15,12","27","99","402,0,483"
"0/1","17,10","27","99","221,0,600"
"0/1","20,13","33","99","407,0,701"
"0/1","12,10","22","99","317,0,417"
"0/1","21,15","36","99","460,0,686"
"0/1","10,13","23","99","447,0,331"
"0/1","15,17","32","99","549,0,448"
"0/1","13,12","25","99","355,0,388"
"0/1","11,8","19","99","236,0,352"
"0/1","10,15","25","99","458,0,306"
"0/1","13,12","25","99","412,0,449"
"0/1","17,22","39","99","709,0,482"
"0/1","7,13","20","99","414,0,219"
"0/1","10,13","23","99","434,0,303"
"0/1","20,28","48","99","960,0,624"
"0/0","2,0","3","6","0,6,77"
"0/0","3,0","3","6","0,6,77"
"0/0","3,0","3","6","0,6,77"
"0/0","2,0","3","6","0,6,82"
"0/1","19,10","29","99","320,0,670"
"0/1","10,14","24","99","479,0,299"
"0/1","25,12","37","99","214,0,774"
"0/1","36,15","51","99","407,0,941"
"0/1","13,11","24","99","334,0,461"
"0/1","11,13","24","99","459,0,366"
"0/1","11,8","19","99","241,0,318"
"1/1","0,7","8","12","149,12,0"
"0/1","23,9","32","99","246,0,779"
"0/1","11,14","25","99","460,0,347"
"0/1","11,20","31","99","679,0,339"
"0/1","12,11","23","99","363,0,409"
"0/1","7,10","17","99","318,0,197"
"0/1","8,3","11","89","89,0,287"
"0/1","13,17","30","99","573,0,405"
"0/1","18,9","27","99","282,0,519"
"0/1","17,33","50","99","887,0,420"
"0/1","25,20","45","99","490,0,716"
"0/1","18,13","31","99","377,0,555"
"0/1","10,11","21","99","192,0,328"
"0/1","12,14","26","99","419,0,345"
"0/1","10,16","26","99","524,0,204"
"0/1","16,15","31","99","446,0,391"
"0/1","14,17","31","99","464,0,382"
"0/1","14,12","26","99","365,0,394"
"0/1","9,22","31","99","616,0,262"
"0/1","17,15","32","99","455,0,413"
"0/1","9,16","25","99","479,0,189"
"0/1","21,8","29","99","194,0,591"
"0/1","14,10","24","99","248,0,422"
"0/1","14,10","24","99","257,0,455"
"0/1","34,10","44","99","289,0,625"
"0/1","30,23","53","99","398,0,716"
"0/1","39,17","56","99","454,0,650"
"0/1","27,14","41","99","175,0,653"
"0/1","15,14","29","99","360,0,404"
"0/1","19,20","39","99","518,0,527"
"0/1","18,22","40","99","589,0,440"
"0/1","20,23","43","99","545,0,604"
"0/1","15,17","32","99","544,0,345"
"0/1","12,14","26","99","400,0,385"
"0/1","13,10","23","99","333,0,405"
"0/1","15,15","30","99","414,0,385"
"0/1","18,7","26","99","204,0,530"
"0/1","17,15","32","99","416,0,427"
"0/1","38,11","49","99","219,0,1173"
"0/1","40,8","48","99","185,0,1205"
"0/1","12,19","31","99","593,0,304"
"0/1","31,21","52","99","463,0,763"
"0/1","58,11","69","99","238,0,1402"
"0/1","30,17","47","99","540,0,579"
"0/1","35,22","57","99","530,0,777"
"0/1","18,28","49","99","749,0,289"
"0/1","41,11","52","99","172,0,1227"
"0/1","19,14","34","99","410,0,553"
"0/1","18,17","36","99","419,0,578"
"0/1","9,15","24","99","423,0,271"
"0/1","10,19","29","99","567,0,223"
"0/1","7,19","26","99","596,0,167"
"0/1","13,16","29","99","441,0,359"
"0/1","13,19","32","99","483,0,366"
"0/1","9,18","27","99","474,0,284"
"0/1","15,16","31","99","548,0,473"
"0/1","13,13","26","99","393,0,374"
"0/1","13,13","26","99","326,0,433"
"0/1","17,10","27","99","281,0,499"
"0/1","13,12","25","99","347,0,381"
"0/1","10,14","24","99","373,0,218"
"0/1","16,11","27","99","324,0,497"
"0/1","21,13","34","99","296,0,657"
"0/1","9,21","30","99","702,0,265"
"0/1","11,13","24","99","448,0,363"
"0/1","10,15","25","99","488,0,320"
"0/1","12,8","20","99","228,0,395"
"0/1","14,13","27","99","451,0,448"
"0/1","9,10","19","99","357,0,307"
"0/1","15,9","24","99","298,0,465"
"0/1","9,11","20","99","360,0,310"
"0/1","10,11","21","99","333,0,346"
"0/1","30,8","38","99","153,0,1031"
"0/1","27,8","36","99","173,0,920"
"0/1","9,13","22","99","406,0,298"
"0/1","7,7","14","99","233,0,240"
"0/1","14,12","26","99","403,0,470"
"0/1","3,13","16","74","478,0,74"
"0/1","12,5","17","99","151,0,427"
"0/1","26,15","42","99","423,0,876"
"0/0","13,0","13","33","0,33,436"
"0/0","39,0","40","99","0,111,1478"
"0/1","10,15","25","99","460,0,296"
"0/1","57,11","68","99","100,0,1454"
"0/1","19,10","29","99","158,0,422"
"0/1","16,24","40","99","802,0,454"
"0/1","13,11","24","99","378,0,417"
"0/1","15,14","29","99","476,0,480"
"0/1","11,11","22","99","270,0,378"
"0/1","9,9","18","99","306,0,303"
"0/1","14,12","26","99","365,0,482"
"0/2","25,10,30","66","99","534,341,1032,0,172,315"
"0/1","15,15","30","99","464,0,471"
"0/1","12,18","30","99","561,0,406"
"0/0","37,0","37","99","0,108,1440"
"0/1","19,10","29","99","298,0,636"
"0/1","16,16","32","99","513,0,532"
"0/1","21,9","30","99","221,0,755"
"0/1","13,5","18","99","151,0,386"
"0/1","13,5","18","99","140,0,420"
"0/0","30,0","30","84","0,84,1099"
"0/0","26,0","26","69","0,69,896"
"0/1","30,8","38","99","159,0,1045"
"0/1","23,17","40","99","438,0,740"
"0/1","18,13","31","99","449,0,477"
"0/0","33,2","35","48","0,48,1126"
"0/1","18,10","28","99","286,0,528"
"0/1","20,8","28","99","233,0,579"
"0/1","9,6","16","58","58,0,242"
"0/0","13,0","13","39","0,39,523"
"0/0","11,0","11","30","0,30,395"
"0/0","13,0","13","36","0,36,467"
"0/0","13,0","13","33","0,33,434"
"0/0","14,0","14","42","0,42,543"
"0/0","13,0","13","39","0,39,512"
"0/0","14,0","14","42","0,42,533"
"0/0","11,0","11","33","0,33,418"
"0/0","12,0","12","36","0,36,465"
"0/0","12,0","12","33","0,33,441"
"0/0","12,0","12","33","0,33,424"
"0/1","16,12","28","99","308,0,163"
"0/0","14,1","15","14","0,14,515"
"1/1","0,16","16","42","541,42,0"
"0/0","11,2","14","12","0,12,161"
"0/1","13,6","19","21","21,0,233"
"0/1","12,5","17","52","52,0,240"
"0/0","10,0","10","30","0,30,402"
"0/0","10,0","10","30","0,30,399"
"0/0","16,0","16","48","0,48,646"
"0/0","17,0","17","51","0,51,687"
"0/0","16,0","16","48","0,48,636"
"0/0","15,0","15","42","0,42,558"
"0/0","15,0","15","45","0,45,588"
"0/0","16,0","16","48","0,48,641"
"0/0","16,0","16","48","0,48,646"
"0/0","16,0","16","45","0,45,596"
"0/0","15,0","15","45","0,45,600"
"0/0","16,0","16","48","0,48,641"
"0/0","20,0","20","57","0,57,734"
"0/0","20,0","20","54","0,54,714"
"0/0","19,0","19","54","0,54,708"
"0/0","18,0","18","51","0,51,656"
"0/0","18,0","18","51","0,51,642"
"0/0","35,0","35","99","0,102,1368"
"0/0","35,0","35","99","0,102,1362"
"0/0","37,0","37","99","0,108,1441"
"0/0","37,0","37","99","0,111,1448"
"0/0","41,0","42","99","0,120,1605"
"0/0","41,0","41","99","0,120,1586"
"0/1","25,6","31","99","145,0,784"
"0/1","9,7","16","99","241,0,319"
"0/1","14,16","30","99","543,0,466"
"0/1","23,15","38","99","494,0,764"
"0/1","20,12","41","99","310,0,613"
"0/1","23,19","43","99","588,0,728"
"0/1","18,17","35","99","549,0,591"
"0/1","16,8","24","99","136,0,469"
"0/1","32,7","39","36","36,0,856"
"0/0","29,2","32","55","0,55,705"
"0/1","28,18","46","99","575,0,987"
"0/1","23,20","43","99","627,0,752"
"0/1","11,14","25","99","424,0,362"
"0/1","11,20","31","99","656,0,250"
"0/1","21,20","41","99","644,0,685"
"0/1","18,23","41","99","787,0,520"
"0/1","10,11","21","99","346,0,337"
"0/1","14,20","34","99","658,0,425"
"0/1","14,19","33","99","628,0,464"
"0/1","8,15","23","74","74,0,114"
"0/0","26,2","30","75","0,75,1013"
"0/1","24,12","36","99","322,0,802"
"0/1","23,8","31","92","92,0,755"
"0/1","28,9","37","98","98,0,940"
"0/1","28,9","37","98","98,0,949"
"0/1","28,9","37","98","98,0,936"
"0/1","21,3","24","59","59,0,637"
"0/1","8,13","21","99","447,0,252"
"0/1","12,7","19","99","223,0,437"
"0/1","13,6","19","99","188,0,480"
"0/1","5,13","18","99","424,0,149"
"0/1","6,13","19","99","471,0,180"
"0/1","20,19","39","99","508,0,705"
"0/1","9,6","15","99","197,0,309"
"0/1","14,9","23","99","300,0,480"
"0/1","11,11","22","99","380,0,375"
"0/1","12,11","23","99","375,0,345"
"0/1","8,12","20","99","433,0,262"
"0/0","24,0","24","72","0,72,945"
"0/1","12,16","28","99","522,0,324"
"0/1","8,17","25","99","605,0,208"
"0/1","8,9","17","99","275,0,226"
"0/1","11,14","25","99","437,0,362"
"0/1","12,9","21","99","291,0,409"
"0/1","12,5","17","99","154,0,402"
"0/1","16,14","30","99","422,0,492"
"0/1","15,14","29","99","369,0,460"
"0/1","27,7","34","99","195,0,766"
"0/1","12,13","25","99","434,0,398"
"0/1","11,11","22","99","378,0,369"
"0/1","9,17","26","99","605,0,289"
"0/1","29,9","38","99","201,0,1025"
"0/1","28,13","41","99","276,0,896"
"0/1","26,13","39","99","414,0,821"
"0/1","16,12","28","99","322,0,568"
"0/1","15,20","35","99","650,0,515"
"0/1","15,19","34","99","599,0,510"
"0/0","31,0","31","81","0,81,1097"
"0/0","24,0","24","60","0,60,798"
"0/1","13,12","25","99","407,0,424"
"0/1","11,10","21","99","344,0,357"
"0/1","7,9","16","99","311,0,236"
"0/1","11,8","19","99","261,0,358"
"0/1","11,11","22","99","372,0,341"
"0/1","13,11","24","99","338,0,427"
"0/1","10,12","22","99","422,0,295"
"0/1","12,19","31","99","549,0,388"
"0/1","14,12","26","99","390,0,452"
"0/1","12,16","28","99","552,0,377"
"0/1","15,12","27","99","403,0,463"
"0/1","8,16","24","99","581,0,240"
"0/1","15,16","31","99","483,0,519"
"0/1","19,17","36","99","573,0,637"
"0/1","24,17","41","99","558,0,803"
"0/1","20,18","38","99","618,0,694"
"0/1","15,19","34","99","621,0,466"
"0/1","17,11","28","99","361,0,573"
"0/1","20,12","32","99","391,0,675"
"0/1","20,12","32","99","388,0,673"
"0/1","11,4","15","99","120,0,401"
"0/1","11,8","19","99","238,0,390"
"0/1","11,13","24","99","399,0,343"
"0/1","19,7","26","99","202,0,647"
"0/1","14,8","22","99","184,0,475"
"0/1","13,9","22","99","213,0,466"
"0/1","27,6","36","24","24,0,691"
"0/1","52,11","63","99","100,0,1713"
"0/1","16,15","31","99","463,0,479"
"0/1","14,18","32","99","530,0,454"
"0/1","19,13","32","99","347,0,563"
"0/1","17,15","32","99","442,0,470"
"0/1","18,15","33","99","459,0,546"
"0/1","16,14","30","99","436,0,549"
"0/1","20,9","29","99","278,0,694"
"0/1","12,3","15","78","78,0,433"
"0/1","2,4","6","64","137,0,64"
"0/1","3,3","6","67","67,0,105"
"0/1","4,2","6","62","62,0,142"
"0/1","7,6","13","99","204,0,240"
"0/1","18,18","36","99","623,0,588"
"0/1","13,15","28","99","513,0,373"
"0/1","17,12","29","99","394,0,536"
"0/1","13,13","26","99","421,0,441"
"0/1","13,13","26","99","428,0,369"
"0/1","16,9","25","99","284,0,567"
"0/1","16,9","25","99","254,0,545"
"0/1","18,7","25","99","197,0,652"
"0/1","18,7","25","99","209,0,650"
"0/1","17,8","25","99","250,0,602"
"0/1","15,8","23","99","243,0,541"
"0/1","16,6","22","99","166,0,587"
"0/1","16,5","21","99","131,0,584"
"0/1","17,6","23","99","126,0,604"
"0/1","14,5","19","99","142,0,514"
"0/1","17,7","24","99","210,0,612"
"0/1","14,12","26","99","400,0,494"
"0/1","15,13","28","99","440,0,495"
"0/1","18,11","29","99","360,0,536"
"0/1","8,11","19","99","337,0,231"
"0/1","14,7","21","99","206,0,459"
"0/1","8,6","14","99","208,0,284"
"0/1","15,11","26","99","314,0,475"
"0/1","13,12","25","99","333,0,435"
"0/1","11,9","20","99","290,0,342"
"0/1","9,16","25","99","547,0,243"
"0/1","15,17","32","99","571,0,479"
"0/1","19,12","31","99","362,0,651"
"0/1","14,15","29","99","505,0,408"
"0/1","21,12","33","99","352,0,552"
"0/1","24,12","37","99","364,0,803"
"0/1","20,16","36","99","521,0,605"
"0/1","20,17","37","99","540,0,597"
"0/1","13,12","25","99","372,0,437"
"0/1","10,9","19","99","267,0,333"
"0/1","13,22","35","99","665,0,365"
"0/1","9,9","19","99","281,0,201"
"0/1","31,13","44","99","159,0,883"
"0/1","21,21","42","99","640,0,649"
"0/0","9,0","9","24","0,24,299"
"0/1","7,7","14","99","209,0,206"
"0/1","8,9","17","99","257,0,232"
"0/1","49,7","56","29","29,0,1525"
"0/1","13,23","36","99","774,0,373"
"0/1","15,23","38","99","776,0,417"
"0/1","15,17","32","99","569,0,464"
"0/1","7,21","28","99","633,0,201"
"0/0","24,2","27","60","0,60,745"
"0/1","30,6","38","99","135,0,983"
"0/1","54,13","67","99","158,0,1850"
"0/1","35,12","47","99","212,0,1149"
"0/1","37,13","50","99","288,0,1195"
"0/1","42,8","51","71","71,0,1479"
"0/1","41,7","49","58","58,0,1270"
"0/1","21,20","43","99","583,0,634"
"0/1","17,22","39","99","680,0,557"
"1/1","0,28","28","75","1024,75,0"
"1/1","0,41","41","90","1161,90,0"
"0/1","13,14","27","99","430,0,287"
"0/1","20,14","34","99","459,0,606"
"0/1","44,16","60","99","100,0,1057"
"0/1","15,20","35","99","586,0,502"
"0/1","23,4","27","94","94,0,635"
"0/0","41,1","42","66","0,66,1155"
"0/0","43,1","44","75","0,75,1282"
"0/1","51,6","57","99","103,0,1134"
"0/0","32,3","35","66","0,66,1110"
"0/0","40,3","44","37","0,37,1083"
"0/1","12,15","27","99","492,0,405"
"1/1","0,21","21","60","775,60,0"
"0/1","11,8","19","99","238,0,352"
"0/1","10,13","23","99","398,0,313"
"0/1","20,14","34","99","439,0,549"
"0/1","28,3","37","1","1,0,702"
"0/0","39,1","40","81","0,81,1433"
"0/0","29,2","31","54","0,54,1083"
"0/1","27,17","44","99","457,0,872"
"0/0","31,0","31","87","0,87,1121"
"1/1","0,26","26","75","939,75,0"
"0/1","10,25","35","99","730,0,211"
"1/1","0,24","24","54","693,54,0"
"0/1","9,21","30","79","697,0,79"
"0/1","11,36","47","99","1258,0,162"
"0/1","18,20","38","99","162,0,325"
"1/2","0,36,13","49","99","1636,372,267,1263,0,1227"
"1/2","0,8,35","43","99","1471,1239,1218,233,0,130"
"0/1","28,7","35","99","101,0,524"
"0/1","5,1","6","24","24,0,159"
"0/1","27,7","34","16","16,0,704"
"0/1","28,9","37","99","142,0,722"
"0/1","28,9","38","99","164,0,536"
"0/1","29,8","38","99","178,0,750"
"0/1","10,9","19","99","313,0,352"
"0/1","10,8","18","99","271,0,315"
"0/1","14,15","29","99","509,0,429"
"0/1","14,11","25","99","359,0,467"
"0/1","11,11","22","99","335,0,384"
"0/1","9,17","26","99","517,0,208"
"0/1","11,14","25","99","440,0,292"
"0/1","12,8","20","99","259,0,416"
"0/1","11,7","18","99","241,0,195"
"0/1","3,7","10","24","183,0,24"
"0/1","3,7","10","21","179,0,21"
"0/1","10,9","19","99","268,0,338"
"0/1","20,13","33","99","329,0,597"
"0/1","10,12","22","99","357,0,342"
"0/1","15,13","28","99","404,0,507"
"0/1","8,14","23","85","299,0,85"
"0/1","21,11","32","99","338,0,656"
"0/1","13,9","22","99","287,0,419"
"0/1","11,12","23","99","419,0,372"
"0/1","9,9","18","99","293,0,271"
"0/1","13,17","30","99","568,0,386"
"0/1","11,14","25","99","417,0,318"
"0/1","27,25","52","99","789,0,798"
"0/1","9,9","18","99","244,0,267"
"0/0","32,0","32","90","0,90,1184"
"0/1","21,6","28","97","97,0,691"
"0/1","5,36","41","37","1222,0,37"
"0/1","25,6","31","99","164,0,688"
"0/1","15,21","36","99","630,0,435"
"0/1","14,5","20","29","29,0,405"
"0/1","35,11","47","99","147,0,949"
"0/1","29,11","40","99","189,0,712"
"0/1","28,11","40","99","181,0,714"
"0/1","33,9","42","99","114,0,746"
"0/1","11,15","26","99","476,0,280"
"0/1","15,16","31","99","480,0,423"
"0/1","15,15","30","99","467,0,437"
"0/1","15,13","28","99","369,0,485"
"0/1","13,8","21","99","264,0,430"
"0/1","9,14","23","99","334,0,174"
"0/1","11,13","24","99","396,0,302"
"0/1","17,21","39","99","635,0,558"
"0/1","20,15","35","99","420,0,687"
"0/0","22,0","22","57","0,57,756"
"0/1","19,15","34","99","406,0,588"
"0/1","12,6","18","99","183,0,407"
"0/1","14,15","29","99","475,0,476"
"0/1","7,6","13","99","203,0,246"
"0/1","8,7","15","99","240,0,217"
"0/1","26,9","35","99","254,0,950"
"0/1","23,7","30","99","195,0,742"
"0/1","7,7","14","99","245,0,240"
"0/1","9,3","12","87","87,0,324"
"0/0","26,0","26","63","0,63,825"
"0/1","21,12","33","99","299,0,686"
"0/1","24,10","34","99","309,0,763"
"0/1","9,9","18","99","277,0,272"
"0/1","19,19","38","99","658,0,585"
"0/0","38,0","38","93","0,93,1217"
"0/0","5,0","5","12","0,12,154"
"0/1","11,12","23","99","387,0,315"
"0/0","36,0","36","96","0,96,1243"
"0/1","26,223","250","99","7102,0,178"
"0/1","26,215","242","99","6912,0,203"
"0/0","177,0","178","99","0,466,6158"
"0/1","19,14","33","99","465,0,573"
"0/1","13,13","26","99","402,0,419"
"0/1","13,16","29","99","541,0,433"
"0/0","28,0","28","75","0,75,1016"
"0/1","12,13","25","99","417,0,372"
"0/1","15,21","37","99","705,0,476"
"0/0","148,0","149","99","0,421,5480"
"0/0","61,0","61","99","0,175,2324"
"0/0","59,2","61","94","0,94,2171"
"0/1","31,41","72","99","1347,0,997"
"0/1","66,43","109","99","1345,0,2180"
"0/1","30,28","58","99","788,0,1033"
"0/1","38,25","63","99","793,0,1297"
"0/1","11,10","21","99","334,0,371"
"0/1","10,12","22","99","381,0,329"
"0/1","10,16","26","99","554,0,329"
"0/1","16,12","28","99","403,0,527"
"0/1","15,10","25","99","277,0,480"
"0/0","34,0","34","99","0,99,1315"
"0/1","14,14","28","99","423,0,474"
"0/1","18,21","39","99","638,0,510"
"0/1","15,20","35","99","694,0,474"
"0/1","14,18","32","99","632,0,423"
"0/1","20,18","38","99","612,0,636"
"0/1","12,12","25","99","356,0,387"
"0/1","22,12","34","99","336,0,769"
"0/1","17,19","36","99","601,0,556"
"0/1","17,31","48","99","989,0,510"
"0/1","24,24","48","99","797,0,786"
"0/1","10,24","34","99","832,0,292"
"0/1","16,10","26","99","297,0,514"
"0/1","15,24","39","99","772,0,418"
"0/1","21,19","40","99","602,0,656"
"0/1","13,26","39","99","804,0,398"
"0/1","17,16","33","99","549,0,597"
"0/1","18,16","34","99","480,0,603"
"0/1","34,10","44","99","206,0,956"
"0/1","20,14","34","99","442,0,662"
"0/1","26,7","33","99","186,0,934"
"0/1","41,12","53","99","311,0,1440"
"0/1","20,20","40","99","644,0,655"
"0/1","34,8","42","99","203,0,1175"
"0/1","24,23","47","99","755,0,748"
"0/1","33,7","40","99","167,0,1140"
"0/1","12,22","34","99","694,0,322"
"0/1","22,19","41","99","622,0,726"
"0/1","15,15","30","99","450,0,478"
"0/1","25,44","69","99","1453,0,759"
"0/1","32,32","64","99","991,0,1115"
"0/1","17,15","32","99","507,0,553"
"0/1","26,47","73","99","1556,0,729"
"0/1","24,38","62","99","1166,0,768"
"0/1","31,38","69","99","1123,0,958"
"0/1","19,35","54","99","1233,0,574"
"0/1","25,18","43","99","603,0,810"
"0/1","16,30","46","99","806,0,483"
"0/1","36,12","48","99","318,0,1226"
"0/1","26,18","44","99","581,0,815"
"0/1","33,6","39","90","90,0,1125"
"0/1","14,17","31","99","585,0,468"
"0/1","28,10","38","99","298,0,996"
"0/1","17,28","45","99","923,0,562"
"0/1","17,26","43","99","872,0,472"
"0/1","37,13","50","99","374,0,1281"
"0/1","16,25","41","99","848,0,535"
"0/1","46,13","59","99","235,0,1549"
"0/1","27,10","37","99","259,0,938"
"0/1","29,10","39","99","276,0,1004"
"0/1","27,29","56","99","863,0,896"
"0/1","29,16","45","99","517,0,1042"
"0/1","30,16","46","99","513,0,1081"
"0/1","10,38","48","99","1299,0,174"
"0/1","57,15","72","99","377,0,1695"
"0/1","38,15","53","99","453,0,1223"
"0/1","23,10","33","99","311,0,769"
"0/1","20,15","35","99","500,0,661"
"0/1","27,34","61","99","1078,0,844"
"0/1","19,16","35","99","499,0,627"
"0/1","14,21","35","99","691,0,475"
"0/1","21,22","43","99","773,0,648"
"0/1","19,49","68","99","1393,0,379"
"0/1","6,6","12","99","120,0,217"
"0/1","27,11","38","99","261,0,864"
"0/1","37,8","45","99","198,0,1249"
"0/1","46,11","57","99","249,0,1577"
"0/1","23,26","49","99","843,0,776"
"0/1","11,30","41","99","994,0,284"
"0/1","37,21","59","99","607,0,967"
"0/1","26,47","74","99","1637,0,714"
"0/1","36,6","42","99","124,0,1275"
"0/1","50,9","59","99","168,0,1717"
"0/1","39,7","46","99","145,0,1421"
"0/0","57,5","63","36","0,36,1625"
"0/1","16,6","22","75","75,0,560"
"0/0","15,0","15","42","0,42,540"
"0/0","18,0","18","51","0,51,652"
"0/1","10,10","20","99","350,0,312"
"0/0","26,0","26","66","0,66,849"
"0/0","25,0","25","69","0,69,889"
"0/1","30,8","38","99","178,0,642"
"0/0","27,0","29","75","0,75,978"
"0/1","5,6","11","99","206,0,161"
"0/1","28,6","35","99","130,0,729"
"0/0","11,0","11","15","0,15,205"
"0/1","13,4","17","98","98,0,377"
"0/0","24,1","25","35","0,35,946"
"0/0","26,1","27","36","0,36,986"
"0/0","27,1","28","36","0,36,967"
"0/0","27,1","28","40","0,40,1007"
"0/0","25,1","26","35","0,35,896"
"0/0","21,1","22","21","0,21,770"
"1/1","4,22","26","45","571,45,0"
"0/1","37,8","45","99","134,0,1122"
"0/1","36,8","44","99","145,0,1140"
"0/0","33,4","37","84","0,84,1064"
"0/0","35,1","37","90","0,90,1143"
"0/0","27,0","27","75","0,75,973"
"0/1","21,23","44","99","666,0,632"
"1/1","2,14","22","36","481,36,0"
"0/1","15,16","31","99","402,0,446"
"0/1","23,17","40","99","476,0,816"
"0/1","18,15","35","99","362,0,558"
"0/1","20,14","34","99","228,0,564"
"0/1","12,11","25","99","159,0,159"
"0/0","13,0","13","39","0,39,529"
"0/0","15,0","15","39","0,39,541"
"0/1","1,8","9","7","259,0,7"
"0/1","6,6","12","99","187,0,129"
"0/0","28,0","28","81","0,81,1081"
"0/1","25,21","46","99","533,0,823"
"0/1","7,29","37","99","835,0,158"
"0/1","9,5","14","60","107,0,60"
"0/1","11,7","18","99","236,0,287"
"0/1","13,10","23","99","300,0,463"
"0/1","38,5","48","92","92,0,397"
"0/1","8,10","19","99","167,0,193"
"0/1","18,13","31","99","405,0,557"
"0/1","18,8","26","99","250,0,617"
"0/1","12,16","28","99","563,0,388"
"0/1","25,7","33","99","121,0,178"
"0/1","4,11","16","99","153,0,114"
"0/1","8,17","25","99","603,0,235"
"0/1","17,13","30","99","362,0,609"
"0/1","15,17","32","99","566,0,500"
"0/1","20,21","41","99","664,0,626"
"0/1","13,8","21","99","259,0,427"
"0/1","8,5","13","99","165,0,266"
"0/0","14,0","14","36","0,36,462"
"0/1","19,16","35","99","524,0,613"
"0/1","16,13","29","99","446,0,515"
"0/1","4,12","16","99","445,0,119"
"0/1","26,6","32","85","85,0,814"
"0/1","23,6","29","99","128,0,780"
"0/1","16,12","28","99","272,0,566"
"0/1","8,27","35","36","649,0,36"
"1/1","0,22","22","63","784,63,0"
"0/1","19,16","35","99","488,0,584"
"0/1","8,8","16","99","240,0,276"
"0/1","10,4","14","99","121,0,367"
"0/1","5,5","11","62","101,0,62"
"0/1","9,16","25","99","534,0,282"
"0/1","15,16","31","99","499,0,458"
"0/1","14,16","30","99","426,0,465"
"0/1","22,14","36","99","407,0,764"
"0/1","10,11","21","99","374,0,297"
"0/1","16,13","29","99","434,0,558"
"0/1","17,14","31","99","350,0,490"
"0/1","22,16","38","99","535,0,680"
"0/1","14,17","31","99","562,0,469"
"0/1","11,15","26","99","512,0,264"
"0/1","22,17","39","99","488,0,742"
"0/1","7,9","16","99","318,0,193"
"0/1","10,5","15","99","124,0,365"
"0/1","9,10","19","99","311,0,263"
"0/1","7,11","18","99","395,0,235"
"0/1","6,8","14","99","283,0,185"
"1/1","1,4","6","12","150,12,0"
"1/1","2,4","6","12","150,12,0"
"1/1","1,4","6","12","157,12,0"
"0/1","2,4","6","22","137,0,22"
"1/1","1,4","6","12","155,12,0"
"1/1","1,4","6","12","155,12,0"
"0/1","12,15","27","99","454,0,390"
"0/1","12,13","25","99","432,0,199"
"0/1","20,6","26","99","115,0,216"
"0/1","10,12","22","99","324,0,306"
"0/1","6,8","14","99","275,0,166"
"0/1","16,9","25","99","240,0,519"
"0/1","18,13","31","99","442,0,552"
"0/1","23,16","39","99","507,0,791"
"0/1","12,8","20","99","257,0,344"
"0/1","8,15","23","99","548,0,177"
"0/1","15,16","31","99","458,0,519"
"0/1","20,16","36","99","524,0,647"
"0/1","20,19","39","99","538,0,604"
"0/0","19,1","20","57","0,57,773"
"0/1","10,6","16","99","202,0,321"
"0/1","19,16","35","99","485,0,576"
"0/1","19,23","42","99","778,0,629"
"0/1","24,15","39","99","490,0,746"
"0/1","17,11","28","99","256,0,538"
"0/1","10,7","17","99","236,0,352"
"0/1","15,11","26","99","362,0,493"
"0/1","15,11","26","99","334,0,499"
"0/1","11,7","18","99","223,0,395"
"0/1","20,15","35","99","434,0,554"
"0/1","5,7","12","99","178,0,173"
"0/1","8,10","18","99","315,0,267"
"0/1","13,12","25","99","407,0,422"
"0/1","8,5","13","99","169,0,251"
"0/1","3,5","8","92","176,0,92"
"0/1","11,15","26","99","491,0,346"
"0/1","16,18","34","99","567,0,477"
"0/1","15,7","22","99","199,0,490"
"0/1","12,8","20","99","253,0,412"
"0/1","12,6","19","99","145,0,413"
"0/1","9,14","23","99","437,0,263"
"0/1","16,14","30","99","397,0,545"
"0/1","20,16","36","99","479,0,665"
"0/1","8,9","17","99","318,0,234"
"0/1","8,11","19","99","384,0,265"
"0/1","6,15","21","99","544,0,146"
"0/1","11,14","25","99","443,0,321"
"0/1","13,14","27","99","444,0,439"
"0/1","9,10","19","99","344,0,248"
"0/1","8,7","15","99","241,0,274"
"0/1","12,18","30","99","585,0,376"
"0/1","5,10","15","99","362,0,157"
"0/1","6,12","18","99","423,0,152"
"0/1","13,10","23","99","340,0,423"
"0/1","10,8","18","99","268,0,314"
"0/1","14,15","29","99","532,0,445"
"0/1","11,12","23","99","425,0,323"
"0/1","8,14","22","99","497,0,254"
"0/1","14,14","28","99","418,0,393"
"0/1","15,14","29","99","412,0,481"
"0/1","12,16","29","99","505,0,401"
"0/1","18,14","32","99","424,0,495"
"0/1","13,11","24","99","303,0,429"
"0/1","17,15","32","99","390,0,525"
"0/1","16,7","23","99","176,0,546"
"0/1","13,7","20","99","185,0,417"
"0/1","13,15","28","99","518,0,437"
"0/1","2,12","14","47","368,0,47"
"0/1","10,12","22","99","383,0,265"
"0/1","10,12","22","99","366,0,296"
"0/1","14,15","29","99","520,0,449"
"0/1","25,18","43","99","587,0,876"
"0/1","10,13","23","99","392,0,341"
"0/1","7,10","17","99","359,0,201"
"0/1","13,17","30","99","543,0,408"
"0/1","8,11","19","99","358,0,261"
"0/1","10,12","23","99","363,0,330"
"0/1","14,24","38","99","839,0,426"
"0/1","9,17","26","99","525,0,285"
"0/1","10,12","22","99","325,0,330"
"0/1","16,12","28","99","362,0,403"
"0/1","14,11","25","99","319,0,408"
"0/1","26,19","46","99","579,0,786"
"0/1","18,18","36","99","559,0,596"
"0/1","26,18","44","99","569,0,817"
"0/1","25,16","42","99","467,0,724"
"0/1","7,14","21","99","479,0,219"
"0/1","6,11","17","99","393,0,189"
"0/1","10,9","19","99","267,0,348"
"0/1","12,13","25","99","409,0,410"
"0/1","14,10","24","99","320,0,489"
"0/1","12,16","28","99","468,0,369"
"0/1","19,18","37","99","533,0,598"
"0/1","14,9","24","99","266,0,426"
"0/1","7,14","21","99","461,0,227"
"0/1","12,10","22","99","343,0,382"
"0/1","17,9","26","99","257,0,554"
"0/1","15,12","27","99","369,0,530"
"0/1","11,12","23","99","418,0,346"
"0/1","10,11","21","99","320,0,346"
"0/1","11,6","17","99","192,0,359"
"0/1","11,8","19","99","236,0,393"
"0/1","9,16","25","99","568,0,275"
"0/1","9,8","17","99","272,0,284"
"0/1","8,7","15","99","233,0,282"
"0/0","11,0","12","27","0,27,355"
"0/1","7,5","12","99","135,0,246"
"0/0","21,0","21","63","0,63,846"
"0/1","16,10","26","99","280,0,582"
"0/1","13,13","26","99","378,0,457"
"0/1","6,10","16","99","318,0,202"
"0/1","9,13","22","99","451,0,284"
"0/0","28,0","28","81","0,81,1077"
"0/0","15,0","15","42","0,42,531"
"0/1","6,7","13","99","238,0,200"
"0/1","13,20","33","99","677,0,379"
"0/1","15,8","23","99","196,0,519"
"0/1","9,12","21","99","408,0,302"
"0/0","26,0","26","75","0,75,1011"
"0/1","11,8","19","99","267,0,386"
"0/0","9,0","9","24","0,24,314"
"1/1","1,15","16","2","360,2,0"
"0/1","9,15","24","99","520,0,260"
"0/1","9,16","25","99","497,0,286"
"0/1","13,11","24","99","341,0,468"
"0/1","7,6","13","99","200,0,240"
"0/1","12,14","26","99","486,0,320"
"0/1","5,4","9","87","87,0,170"
"0/0","5,0","5","12","0,12,146"
"0/1","31,14","45","99","416,0,987"
"0/1","21,18","39","99","526,0,713"
"0/1","15,17","32","99","490,0,414"
"0/1","14,18","32","99","559,0,466"
"0/1","14,17","31","99","488,0,472"
"0/1","10,9","19","99","310,0,350"
"0/1","15,17","32","99","511,0,523"
"0/1","11,16","27","99","569,0,375"
"0/1","4,9","13","99","293,0,124"
"0/1","8,11","19","99","331,0,266"
"0/1","20,28","48","99","943,0,478"
"0/1","18,16","34","99","530,0,563"
"0/1","12,2","15","38","38,0,442"
"0/1","5,7","12","99","248,0,169"
"0/1","21,16","37","99","509,0,556"
"0/1","11,5","17","99","148,0,365"
"0/1","8,11","19","99","387,0,250"
"0/1","8,11","19","99","386,0,250"
"0/1","17,18","35","99","629,0,579"
"0/1","8,10","18","99","348,0,236"
"0/1","11,15","26","99","518,0,355"
"0/1","13,8","21","99","245,0,454"
"0/1","13,9","22","99","298,0,426"
"0/1","21,24","45","99","792,0,601"
"0/1","14,19","33","99","645,0,395"
"1/1","1,34","35","78","1009,78,0"
"0/1","11,9","20","99","307,0,341"
"0/1","12,16","28","99","496,0,406"
"1/1","0,15","15","42","564,42,0"
"1/1","0,13","13","27","338,27,0"
"0/1","3,9","12","86","329,0,86"
"0/1","9,10","19","99","316,0,277"
"0/1","10,6","16","99","190,0,306"
"0/1","13,16","29","99","570,0,392"
"0/1","18,17","35","99","532,0,519"
"0/1","23,13","36","99","417,0,816"
"0/1","20,16","36","99","512,0,706"
"0/1","10,11","21","99","291,0,337"
"0/0","12,1","13","30","0,30,404"
"0/1","11,18","29","99","491,0,356"
"0/1","19,22","41","99","635,0,607"
"0/1","20,13","33","99","380,0,650"
"0/1","14,3","18","74","74,0,489"
"0/1","9,15","24","99","443,0,299"
"0/1","6,16","22","99","472,0,192"
"0/1","5,13","18","99","446,0,151"
"0/1","5,14","19","99","438,0,152"
"0/1","5,14","19","99","444,0,151"
"0/1","6,17","23","99","511,0,185"
"0/1","14,15","29","99","498,0,415"
"0/1","15,15","30","99","481,0,469"
"0/1","15,13","28","99","415,0,526"
"0/1","13,12","26","99","410,0,412"
"0/1","13,13","26","99","425,0,402"
"0/1","11,12","23","99","378,0,362"
"0/1","14,12","26","99","408,0,473"
"0/1","14,12","26","99","403,0,478"
"0/1","17,15","32","99","460,0,547"
"0/1","12,16","28","99","496,0,368"
"0/1","12,16","28","99","505,0,394"
"0/1","9,16","25","99","562,0,214"
"0/1","7,15","22","99","551,0,182"
"0/1","8,15","23","99","500,0,239"
"0/1","11,16","27","99","449,0,330"
"0/1","10,18","28","99","566,0,294"
"0/1","7,10","17","99","345,0,188"
"0/1","5,8","13","99","286,0,136"
"0/1","9,11","20","99","362,0,226"
"0/1","8,13","21","99","432,0,249"
"0/1","9,12","21","99","393,0,270"
"0/1","10,12","22","99","424,0,328"
"0/1","14,9","23","99","249,0,466"
"0/1","13,11","24","99","347,0,412"
"0/1","13,8","21","99","264,0,424"
"0/0","20,0","20","60","0,60,797"
"0/1","13,19","32","99","591,0,431"
"0/1","11,10","21","99","326,0,381"
"0/1","16,12","28","99","363,0,541"
"0/1","13,14","27","99","485,0,364"
"0/1","39,11","50","99","288,0,677"
"0/1","21,15","36","99","454,0,652"
"0/1","12,18","30","99","597,0,335"
"0/1","14,14","28","99","455,0,483"
"0/1","10,10","20","99","341,0,333"
"0/1","9,9","18","99","316,0,284"
"0/1","2,9","11","46","327,0,46"
"0/1","15,13","28","99","434,0,489"
"0/1","14,11","25","99","359,0,464"
"0/1","14,9","23","99","245,0,458"
"0/1","9,19","28","99","653,0,193"
"0/1","11,11","22","99","370,0,381"
"0/1","6,12","18","99","396,0,192"
"0/1","7,8","15","99","285,0,205"
"0/1","17,16","33","99","436,0,524"
"0/1","17,20","37","99","647,0,499"
"0/1","21,17","38","99","498,0,683"
"0/1","14,13","27","99","441,0,439"
"0/1","16,15","31","99","497,0,468"
"0/1","9,7","16","99","245,0,277"
"0/1","21,12","33","99","391,0,700"
"0/1","4,12","16","78","366,0,78"
"0/1","8,7","15","99","229,0,278"
"0/1","9,16","25","99","521,0,289"
"0/1","8,16","24","99","501,0,245"
"0/1","12,13","25","99","450,0,346"
"0/1","12,9","21","99","299,0,412"
"0/1","8,19","27","99","630,0,212"
"0/1","8,8","16","99","274,0,266"
"0/1","13,10","23","99","323,0,465"
"0/1","13,12","25","99","410,0,422"
"0/1","10,8","18","99","234,0,333"
"0/1","15,4","19","99","99,0,519"
"0/1","10,5","15","66","66,0,341"
"0/0","7,0","7","21","0,21,279"
"0/1","11,9","20","99","272,0,394"
"0/1","13,7","20","99","194,0,390"
"0/1","14,7","21","99","219,0,459"
"0/1","4,6","13","99","212,0,126"
"0/1","12,13","25","99","452,0,351"
"0/1","10,10","20","99","329,0,311"
"0/1","15,19","35","99","635,0,475"
"0/1","13,19","32","99","420,0,446"
"0/1","8,10","18","99","350,0,253"
"0/1","17,8","25","99","219,0,580"
"0/1","24,12","36","99","364,0,792"
"0/1","10,12","22","99","379,0,346"
"0/1","10,13","23","99","356,0,303"
"0/1","7,18","25","99","624,0,218"
"0/1","9,11","20","99","359,0,307"
"0/1","10,7","17","99","217,0,324"
"0/1","11,6","17","99","196,0,369"
"0/1","3,8","11","92","279,0,92"
"0/1","14,11","25","99","325,0,499"
"0/1","11,12","23","99","416,0,353"
"0/1","10,7","17","99","228,0,346"
"0/1","10,7","17","99","219,0,337"
"0/1","16,15","31","99","412,0,491"
"0/1","12,8","20","99","232,0,401"
"0/1","9,14","23","99","463,0,229"
"0/1","8,14","22","99","501,0,258"
"0/1","16,15","31","99","370,0,495"
"0/1","16,9","25","99","292,0,567"
"0/1","13,17","30","99","579,0,392"
"0/1","10,8","18","99","239,0,344"
"0/0","21,1","22","15","0,15,665"
"0/1","13,13","26","99","446,0,442"
"0/1","12,14","26","99","489,0,360"
"0/1","14,16","30","99","527,0,469"
"1/1","0,22","22","60","825,60,0"
"0/1","13,12","25","99","355,0,382"
"0/1","28,5","33","97","97,0,998"
"0/1","29,5","34","93","93,0,1021"
"0/1","26,5","31","99","103,0,931"
"0/1","10,11","21","99","386,0,342"
"0/1","15,18","33","99","617,0,458"
"0/1","12,24","36","99","696,0,383"
"0/1","11,7","18","99","221,0,358"
"0/1","6,11","17","99","368,0,126"
"0/1","19,23","42","99","693,0,603"
"0/1","6,2","8","58","58,0,216"
"0/0","18,1","19","48","0,48,643"
"0/1","14,19","33","99","603,0,401"
"0/0","15,0","15","45","0,45,599"
"0/1","15,12","27","99","360,0,491"
"0/1","10,18","28","99","650,0,317"
"0/1","15,17","32","99","531,0,514"
"0/1","24,21","45","99","645,0,730"
"0/1","19,13","32","99","399,0,521"
"0/1","19,14","33","99","432,0,529"
"0/1","19,11","30","99","300,0,663"
"0/1","13,19","32","99","628,0,397"
"0/1","18,11","29","99","318,0,472"
"0/1","9,18","27","99","656,0,274"
"0/1","7,9","16","99","319,0,201"
"0/1","6,4","10","99","102,0,172"
"0/1","12,6","18","99","188,0,436"
"0/1","8,12","20","99","432,0,254"
"0/1","9,4","13","99","127,0,254"
"0/1","7,23","30","99","773,0,191"
"0/1","14,20","34","99","602,0,413"
"0/1","18,15","33","99","436,0,409"
"0/1","19,14","33","99","386,0,368"
"0/1","11,13","24","99","439,0,367"
"0/1","2,4","6","50","139,0,50"
"0/1","39,10","49","99","187,0,1065"
"0/1","55,8","64","99","111,0,1353"
"0/1","41,24","65","99","434,0,1088"
"0/1","90,25","116","99","533,0,2313"
"0/1","57,14","71","99","169,0,1464"
"0/1","51,11","62","99","119,0,1450"
"0/1","61,13","74","99","242,0,1493"
"0/1","19,7","27","79","79,0,607"
"0/1","19,18","37","99","547,0,653"
"0/1","11,12","23","99","391,0,362"
"0/1","20,11","31","99","340,0,703"
"0/1","19,21","40","99","691,0,640"
"0/1","15,20","35","99","603,0,487"
"0/1","10,5","15","99","158,0,341"
"0/1","17,13","30","99","380,0,423"
"0/1","16,13","29","99","412,0,513"
"0/1","11,6","17","99","184,0,309"
"0/1","30,11","41","99","293,0,833"
"0/1","17,4","23","31","31,0,547"
"0/1","19,4","24","25","25,0,557"
"0/0","20,0","20","48","0,48,622"
"0/1","10,17","27","99","565,0,295"
"0/1","12,24","36","99","792,0,377"
"0/1","12,10","22","99","329,0,383"
"0/1","10,10","20","99","346,0,343"
"0/1","13,5","18","99","146,0,441"
"1/1","0,6","7","18","221,18,0"
"0/1","8,13","21","99","459,0,262"
"0/1","11,10","21","99","346,0,384"
"0/1","17,14","31","99","430,0,523"
"0/1","18,10","28","99","295,0,604"
"0/1","16,12","28","99","385,0,493"
"0/1","19,17","36","99","473,0,546"
"0/1","9,14","23","99","436,0,269"
"0/1","13,13","26","99","444,0,374"
"0/1","16,18","34","99","566,0,540"
"0/1","17,18","35","99","483,0,572"
"0/1","9,7","16","99","231,0,314"
"0/1","12,7","19","99","191,0,423"
"0/1","10,18","28","99","644,0,326"
"0/1","11,8","19","99","266,0,344"
"0/1","11,14","25","99","418,0,356"
"0/1","20,16","36","99","494,0,709"
"0/1","11,6","17","99","188,0,396"
"0/1","16,9","25","99","256,0,537"
"0/1","13,14","27","99","457,0,415"
"0/1","20,15","35","99","501,0,621"
"0/1","6,16","22","99","565,0,174"
"0/1","13,7","20","99","189,0,435"
"0/1","9,10","19","99","347,0,313"
"0/1","18,15","33","99","519,0,530"
"0/1","17,13","30","99","375,0,532"
"0/1","12,6","18","99","196,0,434"
"0/1","7,10","17","99","358,0,234"
"0/1","7,10","17","99","319,0,221"
"0/1","14,14","28","99","465,0,474"
"0/1","10,7","17","99","229,0,338"
"0/1","4,4","8","99","141,0,139"
"0/1","13,9","22","99","301,0,460"
"0/1","16,14","30","99","456,0,549"
"0/1","14,11","25","99","309,0,495"
"0/0","33,0","33","96","0,96,1282"
"0/0","32,0","32","93","0,93,1240"
"0/1","8,14","22","99","435,0,269"
"0/1","26,21","47","99","644,0,799"
"0/1","8,11","19","99","389,0,267"
"0/1","7,9","16","99","306,0,233"
"0/1","8,11","19","99","366,0,256"
"0/1","16,15","31","99","482,0,499"
"0/1","9,7","16","99","194,0,321"
"0/1","14,7","21","99","222,0,472"
"0/1","16,12","28","99","337,0,503"
"0/1","24,25","49","99","806,0,767"
"0/0","53,0","53","99","0,150,1948"
"0/1","16,10","26","99","335,0,432"
"0/1","3,9","12","95","260,0,95"
"0/1","13,12","25","99","415,0,388"
"0/1","11,10","21","99","306,0,345"
"0/1","9,17","26","99","597,0,255"
"0/1","13,17","30","99","604,0,400"
"0/1","8,14","22","99","513,0,214"
"0/1","6,9","15","99","317,0,198"
"0/0","23,0","23","63","0,63,824"
"0/1","8,8","16","99","211,0,282"
"0/1","13,8","21","99","261,0,448"
"0/0","26,0","27","69","0,69,814"
"0/0","24,1","25","32","0,32,823"
"0/1","8,15","23","99","473,0,248"
"0/1","12,10","22","99","343,0,367"
"0/1","10,11","21","99","309,0,350"
"0/1","14,23","37","99","702,0,464"
"0/0","21,0","21","60","0,60,726"
"0/1","17,13","31","99","342,0,539"
"0/1","12,18","30","99","618,0,335"
"0/1","9,9","18","99","302,0,313"
"0/1","13,11","24","99","374,0,451"
"0/1","10,7","17","99","229,0,348"
"0/1","9,13","22","99","398,0,242"
"0/1","15,18","33","99","625,0,460"
"0/1","16,18","34","99","559,0,468"
"0/1","19,23","42","99","810,0,596"
"0/1","16,15","31","99","482,0,479"
"0/0","37,0","37","99","0,99,1313"
"0/1","7,12","19","99","312,0,239"
"0/1","13,10","23","99","338,0,415"
"0/1","12,12","24","99","412,0,411"
"0/1","13,6","19","99","145,0,470"
"0/1","26,17","43","99","559,0,875"
"0/1","13,13","26","99","443,0,405"
"0/1","12,12","24","99","413,0,386"
"0/1","11,18","29","99","523,0,344"
"0/1","9,6","15","99","205,0,287"
"0/1","8,13","21","99","461,0,261"
"0/1","15,24","39","99","840,0,492"
"0/1","8,5","13","99","161,0,246"
"0/1","9,5","14","99","162,0,317"
"0/1","10,8","18","99","260,0,335"
"0/0","28,6","34","57","0,57,650"
"0/1","6,10","16","99","359,0,201"
"0/1","17,11","28","99","362,0,570"
"0/1","17,10","27","99","328,0,572"
"0/1","12,19","31","99","637,0,399"
"0/1","8,14","22","99","494,0,261"
"0/1","9,8","17","99","260,0,277"
"0/1","7,10","17","99","324,0,234"
"0/1","11,6","17","99","160,0,396"
"0/1","11,7","18","99","154,0,398"
"0/1","10,9","19","99","260,0,311"
"0/1","11,11","22","99","378,0,372"
"0/1","12,14","26","99","403,0,415"
"0/1","19,14","33","99","462,0,677"
"0/1","14,16","30","99","490,0,404"
"0/1","15,23","38","99","793,0,482"
"0/1","11,8","19","99","160,0,361"
"0/1","10,13","23","99","417,0,313"
"0/0","21,0","21","63","0,63,855"
"0/0","18,1","19","23","0,23,668"
"0/1","13,8","21","99","249,0,456"
"0/1","13,8","21","99","247,0,439"
"0/1","12,9","21","99","299,0,429"
"0/1","12,5","17","99","151,0,409"
"0/1","14,13","27","99","445,0,447"
"0/1","11,13","24","99","449,0,380"
"0/1","9,8","17","99","273,0,316"
"0/1","12,15","27","99","520,0,406"
"0/1","15,9","24","99","308,0,456"
"0/1","9,9","18","99","308,0,304"
"0/1","15,11","26","99","371,0,499"
"0/1","4,10","14","99","331,0,128"
"0/1","11,8","19","99","265,0,358"
"0/1","12,17","29","99","602,0,387"
"0/1","17,13","30","99","376,0,557"
"0/1","16,15","31","99","440,0,480"
"0/1","8,10","18","99","344,0,239"
"0/1","16,18","34","99","559,0,475"
"0/1","18,27","49","99","612,0,488"
"0/1","27,12","39","99","371,0,833"
"0/1","19,16","35","99","408,0,647"
"0/1","13,9","22","99","258,0,365"
"0/1","13,15","28","99","531,0,286"
"0/1","7,8","15","99","223,0,240"
"0/1","15,13","28","99","375,0,492"
"0/1","7,15","22","99","453,0,227"
"0/1","7,17","24","99","594,0,212"
"0/1","7,7","14","99","240,0,235"
"0/1","17,11","29","99","228,0,507"
"0/1","8,16","24","99","440,0,182"
"0/1","24,12","37","99","305,0,590"
"0/1","14,21","35","99","720,0,456"
"0/0","24,0","24","69","0,69,923"
"0/1","18,21","39","99","608,0,582"
"0/1","17,8","25","99","237,0,604"
"0/1","16,16","33","99","472,0,558"
"0/1","12,16","28","99","514,0,385"
"0/1","12,14","26","99","445,0,392"
"0/1","8,9","17","99","321,0,268"
"0/1","8,6","14","99","194,0,270"
"0/1","9,8","17","99","275,0,311"
"0/1","14,14","28","99","397,0,478"
"0/1","12,9","21","99","228,0,389"
"0/1","6,16","22","99","512,0,183"
"0/1","13,11","24","99","377,0,404"
"0/1","13,15","28","99","488,0,387"
"0/1","19,24","43","99","768,0,565"
"0/1","14,6","20","99","178,0,477"
"0/1","8,17","25","99","583,0,221"
"0/1","7,15","22","99","547,0,214"
"0/1","7,5","12","99","174,0,210"
"0/1","17,11","28","99","356,0,472"
"0/1","5,14","19","99","415,0,151"
"0/1","12,13","25","99","459,0,372"
"0/1","7,12","19","99","391,0,197"
"0/1","10,7","17","99","197,0,321"
"0/1","16,14","30","99","388,0,535"
"0/1","14,16","30","99","522,0,431"
"0/1","10,15","25","99","421,0,341"
"0/1","18,19","37","99","653,0,593"
"0/1","12,29","41","99","887,0,332"
"0/1","10,16","26","99","427,0,338"
"0/1","15,8","23","99","243,0,504"
"0/1","12,6","18","99","176,0,394"
"0/1","15,14","29","99","412,0,458"
"0/1","20,4","24","90","90,0,708"
"0/1","13,9","22","99","300,0,466"
"0/1","15,10","25","99","319,0,528"
"0/1","8,5","13","99","164,0,273"
"0/1","12,10","22","99","303,0,387"
"0/1","8,8","16","99","278,0,240"
"0/1","5,13","19","99","473,0,112"
"0/1","19,18","37","99","534,0,538"
"0/1","23,16","39","99","469,0,734"
"0/1","14,14","28","99","473,0,461"
"0/1","15,8","23","99","251,0,496"
"0/1","11,17","28","99","604,0,321"
"0/0","18,0","18","48","0,48,662"
"0/1","10,13","23","99","426,0,340"
"0/1","8,11","19","99","361,0,273"
"0/1","15,14","29","99","461,0,502"
"0/1","7,11","18","99","398,0,188"
"0/1","11,18","29","99","646,0,323"
"0/1","16,13","29","99","403,0,538"
"0/0","20,0","20","54","0,54,718"
"0/1","8,12","20","99","429,0,251"
"0/1","9,13","22","99","467,0,291"
"0/1","11,8","19","99","265,0,353"
"0/1","7,11","18","99","398,0,233"
"0/1","10,11","21","99","386,0,299"
"0/1","19,8","27","99","99,0,676"
"0/1","18,8","26","99","103,0,636"
"0/0","19,0","19","51","0,51,693"
"0/1","18,14","32","99","362,0,594"
"0/1","15,11","26","99","360,0,451"
"1/1","7,9","17","18","222,18,0"
"0/1","20,12","32","99","356,0,656"
"0/1","7,8","15","99","231,0,224"
"0/1","16,18","34","99","546,0,498"
"0/1","12,16","28","99","498,0,343"
"0/1","18,15","33","99","483,0,613"
"0/1","14,15","29","99","523,0,434"
"0/1","7,9","16","99","253,0,210"
"0/1","16,17","33","99","520,0,516"
"0/1","14,16","30","99","476,0,442"
"0/1","8,12","20","99","415,0,264"
"0/1","12,13","25","99","420,0,415"
"0/1","17,8","25","99","242,0,572"
"0/1","19,9","28","99","283,0,617"
"0/1","22,23","45","99","782,0,711"
"0/1","11,5","16","99","158,0,319"
"0/1","14,11","25","99","333,0,484"
"0/1","18,13","31","99","403,0,590"
"0/1","13,16","29","99","509,0,428"
"0/1","7,15","22","99","517,0,218"
"0/1","18,19","37","99","654,0,616"
"0/1","14,12","27","99","402,0,483"
"0/1","16,17","33","99","514,0,505"
"0/1","23,9","32","99","234,0,793"
"0/1","17,13","30","99","439,0,554"
"0/1","11,19","30","99","666,0,364"
"0/1","16,14","30","99","423,0,488"
"0/1","11,16","27","99","536,0,363"
"0/1","13,10","23","99","288,0,417"
"0/1","7,16","23","99","537,0,182"
"0/1","15,14","29","99","431,0,475"
"0/1","14,16","30","99","539,0,463"
"0/1","14,21","35","99","670,0,465"
"0/1","10,15","25","99","537,0,332"
"0/1","20,14","34","99","415,0,699"
"0/1","19,17","36","99","574,0,621"
"0/1","9,10","19","99","349,0,309"
"0/1","12,14","26","99","451,0,355"
"0/1","28,7","35","99","127,0,983"
"0/1","30,7","37","99","119,0,1018"
"0/1","25,7","32","99","137,0,862"
"0/1","24,6","30","93","93,0,875"
"0/1","24,6","30","99","106,0,801"
"0/1","22,5","27","52","52,0,775"
"0/1","20,6","26","60","60,0,690"
"0/1","20,5","25","53","53,0,732"
"0/1","8,5","13","99","171,0,249"
"0/1","5,16","21","99","458,0,140"
"0/1","7,12","19","99","385,0,229"
"0/1","11,22","33","99","748,0,310"
"0/1","9,11","20","99","370,0,265"
"0/1","19,14","33","99","323,0,352"
"0/1","15,20","35","99","695,0,484"
"0/1","19,16","35","99","539,0,656"
"0/1","14,24","38","99","824,0,405"
"0/1","14,9","23","99","301,0,462"
"0/1","6,9","15","99","279,0,195"
"0/1","11,16","27","99","528,0,319"
"0/1","16,10","26","99","308,0,531"
"0/1","18,14","32","99","468,0,576"
"0/1","5,10","15","99","289,0,141"
"0/1","2,9","11","47","331,0,47"
"0/1","4,6","10","99","179,0,128"
"0/1","13,13","26","99","381,0,452"
"0/1","13,13","26","99","370,0,460"
"0/1","9,10","19","99","319,0,274"
"0/1","9,8","17","99","235,0,287"
"0/1","15,14","29","99","480,0,511"
"0/1","10,7","17","99","233,0,353"
"0/1","18,10","28","99","275,0,636"
"0/1","5,10","15","99","359,0,157"
"0/1","10,2","12","37","37,0,235"
"0/1","11,12","23","99","398,0,329"
"0/1","4,7","11","99","242,0,132"
"0/1","13,5","18","99","139,0,480"
"0/1","17,13","30","99","400,0,601"
"0/1","18,8","26","99","255,0,585"
"0/1","14,12","26","99","404,0,458"
"0/1","10,7","17","99","244,0,315"
"0/1","13,13","26","99","373,0,391"
"0/1","10,10","20","99","332,0,315"
"0/1","11,11","22","99","389,0,309"
"0/1","9,8","17","99","275,0,310"
"0/1","6,8","14","99","246,0,195"
"0/1","19,15","35","99","500,0,594"
"0/1","17,17","34","99","475,0,480"
"0/1","4,7","11","99","244,0,129"
"0/1","11,11","22","99","383,0,365"
"0/1","9,10","19","99","352,0,303"
"0/1","14,10","24","99","325,0,485"
"0/1","8,10","18","99","306,0,260"
"0/1","8,11","19","99","345,0,273"
"0/1","4,9","13","99","328,0,121"
"0/1","5,10","15","99","362,0,160"
"0/1","10,13","23","99","414,0,344"
"0/1","10,13","23","99","408,0,344"
"0/1","10,14","24","99","466,0,317"
"0/1","15,11","26","99","321,0,526"
"0/1","11,12","23","99","388,0,375"
"0/1","7,15","22","99","431,0,217"
"0/1","4,6","10","99","217,0,135"
"0/1","6,9","15","99","305,0,193"
"0/1","8,10","18","99","356,0,234"
"0/1","5,6","11","99","212,0,129"
"0/1","16,9","25","99","300,0,521"
"0/1","6,9","15","99","307,0,199"
"0/1","8,11","19","99","385,0,262"
"0/1","17,17","34","99","483,0,574"
"0/1","20,14","34","99","430,0,574"
"0/1","15,16","31","99","554,0,465"
"0/1","13,12","25","99","414,0,447"
"0/1","10,7","17","99","225,0,353"
"0/0","30,0","30","87","0,87,1155"
"0/1","9,9","18","99","284,0,301"
"0/1","5,9","14","99","258,0,165"
"0/1","12,11","23","99","335,0,417"
"0/1","13,15","28","99","429,0,340"
"0/1","10,19","29","99","551,0,284"
"0/1","18,14","32","99","454,0,604"
"0/1","15,12","27","99","409,0,532"
"0/1","19,2","21","25","25,0,637"
"0/1","13,4","17","99","106,0,480"
"0/1","13,14","27","99","445,0,440"
"0/1","16,12","28","99","374,0,545"
"0/1","19,9","28","99","278,0,673"
"0/1","11,8","19","99","265,0,392"
"0/1","11,8","19","99","269,0,385"
"0/1","9,9","18","99","312,0,297"
"0/1","9,9","18","99","307,0,298"
"0/1","15,10","25","99","328,0,497"
"0/1","6,6","12","99","209,0,214"
"0/1","17,14","31","99","383,0,565"
"0/1","11,17","28","99","597,0,363"
"0/1","25,16","41","99","484,0,836"
"0/1","32,6","40","84","84,0,767"
"0/1","32,9","41","99","108,0,819"
"0/1","12,6","18","99","193,0,427"
"0/1","20,10","30","99","288,0,651"
"0/1","24,8","32","42","42,0,699"
"0/0","28,0","28","78","0,78,1044"
"0/0","32,1","33","36","0,36,389"
"1/1","0,13","13","39","529,39,0"
"0/1","9,11","20","99","338,0,255"
"0/1","18,15","33","99","476,0,598"
"0/1","17,17","34","99","552,0,456"
"0/1","12,4","16","99","118,0,394"
"0/1","18,12","30","99","392,0,589"
"0/1","10,18","28","99","608,0,239"
"0/0","4,1","8","9","0,9,106"
"0/1","17,15","32","99","514,0,556"
"0/1","13,11","24","99","332,0,457"
"0/1","17,16","33","99","459,0,549"
"0/1","14,14","28","99","404,0,478"
"0/1","16,14","30","99","442,0,556"
"0/1","22,11","34","99","351,0,749"
"0/1","15,18","33","99","605,0,499"
"0/1","16,15","31","99","513,0,520"
"0/0","17,0","17","48","0,48,652"
"0/1","5,8","13","99","267,0,161"
"0/1","8,7","15","99","229,0,267"
"0/1","14,20","34","99","698,0,449"
"0/0","24,0","24","69","0,69,891"
"0/0","27,0","27","78","0,78,1029"
"0/0","21,0","21","63","0,63,845"
"0/1","8,10","18","99","358,0,271"
"0/1","16,14","30","99","480,0,486"
"0/1","13,16","29","99","412,0,437"
"0/1","13,15","28","99","523,0,414"
"0/1","15,15","30","99","510,0,502"
"0/1","10,3","13","47","47,0,293"
"0/1","10,13","23","99","415,0,261"
"0/1","20,14","34","99","425,0,628"
"0/0","25,0","25","69","0,69,899"
"0/1","16,11","27","99","340,0,545"
"0/1","19,11","30","99","352,0,640"
"0/1","14,21","35","99","699,0,390"
"0/1","13,5","18","99","151,0,476"
"0/1","7,19","26","99","557,0,200"
"0/1","5,14","19","19","214,0,19"
"0/1","16,20","36","99","654,0,502"
"0/1","15,22","37","99","633,0,466"
"0/1","12,20","32","99","660,0,376"
"0/1","17,12","29","99","325,0,587"
"0/1","21,22","43","99","698,0,628"
"0/1","12,17","29","99","557,0,328"
"0/1","11,12","23","99","403,0,365"
"0/1","12,12","24","99","410,0,402"
"0/1","21,11","33","99","257,0,428"
"0/1","12,4","16","93","105,0,93"
"0/1","6,9","15","99","320,0,197"
"0/1","21,7","28","99","190,0,766"
"0/1","10,16","26","99","510,0,337"
"0/1","10,5","15","99","162,0,359"
"0/1","9,16","25","99","455,0,303"
"0/0","31,0","31","93","0,93,1252"
"0/1","7,11","18","99","390,0,233"
"0/1","13,20","33","99","672,0,386"
"0/1","8,15","23","99","490,0,264"
"0/1","6,7","13","99","233,0,207"
"0/1","15,7","22","99","216,0,501"
"0/1","18,9","27","99","289,0,575"
"0/1","15,7","22","99","229,0,452"
"0/1","18,9","27","99","239,0,649"
"0/1","6,8","14","99","248,0,201"
"0/1","12,10","22","99","341,0,319"
"0/1","10,8","18","99","279,0,317"
"0/1","13,9","22","99","304,0,405"
"0/1","10,7","17","99","225,0,307"
"0/1","10,6","16","99","196,0,361"
"0/1","16,10","26","99","323,0,532"
"0/1","12,9","21","99","273,0,352"
"0/1","10,9","19","99","316,0,289"
"0/1","9,10","19","99","345,0,268"
"0/1","10,10","20","99","326,0,341"
"0/1","16,12","28","99","393,0,478"
"0/1","9,13","22","99","460,0,294"
"0/1","9,18","27","99","619,0,222"
"0/1","16,16","32","99","496,0,501"
"0/1","15,20","35","99","634,0,370"
"0/1","19,10","29","99","330,0,640"
"0/1","15,15","30","99","508,0,437"
"0/1","23,19","42","99","551,0,734"
"0/1","23,18","42","99","539,0,766"
"0/1","20,23","43","99","763,0,591"
"0/1","14,21","35","99","660,0,308"
"0/1","17,16","33","99","441,0,537"
"0/1","14,9","24","99","246,0,437"
"0/0","8,0","8","18","0,18,240"
"0/0","11,0","11","27","0,27,344"
"0/0","13,0","13","33","0,33,421"
"0/1","10,10","20","99","354,0,329"
"0/1","14,6","20","99","182,0,474"
"0/1","12,10","22","99","264,0,387"
"0/1","6,7","13","99","177,0,204"
"0/1","7,7","14","99","241,0,211"
"0/1","9,10","19","99","350,0,312"
"0/1","15,11","26","99","273,0,505"
"0/1","17,18","35","99","592,0,520"
"0/1","27,17","44","99","518,0,889"
"0/1","23,21","44","99","641,0,755"
"1/1","1,12","13","36","476,36,0"
"0/1","13,14","27","99","448,0,433"
"0/1","12,14","26","99","393,0,415"
"0/1","12,19","31","99","641,0,274"
"0/1","7,10","17","99","344,0,231"
"0/1","13,20","33","99","675,0,426"
"0/1","35,4","39","11","11,0,989"
"0/1","10,11","21","99","374,0,337"
"0/1","7,9","16","99","287,0,240"
"0/1","7,10","17","99","358,0,236"
"0/1","14,19","33","99","626,0,441"
"0/1","14,7","21","99","214,0,506"
"0/1","7,13","20","99","466,0,222"
"0/1","10,4","14","99","112,0,356"
"0/1","7,6","13","99","209,0,206"
"0/1","6,7","13","99","246,0,200"
"0/1","9,10","19","99","313,0,315"
"0/1","7,12","19","99","365,0,234"
"0/1","10,7","17","99","232,0,359"
"0/1","10,5","15","99","150,0,352"
"0/1","12,7","19","99","233,0,358"
"0/1","12,7","19","99","235,0,358"
"0/1","10,11","21","99","363,0,331"
"0/1","11,9","20","99","301,0,356"
"0/1","16,10","26","99","326,0,578"
"0/1","16,10","26","99","329,0,571"
"0/1","18,12","30","99","388,0,641"
"0/1","14,16","30","99","549,0,435"
"0/1","13,10","23","99","338,0,451"
"0/1","11,13","24","99","445,0,351"
"0/1","11,10","21","99","308,0,318"
"0/1","11,10","21","99","346,0,316"
"0/1","10,9","19","99","298,0,318"
"0/1","11,7","18","99","220,0,387"
"0/1","13,7","20","99","223,0,430"
"0/1","10,8","18","99","269,0,349"
"0/1","19,20","39","99","614,0,567"
"0/1","6,8","14","56","200,0,56"
"0/1","22,6","28","99","161,0,727"
"0/1","7,7","14","99","226,0,206"
"0/1","8,15","23","99","523,0,235"
"0/1","16,15","31","99","497,0,474"
"0/1","20,17","37","99","544,0,633"
"0/1","21,23","44","99","790,0,708"
"0/1","16,15","31","99","477,0,509"
"0/1","16,16","32","99","514,0,417"
"0/1","8,21","29","99","715,0,228"
"0/1","25,16","41","99","524,0,806"
"0/1","2,27","29","35","430,0,35"
"0/1","3,21","24","10","269,0,10"
"0/1","14,12","27","99","407,0,406"
"0/1","10,21","31","99","739,0,317"
"0/1","24,18","42","99","592,0,733"
"0/1","18,7","25","99","209,0,641"
"0/1","16,13","29","99","408,0,498"
"0/1","6,18","24","85","562,0,85"
"0/1","15,19","34","99","620,0,500"
"0/1","18,14","32","99","460,0,622"
"0/1","5,12","17","99","404,0,121"
"0/1","28,8","36","99","144,0,913"
"0/1","12,18","30","99","581,0,368"
"0/1","5,14","19","99","476,0,149"
"0/1","13,9","22","99","267,0,471"
"0/1","11,12","23","99","412,0,369"
"0/1","9,8","17","99","273,0,306"
"0/1","7,5","12","99","169,0,254"
"0/1","9,6","15","99","158,0,286"
"0/1","19,18","37","99","543,0,568"
"0/1","23,17","40","99","565,0,724"
"0/1","9,14","23","99","492,0,275"
"0/1","10,10","20","99","305,0,323"
"0/1","12,11","23","99","356,0,386"
"0/1","15,19","34","99","610,0,455"
"0/1","14,12","26","99","399,0,479"
"0/1","10,13","23","99","424,0,284"
"0/1","21,18","39","99","459,0,658"
"0/1","16,21","38","99","706,0,468"
"0/1","27,12","39","99","371,0,898"
"0/1","17,18","35","99","594,0,591"
"0/1","12,5","17","99","155,0,390"
"0/1","12,16","28","99","528,0,354"
"0/1","12,13","25","99","455,0,387"
"0/1","16,19","35","99","660,0,549"
"0/1","13,23","36","99","729,0,421"
"0/1","6,20","26","99","552,0,182"
"0/1","11,7","18","99","239,0,364"
"0/1","11,14","25","99","447,0,338"
"0/1","10,11","21","99","332,0,344"
"0/1","17,16","33","99","553,0,551"
"0/1","8,18","26","99","619,0,248"
"0/1","9,16","25","99","536,0,287"
"0/1","12,23","35","99","795,0,372"
"0/1","8,17","25","99","547,0,256"
"0/1","8,13","21","99","393,0,263"
"0/1","12,14","26","99","437,0,387"
"0/1","28,20","48","99","610,0,926"
"0/1","10,14","24","99","486,0,325"
"0/1","12,10","22","99","323,0,420"
"0/1","16,10","26","99","325,0,494"
"0/1","15,12","27","99","397,0,481"
"0/0","31,0","31","81","0,81,1018"
"0/0","28,3","31","23","0,23,893"
"0/0","27,0","27","66","0,66,815"
"0/0","24,0","24","63","0,63,829"
"0/0","28,0","31","84","0,84,1094"
"0/0","11,0","11","33","0,33,404"
"0/1","19,16","35","99","470,0,632"
"0/1","11,19","30","99","514,0,326"
"0/1","9,19","30","99","515,0,258"
"0/1","6,15","21","26","525,0,26"
"0/1","14,15","29","99","506,0,465"
"0/1","9,10","19","99","346,0,305"
"0/1","18,13","31","99","419,0,563"
"0/1","10,8","18","99","267,0,353"
"0/1","18,24","42","99","785,0,571"
"0/1","4,7","11","99","252,0,126"
"0/1","6,11","17","99","380,0,186"
"0/1","10,16","26","99","513,0,323"
"0/1","21,21","42","99","707,0,688"
"0/1","16,15","31","99","501,0,549"
"0/1","16,15","31","99","496,0,541"
"0/1","19,15","34","99","484,0,644"
"0/1","15,15","30","99","480,0,448"
"0/1","16,11","27","99","364,0,486"
"0/1","11,7","18","99","234,0,358"
"0/1","13,11","24","99","331,0,455"
"0/1","8,15","23","99","522,0,227"
"0/1","10,15","25","99","500,0,291"
"0/1","38,16","55","99","334,0,418"
"0/1","12,4","16","99","115,0,374"
"0/1","14,20","34","99","684,0,454"
"0/1","11,9","20","99","259,0,340"
"0/1","21,12","33","99","360,0,717"
"0/1","15,14","29","99","441,0,490"
"0/1","8,13","21","99","409,0,250"
"0/1","13,9","22","99","264,0,452"
"0/1","10,21","31","99","733,0,280"
"0/1","14,8","22","99","247,0,434"
"0/1","21,22","43","99","647,0,697"
"0/1","21,22","43","99","687,0,689"
"0/1","22,25","47","99","812,0,574"
"0/1","21,13","34","99","369,0,613"
"0/0","10,0","10","12","0,12,157"
"0/0","12,0","12","18","0,18,229"
"0/1","13,24","37","99","836,0,403"
"0/1","10,13","23","99","421,0,327"
"0/1","10,14","24","99","494,0,297"
"0/1","9,11","20","99","368,0,300"
"0/1","13,11","24","99","296,0,420"
"0/1","8,14","22","99","498,0,249"
"0/1","11,17","28","99","563,0,329"
"0/1","18,12","30","99","392,0,555"
"0/1","11,11","22","99","281,0,360"
"0/1","19,13","32","99","414,0,665"
"0/1","12,16","28","99","560,0,398"
"0/1","17,14","31","99","397,0,561"
"0/1","17,23","40","99","720,0,562"
"0/1","14,10","24","99","332,0,447"
"0/1","15,9","24","99","294,0,487"
"0/1","11,11","22","99","356,0,367"
"0/1","16,7","23","99","177,0,537"
"1/1","0,14","14","39","526,39,0"
"0/1","21,7","28","99","193,0,746"
"0/1","20,16","36","99","460,0,671"
"0/1","13,12","25","99","407,0,418"
"0/1","15,10","25","99","319,0,450"
"0/1","14,15","29","99","491,0,458"
"0/1","20,19","39","99","628,0,638"
"0/1","13,12","26","99","214,0,303"
"0/1","8,7","15","99","236,0,274"
"0/1","9,7","16","99","208,0,268"
"0/1","9,10","19","99","316,0,235"
"0/1","13,6","19","99","195,0,422"
"0/1","7,9","16","99","285,0,206"
"0/1","13,14","27","99","450,0,373"
"0/1","8,8","16","99","203,0,278"
"0/1","11,9","20","99","302,0,394"
"0/1","13,8","21","99","261,0,464"
"0/1","12,10","22","99","336,0,425"
"0/1","13,9","22","99","297,0,463"
"0/1","9,11","20","99","322,0,271"
"0/1","14,9","23","99","292,0,484"
"0/1","10,11","21","99","371,0,331"
"0/1","19,11","30","99","315,0,646"
"0/1","18,11","29","99","325,0,613"
"0/1","8,4","12","99","129,0,293"
"0/1","5,9","14","99","287,0,156"
"0/1","5,9","14","99","288,0,166"
"0/1","8,5","13","99","168,0,290"
"0/1","7,7","14","99","247,0,235"
"0/1","11,13","24","99","425,0,382"
"0/1","13,8","21","99","267,0,441"
"0/1","8,17","25","99","495,0,263"
"0/1","13,18","31","99","560,0,413"
"0/1","6,14","20","99","504,0,177"
"0/1","3,14","17","65","435,0,65"
"0/1","8,13","21","99","450,0,253"
"0/1","11,19","30","99","609,0,367"
"0/1","9,11","20","99","390,0,307"
"0/1","11,7","18","99","220,0,388"
"0/1","13,6","19","99","191,0,423"
"0/1","4,7","11","99","237,0,117"
"0/1","4,10","14","99","361,0,121"
"0/1","10,4","14","99","120,0,365"
"0/1","11,7","18","99","219,0,361"
"0/1","12,9","21","99","299,0,406"
"0/1","9,15","24","99","540,0,248"
"0/1","7,15","22","99","547,0,185"
"0/1","8,9","17","99","316,0,275"
"0/1","10,12","22","99","383,0,343"
"0/1","10,10","20","99","307,0,336"
"0/1","16,8","24","99","187,0,518"
"0/1","13,4","17","99","120,0,394"
"0/1","14,16","30","99","487,0,414"
"0/1","9,11","20","99","387,0,260"
"0/1","19,14","33","99","366,0,613"
"0/1","11,16","27","99","544,0,320"
"0/1","11,10","21","99","349,0,387"
"0/1","17,11","28","99","359,0,570"
"0/1","16,10","27","99","314,0,566"
"0/1","15,6","21","99","188,0,407"
"0/1","12,10","22","99","341,0,412"
"0/1","28,12","40","99","353,0,944"
"0/1","12,12","24","99","408,0,377"
"0/1","13,8","21","99","265,0,398"
"0/1","13,4","17","99","112,0,432"
"0/1","15,20","35","99","697,0,473"
"0/1","10,16","26","99","543,0,266"
"0/1","11,18","29","99","569,0,291"
"0/1","22,14","36","99","431,0,704"
"0/1","12,16","28","99","500,0,362"
"0/1","10,22","32","99","782,0,314"
"0/1","13,14","27","99","455,0,416"
"0/1","16,16","32","99","512,0,489"
"0/1","12,11","23","99","367,0,414"
"0/1","8,11","19","99","374,0,262"
"0/1","8,8","16","99","277,0,242"
"0/1","24,24","48","99","755,0,793"
"0/1","28,21","49","99","676,0,944"
"0/1","19,14","33","99","396,0,617"
"0/1","8,7","15","99","201,0,290"
"0/1","16,5","21","99","145,0,531"
"0/1","9,18","27","99","598,0,291"
"0/1","11,15","26","99","524,0,374"
"0/1","17,12","29","99","365,0,512"
"0/1","22,10","33","99","281,0,791"
"0/1","14,13","27","99","373,0,421"
"0/1","8,12","20","99","420,0,222"
"0/1","6,14","20","99","494,0,175"
"0/1","14,9","23","99","291,0,473"
"0/1","10,15","25","99","470,0,327"
"0/1","4,10","14","99","368,0,113"
"0/1","5,11","16","99","351,0,154"
"0/1","11,14","25","99","455,0,370"
"0/1","7,12","19","99","427,0,222"
"0/1","12,14","26","99","489,0,406"
"0/1","10,19","29","99","682,0,317"
"0/1","17,13","30","99","439,0,586"
"0/1","16,14","30","99","445,0,567"
"0/1","12,11","23","99","341,0,375"
"0/1","6,11","17","99","387,0,194"
"0/1","6,12","18","99","436,0,189"
"0/1","5,12","17","99","389,0,157"
"0/1","7,12","19","99","412,0,227"
"0/1","11,12","23","99","365,0,378"
"0/1","15,8","23","99","255,0,498"
"0/1","18,11","29","99","320,0,639"
"0/1","20,18","38","99","557,0,615"
"0/1","9,8","17","99","269,0,277"
"0/1","13,18","31","99","606,0,400"
"0/1","17,13","30","99","397,0,602"
"0/1","11,17","28","99","570,0,351"
"0/1","14,6","20","99","181,0,498"
"0/1","8,9","17","99","273,0,269"
"0/1","11,11","22","99","360,0,373"
"0/1","16,8","24","99","227,0,509"
"0/1","10,12","22","99","418,0,331"
"0/1","15,8","23","99","250,0,519"
"0/1","6,14","20","99","492,0,123"
"0/1","17,11","28","99","330,0,615"
"0/1","16,14","30","99","473,0,558"
"0/1","17,8","25","99","253,0,537"
"0/1","16,10","26","99","326,0,498"
"0/1","11,16","27","99","498,0,341"
"0/1","8,6","14","99","193,0,272"
"0/1","12,9","21","99","299,0,362"
"0/1","15,18","33","99","571,0,492"
"0/1","9,20","29","99","684,0,255"
"0/1","12,12","24","99","391,0,414"
"0/1","13,12","29","99","314,0,358"
"0/0","17,0","17","51","0,51,648"
"1/1","1,31","32","53","1133,53,0"
"0/1","20,16","36","99","511,0,620"
"0/1","15,10","25","99","239,0,488"
"0/0","20,3","24","33","0,33,357"
"0/1","20,29","49","99","983,0,557"
"0/1","14,16","30","99","465,0,436"
"0/1","13,19","32","99","616,0,388"
"0/1","17,13","30","99","382,0,533"
"0/1","7,10","17","99","270,0,156"
"0/1","7,10","17","99","283,0,131"
"0/1","8,10","18","99","318,0,187"
"0/1","13,10","23","99","314,0,431"
"0/1","11,14","25","99","458,0,371"
"0/1","10,19","29","99","643,0,316"
"0/1","8,16","24","99","536,0,214"
"0/1","12,14","26","99","392,0,407"
"0/1","12,13","25","99","381,0,406"
"0/1","11,14","25","99","455,0,335"
"0/1","15,12","27","99","391,0,485"
"0/1","21,16","37","99","531,0,685"
"0/1","18,22","40","99","710,0,567"
"0/1","15,9","24","99","282,0,510"
"0/1","9,9","18","99","296,0,300"
"0/1","12,9","21","99","282,0,394"
"0/1","17,14","31","99","415,0,604"
"0/1","19,15","34","99","493,0,664"
"0/1","9,7","16","99","180,0,304"
"0/1","14,11","25","99","274,0,445"
"0/1","16,12","28","99","323,0,439"
"0/1","20,26","46","99","882,0,640"
"0/1","22,20","42","99","584,0,691"
"0/1","15,14","29","99","459,0,446"
"0/1","19,11","30","99","365,0,605"
"0/1","9,17","26","99","614,0,187"
"0/1","8,18","26","99","653,0,235"
"0/1","8,16","24","99","546,0,224"
"0/1","15,13","28","99","374,0,449"
"0/1","9,16","25","99","505,0,291"
"0/0","17,0","18","42","0,42,525"
"0/1","12,18","30","99","618,0,344"
"0/1","14,15","29","99","500,0,478"
"0/1","24,10","34","99","311,0,841"
"0/1","25,12","37","99","384,0,872"
"0/1","9,12","21","99","424,0,295"
"0/1","9,13","22","99","459,0,297"
"0/1","15,9","24","99","279,0,461"
"0/1","14,10","24","99","296,0,456"
"0/1","8,13","21","99","423,0,265"
"0/1","11,11","22","99","347,0,382"
"0/1","19,21","40","99","716,0,599"
"0/1","15,14","29","99","461,0,461"
"0/1","6,11","17","99","346,0,187"
"0/1","10,14","24","99","495,0,323"
"0/1","7,9","16","99","316,0,234"
"0/1","17,14","31","99","343,0,572"
"0/1","16,10","26","99","251,0,570"
"0/1","8,10","18","99","353,0,263"
"0/1","18,13","31","99","431,0,640"
"0/1","13,17","30","99","518,0,404"
"0/1","6,9","15","99","263,0,154"
"0/1","14,24","38","99","752,0,380"
"0/1","15,8","23","99","251,0,508"
"0/1","12,14","26","99","479,0,366"
"0/1","15,11","26","99","361,0,530"
"0/1","15,14","29","99","410,0,478"
"0/1","9,9","18","99","283,0,306"
"0/1","7,11","18","99","387,0,222"
"0/1","11,14","25","99","458,0,325"
"0/1","8,12","20","99","396,0,259"
"0/1","16,25","41","99","770,0,528"
"0/1","22,15","37","99","495,0,777"
"0/1","11,11","22","99","387,0,347"
"0/1","14,11","25","99","368,0,442"
"0/1","14,7","21","99","185,0,492"
"0/1","15,7","22","99","214,0,541"
"0/1","8,6","14","99","198,0,275"
"0/1","15,7","22","99","201,0,537"
"0/1","14,6","20","99","179,0,499"
"0/1","18,19","37","99","517,0,544"
"0/1","17,20","37","99","603,0,537"
"0/1","18,22","40","99","667,0,596"
"0/1","7,10","17","99","290,0,231"
"0/1","12,16","28","99","532,0,358"
"0/1","11,13","24","99","464,0,370"
"0/1","10,8","18","99","257,0,345"
"0/1","14,5","19","99","111,0,486"
"0/1","9,9","18","99","276,0,304"
"0/1","4,5","9","99","176,0,138"
"0/1","14,12","26","99","370,0,457"
"0/1","13,11","24","99","373,0,452"
"0/1","16,7","23","99","223,0,547"
"0/1","8,10","18","99","353,0,239"
"0/1","9,8","17","99","271,0,296"
"0/0","31,0","31","87","0,87,1104"
"0/1","11,13","24","99","404,0,344"
"0/1","13,10","23","99","338,0,428"
"0/1","11,14","25","99","455,0,340"
"0/1","20,12","32","99","386,0,707"
"0/1","13,13","26","99","405,0,439"
"0/1","9,9","18","99","294,0,315"
"0/1","10,10","20","99","260,0,350"
"0/1","9,8","17","99","242,0,246"
"0/1","10,10","20","99","289,0,344"
"0/1","14,22","36","99","669,0,387"
"0/1","12,22","34","99","791,0,280"
"0/1","14,17","31","99","562,0,431"
"0/1","11,11","22","99","349,0,352"
"0/1","16,14","30","99","482,0,567"
"0/1","21,15","36","99","457,0,716"
"0/1","12,15","27","99","503,0,396"
"0/1","15,12","27","99","367,0,484"
"0/1","17,11","28","99","336,0,553"
"0/1","11,10","21","99","299,0,386"
"0/1","18,14","32","99","404,0,549"
"0/1","11,11","22","99","344,0,346"
"0/1","9,11","20","99","386,0,309"
"0/1","8,20","28","99","684,0,236"
"0/1","14,14","28","99","413,0,489"
"0/1","10,14","24","99","460,0,312"
"0/0","10,0","10","27","0,27,337"
"0/1","23,5","28","85","85,0,516"
"0/1","21,17","38","99","548,0,682"
"0/0","16,0","16","30","0,30,370"
"0/1","22,14","36","99","425,0,688"
"0/0","19,3","22","45","0,45,560"
"0/1","18,17","36","99","503,0,501"
"0/1","15,16","31","99","546,0,511"
"0/1","14,14","28","99","482,0,470"
"0/1","9,10","19","99","304,0,300"
"0/1","5,8","13","99","209,0,164"
"0/0","5,0","5","9","0,9,116"
"0/1","19,20","39","99","619,0,587"
"0/1","20,16","38","94","521,0,94"
"0/1","9,10","19","99","315,0,313"
"0/1","6,3","9","98","98,0,173"
"0/1","6,9","15","99","320,0,160"
"0/1","11,8","19","99","275,0,397"
"0/1","7,10","17","99","325,0,237"
"0/1","15,9","24","99","301,0,498"
"0/1","15,7","22","99","218,0,513"
"0/1","14,16","30","99","471,0,448"
"0/1","10,11","21","99","374,0,341"
"0/1","13,13","26","99","420,0,453"
"0/1","14,10","24","99","298,0,499"
"0/1","5,5","10","99","155,0,167"
"0/1","5,8","13","99","250,0,169"
"0/1","12,7","19","99","228,0,361"
"0/1","13,12","25","99","344,0,390"
"0/1","5,8","13","99","287,0,138"
"0/1","11,8","19","99","270,0,386"
"0/1","11,13","24","99","419,0,385"
"0/1","16,11","27","99","327,0,499"
"0/1","13,14","27","99","345,0,405"
"0/1","13,3","16","71","71,0,392"
"0/1","12,4","16","71","71,0,387"
"0/1","20,15","35","99","332,0,542"
"0/1","11,12","23","99","402,0,337"
"0/1","5,11","16","99","373,0,149"
"0/1","12,15","27","99","525,0,347"
"0/1","10,8","18","99","273,0,351"
"0/1","21,21","42","99","690,0,738"
"0/1","8,13","21","99","477,0,228"
"0/1","7,13","20","99","399,0,229"
"0/1","9,8","17","99","268,0,313"
"0/1","14,11","25","99","322,0,289"
"0/1","10,9","19","99","304,0,335"
"0/1","6,4","10","99","129,0,200"
"0/1","12,13","25","99","377,0,417"
"0/1","9,10","19","99","319,0,301"
"0/1","7,8","15","99","272,0,235"
"0/1","11,8","19","99","221,0,349"
"0/1","11,9","20","99","306,0,349"
"0/1","12,11","23","99","352,0,319"
"0/1","9,8","17","99","242,0,250"
"0/1","13,15","28","99","413,0,434"
"0/1","11,9","20","99","294,0,372"
"0/1","10,14","24","99","479,0,318"
"0/1","27,9","37","99","240,0,139"
"0/1","11,12","23","99","386,0,336"
"0/1","17,14","31","99","466,0,540"
"0/1","14,8","22","99","266,0,456"
"0/1","13,9","22","99","300,0,417"
"0/1","10,9","19","99","267,0,318"
"0/1","7,15","22","99","469,0,229"
"1/1","1,37","38","74","1374,74,0"
"0/0","13,3","18","24","0,24,293"
"0/1","17,4","21","79","79,0,480"
"0/1","7,8","15","99","276,0,240"
"0/1","17,14","31","99","444,0,586"
"0/1","12,15","28","99","514,0,348"
"0/1","11,10","21","99","338,0,386"
"0/1","9,11","20","99","340,0,276"
"0/1","11,11","22","99","352,0,375"
"0/0","17,0","17","45","0,45,598"
"0/1","22,10","32","99","305,0,669"
"0/1","11,13","24","99","387,0,358"
"1/1","0,7","7","18","244,18,0"
"0/1","18,16","34","99","521,0,587"
"0/1","11,23","34","99","724,0,293"
"0/1","11,16","27","99","525,0,347"
"0/0","24,1","25","69","0,69,934"
"0/1","15,17","32","99","453,0,480"
"0/1","16,10","26","99","294,0,558"
"0/1","8,14","22","99","501,0,241"
"0/1","12,10","22","99","333,0,381"
"0/1","2,6","8","10","213,0,10"
"0/1","16,10","26","99","293,0,495"
"0/1","9,7","16","99","230,0,321"
"0/1","15,11","26","99","366,0,471"
"0/1","11,13","24","99","381,0,307"
"0/1","22,16","38","99","444,0,750"
"0/1","14,16","30","99","483,0,479"
"0/1","16,10","26","99","291,0,579"
"0/1","10,16","26","99","565,0,317"
"0/1","16,14","30","99","478,0,539"
"0/1","3,15","18","69","550,0,69"
"0/1","14,18","32","99","609,0,379"
"0/1","11,21","32","99","707,0,283"
"0/1","8,8","16","99","258,0,275"
"0/1","21,16","37","99","535,0,693"
"0/1","15,20","35","99","663,0,506"
"0/1","19,19","38","99","577,0,599"
"0/1","16,18","34","99","619,0,546"
"0/1","18,17","35","99","580,0,572"
"0/1","12,14","26","99","442,0,397"
"0/1","10,11","21","99","381,0,347"
"0/1","21,11","32","99","341,0,596"
"0/1","10,17","27","99","591,0,326"
"0/1","18,11","29","99","347,0,590"
"0/1","10,10","20","99","352,0,339"
"0/1","7,8","15","99","263,0,234"
"0/1","16,10","26","99","333,0,463"
"0/1","13,13","26","99","451,0,442"
"0/1","15,13","28","99","414,0,505"
"0/1","12,17","29","99","529,0,356"
"0/1","6,7","13","99","240,0,195"
"0/1","9,7","16","99","227,0,272"
"0/1","7,9","16","99","263,0,239"
"0/1","13,7","20","99","229,0,453"
"0/1","17,12","29","99","406,0,525"
"0/1","13,11","24","99","373,0,389"
"0/1","15,5","20","99","137,0,528"
"0/1","12,9","21","99","295,0,414"
"0/1","22,40","62","99","1333,0,671"
"0/1","34,6","40","99","114,0,1173"
"0/1","34,6","40","99","115,0,1221"
"0/1","18,13","31","99","373,0,616"
"0/1","16,11","27","99","360,0,536"
"0/1","14,14","28","99","383,0,455"
"0/1","22,9","31","99","277,0,699"
"0/1","10,13","23","99","372,0,341"
"0/1","9,12","21","99","356,0,309"
"0/1","13,6","19","99","182,0,429"
"0/1","15,6","21","99","170,0,508"
"0/1","12,15","27","99","517,0,364"
"0/1","9,4","13","99","120,0,331"
"0/1","9,16","25","99","540,0,295"
"0/1","10,12","22","99","407,0,335"
"0/1","9,10","19","99","338,0,303"
"0/1","13,5","18","99","144,0,467"
"0/1","12,20","32","99","570,0,323"
"0/1","16,15","31","99","426,0,511"
"0/1","16,13","29","99","436,0,475"
"0/1","20,13","33","99","350,0,589"
"0/1","15,11","26","99","338,0,361"
"0/1","13,4","17","45","45,0,368"
"0/1","13,3","16","3","3,0,419"
"0/1","8,7","15","99","223,0,241"
"0/1","11,6","17","99","194,0,396"
"0/1","10,8","18","99","268,0,269"
"0/1","21,15","36","99","383,0,682"
"0/1","14,17","31","99","588,0,422"
"0/1","13,23","36","99","731,0,395"
"0/1","17,19","36","99","635,0,431"
"0/1","10,7","17","99","231,0,336"
"0/1","8,2","10","55","55,0,263"
"0/1","5,6","12","99","207,0,169"
"0/1","13,13","26","99","384,0,325"
"0/1","6,8","14","99","282,0,198"
"0/1","13,9","22","99","300,0,429"
"0/1","5,6","11","99","199,0,169"
"0/1","11,5","16","99","155,0,364"
"0/1","10,17","27","99","569,0,317"
"0/1","9,7","16","99","200,0,325"
"0/1","16,17","33","99","565,0,547"
"0/1","10,13","23","99","362,0,323"
"0/1","19,16","35","99","534,0,645"
"0/1","17,13","30","99","406,0,474"
"0/1","21,9","30","99","225,0,755"
"0/1","15,15","30","99","524,0,425"
"0/1","16,13","29","99","385,0,550"
"0/1","16,16","33","99","446,0,458"
"0/1","13,17","31","99","419,0,448"
"0/1","16,24","40","99","665,0,441"
"0/1","14,24","38","99","673,0,405"
"0/1","19,22","41","99","686,0,593"
"0/1","16,25","41","99","814,0,405"
"0/1","24,17","41","99","499,0,717"
"0/1","18,21","39","99","624,0,507"
"0/1","18,21","39","99","643,0,458"
"0/1","18,22","40","99","690,0,589"
"0/1","15,20","35","99","563,0,459"
"0/1","15,17","32","99","560,0,511"
"0/1","19,10","29","99","303,0,566"
"0/1","17,20","37","99","692,0,580"
"0/1","11,22","33","99","733,0,322"
"0/1","11,21","33","99","593,0,300"
"0/1","17,19","36","99","598,0,532"
"0/1","23,17","40","99","534,0,762"
"0/1","19,17","36","99","568,0,650"
"0/1","25,12","37","99","359,0,835"
"0/1","21,22","43","99","698,0,606"
"0/1","9,13","22","99","427,0,272"
"0/1","9,14","23","99","464,0,267"
"0/1","9,14","23","99","480,0,277"
"0/1","10,14","24","99","477,0,325"
"0/1","5,20","25","92","216,0,92"
"0/1","24,9","33","99","244,0,654"
"0/1","14,15","29","99","491,0,452"
"0/1","11,18","29","99","632,0,347"
"0/1","8,6","14","99","124,0,286"
"0/1","18,6","24","99","154,0,579"
"1/1","0,5","8","12","165,12,0"
"0/0","13,1","16","9","0,9,100"
"0/1","16,20","36","99","534,0,455"
"0/0","14,0","14","36","0,36,447"
"0/1","14,13","27","99","368,0,378"
"0/1","16,24","40","99","612,0,490"
"0/1","10,10","20","99","225,0,231"
"0/1","10,13","23","99","382,0,328"
"0/1","12,19","31","99","637,0,384"
"0/0","29,0","29","87","0,87,1143"
"0/1","20,20","40","99","666,0,688"
"0/1","16,19","35","99","585,0,522"
"0/1","18,14","32","99","448,0,571"
"0/1","20,11","31","99","283,0,708"
"0/0","15,1","16","18","0,18,226"
"0/0","14,2","17","21","0,21,256"
"0/0","15,1","17","21","0,21,266"
"0/0","17,0","17","21","0,21,249"
"0/0","17,1","18","21","0,21,263"
"0/0","16,2","18","21","0,21,253"
"0/0","16,1","18","21","0,21,267"
"0/0","15,3","18","21","0,21,249"
"0/0","16,2","18","21","0,21,269"
"0/0","15,3","18","21","0,21,267"
"0/0","17,0","17","21","0,21,259"
"0/0","17,2","19","21","0,21,256"
"0/0","20,0","20","24","0,24,306"
"0/0","17,2","20","24","0,24,283"
"0/0","20,1","21","27","0,27,340"
"0/0","18,3","21","24","0,24,304"
"0/0","20,1","21","27","0,27,334"
"0/0","22,0","22","27","0,27,328"
"0/0","26,0","26","72","0,72,951"
"0/1","16,11","27","99","356,0,564"
"0/1","13,11","24","99","374,0,448"
"0/1","13,8","21","99","191,0,427"
"0/1","14,19","33","99","516,0,439"
"0/1","8,8","17","99","206,0,163"
"0/1","7,11","18","99","377,0,226"
"0/1","13,10","23","99","311,0,426"
"0/1","16,9","25","99","277,0,520"
"0/1","11,17","28","99","603,0,322"
"0/1","18,17","35","99","586,0,600"
"0/1","10,13","23","99","467,0,281"
"0/1","10,13","23","99","434,0,294"
"0/1","12,24","36","99","693,0,251"
"0/1","20,17","37","99","510,0,584"
"0/1","7,13","20","99","419,0,212"
"0/1","12,10","22","99","335,0,415"
"0/1","15,12","28","99","394,0,462"
"0/1","17,14","31","99","465,0,569"
"0/1","13,12","26","99","410,0,437"
"0/1","16,15","31","99","474,0,502"
"0/1","16,12","28","99","362,0,534"
"0/1","17,6","23","99","176,0,617"
"0/1","10,12","22","99","384,0,336"
"0/0","22,0","22","66","0,66,886"
"0/1","13,14","27","99","491,0,399"
"0/1","8,10","18","99","333,0,233"
"0/0","14,1","15","21","0,21,263"
"0/0","10,0","12","12","0,12,146"
"0/0","26,0","28","66","0,66,847"
"0/1","19,19","38","99","666,0,654"
"0/1","11,22","33","99","787,0,311"
"0/1","17,12","29","99","403,0,509"
"0/1","21,4","25","88","88,0,769"
"0/1","6,5","11","99","160,0,204"
"0/1","17,11","28","99","337,0,609"
"0/1","16,11","27","99","366,0,534"
"0/0","11,0","11","30","0,30,409"
"0/0","38,0","38","99","0,102,1362"
"0/1","19,19","38","99","555,0,619"
"0/1","21,14","35","99","431,0,702"
"0/1","7,14","21","99","500,0,217"
"0/1","2,13","15","28","448,0,28"
"0/1","17,16","33","99","515,0,591"
"0/1","15,16","31","99","542,0,390"
"0/1","14,23","37","99","775,0,450"
"0/1","20,14","34","99","456,0,685"
"0/1","10,11","22","99","373,0,320"
"0/1","12,11","23","99","374,0,367"
"0/1","17,17","34","99","550,0,527"
"0/1","16,21","37","99","654,0,378"
"0/1","18,12","30","99","385,0,589"
"0/1","11,17","28","99","477,0,345"
"0/1","6,18","24","99","496,0,171"
"0/1","15,10","25","99","272,0,456"
"0/1","10,10","20","99","347,0,309"
"0/1","9,8","17","99","251,0,316"
"0/1","10,15","25","99","525,0,328"
"0/1","6,15","21","99","496,0,177"
"0/1","14,13","27","99","409,0,485"
"0/1","5,11","16","99","357,0,146"
"0/1","18,15","33","99","491,0,564"
"0/1","6,16","22","99","585,0,179"
"0/1","17,8","25","99","234,0,614"
"0/1","10,10","20","99","339,0,346"
"0/1","11,8","19","99","270,0,377"
"0/1","9,7","16","99","242,0,279"
"0/1","12,6","18","99","191,0,395"
"0/1","7,7","14","99","243,0,235"
"0/1","11,3","14","83","83,0,376"
"0/1","8,10","18","99","350,0,275"
"0/1","9,7","16","99","200,0,315"
"0/1","11,8","20","99","267,0,359"
"0/1","15,8","23","99","223,0,524"
"0/1","11,4","15","99","105,0,396"
"0/1","6,6","12","99","168,0,157"
"0/1","9,8","17","99","229,0,316"
"0/1","14,11","25","99","295,0,500"
"0/1","9,6","15","99","187,0,309"
"0/1","8,9","17","99","277,0,279"
"0/1","14,14","28","99","438,0,495"
"0/1","21,13","34","99","425,0,686"
"0/1","7,8","15","99","270,0,201"
"0/1","11,13","24","99","408,0,387"
"0/1","10,5","15","99","151,0,248"
"0/1","9,11","21","99","325,0,262"
"0/1","13,6","19","99","138,0,441"
"0/1","16,4","20","57","57,0,587"
"0/1","8,18","26","99","644,0,246"
"0/1","10,11","21","99","386,0,338"
"0/1","5,9","14","99","291,0,163"
"0/1","9,9","18","99","313,0,313"
"0/1","12,5","17","99","148,0,430"
"0/1","11,5","16","99","157,0,398"
"0/1","6,9","15","99","312,0,188"
"0/1","18,14","32","99","437,0,595"
"0/1","19,9","28","99","270,0,622"
"0/1","9,7","16","99","235,0,288"
"0/1","11,18","29","99","500,0,305"
"0/1","11,18","29","99","547,0,321"
"0/1","12,11","24","99","257,0,323"
"0/1","14,10","24","99","327,0,476"
"0/1","15,19","34","99","628,0,469"
"0/1","10,10","20","99","295,0,336"
"1/1","3,1","4","3","40,3,0"
"0/1","10,19","29","99","525,0,332"
"0/1","8,12","21","99","422,0,222"
"0/0","30,0","30","81","0,81,1094"
"0/1","21,18","39","99","555,0,734"
"0/1","14,14","28","99","446,0,476"
"0/1","12,7","19","99","112,0,278"
"0/1","14,10","24","99","308,0,479"
"0/1","16,7","23","99","218,0,547"
"0/1","14,11","25","99","270,0,458"
"0/1","14,13","27","99","377,0,476"
"0/1","14,10","24","99","324,0,481"
"0/1","11,12","23","99","405,0,304"
"0/1","14,12","26","99","413,0,374"
"0/1","7,7","14","99","232,0,208"
"0/1","17,25","42","99","756,0,531"
"0/1","73,107,50","230","99","3260,0,1961,1925,696,4016"
"0/1","159,60","219","99","1258,0,4925"
"0/1","165,60","225","99","1303,0,5067"
"0/1","168,55","224","99","1178,0,5153"
"0/1","143,76","219","99","2067,0,4687"
"0/1","142,22","164","99","358,0,4618"
"0/0","17,0","17","45","0,45,575"
"0/1","11,9","20","99","309,0,319"
"0/1","7,17","24","99","601,0,203"
"0/1","22,12","34","99","269,0,727"
"0/1","10,21","31","99","645,0,317"
"0/0","11,0","11","30","0,30,374"
"0/1","23,18","41","99","510,0,716"
"0/1","16,8","24","99","258,0,527"
"0/1","15,9","24","99","293,0,496"
"0/1","40,9","50","99","107,0,757"
"0/1","18,12","30","99","315,0,552"
"0/1","24,13","37","99","377,0,780"
"0/1","7,6","13","99","189,0,233"
"0/1","11,12","23","99","354,0,365"
"0/1","17,10","27","99","304,0,558"
"0/1","16,12","28","99","368,0,520"
"0/1","10,11","21","99","345,0,305"
"0/1","11,15","26","99","512,0,360"
"0/1","15,14","29","99","414,0,429"
"0/1","12,4","16","99","115,0,400"
"0/1","12,4","16","99","112,0,444"
"0/1","14,11","25","99","353,0,451"
"0/1","15,13","28","99","406,0,485"
"0/1","11,13","24","99","439,0,364"
"0/1","9,9","18","99","308,0,260"
"0/1","9,11","22","99","245,0,175"
"0/1","16,10","26","99","319,0,550"
"0/1","15,6","21","99","143,0,506"
"0/1","11,12","23","99","421,0,373"
"0/1","15,8","23","99","187,0,453"
"0/1","11,9","20","99","260,0,387"
"0/1","10,9","19","99","310,0,306"
"0/0","34,2","38","42","0,42,485"
"0/0","35,1","37","14","0,14,436"
"0/0","33,0","34","42","0,42,429"
"0/0","30,0","30","78","0,78,968"
"0/1","16,12","28","99","334,0,528"
"0/1","11,9","20","99","309,0,384"
"0/1","17,14","31","99","437,0,531"
"0/1","16,14","30","99","465,0,549"
"0/1","13,16","29","99","443,0,392"
"0/1","10,16","26","99","511,0,230"
"0/1","26,8","34","99","209,0,755"
"0/1","20,7","27","99","162,0,529"
"0/1","20,6","27","99","162,0,558"
"0/1","10,12","23","99","359,0,281"
"0/0","21,1","22","57","0,57,674"
"0/1","23,21","44","99","660,0,746"
"0/1","13,10","23","99","338,0,457"
"0/1","12,7","19","99","230,0,424"
"0/0","25,0","25","75","0,75,1001"
"0/1","10,13","23","99","458,0,331"
"0/1","8,15","23","99","535,0,253"
"0/1","8,10","18","99","203,0,236"
"0/1","9,9","18","99","191,0,155"
"0/1","11,9","20","99","208,0,330"
"0/1","18,12","30","99","393,0,573"
"0/1","13,10","23","99","325,0,410"
"0/1","12,4","16","99","120,0,366"
"0/1","11,12","23","99","405,0,327"
"0/1","10,10","20","99","347,0,279"
"0/1","21,13","34","99","375,0,552"
"0/1","16,13","29","99","414,0,514"
"0/1","12,11","23","99","338,0,370"
"0/1","12,11","23","99","337,0,368"
"0/1","18,18","36","99","533,0,583"
"0/1","10,21","31","99","594,0,214"
"0/1","12,12","24","99","378,0,365"
"0/1","9,4","13","99","121,0,325"
"0/1","12,5","17","99","159,0,392"
"0/1","9,7","16","99","207,0,317"
"0/1","10,14","24","99","457,0,309"
"0/1","7,13","20","99","454,0,220"
"0/1","4,12","16","99","423,0,114"
"0/1","11,14","25","99","480,0,289"
"0/1","13,9","22","99","282,0,458"
"0/1","16,10","26","99","326,0,517"
"0/1","20,12","32","99","354,0,603"
"0/1","14,7","21","99","232,0,448"
"0/1","12,10","22","99","313,0,346"
"0/1","9,14","23","99","480,0,294"
"0/1","10,11","21","99","271,0,314"
"0/1","10,10","20","99","342,0,331"
"1/1","0,12","12","36","489,36,0"
"0/1","15,4","19","99","101,0,514"
"0/1","12,6","18","99","155,0,440"
"0/1","13,10","23","99","298,0,448"
"0/0","25,0","25","72","0,72,958"
"0/0","25,0","25","72","0,72,965"
"0/1","6,6","12","99","211,0,206"
"0/1","17,16","33","99","488,0,487"
"0/1","18,20","38","99","670,0,547"
"0/1","19,18","37","99","586,0,640"
"0/1","21,15","36","99","445,0,656"
"0/1","18,14","32","99","454,0,566"
"0/1","8,10","23","99","312,0,126"
"0/1","14,17","31","99","517,0,435"
"0/1","15,17","32","99","439,0,404"
"0/1","13,17","30","99","483,0,417"
"0/1","25,11","36","99","230,0,420"
"0/1","18,19","37","99","538,0,608"
"0/1","10,15","25","99","497,0,317"
"0/1","20,17","37","99","580,0,658"
"0/1","15,16","31","99","525,0,483"
"0/1","16,14","30","99","476,0,533"
"0/1","8,12","20","99","424,0,267"
"0/1","13,4","17","99","99,0,442"
"0/1","13,10","23","99","280,0,450"
"0/1","8,11","19","99","388,0,260"
"0/1","12,8","20","99","262,0,429"
"0/1","21,9","30","99","233,0,568"
"0/1","26,21","47","99","700,0,817"
"0/1","16,26","42","99","921,0,505"
"0/1","18,11","29","99","328,0,636"
"0/1","17,10","27","99","289,0,547"
"0/1","17,12","29","99","366,0,568"
"0/1","10,7","17","99","234,0,327"
"0/1","19,15","34","99","473,0,645"
"0/1","8,13","21","99","456,0,256"
"0/1","10,14","24","99","500,0,317"
"0/1","17,14","31","99","445,0,551"
"0/1","4,14","18","99","460,0,108"
"0/1","11,8","19","99","263,0,375"
"0/1","12,10","22","99","343,0,372"
"0/1","21,12","33","99","389,0,655"
"0/1","14,8","23","99","264,0,463"
"0/1","16,22","38","99","695,0,521"
"0/1","14,18","34","99","504,0,411"
"0/1","20,22","42","99","718,0,657"
"0/1","11,17","28","99","540,0,356"
"0/1","8,12","20","99","418,0,245"
"0/1","11,11","22","99","380,0,346"
"0/1","12,4","16","99","117,0,352"
"0/1","24,11","35","99","342,0,790"
"0/1","12,10","22","99","294,0,363"
"0/1","13,10","23","99","288,0,352"
"0/1","10,8","18","99","219,0,347"
"0/1","14,12","26","99","363,0,443"
"0/1","13,18","31","99","541,0,439"
"0/1","9,19","28","99","633,0,288"
"0/1","11,16","27","99","485,0,337"
"0/1","11,12","23","99","420,0,383"
"0/1","14,12","26","99","378,0,458"
"0/1","10,16","26","99","581,0,323"
"0/1","13,14","27","99","488,0,351"
"0/1","10,10","20","99","346,0,308"
"0/1","11,9","20","99","302,0,355"
"0/1","13,17","30","99","603,0,288"
"0/0","8,0","8","15","0,15,158"
"0/0","9,0","10","15","0,15,169"
"0/1","5,15","20","99","541,0,137"
"0/1","17,8","25","99","235,0,527"
"0/1","16,10","26","99","290,0,492"
"0/0","15,0","15","45","0,45,578"
"0/1","14,16","30","99","546,0,403"
"0/1","8,11","19","99","377,0,257"
"0/1","12,10","22","99","339,0,389"
"0/1","6,13","19","99","475,0,187"
"0/1","8,3","11","90","90,0,260"
"0/1","8,4","12","99","130,0,257"
"0/1","14,8","22","99","262,0,442"
"0/1","6,15","21","99","468,0,186"
"0/1","14,23","37","99","749,0,461"
"1/1","3,36","39","60","1277,60,0"
"1/1","0,26","26","69","932,69,0"
"0/1","13,13","26","99","411,0,417"
"0/1","8,13","21","99","464,0,186"
"0/1","10,8","18","99","260,0,352"
"0/1","7,16","23","99","481,0,153"
"0/1","8,13","21","99","324,0,274"
"0/1","6,10","16","99","350,0,165"
"0/1","5,13","18","74","404,0,74"
"0/1","17,22","39","99","657,0,498"
"0/1","6,3","12","87","87,0,192"
"0/1","5,4","12","99","106,0,157"
"0/1","4,6","13","99","182,0,107"
"0/0","34,1","35","56","0,56,1207"
"0/1","16,16","32","99","495,0,465"
"0/1","12,14","26","99","489,0,362"
"0/1","34,10","44","99","149,0,741"
"0/1","32,14","46","99","366,0,738"
"0/1","15,16","31","99","435,0,421"
"0/1","14,14","28","99","381,0,395"
"0/0","18,0","18","27","0,27,341"
"0/0","4,0","6","6","0,6,77"
"0/0","5,0","7","9","0,9,111"
"0/1","36,6","43","17","17,0,590"
"0/1","22,5","27","40","40,0,623"
"0/1","32,13","45","99","213,0,960"
"0/1","33,12","45","99","176,0,1107"
"0/1","10,15","25","99","433,0,280"
"0/1","21,13","34","99","416,0,730"
"0/1","12,17","29","99","558,0,394"
"0/1","13,17","30","99","520,0,360"
"0/1","34,6","40","89","89,0,1056"
"0/1","30,6","36","99","128,0,966"
"0/1","13,11","24","99","318,0,378"
"0/1","15,16","31","99","449,0,403"
"0/1","21,19","40","99","608,0,705"
"0/1","15,22","37","99","699,0,413"
"0/1","9,16","25","99","434,0,281"
"0/1","13,14","27","99","481,0,406"
"0/0","4,0","4","9","0,9,109"
"0/1","15,23","38","99","786,0,498"
"0/1","9,17","26","99","530,0,243"
"0/1","7,5","12","41","41,0,111"
"0/1","11,13","25","99","400,0,362"
"0/1","16,19","35","99","623,0,447"
"0/1","24,3","27","56","56,0,227"
"0/0","31,0","31","63","0,63,808"
"0/1","23,14","37","99","441,0,782"
"0/1","12,17","29","99","570,0,399"
"0/1","9,18","27","99","599,0,267"
"0/1","16,13","29","99","390,0,396"
"0/1","15,16","31","99","527,0,417"
"0/0","30,0","31","72","0,72,910"
"0/1","7,17","24","99","402,0,214"
"0/1","17,18","35","99","580,0,502"
"0/1","45,7","52","69","69,0,1464"
"0/1","14,11","25","99","291,0,404"
"0/1","10,22","32","99","690,0,265"
"0/1","19,15","34","99","494,0,614"
"0/1","10,10","20","99","343,0,349"
"0/1","16,16","32","99","532,0,531"
"0/1","14,10","24","99","335,0,439"
"0/1","15,16","31","99","545,0,499"
"0/1","16,21","37","99","584,0,461"
"0/1","10,7","17","99","218,0,358"
"0/0","21,0","21","63","0,63,852"
"0/1","16,12","28","99","295,0,535"
"1/1","9,15","24","7","501,7,0"
"0/0","38,0","38","63","0,63,813"
"0/1","11,23","35","99","614,0,178"
"0/1","9,9","18","99","220,0,206"
"0/1","13,9","22","99","296,0,458"
"0/1","11,8","19","99","236,0,331"
"0/0","25,0","25","66","0,66,879"
"0/0","14,0","15","39","0,39,516"
"0/1","8,9","17","99","300,0,221"
"0/1","22,14","36","99","336,0,557"
"0/1","18,16","34","99","485,0,368"
"0/1","21,11","32","99","248,0,627"
"0/1","24,13","37","99","242,0,779"
"1/1","0,34","34","90","1122,90,0"
"0/1","19,10","29","99","204,0,619"
"0/1","28,7","36","99","125,0,804"
"0/1","20,11","31","99","183,0,619"
"0/1","16,17","33","99","338,0,456"
"0/1","24,10","34","99","265,0,629"
"0/1","12,17","29","99","585,0,211"
"0/1","21,12","33","99","288,0,663"
"0/1","11,16","27","99","486,0,361"
"0/1","9,18","27","99","557,0,285"
"0/1","13,20","33","99","632,0,420"
"0/1","7,7","14","99","197,0,218"
"0/1","13,19","32","99","565,0,403"
"0/1","20,12","32","99","380,0,579"
"0/1","14,10","24","99","315,0,472"
"0/1","14,8","22","99","251,0,466"
"0/1","19,12","31","99","347,0,616"
"0/1","7,12","19","99","439,0,232"
"0/1","7,12","19","99","426,0,230"
"0/1","11,8","19","99","235,0,385"
"0/1","11,18","29","99","593,0,285"
"0/1","18,14","32","99","469,0,623"
"0/1","13,13","26","99","446,0,449"
"0/0","34,0","34","93","0,93,1205"
"0/1","16,9","25","99","291,0,537"
"0/1","16,13","29","99","399,0,472"
"0/1","13,11","24","99","346,0,431"
"0/1","5,8","13","99","284,0,163"
"0/1","10,9","19","99","316,0,272"
"0/1","6,8","14","99","247,0,172"
"0/1","12,5","17","99","154,0,438"
"0/1","7,14","21","99","510,0,220"
"1/1","0,14","14","42","571,42,0"
"0/1","6,12","18","99","422,0,193"
"0/1","9,15","24","99","503,0,264"
"0/1","14,4","18","99","114,0,481"
"0/1","22,13","35","99","359,0,665"
"0/1","17,17","34","99","506,0,517"
"0/1","13,13","26","99","419,0,409"
"0/1","12,9","21","99","215,0,257"
"0/1","14,18","32","99","619,0,460"
"0/1","7,11","18","99","398,0,185"
"0/1","7,8","15","99","235,0,189"
"0/1","13,24","37","99","658,0,381"
"0/1","19,12","31","99","395,0,583"
"0/1","16,25","41","99","837,0,485"
"0/1","12,9","21","99","265,0,379"
"0/1","16,7","23","99","179,0,579"
"0/1","20,11","31","99","349,0,675"
"0/1","4,16","20","99","574,0,103"
"0/1","25,18","43","99","577,0,839"
"0/0","16,3","19","33","0,33,401"
"0/0","16,2","19","36","0,36,482"
"0/1","7,12","19","99","399,0,231"
"0/1","11,6","17","99","194,0,393"
"0/1","16,11","27","99","370,0,477"
"0/1","13,20","33","99","642,0,399"
"0/1","10,12","22","99","403,0,289"
"0/1","13,10","23","99","301,0,427"
"0/1","10,8","18","99","236,0,363"
"0/1","4,7","11","99","252,0,124"
"0/1","18,5","23","97","97,0,660"
"0/1","9,10","19","99","332,0,302"
"0/1","8,12","20","99","390,0,256"
"0/1","8,6","14","99","204,0,282"
"0/1","7,9","16","99","241,0,208"
"0/1","14,22","36","99","670,0,340"
"0/1","15,13","28","99","362,0,365"
"0/1","14,18","32","99","547,0,383"
"0/1","12,13","25","99","392,0,357"
"0/1","31,18","49","99","358,0,823"
"0/0","20,0","20","48","0,48,610"
"0/0","4,0","4","12","0,12,157"
"0/1","8,13","21","99","418,0,224"
"0/1","6,14","20","99","485,0,171"
"0/1","13,18","31","99","626,0,426"
"0/1","16,16","32","99","432,0,494"
"0/1","9,8","17","99","279,0,245"
"0/1","10,12","22","99","343,0,315"
"0/1","9,15","24","99","538,0,258"
"0/1","13,5","18","99","148,0,477"
"0/1","13,16","29","99","494,0,440"
"1/1","0,15","15","42","571,42,0"
"0/1","15,8","23","99","269,0,435"
"0/1","11,8","19","99","270,0,380"
"0/1","6,8","14","99","287,0,197"
"0/1","18,13","31","99","422,0,581"
"0/1","13,12","25","99","372,0,460"
"0/1","6,13","19","99","342,0,121"
"0/1","10,16","26","99","381,0,328"
"0/1","7,12","19","99","352,0,181"
"0/1","8,11","19","99","361,0,233"
"0/1","5,10","15","99","330,0,124"
"0/1","7,15","22","99","500,0,224"
"0/1","15,11","26","99","364,0,522"
"0/1","12,7","19","99","222,0,412"
"0/1","6,11","17","99","396,0,198"
"0/0","24,0","24","72","0,72,951"
"0/1","11,19","30","99","648,0,339"
"1/1","0,22","22","66","890,66,0"
"0/1","8,10","18","99","318,0,278"
"0/1","15,8","23","99","248,0,462"
"0/1","13,13","26","99","320,0,407"
"0/1","11,22","33","99","692,0,349"
"0/1","11,14","25","99","464,0,374"
"0/1","3,16","19","77","454,0,77"
"0/1","7,5","12","99","167,0,251"
"0/1","12,8","20","99","265,0,396"
"0/1","10,9","19","99","297,0,350"
"0/1","14,15","29","99","481,0,357"
"0/1","20,4","24","90","90,0,741"
"0/1","12,12","24","99","406,0,378"
"0/1","11,5","16","99","151,0,306"
"0/1","8,21","29","99","567,0,150"
"0/1","11,17","28","99","495,0,373"
"0/1","16,9","25","99","289,0,556"
"0/1","18,3","22","60","60,0,552"
"0/0","25,0","25","60","0,60,791"
"0/0","35,0","35","96","0,96,1266"
"0/1","12,9","21","99","306,0,376"
"0/1","18,14","32","99","440,0,571"
"0/1","24,18","42","99","551,0,812"
"0/0","32,0","32","96","0,96,1233"
"0/1","3,10","13","62","62,0,96"
"0/1","3,7","10","99","101,0,99"
"0/1","4,5","9","80","80,0,93"
"0/1","10,6","16","99","194,0,352"
"0/1","5,12","17","99","398,0,157"
"0/1","11,13","24","99","446,0,374"
"1/1","0,17","17","33","428,33,0"
"0/1","10,5","15","69","102,0,69"
"0/1","8,19","27","99","643,0,245"
"0/1","17,10","27","99","329,0,532"
"0/1","16,9","25","99","207,0,552"
"0/1","11,9","20","99","307,0,375"
"0/0","16,0","16","45","0,45,587"
"0/1","20,21","41","99","724,0,569"
"0/1","20,14","34","99","414,0,641"
"0/1","12,12","24","99","415,0,421"
"0/1","9,12","21","99","386,0,270"
"0/1","12,11","23","99","384,0,366"
"0/1","7,10","17","99","313,0,241"
"0/1","10,10","20","99","327,0,313"
"0/1","10,8","18","99","273,0,352"
"0/1","11,9","20","99","263,0,353"
"1/1","0,25","25","75","1015,75,0"
"0/1","18,8","26","99","211,0,622"
"0/1","14,15","29","99","470,0,488"
"0/0","18,0","18","54","0,54,727"
"0/1","29,24","53","99","750,0,978"
"0/1","14,6","20","99","185,0,494"
"0/1","18,15","33","99","427,0,625"
"0/1","4,13","17","99","472,0,106"
"0/1","18,14","32","99","448,0,499"
"0/1","17,18","35","99","593,0,534"
"0/0","33,0","33","96","0,96,1243"
"0/1","17,18","35","99","574,0,522"
"0/1","19,19","38","99","596,0,568"
"0/1","19,16","35","99","530,0,616"
"0/1","16,15","31","99","410,0,429"
"0/1","18,17","35","99","440,0,588"
"0/0","6,0","8","15","0,15,193"
"0/1","21,17","38","99","496,0,671"
"0/1","10,10","20","99","346,0,346"
"0/1","9,13","22","99","433,0,304"
"0/1","15,11","26","99","332,0,498"
"0/1","12,16","28","99","528,0,403"
"0/1","10,14","24","99","484,0,315"
"0/1","22,4","26","99","109,0,464"
"0/1","12,11","23","99","369,0,411"
"0/1","16,14","30","99","446,0,522"
"0/1","14,8","22","99","224,0,466"
"0/1","10,13","23","99","448,0,322"
"0/1","12,14","26","99","492,0,378"
"0/1","19,23","42","99","799,0,638"
"0/1","12,12","24","99","412,0,378"
"0/1","14,6","20","99","185,0,511"
"0/1","15,15","30","99","485,0,525"
"0/1","10,15","25","99","501,0,248"
"0/1","20,19","39","99","611,0,605"
"0/1","17,13","30","99","404,0,465"
"0/1","21,18","39","99","550,0,653"
"0/1","12,5","17","99","154,0,409"
"0/1","12,6","18","99","191,0,406"
"0/1","10,6","16","99","194,0,354"
"0/1","11,12","23","99","418,0,381"
"0/1","11,10","21","99","309,0,334"
"0/1","17,12","29","99","360,0,602"
"0/1","15,12","27","99","398,0,529"
"0/1","7,13","20","99","475,0,191"
"0/1","5,7","12","99","241,0,166"
"0/1","5,11","16","99","392,0,155"
"0/1","12,12","24","99","383,0,406"
"0/1","14,9","23","99","290,0,502"
"0/1","13,11","24","99","378,0,412"
"0/1","12,7","19","99","222,0,425"
"0/1","19,19","38","99","569,0,565"
"0/1","21,15","37","99","475,0,640"
"0/1","18,14","32","99","464,0,600"
"0/1","8,6","14","99","191,0,280"
"0/1","14,10","24","99","301,0,436"
"0/1","10,11","21","99","369,0,343"
"0/1","11,11","22","99","371,0,380"
"0/1","10,12","22","99","410,0,336"
"0/1","12,16","28","99","475,0,383"
"0/1","18,16","34","99","512,0,577"
"0/1","16,9","25","99","210,0,465"
"0/1","9,19","28","99","640,0,242"
"0/1","10,17","27","99","587,0,323"
"0/1","15,14","29","99","457,0,428"
"0/1","19,19","38","99","626,0,579"
"0/1","23,14","37","99","421,0,634"
"0/1","19,20","39","99","661,0,524"
"0/1","22,18","40","99","567,0,740"
"0/1","19,17","36","99","544,0,654"
"0/1","21,16","37","99","488,0,730"
"0/1","11,12","23","99","418,0,375"
"0/1","15,14","29","99","485,0,461"
"0/1","20,16","36","99","515,0,693"
"0/1","15,14","29","99","438,0,478"
"0/1","5,2","7","64","64,0,147"
"0/1","8,12","21","99","350,0,265"
"0/1","17,6","26","99","183,0,519"
"0/1","11,15","26","99","512,0,368"
"0/1","9,9","18","99","284,0,282"
"0/1","9,10","19","99","321,0,271"
"0/1","11,10","21","99","347,0,350"
"0/1","11,11","22","99","359,0,352"
"0/1","12,13","25","99","391,0,347"
"0/1","15,14","29","99","384,0,457"
"0/1","11,15","26","99","491,0,341"
"0/1","10,15","26","99","489,0,306"
"0/1","12,20","32","99","697,0,377"
"0/1","19,12","31","99","391,0,673"
"0/1","21,13","34","99","423,0,683"
"0/1","22,15","37","99","480,0,709"
"0/1","21,14","35","99","340,0,697"
"0/1","15,19","34","99","646,0,482"
"0/1","15,19","34","99","573,0,468"
"0/1","17,18","35","99","564,0,503"
"0/1","18,10","28","99","329,0,575"
"0/1","15,8","23","99","254,0,520"
"0/1","15,8","23","99","256,0,514"
"0/1","18,16","34","99","464,0,559"
"0/1","21,16","37","99","473,0,676"
"0/1","18,15","33","99","436,0,622"
"0/1","16,7","23","99","218,0,581"
"0/1","10,10","20","99","312,0,342"
"0/1","14,14","28","99","375,0,442"
"0/1","11,13","24","99","424,0,337"
"0/1","6,7","13","99","212,0,164"
"0/1","9,7","16","99","197,0,290"
"0/1","13,12","25","99","379,0,452"
"0/1","7,11","18","99","357,0,223"
"0/1","4,11","15","99","330,0,121"
"0/1","7,17","24","99","519,0,211"
"0/1","17,9","26","99","254,0,618"
"0/1","6,21","27","99","708,0,165"
"0/1","5,19","24","99","663,0,136"
"0/1","10,11","21","99","352,0,310"
"0/1","17,8","26","99","255,0,579"
"0/1","12,8","20","99","225,0,434"
"0/1","8,13","21","99","428,0,248"
"0/1","13,19","32","99","625,0,382"
"0/1","19,18","37","99","568,0,589"
"0/1","8,13","21","99","440,0,185"
"0/1","9,15","25","99","464,0,244"
"0/1","14,18","32","99","546,0,454"
"0/1","14,14","28","99","492,0,374"
"0/1","14,14","28","99","393,0,478"
"0/1","10,13","23","99","377,0,302"
"0/1","13,18","31","99","579,0,426"
"0/1","9,15","24","99","521,0,276"
"0/1","11,16","27","99","472,0,341"
"0/1","20,13","33","99","400,0,619"
"0/1","17,12","29","99","331,0,513"
"0/1","19,16","35","99","531,0,660"
"0/1","13,19","32","99","615,0,421"
"0/1","13,15","28","99","515,0,430"
"0/1","11,15","26","99","531,0,360"
"0/1","6,16","22","99","547,0,180"
"0/1","14,16","30","99","402,0,434"
"0/1","24,11","35","99","278,0,690"
"0/1","30,18","48","99","446,0,724"
"0/1","9,11","20","99","396,0,238"
"0/1","8,11","19","99","392,0,252"
"0/1","9,11","20","99","383,0,299"
"0/1","15,10","25","99","325,0,487"
"0/1","10,13","23","99","452,0,334"
"0/1","13,13","26","99","400,0,418"
"0/1","13,11","24","99","288,0,460"
"0/1","11,15","26","99","531,0,378"
"0/1","8,10","18","99","358,0,241"
"0/0","27,1","28","41","0,41,955"
"0/1","11,13","25","99","403,0,378"
"0/1","20,20","40","99","630,0,682"
"0/1","21,21","42","99","633,0,713"
"0/1","11,8","19","99","233,0,395"
"0/1","8,4","12","99","127,0,290"
"0/0","16,0","16","45","0,45,614"
"0/1","3,13","16","65","473,0,65"
"0/1","11,7","18","99","221,0,362"
"0/1","15,7","22","99","224,0,510"
"0/1","12,4","16","99","114,0,429"
"0/1","14,13","27","99","426,0,490"
"0/1","9,15","24","99","520,0,294"
"0/1","10,3","13","89","89,0,287"
"0/1","12,17","29","99","565,0,410"
"0/1","8,10","18","99","358,0,221"
"0/1","12,14","26","99","488,0,414"
"0/1","13,25","38","99","845,0,410"
"0/1","16,14","30","99","474,0,561"
"0/1","17,19","36","99","534,0,434"
"0/1","11,20","31","99","602,0,276"
"0/1","12,19","31","99","585,0,304"
"0/1","14,24","38","99","760,0,403"
"0/1","12,18","30","99","601,0,368"
"0/1","22,15","37","99","441,0,714"
"0/1","19,16","35","99","525,0,598"
"0/1","18,11","29","99","348,0,557"
"0/1","13,10","23","99","338,0,413"
"0/1","12,12","24","99","323,0,409"
"0/1","14,9","23","99","191,0,495"
"0/1","10,11","21","99","366,0,335"
"0/1","13,7","20","99","203,0,378"
"0/1","9,7","16","99","198,0,317"
"0/1","15,11","26","99","356,0,536"
"0/1","9,7","16","99","233,0,272"
"0/1","9,12","21","99","406,0,261"
"0/1","4,8","12","99","249,0,126"
"0/1","8,10","18","99","327,0,216"
"0/1","17,16","33","99","488,0,562"
"0/1","20,15","35","99","415,0,660"
"0/1","20,18","38","99","571,0,655"
"0/1","20,11","31","99","329,0,721"
"0/1","14,7","21","99","209,0,508"
"0/1","21,12","33","99","352,0,727"
"0/1","21,22","43","99","709,0,618"
"0/1","23,21","44","99","665,0,704"
"0/1","19,14","33","99","456,0,601"
"0/1","20,16","36","99","517,0,649"
"0/1","17,16","33","99","514,0,567"
"0/1","21,19","40","99","645,0,674"
"0/1","22,15","37","99","490,0,745"
"0/1","25,16","41","99","504,0,852"
"0/1","25,12","37","99","343,0,837"
"0/1","27,25","52","99","800,0,926"
"0/1","23,16","39","99","491,0,744"
"0/1","22,10","32","99","241,0,630"
"0/1","17,8","25","99","258,0,524"
"0/1","9,11","20","99","332,0,310"
"0/1","12,6","18","99","152,0,391"
"0/1","13,12","25","99","412,0,356"
"0/1","6,14","20","99","477,0,192"
"0/1","6,10","16","99","364,0,194"
"0/1","4,11","15","99","378,0,120"
"0/1","4,11","15","99","411,0,114"
"0/1","13,14","27","99","368,0,437"
"0/1","8,7","16","99","199,0,278"
"0/1","11,14","25","99","416,0,357"
"0/1","13,14","27","99","441,0,404"
"0/1","19,17","36","99","543,0,656"
"0/1","19,19","38","99","568,0,635"
"0/1","20,15","35","99","466,0,664"
"0/1","20,16","36","99","503,0,651"
"0/1","14,9","23","99","300,0,464"
"0/1","6,8","14","99","243,0,198"
"0/1","9,13","22","99","381,0,306"
"0/1","8,13","21","99","423,0,270"
"0/1","7,3","10","92","92,0,225"
"0/1","8,7","15","99","240,0,282"
"0/1","10,6","16","99","183,0,358"
"0/1","10,9","19","99","301,0,310"
"0/1","11,6","17","99","192,0,384"
"0/1","10,6","16","99","195,0,344"
"0/1","14,14","28","99","443,0,443"
"0/1","13,15","28","99","484,0,435"
"0/1","10,12","25","99","414,0,304"
"0/1","13,12","25","99","373,0,383"
"0/1","15,7","22","99","213,0,511"
"0/1","14,11","26","99","358,0,451"
"0/1","16,9","25","99","242,0,505"
"0/1","9,13","22","99","421,0,289"
"0/1","13,18","31","99","602,0,356"
"0/1","13,18","31","99","625,0,385"
"0/1","11,19","30","99","600,0,323"
"0/1","11,20","31","99","626,0,314"
"0/1","11,16","27","99","460,0,349"
"0/1","18,25","43","99","767,0,597"
"0/1","17,23","40","99","733,0,572"
"0/1","19,24","43","99","731,0,632"
"0/1","17,25","42","99","834,0,527"
"0/1","19,20","39","99","622,0,635"
"0/1","18,20","38","99","689,0,567"
"0/1","16,16","32","99","531,0,521"
"0/1","18,13","31","99","426,0,589"
"0/1","15,14","29","99","479,0,462"
"0/1","11,12","23","99","417,0,331"
"0/1","12,15","27","99","491,0,357"
"0/1","13,16","29","99","538,0,397"
"0/1","10,13","23","99","460,0,292"
"0/1","13,12","25","99","412,0,365"
"0/1","16,12","28","99","368,0,524"
"0/1","13,21","34","99","666,0,431"
"0/1","9,7","16","99","230,0,287"
"0/1","9,7","16","99","237,0,315"
"0/1","11,13","24","99","445,0,340"
"0/1","11,12","23","99","376,0,383"
"0/1","12,9","21","99","295,0,430"
"0/1","11,11","22","99","371,0,386"
"0/1","8,3","11","84","84,0,290"
"0/1","9,9","18","99","305,0,309"
"0/1","9,9","18","99","316,0,311"
"0/1","7,8","15","99","273,0,235"
"0/1","9,10","19","99","337,0,287"
"0/1","14,16","30","99","559,0,462"
"0/1","17,20","37","99","700,0,567"
"0/1","10,11","21","99","347,0,347"
"0/1","11,5","16","99","158,0,362"
"0/1","10,8","18","99","275,0,341"
"0/1","9,7","16","99","208,0,306"
"0/1","10,11","21","99","383,0,346"
"0/1","8,7","15","99","238,0,277"
"0/1","8,18","26","99","581,0,257"
"0/1","12,9","21","99","265,0,392"
"0/1","12,6","18","99","190,0,424"
"0/1","11,8","19","99","270,0,352"
"0/1","15,13","28","99","425,0,505"
"0/1","17,19","36","99","527,0,519"
"0/1","4,8","12","99","245,0,118"
"0/1","5,7","12","99","235,0,132"
"0/1","5,5","10","99","167,0,135"
"0/1","5,6","11","99","203,0,157"
"0/1","7,9","16","99","300,0,234"
"0/1","15,7","22","99","166,0,531"
"0/1","15,7","22","99","166,0,532"
"0/1","17,14","31","99","381,0,463"
"0/1","16,13","29","99","401,0,483"
"0/1","23,16","39","99","420,0,703"
"0/1","12,10","22","99","301,0,377"
"0/1","12,12","24","99","314,0,378"
"0/1","12,10","22","99","311,0,361"
"0/1","14,9","23","99","286,0,395"
"0/1","16,15","31","99","329,0,525"
"0/1","15,15","30","99","438,0,454"
"0/1","14,13","27","99","392,0,455"
"0/1","12,13","25","99","359,0,417"
"0/1","12,11","23","99","295,0,385"
"0/1","12,10","22","99","295,0,374"
"0/1","14,14","28","99","382,0,434"
"0/1","13,12","25","99","359,0,401"
"0/1","10,11","21","99","331,0,319"
"0/1","7,20","27","99","680,0,196"
"0/1","21,21","42","99","621,0,683"
"0/1","21,22","43","99","643,0,714"
"0/1","14,14","28","99","482,0,471"
"0/1","20,10","30","99","314,0,666"
"0/1","14,13","27","99","432,0,450"
"0/1","13,19","32","99","642,0,381"
"0/1","13,17","30","99","517,0,421"
"0/1","19,9","28","99","264,0,645"
"0/1","14,15","29","99","472,0,471"
"0/1","18,17","35","99","505,0,571"
"0/1","21,10","31","99","204,0,669"
"0/1","16,9","25","99","235,0,526"
"0/1","10,15","27","99","465,0,160"
"0/1","16,17","33","99","551,0,328"
"0/1","21,18","39","99","608,0,665"
"0/1","15,20","35","99","543,0,420"
"0/1","15,18","33","99","587,0,458"
"0/1","13,13","26","99","434,0,442"
"0/1","13,13","26","99","425,0,424"
"0/1","16,7","23","99","190,0,541"
"0/1","13,6","19","99","154,0,440"
"0/1","11,8","19","99","270,0,356"
"0/1","5,6","11","99","209,0,167"
"0/1","6,5","11","99","152,0,210"
"0/1","9,2","11","49","49,0,334"
"0/1","9,10","19","99","344,0,301"
"0/1","5,19","24","99","642,0,126"
"0/1","9,6","15","99","199,0,313"
"0/1","9,6","15","99","198,0,312"
"0/1","10,9","19","99","288,0,271"
"0/1","12,9","21","99","288,0,345"
"0/1","13,12","25","99","351,0,409"
"0/1","6,11","17","99","398,0,189"
"0/1","14,8","22","99","266,0,510"
"0/1","13,9","22","99","304,0,402"
"0/1","15,12","27","99","406,0,526"
"0/1","19,10","29","99","288,0,668"
"0/1","20,16","36","99","512,0,685"
"0/1","13,18","31","99","605,0,397"
"0/1","13,19","32","99","666,0,389"
"0/1","18,16","34","99","505,0,546"
"0/1","9,16","25","99","563,0,245"
"0/1","13,17","30","99","589,0,414"
"0/1","18,12","30","99","403,0,517"
"0/1","13,10","23","99","340,0,420"
"0/1","17,13","30","99","406,0,547"
"0/1","17,12","29","99","366,0,587"
"0/1","25,15","40","99","420,0,792"
"0/1","23,11","34","99","348,0,754"
"0/1","13,6","19","99","182,0,457"
"0/1","12,5","17","99","149,0,433"
"0/1","14,8","22","99","266,0,458"
"0/1","13,12","25","99","378,0,440"
"0/1","12,14","26","99","492,0,364"
"0/1","13,12","25","99","406,0,444"
"0/1","14,8","22","99","263,0,497"
"0/1","7,15","22","99","506,0,221"
"0/1","15,12","27","99","332,0,528"
"0/1","12,14","26","99","489,0,409"
"0/1","14,15","29","99","486,0,402"
"0/1","13,15","28","99","497,0,437"
"0/1","14,20","34","99","641,0,452"
"0/1","19,22","41","99","646,0,642"
"0/1","21,25","46","99","846,0,556"
"0/1","19,21","40","99","619,0,586"
"0/1","16,15","31","99","480,0,492"
"0/1","15,14","29","99","445,0,452"
"0/1","15,15","30","99","448,0,449"
"0/1","22,12","34","99","390,0,684"
"0/1","14,11","25","99","359,0,486"
"0/1","12,14","26","99","454,0,404"
"0/1","8,4","12","99","127,0,259"
"0/1","14,15","29","99","496,0,386"
"0/1","12,12","24","99","354,0,346"
"0/1","8,8","16","99","243,0,203"
"0/1","19,13","32","99","392,0,624"
"0/1","13,9","22","99","229,0,426"
"0/1","15,16","31","99","563,0,511"
"0/1","16,27","43","99","948,0,407"
"0/1","23,20","43","99","588,0,799"
"0/1","21,11","32","99","351,0,719"
"0/1","16,13","29","99","416,0,556"
"0/1","22,10","32","99","284,0,605"
"0/1","21,10","31","99","301,0,534"
"0/1","17,21","38","99","682,0,523"
"0/1","14,17","31","99","527,0,322"
"0/1","15,16","32","99","320,0,491"
"0/1","18,15","33","99","341,0,558"
"0/1","15,16","31","99","408,0,359"
"0/1","16,16","32","99","415,0,365"
"0/1","12,16","28","99","414,0,374"
"0/1","15,12","27","99","385,0,477"
"0/1","17,12","29","99","388,0,568"
"0/1","15,23","38","99","770,0,428"
"0/1","10,22","32","99","745,0,297"
"0/1","9,23","32","99","789,0,235"
"0/1","10,23","33","99","800,0,298"
"0/1","8,20","28","99","720,0,225"
"0/1","13,15","28","99","518,0,369"
"0/1","12,15","27","99","526,0,402"
"0/1","9,8","17","99","276,0,276"
"0/1","10,11","21","99","346,0,344"
"0/1","19,17","36","99","530,0,645"
"0/1","11,16","27","99","554,0,358"
"0/1","8,13","21","99","463,0,269"
"0/1","9,14","23","99","394,0,267"
"0/1","7,14","21","99","406,0,225"
"0/1","6,18","24","99","414,0,137"
"0/1","7,16","23","99","414,0,140"
"0/1","9,11","20","99","273,0,242"
"0/1","10,16","26","99","332,0,333"
"0/1","11,10","21","99","279,0,302"
"0/1","13,8","21","99","213,0,399"
"0/1","10,10","20","99","309,0,334"
"0/1","12,11","23","99","273,0,382"
"0/1","11,11","22","99","212,0,387"
"0/1","7,8","15","99","272,0,172"
"0/1","10,3","13","78","78,0,368"
"0/1","8,3","11","92","92,0,247"
"0/1","10,7","17","99","188,0,312"
"0/1","23,9","32","99","187,0,801"
"0/1","13,13","26","99","353,0,464"
"0/1","11,9","20","99","217,0,364"
"0/0","15,1","16","45","0,45,581"
"0/1","7,15","22","99","397,0,225"
"0/1","8,14","22","99","360,0,229"
"0/1","7,16","23","99","434,0,223"
"0/1","14,15","29","99","415,0,359"
"0/1","10,13","23","99","314,0,232"
"0/1","12,6","18","99","166,0,398"
"0/1","7,4","11","92","92,0,246"
"0/1","14,7","21","99","200,0,423"
"0/1","14,7","21","99","197,0,452"
"0/1","15,7","22","99","196,0,479"
"1/1","0,25","25","69","909,69,0"
"0/1","11,15","26","99","481,0,335"
"0/1","8,10","18","99","316,0,196"
"0/1","16,20","36","99","514,0,524"
"0/1","12,14","26","99","448,0,385"
"0/1","15,14","29","99","394,0,494"
"0/1","15,15","30","99","512,0,517"
"0/1","14,11","25","99","355,0,420"
"0/1","10,12","22","99","365,0,303"
"0/1","11,13","24","99","374,0,332"
"0/1","13,11","24","99","316,0,457"
"0/1","14,13","27","99","432,0,486"
"0/1","20,20","40","99","684,0,625"
"0/1","15,19","34","99","629,0,499"
"0/1","17,12","29","99","386,0,599"
"0/1","15,10","25","99","266,0,489"
"0/1","19,7","26","99","136,0,574"
"0/1","13,12","25","99","400,0,451"
"0/1","16,13","29","99","334,0,560"
"0/1","11,14","25","99","376,0,337"
"0/1","11,15","26","99","471,0,332"
"0/1","14,11","25","99","351,0,437"
"0/1","29,7","36","99","115,0,924"
"0/1","6,20","26","99","689,0,159"
"0/1","13,16","29","99","409,0,421"
"0/1","16,18","34","99","425,0,513"
"0/1","16,20","36","99","491,0,519"
"0/1","17,20","37","99","506,0,494"
"0/1","20,7","27","99","193,0,713"
"0/1","15,6","21","99","148,0,371"
"0/1","15,9","24","99","162,0,498"
"0/1","14,6","20","43","43,0,401"
"0/1","14,6","20","41","41,0,401"
"0/1","14,6","20","43","43,0,396"
"0/1","16,7","23","99","183,0,491"
"0/1","16,7","23","99","181,0,536"
"0/1","14,10","24","99","252,0,414"
"0/1","18,13","31","99","367,0,456"
"0/1","24,14","38","99","431,0,668"
"0/1","24,13","37","99","373,0,699"
"0/1","23,17","40","99","525,0,676"
"0/1","20,18","38","99","450,0,689"
"0/1","20,18","38","99","447,0,693"
"0/1","22,16","38","99","481,0,731"
"0/1","23,17","40","99","563,0,731"
"0/1","23,15","38","99","442,0,762"
"0/1","20,15","35","99","459,0,700"
"0/1","14,16","30","99","529,0,464"
"0/1","16,16","32","99","524,0,532"
"0/1","28,10","38","99","282,0,969"
"0/1","23,11","34","99","325,0,762"
"0/1","20,12","32","99","369,0,649"
"0/1","23,9","32","99","224,0,797"
"0/1","21,9","30","99","243,0,715"
"0/1","19,10","29","99","279,0,660"
"0/1","21,7","28","99","202,0,754"
"0/1","6,17","23","99","619,0,168"
"0/1","4,17","21","99","628,0,100"
"0/1","15,5","20","99","151,0,482"
"0/1","12,13","25","99","363,0,368"
"0/1","8,11","19","99","387,0,193"
"0/1","16,19","35","99","655,0,504"
"0/1","17,11","28","99","329,0,516"
"0/1","19,12","31","99","307,0,625"
"0/1","18,14","32","99","439,0,582"
"0/1","20,16","36","99","497,0,666"
"0/1","24,17","42","99","485,0,845"
"0/1","19,17","36","99","555,0,606"
"0/1","12,19","31","99","613,0,392"
"0/1","18,19","37","99","599,0,621"
"0/1","15,20","35","99","632,0,452"
"0/1","15,18","33","99","498,0,509"
"0/1","9,12","21","99","429,0,308"
"0/1","10,18","28","99","631,0,274"
"0/1","11,9","20","99","305,0,352"
"0/1","10,16","26","99","560,0,317"
"0/1","13,13","26","99","407,0,408"
"0/1","12,11","23","99","260,0,332"
"0/1","12,9","21","99","263,0,374"
"0/1","10,14","24","99","436,0,152"
"0/1","11,10","21","99","295,0,359"
"0/1","8,11","19","99","344,0,123"
"0/1","7,12","19","99","378,0,155"
"0/1","15,11","26","99","324,0,468"
"0/1","12,9","21","99","254,0,382"
"0/1","11,9","20","99","282,0,380"
"0/1","12,9","21","99","296,0,368"
"0/1","4,16","20","97","486,0,97"
"0/1","14,15","29","99","397,0,473"
"0/1","16,7","23","59","59,0,593"
"0/1","16,6","22","66","66,0,557"
"0/1","17,6","23","66","66,0,595"
"0/1","16,12","28","99","382,0,512"
"0/1","14,10","24","99","315,0,424"
"0/1","14,10","24","99","297,0,399"
"0/1","14,14","28","99","374,0,410"
"0/1","22,13","35","99","251,0,673"
"0/1","9,10","19","99","206,0,297"
"0/1","17,5","22","98","98,0,516"
"0/1","9,8","17","99","243,0,314"
"0/1","8,8","16","99","251,0,277"
"0/1","10,11","21","99","349,0,333"
"0/1","11,11","22","99","326,0,337"
"0/1","11,12","23","99","405,0,344"
"0/1","9,12","21","99","384,0,272"
"0/1","9,13","22","99","418,0,290"
"0/1","8,10","18","99","321,0,148"
"0/1","7,12","19","99","381,0,139"
"0/1","7,13","20","99","457,0,142"
"0/1","9,14","23","99","398,0,183"
"0/1","23,11","34","99","250,0,581"
"0/1","22,14","36","99","327,0,541"
"0/1","18,10","28","99","228,0,410"
"0/1","29,17","46","99","498,0,857"
"0/1","25,18","43","99","486,0,651"
"0/1","18,16","34","99","512,0,622"
"0/1","24,20","44","99","653,0,785"
"0/1","24,20","44","99","659,0,788"
"0/1","12,26","38","99","842,0,343"
"0/1","12,12","24","99","324,0,373"
"0/1","10,12","22","99","327,0,332"
"0/1","13,13","26","99","318,0,421"
"0/1","15,13","28","99","347,0,469"
"0/1","15,14","29","99","389,0,479"
"0/1","10,13","23","99","449,0,298"
"0/1","10,17","27","99","526,0,328"
"0/1","13,8","21","99","268,0,350"
"0/1","8,9","17","99","217,0,278"
"0/1","7,10","17","99","244,0,238"
"0/1","9,11","20","99","197,0,319"
"0/1","7,10","17","99","169,0,242"
"0/1","11,2","13","47","47,0,362"
"0/1","17,11","28","99","348,0,606"
"0/1","13,12","25","99","380,0,443"
"0/1","14,11","25","99","333,0,483"
"0/1","15,10","25","99","331,0,535"
"0/1","16,9","25","99","287,0,570"
"0/1","8,9","17","99","275,0,278"
"0/1","11,12","23","99","392,0,340"
"0/1","7,12","19","99","434,0,223"
"0/1","8,12","20","99","423,0,217"
"0/1","6,12","18","99","435,0,178"
"0/1","3,9","12","87","331,0,87"
"0/1","10,4","14","99","118,0,368"
"0/1","3,11","14","77","405,0,77"
"0/1","7,14","21","99","453,0,217"
"0/1","14,9","23","99","227,0,480"
"0/1","14,9","23","99","240,0,449"
"0/1","14,8","22","99","162,0,425"
"0/1","13,9","22","99","187,0,395"
"0/1","14,8","22","99","154,0,433"
"0/1","17,8","25","99","171,0,540"
"0/1","16,8","24","99","148,0,522"
"0/1","19,10","29","99","303,0,633"
"0/1","18,15","33","99","485,0,545"
"0/1","18,19","37","99","604,0,467"
"0/1","19,21","41","99","668,0,577"
"0/1","18,21","39","99","678,0,537"
"0/1","18,21","39","99","673,0,540"
"0/1","6,22","28","99","709,0,127"
"0/1","15,23","38","99","746,0,432"
"0/1","11,11","22","99","353,0,368"
"0/1","20,10","30","99","283,0,638"
"0/1","19,11","30","99","308,0,642"
"0/1","13,20","33","99","696,0,399"
"0/1","15,17","32","99","533,0,470"
"0/1","13,14","27","99","436,0,368"
"0/1","13,11","25","99","368,0,301"
"0/1","11,14","25","99","479,0,338"
"0/1","13,11","24","99","374,0,405"
"0/0","20,0","20","60","0,60,792"
"0/0","20,0","20","57","0,57,754"
"0/0","18,0","22","51","0,51,681"
"0/1","19,11","30","99","329,0,470"
"0/1","14,15","29","99","443,0,462"
"0/1","15,18","33","99","609,0,460"
"0/1","18,22","40","99","727,0,505"
"0/1","20,21","41","99","676,0,644"
"0/1","11,13","24","99","449,0,325"
"0/1","12,15","27","99","483,0,408"
"0/1","8,13","21","99","468,0,219"
"0/1","11,7","18","99","233,0,382"
"0/1","12,8","20","99","265,0,407"
"0/1","13,9","22","99","298,0,468"
"0/1","7,15","27","53","284,0,53"
"0/1","11,15","26","99","415,0,377"
"0/1","8,8","16","99","276,0,268"
"0/1","11,14","25","99","463,0,302"
"0/1","9,10","19","99","269,0,303"
"0/1","6,14","20","99","452,0,188"
"0/1","4,13","17","99","469,0,109"
"0/1","6,6","12","99","167,0,206"
"0/1","5,11","16","99","394,0,137"
"1/1","0,19","19","51","677,51,0"
"0/1","7,8","15","99","208,0,224"
"0/1","10,9","19","99","312,0,267"
"0/1","10,13","23","99","385,0,337"
"0/1","13,12","25","99","403,0,412"
"0/1","8,6","14","99","200,0,278"
"0/1","16,7","23","99","218,0,583"
"0/1","13,11","24","99","377,0,461"
"0/1","10,14","24","99","508,0,303"
"0/1","16,12","28","99","393,0,535"
"0/1","6,14","20","99","488,0,177"
"0/1","4,7","11","92","237,0,92"
"0/1","10,8","18","99","266,0,337"
"0/1","7,8","15","99","270,0,239"
"0/1","5,10","15","99","356,0,162"
"0/1","14,13","27","99","453,0,492"
"0/1","16,11","27","99","310,0,572"
"0/1","17,17","34","99","494,0,580"
"0/1","13,10","23","99","325,0,453"
"0/1","9,6","15","99","163,0,286"
"0/1","8,8","16","99","245,0,242"
"0/1","7,9","17","99","318,0,195"
"0/1","10,11","21","99","332,0,259"
"0/1","15,7","22","99","212,0,501"
"0/1","7,18","25","99","560,0,165"
"0/1","14,15","29","99","471,0,444"
"0/1","14,14","28","99","470,0,388"
"0/1","19,19","38","99","557,0,481"
"0/1","14,9","23","99","300,0,343"
"0/1","14,7","21","99","196,0,406"
"0/1","13,8","21","99","222,0,379"
"0/1","12,8","20","99","193,0,334"
"0/1","20,9","29","99","260,0,394"
"0/1","18,11","29","99","320,0,529"
"0/1","11,7","18","99","226,0,393"
"0/1","17,19","36","99","651,0,576"
"0/1","18,17","35","99","590,0,524"
"0/1","18,18","37","99","596,0,539"
"0/1","21,14","35","99","358,0,636"
"0/1","26,9","35","99","263,0,887"
"0/1","24,10","34","99","295,0,836"
"0/1","23,7","30","99","159,0,772"
"0/1","12,14","26","99","452,0,411"
"0/1","25,17","42","99","535,0,854"
"0/1","7,9","16","99","306,0,200"
"0/1","12,12","24","99","378,0,276"
"0/1","15,17","32","99","603,0,471"
"0/1","10,18","28","99","545,0,321"
"0/1","13,12","25","99","388,0,402"
"0/1","8,17","25","99","322,0,241"
"0/1","9,16","25","99","278,0,273"
"0/1","8,19","27","99","351,0,267"
"0/1","9,14","23","99","356,0,255"
"0/1","10,9","19","99","273,0,340"
"0/1","10,17","27","99","442,0,335"
"0/1","17,21","38","99","656,0,531"
"0/1","25,14","39","99","466,0,816"
"0/1","8,22","30","99","549,0,202"
"0/1","10,11","21","99","379,0,340"
"0/1","8,12","20","99","423,0,266"
"0/1","13,9","22","99","267,0,427"
"0/1","12,11","23","99","380,0,409"
"0/1","11,12","23","99","368,0,381"
"0/1","18,18","36","99","619,0,608"
"0/1","9,18","28","99","606,0,274"
"0/1","6,5","11","99","125,0,217"
"0/1","12,11","23","99","382,0,418"
"0/1","12,11","23","99","384,0,410"
"0/1","20,12","32","99","344,0,663"
"0/1","22,12","34","99","308,0,676"
"0/1","12,22","34","99","785,0,387"
"0/1","12,15","27","99","465,0,395"
"0/1","16,14","30","99","438,0,549"
"0/1","23,11","34","99","343,0,816"
"0/1","19,10","29","99","297,0,604"
"0/1","17,10","29","99","295,0,618"
"0/1","6,12","18","99","379,0,188"
"0/1","8,11","19","99","356,0,275"
"0/1","10,10","20","99","355,0,281"
"0/1","32,5","37","75","75,0,1022"
"0/1","12,13","25","99","374,0,399"
"0/1","14,14","28","99","429,0,422"
"0/1","10,15","25","99","359,0,331"
"0/1","19,23","42","99","722,0,602"
"0/1","16,22","38","99","738,0,407"
"0/1","17,18","35","99","489,0,572"
"0/1","12,6","18","99","142,0,429"
"0/1","5,7","12","99","239,0,133"
"0/1","15,6","21","99","150,0,512"
"0/1","10,17","27","99","562,0,327"
"0/1","19,10","29","99","305,0,635"
"0/1","19,17","36","99","548,0,609"
"0/1","11,17","28","99","615,0,291"
"0/1","6,11","17","99","374,0,199"
"0/1","14,11","25","99","347,0,446"
"0/1","12,9","21","99","303,0,389"
"0/1","21,15","36","99","474,0,692"
"0/1","15,17","32","99","548,0,469"
"0/1","16,21","37","99","658,0,548"
"0/1","7,11","18","99","361,0,229"
"0/1","11,9","20","99","271,0,364"
"0/1","10,7","17","99","236,0,355"
"0/1","12,8","20","99","262,0,427"
"0/1","15,15","30","99","493,0,509"
"0/1","12,14","26","99","439,0,408"
"0/1","11,14","25","99","447,0,359"
"0/1","12,9","21","99","296,0,422"
"0/1","12,12","24","99","378,0,402"
"0/1","16,20","36","99","673,0,439"
"0/1","20,18","38","99","623,0,600"
"0/1","18,21","39","99","668,0,590"
"0/1","18,17","35","99","546,0,592"
"0/1","15,16","31","99","524,0,521"
"0/1","16,10","26","99","316,0,565"
"0/1","15,7","22","99","222,0,461"
"0/1","11,9","20","99","307,0,371"
"0/1","10,16","26","99","519,0,320"
"0/1","16,20","36","99","619,0,551"
"0/1","9,12","21","99","415,0,295"
"0/1","15,10","25","99","297,0,469"
"0/1","11,5","16","99","142,0,383"
"0/1","19,6","25","99","171,0,627"
"0/1","18,6","24","99","178,0,617"
"0/1","14,15","29","99","512,0,471"
"0/1","11,11","22","99","373,0,367"
"0/1","12,10","22","99","331,0,371"
"0/1","12,8","20","99","272,0,393"
"0/1","11,11","22","99","306,0,352"
"0/1","18,14","32","99","433,0,599"
"0/1","14,18","32","99","595,0,424"
"0/1","14,16","30","99","546,0,461"
"0/1","11,18","29","99","596,0,316"
"0/1","18,10","28","99","294,0,618"
"0/1","11,15","26","99","533,0,373"
"0/1","11,10","21","99","318,0,376"
"0/1","14,9","23","99","291,0,495"
"0/1","11,18","29","99","542,0,323"
"0/1","13,10","23","99","339,0,416"
"0/1","14,12","26","99","410,0,447"
"0/1","16,12","28","99","350,0,555"
"0/1","16,11","27","99","328,0,561"
"0/1","17,19","36","99","559,0,548"
"0/1","15,11","26","99","370,0,403"
"0/1","13,10","23","99","303,0,457"
"0/1","13,11","24","99","335,0,398"
"0/1","8,11","19","99","334,0,265"
"0/1","9,10","19","99","331,0,274"
"0/1","9,10","19","99","309,0,272"
"0/1","14,13","27","99","373,0,420"
"0/1","12,9","21","99","299,0,407"
"0/1","9,10","19","99","344,0,239"
"0/1","9,8","17","99","188,0,278"
"0/1","3,6","9","95","179,0,95"
"0/1","4,7","11","99","217,0,120"
"0/1","8,10","18","99","332,0,261"
"0/1","7,15","22","99","470,0,184"
"0/1","14,9","23","99","285,0,482"
"0/1","23,19","42","99","568,0,707"
"0/1","18,15","33","99","378,0,546"
"0/1","9,11","20","99","298,0,315"
"0/1","11,16","27","99","504,0,325"
"0/1","16,10","26","99","312,0,505"
"0/1","14,16","30","99","546,0,447"
"0/1","17,14","31","99","472,0,526"
"0/1","15,18","33","99","584,0,477"
"0/1","12,9","21","99","302,0,390"
"0/1","14,8","22","99","250,0,432"
"0/1","8,10","18","99","304,0,267"
"0/1","8,10","18","99","303,0,274"
"0/1","9,8","17","99","236,0,275"
"0/1","13,4","17","99","111,0,431"
"0/1","9,9","18","99","260,0,240"
"0/1","8,9","17","99","271,0,274"
"0/1","19,13","32","99","373,0,588"
"0/1","20,16","36","99","528,0,625"
"0/1","17,19","36","99","590,0,555"
"0/1","19,17","36","99","534,0,642"
"0/1","11,13","24","99","452,0,329"
"0/1","12,21","33","99","681,0,373"
"0/1","16,13","29","99","369,0,518"
"0/1","16,17","33","99","546,0,534"
"0/1","9,18","27","99","574,0,245"
"0/1","8,17","25","99","582,0,230"
"0/1","12,24","36","99","824,0,331"
"0/1","13,5","18","99","152,0,401"
"0/1","17,17","34","99","577,0,511"
"0/1","15,13","28","99","417,0,512"
"0/1","10,10","20","99","318,0,311"
"0/1","11,17","28","99","562,0,331"
"0/1","9,29","38","99","940,0,242"
"0/1","8,26","34","99","872,0,221"
"0/1","12,24","37","99","822,0,325"
"0/1","18,22","40","99","716,0,589"
"0/1","14,18","32","99","565,0,472"
"0/1","19,16","35","99","493,0,601"
"0/1","20,16","36","99","474,0,621"
"0/1","15,18","33","99","572,0,357"
"0/1","18,13","31","99","420,0,557"
"0/1","18,11","29","99","350,0,592"
"0/1","10,14","25","99","455,0,301"
"0/1","12,18","30","99","604,0,339"
"0/1","15,16","31","99","510,0,454"
"0/1","17,15","32","99","500,0,538"
"0/1","18,19","37","99","624,0,573"
"0/1","18,19","37","99","645,0,571"
"0/1","9,13","22","99","371,0,307"
"0/1","9,14","23","99","406,0,306"
"0/1","11,12","23","99","375,0,366"
"0/1","8,14","22","99","482,0,247"
"0/1","5,11","16","99","399,0,145"
"0/1","8,8","16","99","279,0,240"
"0/1","10,8","18","99","241,0,238"
"0/1","11,10","21","99","301,0,271"
"0/1","9,14","23","99","481,0,295"
"0/1","12,10","22","99","333,0,415"
"0/1","8,7","15","99","215,0,272"
"0/1","16,21","37","99","709,0,550"
"0/1","16,20","37","99","666,0,545"
"0/1","9,12","21","99","421,0,299"
"0/1","7,8","15","99","275,0,236"
"0/1","8,9","17","99","313,0,271"
"0/1","7,12","19","99","409,0,178"
"0/1","10,15","25","99","421,0,285"
"0/1","10,21","31","99","663,0,310"
"0/1","19,19","38","99","644,0,630"
"0/1","19,17","36","99","514,0,558"
"0/1","15,14","29","99","450,0,428"
"0/1","16,17","33","99","577,0,525"
"0/1","15,9","24","99","286,0,462"
"0/1","15,14","29","99","475,0,435"
"0/1","19,17","36","99","516,0,601"
"0/1","18,23","41","99","651,0,587"
"0/1","16,17","34","99","589,0,526"
"0/1","16,14","30","99","478,0,564"
"0/1","18,16","34","99","524,0,613"
"0/1","18,13","31","99","304,0,532"
"0/1","13,14","27","99","306,0,445"
"0/1","13,14","27","99","255,0,446"
"0/1","8,26","34","99","547,0,193"
"0/1","9,19","28","99","628,0,237"
"0/1","9,15","24","99","504,0,263"
"0/1","12,18","30","99","580,0,357"
"0/1","14,17","31","99","568,0,417"
"0/1","16,16","32","99","505,0,464"
"0/1","20,14","34","99","411,0,625"
"0/1","13,10","23","99","325,0,396"
"0/1","15,8","23","99","257,0,458"
"0/1","18,16","34","99","466,0,583"
"0/1","17,15","32","99","511,0,536"
"0/1","12,11","23","99","366,0,335"
"0/1","6,9","15","99","291,0,197"
"0/1","10,8","18","99","273,0,353"
"0/1","8,12","20","99","381,0,265"
"0/1","10,6","16","99","142,0,359"
"0/1","10,6","16","99","141,0,324"
"0/1","10,6","16","99","142,0,353"
"0/1","10,6","16","99","160,0,288"
"0/1","8,7","15","99","200,0,285"
"0/1","20,6","26","99","173,0,641"
"0/1","10,10","20","99","305,0,350"
"0/1","13,14","27","99","419,0,436"
"0/1","3,20","23","51","699,0,51"
"1/1","1,15","16","6","568,6,0"
"0/1","8,17","25","99","576,0,215"
"0/1","15,11","26","99","364,0,532"
"0/1","3,15","18","68","503,0,68"
"0/1","9,12","21","99","416,0,281"
"0/1","8,11","19","99","385,0,260"
"0/1","11,12","23","99","387,0,388"
"0/1","10,11","21","99","344,0,337"
"0/1","22,19","41","99","601,0,748"
"0/1","22,15","38","99","457,0,781"
"0/1","24,15","39","99","408,0,790"
"0/1","18,22","40","99","653,0,582"
"0/1","20,10","30","99","318,0,572"
"0/1","17,18","35","99","600,0,560"
"0/1","19,15","34","99","508,0,635"
"0/1","17,13","30","99","439,0,594"
"0/1","19,13","32","99","436,0,671"
"0/1","17,12","29","99","352,0,587"
"0/1","15,15","30","99","462,0,505"
"0/1","18,12","30","99","387,0,621"
"0/1","17,7","24","99","203,0,572"
"0/1","12,8","20","99","259,0,423"
"0/1","12,12","24","99","412,0,418"
"0/1","10,14","24","99","492,0,322"
"0/1","8,11","19","99","389,0,260"
"0/1","12,14","26","99","464,0,405"
"0/1","14,8","22","99","262,0,472"
"0/1","6,11","17","99","408,0,154"
"0/1","7,9","16","99","280,0,235"
"0/1","9,10","19","99","322,0,309"
"0/1","11,10","21","99","331,0,381"
"0/1","15,7","22","99","212,0,540"
"0/1","8,9","17","99","290,0,256"
"0/1","13,7","20","99","220,0,424"
"0/1","4,7","11","99","254,0,123"
"0/1","16,6","22","99","180,0,512"
"0/1","7,13","20","99","427,0,226"
"0/1","10,15","25","99","532,0,337"
"0/1","12,11","23","99","368,0,334"
"0/1","8,14","22","99","494,0,245"
"0/1","8,6","14","99","208,0,246"
"0/1","7,6","13","99","211,0,214"
"0/1","7,6","13","99","209,0,212"
"0/1","15,14","29","99","422,0,487"
"0/1","13,14","27","99","425,0,432"
"0/1","14,14","28","99","450,0,485"
"0/1","16,13","29","99","452,0,537"
"0/1","7,12","19","99","416,0,228"
"0/1","17,9","26","99","258,0,507"
"0/1","13,14","27","99","445,0,458"
"0/1","11,13","24","99","418,0,368"
"0/1","8,9","17","99","285,0,253"
"0/1","10,8","18","99","275,0,228"
"0/1","16,8","24","99","229,0,511"
"0/1","12,15","27","99","498,0,337"
"0/1","18,9","27","92","92,0,576"
"0/1","9,16","25","99","356,0,265"
"0/1","9,13","22","99","343,0,266"
"0/1","13,13","26","99","397,0,449"
"0/1","15,8","23","99","246,0,517"
"0/1","20,9","29","99","278,0,595"
"0/1","22,10","32","99","319,0,680"
"0/1","26,15","41","99","407,0,825"
"0/1","21,13","34","99","387,0,707"
"0/1","23,13","36","99","322,0,801"
"0/1","21,10","31","99","308,0,708"
"0/1","23,13","36","99","377,0,793"
"0/1","23,13","36","99","399,0,747"
"0/1","22,13","35","99","393,0,743"
"0/1","25,10","35","99","244,0,854"
"0/1","22,15","37","99","444,0,734"
"0/1","19,19","38","99","646,0,530"
"0/1","20,22","42","99","750,0,645"
"0/1","18,11","29","99","287,0,561"
"0/1","7,8","15","99","241,0,179"
"0/1","10,13","23","99","417,0,338"
"0/1","5,7","12","99","243,0,171"
"0/1","6,9","15","99","330,0,157"
"0/1","6,10","17","99","359,0,155"
"0/1","11,10","21","99","331,0,340"
"0/1","15,15","30","99","508,0,483"
"0/1","15,16","31","99","531,0,480"
"0/1","11,14","25","99","453,0,323"
"0/1","16,8","24","99","233,0,544"
"0/1","14,9","23","99","293,0,483"
"0/1","7,16","23","99","543,0,214"
"0/1","12,13","25","99","437,0,351"
"0/1","14,13","27","99","351,0,422"
"0/1","10,12","22","99","423,0,316"
"0/1","9,11","20","99","347,0,292"
"0/1","10,9","19","99","279,0,309"
"0/1","15,14","29","99","492,0,436"
"0/1","15,16","31","99","543,0,511"
"0/1","18,13","31","99","402,0,644"
"0/1","8,8","16","99","274,0,245"
"0/1","11,10","21","99","313,0,352"
"0/1","18,13","31","99","417,0,597"
"0/1","15,6","21","99","193,0,471"
"0/1","12,9","21","99","277,0,366"
"0/0","20,0","20","60","0,60,775"
"0/0","23,0","23","69","0,69,886"
"0/1","7,12","19","99","425,0,229"
"0/1","14,13","27","99","329,0,455"
"0/1","18,12","31","99","317,0,558"
"0/1","19,14","33","99","379,0,502"
"0/1","11,15","26","99","497,0,318"
"0/1","11,16","27","99","487,0,333"
"0/1","18,20","38","99","634,0,476"
"0/1","17,20","38","99","649,0,510"
"0/1","16,20","36","99","559,0,424"
"0/1","14,19","34","99","427,0,363"
"0/1","14,19","33","99","522,0,409"
"0/1","13,18","32","99","491,0,349"
"0/1","14,16","30","99","496,0,437"
"0/1","22,13","35","99","297,0,696"
"0/1","18,13","31","99","341,0,529"
"0/1","21,13","34","99","372,0,610"
"0/1","24,11","35","99","290,0,649"
"0/1","22,12","34","99","323,0,659"
"0/1","14,9","23","99","290,0,455"
"0/1","14,8","22","99","254,0,469"
"0/1","7,6","13","99","162,0,210"
"0/1","7,4","11","99","122,0,215"
"0/1","4,12","16","99","401,0,115"
"0/1","7,11","18","99","375,0,233"
"0/1","8,16","24","99","301,0,232"
"0/1","12,7","19","99","218,0,421"
"0/1","17,14","31","99","474,0,550"
"0/1","14,9","23","99","293,0,466"
"0/1","18,15","33","99","471,0,616"
"0/1","16,10","26","99","302,0,449"
"0/1","17,10","27","99","200,0,584"
"0/1","20,12","32","99","282,0,569"
"0/1","28,6","34","99","136,0,668"
"0/1","26,9","35","99","267,0,656"
"0/1","18,14","32","99","399,0,333"
"0/1","18,9","27","99","217,0,457"
"0/1","9,17","26","50","440,0,50"
"0/1","13,14","27","99","403,0,302"
"0/1","7,11","18","99","401,0,184"
"0/1","15,9","24","99","254,0,510"
"0/1","15,9","24","99","253,0,508"
"0/1","10,11","21","99","349,0,346"
"0/1","10,13","23","99","417,0,340"
"0/1","13,10","23","99","341,0,417"
"0/1","15,19","34","99","638,0,450"
"0/1","13,5","18","99","134,0,403"
"0/1","15,15","30","99","518,0,512"
"0/1","9,9","18","99","318,0,281"
"0/1","12,5","17","99","139,0,423"
"0/1","10,6","16","99","187,0,312"
"0/1","21,2","23","11","11,0,622"
"0/1","10,11","21","99","280,0,300"
"0/1","14,7","21","99","213,0,443"
"0/1","8,9","17","99","301,0,237"
"0/1","15,11","26","99","372,0,486"
"0/1","5,5","10","99","133,0,170"
"0/1","5,5","10","99","172,0,172"
"0/1","6,7","13","95","254,0,95"
"0/1","11,12","23","99","428,0,309"
"0/1","11,9","20","99","279,0,294"
"0/1","11,10","21","99","312,0,308"
"0/1","17,10","27","99","264,0,501"
"0/1","13,9","22","99","296,0,408"
"0/1","14,7","21","99","220,0,453"
"0/1","16,6","22","99","123,0,503"
"0/1","8,12","20","99","372,0,221"
"0/1","10,13","23","99","404,0,272"
"0/1","6,7","13","99","205,0,175"
"0/1","7,10","17","99","272,0,169"
"0/1","8,12","20","99","427,0,210"
"0/1","6,12","18","99","428,0,183"
"0/1","17,14","31","99","488,0,399"
"0/1","12,16","28","99","517,0,368"
"0/1","10,9","19","99","318,0,247"
"0/1","11,14","25","99","413,0,346"
"0/1","13,19","32","99","654,0,394"
"0/1","8,14","22","99","423,0,233"
"0/1","7,8","15","99","261,0,200"
"0/1","6,10","16","99","324,0,121"
"0/1","8,9","17","99","318,0,208"
"0/1","9,7","16","99","172,0,320"
"0/1","9,7","16","99","177,0,315"
"0/1","15,5","20","99","149,0,449"
"0/1","10,9","19","99","308,0,309"
"0/1","7,12","19","99","432,0,225"
"0/1","5,13","18","99","474,0,148"
"0/1","7,14","21","99","500,0,215"
"0/1","7,12","19","99","385,0,226"
"0/1","6,11","17","99","377,0,192"
"0/1","10,12","22","99","419,0,337"
"0/1","10,10","20","99","294,0,346"
"0/1","9,7","16","99","212,0,311"
"0/1","15,9","24","99","264,0,434"
"0/1","11,12","23","99","355,0,364"
"0/1","14,11","25","99","309,0,414"
"0/1","14,13","27","99","369,0,403"
"0/1","21,6","27","99","144,0,671"
"0/1","21,6","27","99","145,0,659"
"0/1","21,8","29","99","158,0,674"
"0/1","20,8","28","99","157,0,580"
"0/1","11,15","26","99","459,0,374"
"0/1","11,15","26","99","474,0,328"
"0/1","9,18","27","99","604,0,277"
"0/1","14,17","31","99","535,0,472"
"0/1","16,17","33","99","545,0,508"
"0/1","16,18","34","99","592,0,469"
"0/1","14,15","29","99","524,0,439"
"0/1","11,15","26","99","472,0,357"
"0/1","4,6","10","99","172,0,133"
"0/1","7,14","21","99","507,0,219"
"0/1","9,23","32","99","758,0,230"
"0/1","17,8","25","99","237,0,545"
"0/1","17,14","31","99","406,0,489"
"0/1","15,4","19","43","43,0,529"
"0/1","18,5","23","99","115,0,633"
"0/1","12,15","27","99","507,0,358"
"0/1","8,12","20","99","410,0,257"
"0/1","10,8","18","99","270,0,313"
"0/1","12,12","24","99","383,0,370"
"0/1","16,11","27","99","376,0,569"
"0/1","9,14","23","99","461,0,267"
"0/1","7,15","22","99","502,0,188"
"0/1","7,17","24","99","520,0,214"
"0/1","6,9","15","99","325,0,151"
"0/1","14,5","19","99","155,0,391"
"0/1","10,10","20","99","346,0,310"
"0/1","9,15","25","99","431,0,267"
"0/1","4,11","15","83","390,0,83"
"0/1","4,13","17","77","461,0,77"
"0/1","5,12","17","99","423,0,120"
"0/1","4,5","9","99","180,0,127"
"0/1","6,8","14","99","231,0,203"
"0/1","7,7","14","99","250,0,201"
"0/1","9,8","17","99","263,0,293"
"0/1","12,7","19","99","221,0,427"
"0/1","6,10","16","99","359,0,194"
"0/1","7,9","16","99","267,0,210"
"0/1","6,4","10","65","65,0,189"
"0/1","9,2","11","49","49,0,329"
"0/1","12,4","16","78","78,0,407"
"0/1","10,8","18","99","266,0,285"
"0/1","13,13","26","99","346,0,450"
"0/1","6,11","17","99","390,0,192"
"0/1","7,11","18","99","395,0,226"
"0/1","5,7","12","99","245,0,169"
"0/1","8,16","25","99","545,0,255"
"0/1","22,11","33","99","303,0,747"
"0/1","18,22","40","99","654,0,540"
"0/1","14,19","33","99","480,0,454"
"0/1","23,20","43","99","527,0,639"
"0/1","19,31","50","99","649,0,491"
"0/1","42,19","61","99","472,0,902"
"1/1","5,48","53","66","1495,66,0"
"0/1","38,8","46","74","74,0,1108"
"0/1","15,37","52","99","959,0,373"
"0/1","33,6","39","25","25,0,887"
"0/1","15,22","37","99","416,0,420"
"0/1","15,16","33","99","330,0,391"
"0/1","15,8","28","42","42,0,329"
"0/1","9,12","21","99","264,0,217"
"0/1","10,9","19","99","219,0,311"
"0/1","18,11","29","99","369,0,565"
"0/1","16,16","33","99","491,0,427"
"0/1","8,14","22","99","493,0,254"
"0/1","18,15","33","99","493,0,616"
"0/1","13,12","25","99","409,0,365"
"0/1","21,16","38","99","447,0,617"
"0/1","18,17","35","99","567,0,587"
"0/1","12,16","28","99","533,0,396"
"0/1","17,16","33","99","486,0,486"
"0/1","14,16","30","99","545,0,437"
"0/1","14,16","30","99","510,0,430"
"0/1","14,18","32","99","611,0,447"
"0/1","19,13","32","99","405,0,666"
"0/1","28,23","51","99","736,0,893"
"0/1","19,11","30","99","310,0,619"
"0/1","15,12","27","99","362,0,389"
"0/1","20,12","33","99","342,0,678"
"0/1","24,11","35","99","303,0,755"
"0/1","23,12","35","99","343,0,745"
"0/1","18,17","35","99","491,0,513"
"1/1","0,36","36","96","1219,96,0"
"0/1","14,15","29","99","502,0,434"
"0/1","11,11","22","99","384,0,315"
"0/1","10,16","26","99","530,0,330"
"0/1","15,23","38","99","826,0,413"
"0/1","14,23","38","99","824,0,443"
"0/1","14,12","26","99","351,0,464"
"0/1","6,18","24","99","553,0,136"
"0/1","7,9","16","99","321,0,205"
"0/1","12,10","22","99","328,0,418"
"0/1","11,6","17","99","187,0,361"
"0/1","11,6","17","99","189,0,391"
"0/1","20,12","32","99","381,0,596"
"0/1","10,11","21","99","373,0,329"
"0/1","10,12","22","99","423,0,304"
"0/1","8,12","20","99","430,0,230"
"0/1","16,12","28","99","337,0,473"
"0/1","13,8","21","99","242,0,461"
"0/1","15,13","28","99","363,0,505"
"0/1","14,18","32","99","565,0,430"
"0/1","19,15","34","99","440,0,667"
"0/1","15,9","24","99","287,0,531"
"0/1","12,13","25","99","446,0,323"
"0/1","12,12","24","99","304,0,403"
"0/1","18,15","33","99","481,0,581"
"0/1","17,15","32","99","501,0,550"
"0/1","9,13","22","99","411,0,261"
"0/1","9,11","20","99","368,0,301"
"0/1","13,6","19","99","190,0,464"
"0/1","6,8","14","99","224,0,198"
"0/1","3,8","11","89","293,0,89"
"0/1","12,12","24","99","383,0,410"
"0/1","14,6","20","99","192,0,443"
"0/1","13,5","18","99","155,0,463"
"0/1","21,10","31","99","255,0,741"
"0/1","10,21","31","99","742,0,264"
"0/1","8,5","13","99","161,0,284"
"0/1","10,5","15","99","151,0,362"
"0/1","12,9","21","99","304,0,424"
"0/1","13,12","25","99","328,0,460"
"0/1","11,11","22","99","304,0,392"
"0/1","15,7","22","99","219,0,503"
"0/1","18,10","28","99","287,0,606"
"0/1","16,14","30","99","414,0,496"
"0/1","14,8","22","99","261,0,456"
"0/1","10,9","19","99","307,0,332"
"0/1","15,22","37","99","728,0,459"
"0/1","20,21","41","99","675,0,661"
"0/1","10,12","22","99","406,0,338"
"0/1","17,13","30","99","426,0,538"
"0/1","23,20","43","99","635,0,767"
"0/1","20,22","42","99","712,0,682"
"0/1","16,22","38","99","673,0,482"
"0/1","15,20","35","99","679,0,465"
"0/1","17,21","38","99","663,0,519"
"0/1","14,20","34","99","674,0,423"
"0/1","14,23","37","99","788,0,450"
"0/1","17,22","39","99","749,0,504"
"0/1","19,22","41","99","756,0,604"
"0/1","18,17","35","99","540,0,558"
"0/1","17,14","31","99","403,0,560"
"0/1","19,19","38","99","606,0,448"
"0/1","10,16","26","99","532,0,282"
"0/1","9,11","20","99","375,0,225"
"0/1","14,20","34","99","644,0,449"
"0/1","16,7","23","99","209,0,562"
"0/1","16,8","24","99","250,0,571"
"0/1","14,8","22","99","245,0,445"
"0/1","15,10","25","99","248,0,514"
"0/1","17,13","30","99","352,0,485"
"0/1","18,11","29","99","258,0,570"
"0/1","13,9","23","99","283,0,410"
"0/1","14,7","24","99","146,0,441"
"0/1","13,10","26","99","223,0,274"
"0/1","17,7","24","99","211,0,552"
"0/1","15,14","29","99","427,0,509"
"0/1","11,10","21","99","329,0,373"
"0/1","11,8","19","99","265,0,371"
"0/1","18,15","34","99","473,0,530"
"0/1","15,14","29","99","447,0,490"
"0/1","19,11","30","99","318,0,560"
"0/1","12,17","29","99","481,0,405"
"0/1","15,12","27","99","395,0,526"
"0/1","11,8","19","99","239,0,374"
"0/1","9,10","20","99","343,0,226"
"0/1","21,20","41","99","615,0,640"
"0/0","6,0","6","18","0,18,234"
"0/1","13,12","25","99","366,0,438"
"0/1","21,23","44","99","789,0,694"
"0/1","19,19","38","99","630,0,557"
"0/1","14,12","26","99","358,0,448"
"0/1","18,18","36","99","571,0,577"
"0/1","19,16","35","99","502,0,623"
"0/1","15,15","30","99","466,0,466"
"0/1","7,11","18","99","392,0,235"
"0/1","6,12","18","99","347,0,165"
"0/1","4,7","11","99","244,0,127"
"0/0","4,0","4","12","0,12,161"
"0/0","7,0","7","21","0,21,282"
"0/0","31,2","34","21","0,21,958"
"0/1","14,11","25","99","348,0,447"
"0/1","16,11","27","99","328,0,537"
"0/0","23,0","23","69","0,69,925"
"1/1","0,36","36","99","1377,102,0"
"0/1","12,21","33","99","747,0,351"
"0/1","6,6","12","99","211,0,213"
"0/1","11,22","33","99","650,0,344"
"0/1","11,12","23","99","410,0,360"
"0/1","12,10","22","99","327,0,412"
"0/1","15,11","26","99","335,0,478"
"0/1","10,11","21","99","374,0,340"
"0/1","12,12","24","99","384,0,386"
"0/1","16,10","26","99","318,0,571"
"0/1","9,8","17","99","269,0,316"
"0/1","11,10","21","99","344,0,346"
"0/1","7,12","19","99","412,0,227"
"0/1","7,9","16","99","319,0,237"
"1/1","0,28","28","81","1057,81,0"
"0/1","14,9","23","99","268,0,388"
"0/1","13,9","22","99","258,0,348"
"0/1","15,13","28","99","402,0,443"
"1/1","0,22","22","60","791,60,0"
"0/1","15,7","22","99","122,0,471"
"0/1","20,11","31","99","262,0,598"
"0/1","3,8","11","99","114,0,101"
"0/1","8,3","11","99","101,0,114"
"0/1","9,3","12","98","98,0,138"
"0/1","8,8","16","99","184,0,231"
"0/1","17,12","29","99","395,0,501"
"0/1","7,11","18","99","400,0,230"
"0/1","9,11","20","99","386,0,307"
"0/1","11,10","21","99","313,0,367"
"0/1","10,17","27","99","563,0,331"
"0/0","23,0","23","57","0,57,779"
"0/0","16,0","16","45","0,45,599"
"1/1","1,33","34","55","1172,55,0"
"0/1","13,15","28","99","465,0,425"
"1/1","0,19","19","54","739,54,0"
"0/1","17,8","25","99","252,0,615"
"0/0","35,0","35","99","0,99,1317"
"1/1","0,19","19","54","721,54,0"
"0/0","29,0","29","84","0,84,1142"
"0/0","29,0","29","75","0,75,966"
"0/1","13,24","37","99","811,0,386"
"0/1","19,24","43","99","723,0,645"
"0/1","16,21","37","99","559,0,534"
"0/1","23,19","42","99","591,0,729"
"0/1","22,25","48","99","789,0,671"
"0/1","19,20","39","99","581,0,644"
"0/1","17,13","30","99","377,0,585"
"0/1","18,19","37","99","660,0,626"
"0/1","17,24","41","99","801,0,505"
"0/1","17,14","31","99","435,0,525"
"0/1","14,16","30","99","539,0,434"
"0/1","16,14","30","99","430,0,454"
"0/1","18,11","30","99","342,0,528"
"0/1","20,11","31","99","292,0,589"
"0/1","9,16","25","99","498,0,230"
"0/1","20,12","32","99","341,0,574"
"0/1","19,8","27","99","208,0,683"
"0/1","21,20","41","99","625,0,657"
"0/1","12,28","40","99","859,0,333"
"0/1","14,26","40","99","845,0,346"
"0/1","15,23","38","99","700,0,451"
"0/1","22,11","33","99","348,0,750"
"0/1","20,10","30","99","312,0,725"
"0/1","24,16","40","99","454,0,788"
"0/1","16,13","29","99","443,0,536"
"0/1","17,3","21","69","69,0,523"
"0/1","16,7","23","99","211,0,534"
"0/1","8,6","14","99","207,0,288"
"1/1","3,12","15","36","478,36,0"
"0/1","11,18","29","99","542,0,366"
"0/1","14,14","28","99","447,0,365"
"0/0","18,0","19","51","0,51,682"
"0/1","15,15","30","99","497,0,408"
"0/1","14,7","21","99","229,0,472"
"0/1","8,11","19","99","371,0,270"
"0/1","8,11","19","99","344,0,261"
"0/1","14,10","24","99","304,0,458"
"0/1","10,14","24","99","468,0,323"
"0/1","12,10","22","99","350,0,339"
"1/1","0,26","26","72","978,72,0"
"0/1","16,8","24","99","248,0,542"
"0/1","11,16","28","99","473,0,369"
"0/1","15,11","26","99","340,0,491"
"0/1","13,17","30","99","519,0,411"
"0/1","14,20","34","99","644,0,374"
"0/1","15,20","35","99","580,0,481"
"0/1","16,21","37","99","678,0,450"
"0/0","7,2","14","15","0,15,190"
"0/1","13,13","26","99","356,0,391"
"0/1","21,18","39","99","557,0,715"
"0/1","8,12","20","99","429,0,233"
"0/1","8,18","26","99","649,0,249"
"0/1","13,12","25","99","367,0,415"
"0/1","19,19","40","99","391,0,420"
"0/1","12,13","25","99","442,0,365"
"0/1","14,11","25","99","367,0,472"
"0/1","23,20","43","99","589,0,744"
"0/1","19,11","30","99","350,0,646"
"0/0","20,0","20","60","0,60,781"
"0/1","12,17","29","99","584,0,351"
"0/1","14,10","24","99","327,0,457"
"0/0","17,0","17","51","0,51,685"
"0/0","11,0","11","33","0,33,454"
"0/1","7,8","15","99","253,0,213"
"0/1","13,14","27","99","450,0,420"
"0/1","15,11","26","99","369,0,536"
"0/1","15,13","28","99","435,0,498"
"0/0","13,0","13","36","0,36,480"
"0/1","8,17","25","99","606,0,245"
"0/1","16,10","26","99","325,0,526"
"0/1","15,15","30","99","413,0,494"
"0/1","20,23","43","99","706,0,633"
"0/1","11,8","19","99","259,0,380"
"0/1","14,17","31","99","555,0,445"
"0/0","30,0","30","69","0,69,965"
"1/1","0,18","18","51","699,51,0"
"0/1","15,15","30","99","513,0,498"
"0/0","31,0","31","93","0,93,1228"
"0/0","37,0","37","99","0,105,1390"
"0/0","32,1","33","62","0,62,1184"
"0/0","36,0","36","90","0,90,1184"
"1/1","0,27","27","75","1011,75,0"
"1/1","0,21","21","60","804,60,0"
"0/1","7,4","11","99","111,0,209"
"0/1","24,16","40","99","487,0,714"
"0/1","17,12","29","99","396,0,597"
"0/1","13,19","32","99","635,0,436"
"0/1","10,13","23","99","444,0,266"
"0/1","13,11","24","99","340,0,462"
"0/1","10,11","21","99","331,0,332"
"0/1","13,15","28","99","480,0,397"
"0/1","3,8","11","53","282,0,53"
"0/1","7,6","13","99","205,0,207"
"0/1","6,14","20","99","492,0,182"
"0/1","4,14","18","99","479,0,112"
"1/1","0,18","18","51","688,51,0"
"0/1","16,8","24","99","225,0,506"
"0/1","3,8","11","87","287,0,87"
"0/1","16,13","29","99","372,0,559"
"0/1","12,29","41","99","1025,0,361"
"0/1","14,4","18","99","117,0,411"
"0/0","20,1","21","18","0,18,733"
"0/0","20,1","21","23","0,23,780"
"0/0","21,1","22","26","0,26,812"
"0/0","23,0","23","69","0,69,915"
"1/1","0,19","19","57","765,57,0"
"0/1","10,3","13","84","84,0,367"
"1/1","0,17","17","51","701,51,0"
"0/1","8,12","20","99","432,0,233"
"0/1","4,5","9","99","165,0,132"
"0/1","11,13","24","99","389,0,346"
"0/1","6,3","9","22","22,0,170"
"0/0","22,1","23","21","0,21,784"
"0/0","22,1","23","21","0,21,781"
"0/1","15,15","30","99","486,0,529"
"0/1","10,8","18","99","255,0,277"
"0/0","25,1","26","72","0,72,980"
"0/1","13,13","26","99","430,0,445"
"0/1","14,16","30","99","544,0,444"
"0/0","32,0","32","93","0,93,1256"
"0/1","15,17","32","99","552,0,465"
"0/1","13,15","28","99","494,0,387"
"0/1","19,5","24","73","73,0,625"
"0/1","19,5","24","65","65,0,582"
"0/1","13,14","28","99","430,0,391"
"0/1","10,12","22","99","384,0,343"
"0/0","23,0","23","66","0,66,888"
"0/1","12,9","21","99","226,0,416"
"0/1","12,11","23","99","339,0,373"
"0/1","10,15","25","99","538,0,289"
"0/1","4,13","17","99","469,0,114"
"0/1","5,14","19","99","517,0,133"
"0/1","17,15","32","99","518,0,533"
"0/1","12,7","19","99","216,0,435"
"0/1","6,6","12","99","201,0,207"
"0/1","8,7","15","99","240,0,243"
"0/1","7,8","15","99","229,0,240"
"0/1","16,14","30","99","418,0,528"
"0/1","7,12","19","99","408,0,179"
"0/1","17,9","26","99","216,0,587"
"0/0","22,0","22","63","0,63,844"
"0/0","43,5","48","14","0,14,1305"
"0/1","50,13","63","99","236,0,1337"
"0/1","9,13","24","99","279,0,108"
"0/1","21,10","31","99","275,0,724"
"0/1","7,9","16","99","313,0,225"
"0/1","14,11","25","99","366,0,496"
"0/1","14,13","27","99","419,0,499"
"0/1","17,14","31","99","425,0,590"
"0/1","16,18","34","99","556,0,509"
"1/1","1,24","25","63","844,63,0"
"0/1","16,13","29","99","378,0,502"
"0/1","7,9","17","99","290,0,182"
"0/1","13,15","28","99","446,0,424"
"0/1","6,17","23","99","539,0,160"
"0/1","17,14","31","99","422,0,537"
"0/1","17,11","28","99","352,0,585"
"0/1","12,10","22","99","315,0,395"
"0/1","8,11","19","99","302,0,269"
"0/1","7,6","13","99","203,0,213"
"0/1","11,14","25","99","477,0,320"
"0/1","9,14","23","99","466,0,263"
"0/1","11,12","23","99","417,0,341"
"0/1","16,11","27","99","335,0,536"
"0/1","5,11","16","99","387,0,145"
"0/1","5,8","13","99","298,0,132"
"0/1","17,21","38","99","690,0,527"
"0/1","25,14","39","99","389,0,706"
"0/1","16,17","33","99","552,0,524"
"0/1","15,12","27","99","348,0,526"
"0/1","10,29","39","99","971,0,286"
"0/1","13,18","31","99","531,0,403"
"0/1","11,7","18","99","228,0,357"
"0/1","12,5","17","99","142,0,401"
"0/1","9,10","19","99","322,0,258"
"0/1","6,15","21","99","458,0,182"
"0/1","18,22","40","99","710,0,604"
"0/1","11,12","23","99","384,0,378"
"0/1","7,7","14","99","243,0,205"
"0/1","4,13","17","99","449,0,115"
"0/1","7,16","23","99","520,0,211"
"0/1","10,9","19","99","278,0,347"
"0/1","9,9","18","99","316,0,277"
"0/1","7,15","22","99","439,0,225"
"0/1","13,16","29","99","516,0,424"
"0/1","7,12","19","99","354,0,224"
"0/1","11,12","23","99","421,0,344"
"0/1","12,14","26","99","449,0,380"
"0/1","9,10","19","99","343,0,310"
"0/1","11,6","17","99","195,0,390"
"0/1","18,14","32","99","423,0,626"
"0/1","13,14","27","99","383,0,418"
"0/1","21,19","40","99","448,0,632"
"0/1","11,11","23","99","384,0,383"
"0/1","8,11","19","99","393,0,231"
"0/1","12,19","31","99","587,0,394"
"0/1","8,10","18","99","345,0,264"
"0/1","11,19","30","99","582,0,358"
"0/1","11,11","22","99","382,0,298"
"0/1","6,11","17","99","356,0,191"
"0/1","10,17","27","99","537,0,326"
"0/1","10,17","27","99","519,0,329"
"0/0","26,0","26","75","0,75,998"
"0/0","24,0","24","66","0,66,871"
"0/1","16,16","32","99","460,0,497"
"0/1","8,11","19","99","330,0,264"
"0/1","12,19","31","99","557,0,398"
"0/1","9,5","14","99","165,0,317"
"0/1","7,8","15","99","253,0,193"
"0/1","2,10","12","47","368,0,47"
"0/1","7,15","22","99","529,0,211"
"0/1","12,15","27","99","420,0,415"
"0/1","24,21","45","99","594,0,638"
"1/1","0,33","33","93","1240,93,0"
"0/1","17,16","33","99","519,0,496"
"1/1","4,23","29","60","796,60,0"
"0/1","13,6","19","99","161,0,339"
"0/1","12,10","22","99","261,0,346"
"0/1","35,15","50","99","476,0,732"
"0/0","41,4","46","15","0,15,1176"
"0/1","35,4","39","5","5,0,1075"
"0/1","18,5","23","99","136,0,664"
"0/1","13,7","20","99","213,0,432"
"0/1","9,17","26","99","555,0,280"
"0/1","25,17","42","99","526,0,762"
"0/1","6,15","21","99","438,0,185"
"0/0","17,1","18","45","0,45,565"
"0/1","18,12","30","99","391,0,598"
"0/1","10,14","24","99","450,0,325"
"0/1","14,17","31","99","387,0,414"
"0/1","25,11","36","99","233,0,693"
"0/1","5,9","14","99","308,0,161"
"0/1","19,18","37","99","538,0,574"
"0/1","22,17","39","99","587,0,709"
"0/1","12,8","20","99","268,0,384"
"0/1","13,10","23","99","328,0,424"
"0/1","12,14","26","99","459,0,369"
"0/1","14,11","25","99","329,0,486"
"0/1","9,16","25","99","530,0,287"
"0/1","10,17","27","99","583,0,282"
"0/1","11,17","28","99","505,0,351"
"0/1","7,12","19","99","417,0,230"
"0/1","7,10","17","99","346,0,231"
"0/1","10,7","17","99","232,0,348"
"0/1","9,11","20","99","374,0,299"
"0/1","9,11","20","99","376,0,257"
"0/1","13,7","20","99","189,0,438"
"0/1","21,15","36","99","428,0,749"
"0/1","15,21","36","99","693,0,447"
"0/1","17,13","30","99","436,0,577"
"0/1","14,8","22","99","230,0,478"
"0/1","13,8","21","99","264,0,387"
"0/1","9,14","23","99","451,0,281"
"0/1","10,6","16","99","194,0,359"
"0/1","13,7","20","99","187,0,404"
"0/1","15,14","29","99","357,0,470"
"0/1","11,10","21","99","339,0,367"
"0/1","8,13","21","99","459,0,261"
"0/1","16,15","31","99","502,0,546"
"0/1","11,19","30","99","669,0,315"
"0/1","10,14","24","99","433,0,321"
"0/1","11,12","23","99","412,0,341"
"0/1","5,9","14","59","146,0,59"
"0/0","12,1","13","27","0,27,343"
"0/0","11,1","12","21","0,21,271"
"0/1","9,3","12","4","4,0,271"
"0/0","21,1","25","20","0,20,632"
"0/0","24,0","26","48","0,48,625"
"0/1","13,17","30","99","506,0,392"
"0/1","10,9","19","99","281,0,282"
"0/1","9,17","26","99","597,0,286"
"0/1","20,6","26","99","150,0,633"
"0/1","5,21","26","26","518,0,26"
"0/1","16,15","31","99","488,0,494"
"1/1","0,13","13","36","469,36,0"
"2/2","0,0,9","9","27","340,340,340,27,27,0"
"0/1","10,20","30","99","702,0,312"
"0/1","11,21","32","99","706,0,354"
"0/1","12,11","23","99","346,0,373"
"0/1","13,10","23","99","326,0,421"
"1/1","1,25","26","35","843,35,0"
"0/0","24,0","24","60","0,60,707"
"0/1","14,14","28","99","501,0,390"
"0/1","17,20","37","99","617,0,468"
"0/1","15,14","29","99","469,0,473"
"0/1","18,18","36","99","600,0,620"
"0/1","19,13","32","99","331,0,589"
"0/1","16,16","32","99","491,0,522"
"0/1","6,9","15","99","322,0,198"
"0/1","15,16","31","99","505,0,440"
"0/0","21,0","21","60","0,60,802"
"0/1","14,6","20","99","185,0,514"
"0/1","15,8","23","99","210,0,553"
"0/1","16,16","32","99","553,0,507"
"0/1","23,18","41","99","569,0,727"
"0/1","14,26","40","99","901,0,399"
"0/1","14,24","38","99","702,0,420"
"0/1","23,24","47","99","702,0,736"
"0/1","21,24","45","99","698,0,676"
"0/1","7,13","20","99","396,0,225"
"0/1","20,13","33","99","383,0,685"
"0/1","18,18","36","99","503,0,572"
"0/1","19,15","34","99","455,0,618"
"0/1","16,13","29","99","351,0,545"
"0/1","7,11","18","99","289,0,236"
"0/1","16,20","36","99","628,0,470"
"0/1","19,16","35","99","504,0,604"
"0/1","15,16","31","99","507,0,441"
"0/1","11,21","32","99","669,0,349"
"0/1","11,21","32","99","670,0,352"
"0/1","13,14","27","99","413,0,338"
"0/1","16,12","28","99","353,0,445"
"0/1","20,15","35","99","418,0,551"
"0/1","20,8","28","99","161,0,585"
"0/1","20,7","28","99","121,0,659"
"0/1","20,7","27","99","127,0,672"
"0/1","20,16","36","99","499,0,659"
"0/1","20,16","36","99","494,0,598"
"0/1","19,15","34","99","470,0,576"
"0/1","19,15","34","99","464,0,428"
"0/1","14,15","30","99","277,0,401"
"0/1","14,16","30","99","303,0,414"
"0/1","15,14","29","99","434,0,464"
"0/1","14,14","28","99","403,0,433"
"0/1","15,14","29","99","457,0,476"
"0/1","16,14","30","99","450,0,505"
"0/1","14,12","26","99","315,0,396"
"0/1","13,12","25","99","342,0,381"
"0/1","17,21","38","99","650,0,497"
"0/1","12,13","25","99","246,0,221"
"0/1","13,12","26","99","328,0,367"
"0/0","21,0","21","60","0,60,801"
"0/1","8,12","20","99","399,0,257"
"0/1","4,13","17","81","406,0,81"
"0/0","14,0","14","42","0,42,544"
"0/0","20,0","20","54","0,54,697"
"0/0","23,1","24","54","0,54,701"
"0/0","26,0","26","60","0,60,771"
"0/0","36,0","36","96","0,96,1257"
"0/0","26,0","26","54","0,54,647"
"0/0","18,1","19","42","0,42,533"
"0/0","22,1","23","20","0,20,636"
"0/0","27,1","28","66","0,66,840"
"0/1","11,6","17","99","148,0,280"
"1/1","1,20","21","23","731,23,0"
"0/1","13,9","22","99","301,0,450"
"1/1","0,8","8","24","317,24,0"
"1/1","0,33","33","93","1228,93,0"
"0/0","17,0","17","42","0,42,538"
"0/1","7,8","15","99","277,0,239"
"0/1","6,21","27","99","714,0,153"
"0/1","16,11","27","99","334,0,531"
"0/0","17,0","17","48","0,48,614"
"0/0","17,0","20","27","0,27,337"
"0/0","8,0","8","18","0,18,221"
"0/0","16,0","16","48","0,48,624"
"0/0","30,0","30","90","0,90,1153"
"0/0","30,0","30","90","0,90,1206"
"0/1","8,10","18","99","302,0,254"
"0/0","22,0","22","60","0,60,750"
"1/1","1,27","28","72","919,72,0"
"0/1","16,19","35","99","609,0,487"
"0/1","18,18","36","99","527,0,587"
"0/1","12,9","21","99","296,0,394"
"0/1","18,18","36","99","565,0,563"
"0/1","14,10","24","99","329,0,450"
"0/1","13,10","23","99","343,0,367"
"0/1","14,15","29","99","495,0,413"
"0/1","15,14","29","99","487,0,454"
"0/1","21,13","34","99","416,0,715"
"0/1","12,10","22","99","298,0,414"
"0/1","11,5","16","99","156,0,391"
"0/1","18,9","27","99","277,0,621"
"0/1","11,11","22","99","379,0,388"
"0/1","27,11","38","99","273,0,889"
"0/1","16,16","32","99","533,0,482"
"0/1","13,24","37","99","821,0,379"
"0/1","12,10","22","99","299,0,387"
"0/1","10,11","21","99","381,0,330"
"0/1","19,17","36","99","530,0,613"
"0/1","18,13","31","99","411,0,605"
"0/1","18,23","41","99","717,0,536"
"0/1","16,20","36","99","648,0,531"
"0/1","2,8","10","55","253,0,55"
"0/1","6,12","18","99","383,0,186"
"1/1","3,16","21","33","420,33,0"
"0/1","14,10","24","99","240,0,352"
"0/1","12,15","27","99","426,0,352"
"0/1","7,11","18","99","384,0,219"
"0/1","12,11","24","99","239,0,321"
"0/1","20,12","32","99","310,0,668"
"0/1","6,16","22","98","472,0,98"
"0/1","15,20","35","99","650,0,474"
"0/1","21,18","39","99","556,0,650"
"0/1","27,12","39","99","334,0,886"
"0/1","5,12","17","99","424,0,149"
"0/1","14,15","29","99","467,0,428"
"0/1","10,14","24","99","486,0,325"
"0/1","18,8","26","99","239,0,606"
"0/1","18,19","37","99","586,0,615"
"0/1","9,12","21","99","209,0,115"
"0/1","7,14","21","96","286,0,96"
"0/1","18,19","37","99","522,0,605"
"0/0","9,1","10","21","0,21,252"
"0/1","11,6","17","99","162,0,307"
"0/1","13,22","35","99","675,0,408"
"0/1","6,10","16","99","210,0,151"
"0/1","16,22","38","99","729,0,517"
"0/1","14,16","30","99","471,0,428"
"0/1","15,18","33","99","622,0,472"
"0/0","21,0","21","60","0,60,755"
"0/0","29,0","29","75","0,75,993"
"0/1","6,19","26","11","160,0,11"
"0/1","8,13","22","83","277,0,83"
"0/1","21,14","35","99","426,0,646"
"0/1","14,14","28","99","403,0,453"
"0/1","9,18","27","99","630,0,273"
"0/1","9,19","28","99","645,0,235"
"0/1","15,12","27","99","364,0,467"
"0/1","20,13","33","99","356,0,508"
"0/1","17,14","31","99","409,0,473"
"0/1","15,20","36","99","511,0,450"
"0/1","15,21","36","99","654,0,443"
"0/1","16,18","34","99","574,0,512"
"0/1","16,14","30","99","346,0,476"
"0/1","10,4","14","99","124,0,322"
"0/1","16,17","33","99","516,0,494"
"0/1","16,6","22","99","149,0,472"
"0/1","6,18","24","94","417,0,94"
"0/1","31,7","39","84","84,0,928"
"0/1","31,7","38","99","189,0,784"
"0/1","37,7","44","99","133,0,1009"
"0/1","18,5","23","99","143,0,495"
"0/1","13,5","18","99","154,0,426"
"0/1","18,16","34","99","477,0,602"
"0/1","9,20","29","99","691,0,230"
"0/1","11,12","23","99","368,0,334"
"1/1","0,24","24","72","966,72,0"
"0/1","10,10","21","99","269,0,292"
"0/1","7,11","18","99","335,0,199"
"0/1","11,5","16","99","154,0,405"
"0/1","10,8","18","99","236,0,350"
"0/1","15,15","30","99","484,0,519"
"0/0","26,0","26","75","0,75,1007"
"0/1","7,7","14","99","104,0,179"
"0/1","11,13","24","99","422,0,367"
"0/1","16,9","25","99","297,0,524"
"0/1","18,17","35","99","550,0,567"
"0/1","3,5","8","62","178,0,62"
"0/1","14,15","29","99","514,0,452"
"0/1","10,9","19","99","294,0,269"
"0/1","18,11","29","99","305,0,595"
"0/0","29,0","29","84","0,84,1097"
"0/1","12,20","32","99","470,0,353"
"0/1","9,18","27","99","629,0,197"
"0/1","12,27","39","99","897,0,369"
"1/1","1,19","20","17","661,17,0"
"0/1","8,17","25","99","526,0,245"
"0/1","19,14","33","99","409,0,576"
"0/1","9,20","29","99","634,0,255"
"0/1","9,18","27","99","611,0,277"
"0/1","11,17","28","99","570,0,308"
"0/1","12,12","24","99","414,0,363"
"0/1","12,8","20","99","261,0,377"
"0/1","10,11","21","99","375,0,301"
"0/1","11,9","20","99","302,0,373"
"0/1","13,10","23","99","344,0,417"
"0/1","13,14","27","99","438,0,434"
"0/1","16,15","31","99","508,0,548"
"0/1","7,5","12","99","169,0,205"
"0/1","15,10","25","99","327,0,524"
"0/1","11,18","29","99","625,0,304"
"0/1","17,17","34","99","495,0,539"
"0/1","15,11","26","99","336,0,436"
"0/1","11,8","19","99","218,0,331"
"0/1","7,15","22","99","449,0,207"
"0/0","32,0","32","90","0,90,1193"
"0/1","15,12","27","99","373,0,504"
"0/1","12,11","23","99","377,0,417"
"0/1","18,15","33","99","488,0,542"
"0/1","14,19","33","99","578,0,467"
"0/1","11,13","24","99","448,0,343"
"0/1","19,20","39","99","637,0,575"
"0/1","16,14","30","99","350,0,423"
"0/1","13,13","26","99","375,0,378"
"0/1","25,17","42","99","544,0,769"
"0/1","6,23","29","99","759,0,151"
"0/1","10,11","21","99","327,0,324"
"0/1","14,14","28","99","454,0,358"
"0/1","14,14","28","99","474,0,472"
"0/1","14,10","24","99","266,0,480"
"0/1","15,13","28","99","426,0,517"
"0/1","14,21","35","99","581,0,369"
"0/1","13,14","27","99","466,0,430"
"0/1","14,18","32","99","606,0,427"
"0/1","6,8","14","99","247,0,159"
"0/1","6,11","17","99","358,0,152"
"0/1","11,14","25","99","476,0,312"
"0/1","21,11","32","99","347,0,708"
"0/1","20,17","37","99","542,0,543"
"0/1","14,12","26","99","410,0,405"
"0/1","9,11","20","99","190,0,279"
"0/1","9,6","15","99","121,0,328"
"0/1","8,7","15","99","234,0,275"
"0/1","10,11","21","99","342,0,346"
"0/1","23,17","40","99","557,0,759"
"0/1","16,17","33","99","519,0,480"
"0/1","12,21","33","99","629,0,339"
"0/1","21,4","25","91","91,0,597"
"0/1","17,21","38","99","688,0,489"
"0/1","13,7","20","99","208,0,455"
"0/1","24,9","33","99","262,0,778"
"0/1","14,11","25","99","351,0,482"
"0/1","11,9","20","99","205,0,350"
"0/0","6,0","6","15","0,15,205"
"0/1","12,10","23","99","259,0,331"
"0/1","9,14","24","99","458,0,224"
"0/1","8,16","25","99","506,0,208"
"0/1","13,10","23","99","220,0,385"
"0/1","14,20","34","99","692,0,434"
"0/1","5,9","14","99","324,0,157"
"0/1","4,12","16","99","424,0,117"
"0/1","9,15","24","99","496,0,249"
"0/1","15,11","26","99","364,0,494"
"0/1","4,13","17","99","434,0,117"
"0/1","17,11","28","99","245,0,556"
"0/1","14,13","27","99","413,0,360"
"0/1","17,12","30","99","368,0,597"
"0/1","11,16","27","99","476,0,372"
"1/1","1,20","21","20","706,20,0"
"0/1","2,18","20","20","629,0,20"
"0/0","3,2","5","9","0,9,116"
"1/1","0,27","27","75","992,75,0"
"0/1","9,9","18","99","253,0,310"
"0/1","16,9","25","99","286,0,557"
"0/0","23,0","23","57","0,57,727"
"0/0","22,0","22","63","0,63,843"
"0/1","15,13","28","99","413,0,387"
"0/1","10,11","21","99","304,0,332"
"0/1","14,16","30","99","490,0,470"
"0/1","9,15","24","99","529,0,290"
"0/1","29,7","36","99","126,0,1030"
"0/1","31,8","39","99","191,0,1066"
"0/1","26,4","30","41","41,0,876"
"0/1","11,10","21","99","338,0,376"
"0/1","14,14","28","99","400,0,436"
"0/0","25,2","27","52","0,52,936"
"0/0","30,2","32","32","0,32,1030"
"0/1","12,12","24","99","372,0,402"
"0/1","11,19","30","99","684,0,302"
"0/0","20,0","20","60","0,60,792"
"0/1","17,6","23","99","174,0,524"
"0/1","9,11","20","99","362,0,286"
"0/1","4,3","7","96","96,0,142"
"0/1","11,16","27","99","516,0,359"
"0/1","22,7","29","56","56,0,196"
"0/0","33,0","33","30","0,30,366"
"0/0","33,1","35","30","0,30,366"
"0/0","26,4","31","45","0,45,564"
"0/1","11,13","24","99","400,0,373"
"0/1","12,12","24","99","388,0,405"
"0/0","23,0","23","63","0,63,835"
"0/1","12,20","32","99","665,0,393"
"0/1","10,15","25","99","522,0,317"
"0/1","16,15","31","99","460,0,538"
"0/1","14,9","23","99","300,0,467"
"0/1","12,17","29","99","598,0,302"
"0/0","36,0","36","99","0,99,1283"
"0/0","40,0","40","99","0,120,1567"
"0/1","15,12","27","99","367,0,451"
"0/1","15,22","37","99","597,0,466"
"0/1","9,13","22","99","452,0,281"
"0/0","70,2","72","99","0,159,2240"
"0/1","52,16","69","99","311,0,1382"
"0/1","14,18","32","99","555,0,393"
"0/1","20,13","33","99","404,0,709"
"0/1","14,13","27","99","387,0,410"
"0/1","15,13","28","99","386,0,477"
"0/1","16,16","32","99","502,0,479"
"0/1","19,14","33","99","429,0,580"
"0/1","19,16","35","99","526,0,642"
"0/1","16,12","28","99","399,0,470"
"0/1","14,16","30","99","503,0,463"
"0/0","42,3","46","32","0,32,769"
"0/1","18,19","37","99","622,0,571"
"0/1","10,15","25","99","493,0,264"
"0/1","7,7","14","99","245,0,240"
"0/1","17,3","20","60","60,0,627"
"0/1","23,10","33","99","305,0,749"
"0/1","6,15","21","99","420,0,171"
"0/1","9,11","20","99","349,0,273"
"0/1","11,8","19","99","230,0,368"
"0/1","11,10","21","99","344,0,337"
"0/1","7,10","17","99","353,0,231"
"0/1","11,11","22","99","377,0,356"
"0/1","8,12","20","99","415,0,259"
"0/1","16,8","24","99","256,0,479"
"0/1","10,14","24","99","505,0,297"
"0/1","8,9","17","99","304,0,273"
"0/1","9,5","14","99","160,0,324"
"0/1","9,16","25","99","459,0,256"
"0/1","12,11","23","99","346,0,346"
"0/1","11,13","24","99","378,0,347"
"0/1","8,18","26","99","617,0,255"
"0/1","7,6","13","99","210,0,243"
"0/1","10,10","20","99","342,0,307"
"0/1","9,11","20","99","381,0,302"
"0/1","12,9","21","99","276,0,367"
"0/1","10,11","21","99","378,0,335"
"0/1","8,14","22","99","503,0,258"
"0/1","8,8","16","99","275,0,277"
"0/1","7,7","14","99","245,0,235"
"0/1","10,13","23","99","446,0,333"
"0/1","8,11","19","99","352,0,262"
"0/1","12,8","20","99","230,0,427"
"0/1","9,7","16","99","161,0,323"
"0/1","11,12","23","99","405,0,373"
"0/1","9,12","21","99","430,0,297"
"0/1","10,10","20","99","347,0,344"
"0/1","10,12","22","99","405,0,333"
"0/1","12,10","22","99","337,0,412"
"0/1","10,7","17","99","195,0,320"
"0/1","14,9","23","99","298,0,480"
"0/1","14,15","29","99","445,0,456"
"0/1","15,11","26","99","356,0,514"
"0/1","8,12","20","99","426,0,233"
"0/1","10,8","18","99","205,0,289"
"0/1","18,9","27","99","221,0,620"
"0/1","18,12","30","99","383,0,633"
"0/1","12,16","28","99","482,0,323"
"0/1","9,13","22","99","412,0,267"
"0/1","17,14","31","99","429,0,582"
"0/1","14,7","21","99","219,0,462"
"0/1","15,22","37","99","748,0,418"
"0/1","22,9","31","99","223,0,708"
"0/0","33,0","33","93","0,93,1228"
"0/1","19,14","33","99","347,0,607"
"0/1","29,5","34","34","34,0,903"
"0/1","14,15","29","99","512,0,472"
"0/1","22,20","42","99","631,0,730"
"0/1","11,11","22","99","367,0,366"
"0/1","11,9","20","99","292,0,374"
"0/1","16,19","35","99","630,0,479"
"0/1","10,12","22","99","423,0,306"
"0/1","5,8","13","99","286,0,168"
"0/1","11,7","18","99","236,0,390"
"0/1","14,12","26","99","372,0,471"
"0/1","9,18","27","99","584,0,273"
"0/1","9,6","15","99","182,0,317"
"0/1","15,12","27","99","405,0,526"
"0/1","15,11","26","99","366,0,512"
"0/1","10,14","24","99","490,0,329"
"0/1","13,11","24","99","353,0,417"
"0/1","5,7","12","99","209,0,172"
"0/1","10,11","21","99","318,0,313"
"0/1","13,15","28","99","518,0,390"
"0/1","8,12","20","99","423,0,228"
"0/1","9,17","26","99","566,0,236"
"0/1","25,6","32","44","44,0,185"
"0/1","11,3","14","89","89,0,263"
"0/1","18,9","28","99","140,0,541"
"0/1","19,9","28","99","140,0,568"
"0/1","18,11","29","99","140,0,567"
"0/1","19,10","29","99","155,0,621"
"0/1","18,9","27","99","106,0,589"
"0/1","12,12","24","99","399,0,356"
"0/1","17,13","30","99","370,0,557"
"0/1","18,18","36","99","579,0,587"
"0/1","14,14","28","99","460,0,455"
"0/1","19,17","36","99","543,0,671"
"0/1","13,20","33","99","601,0,441"
"0/1","16,12","28","99","382,0,470"
"0/1","7,15","23","99","407,0,140"
"0/1","16,15","31","99","386,0,540"
"0/1","15,12","27","99","358,0,521"
"0/0","28,0","28","84","0,84,1091"
"0/1","18,23","41","99","775,0,487"
"0/1","19,14","33","99","282,0,364"
"0/1","12,9","21","99","309,0,409"
"0/1","12,16","28","99","517,0,402"
"0/1","11,15","26","99","524,0,352"
"0/1","9,16","25","99","567,0,243"
"0/1","13,11","24","99","342,0,390"
"0/1","11,11","22","99","376,0,383"
"0/1","10,8","18","99","197,0,358"
"0/0","26,1","29","36","0,36,965"
"0/1","22,6","30","99","159,0,757"
"0/1","21,5","27","99","122,0,739"
"0/1","22,5","27","99","113,0,769"
"0/1","12,19","31","99","542,0,388"
"0/1","14,7","21","99","183,0,402"
"0/1","18,4","22","53","53,0,511"
"0/1","15,14","29","99","428,0,412"
"0/1","16,18","34","99","503,0,328"
"0/1","15,11","26","99","325,0,519"
"0/1","20,12","32","99","407,0,632"
"0/1","11,14","25","99","482,0,331"
"0/1","5,11","16","99","396,0,154"
"0/1","12,4","16","99","115,0,402"
"0/1","13,11","24","99","375,0,423"
"0/1","12,19","31","99","673,0,297"
"0/1","16,12","28","99","316,0,507"
"0/1","18,17","35","99","502,0,605"
"0/1","16,9","25","99","221,0,441"
"0/1","28,11","39","99","349,0,649"
"0/1","6,2","8","25","25,0,139"
"0/1","16,13","29","99","430,0,490"
"0/1","9,14","23","99","453,0,285"
"0/0","32,1","33","75","0,75,991"
"0/1","19,18","37","99","545,0,610"
"0/1","19,16","35","99","430,0,587"
"0/0","10,0","10","27","0,27,346"
"0/1","19,12","32","99","307,0,600"
"0/1","19,17","36","99","516,0,582"
"0/1","12,13","25","99","379,0,400"
"0/1","7,15","22","99","501,0,214"
"0/1","10,12","22","99","386,0,229"
"0/1","8,9","17","99","277,0,239"
"0/1","15,15","30","99","464,0,512"
"0/1","17,17","34","99","516,0,569"
"0/1","18,14","33","99","425,0,447"
"0/1","15,17","32","99","462,0,497"
"0/1","18,20","38","99","645,0,553"
"0/1","17,8","25","99","251,0,581"
"0/1","5,9","14","99","328,0,160"
"0/1","10,11","21","99","373,0,310"
"0/1","15,15","30","99","482,0,495"
"0/1","14,10","24","99","293,0,369"
"0/1","13,10","23","99","300,0,411"
"0/1","10,10","20","99","321,0,276"
"0/1","15,20","35","99","656,0,477"
"0/1","18,18","37","99","512,0,573"
"0/1","19,12","31","99","347,0,613"
"0/1","13,15","28","99","480,0,394"
"0/1","13,18","31","99","590,0,413"
"0/1","10,14","24","99","497,0,259"
"0/1","18,17","35","99","561,0,599"
"0/1","8,5","14","99","151,0,254"
"0/1","14,10","24","99","325,0,464"
"0/1","11,13","24","99","361,0,321"
"0/1","6,9","16","99","319,0,195"
"0/1","17,14","31","99","442,0,554"
"0/1","16,19","35","99","489,0,486"
"0/1","9,12","21","99","359,0,203"
"0/1","9,10","19","99","343,0,232"
"0/1","14,12","26","99","414,0,360"
"0/1","13,11","24","99","367,0,412"
"0/1","13,11","24","99","369,0,449"
"0/1","18,16","34","99","536,0,626"
"0/1","4,17","21","99","460,0,106"
"0/0","28,0","28","69","0,69,867"
"0/0","28,0","28","66","0,66,838"
"0/0","27,1","28","60","0,60,758"
"0/0","26,0","27","60","0,60,767"
"0/1","8,20","28","99","562,0,204"
"0/1","11,11","22","99","360,0,368"
"0/1","9,6","15","99","127,0,314"
"0/1","8,8","16","99","274,0,247"
"0/1","12,13","25","99","373,0,372"
"0/1","8,14","22","99","492,0,260"
"0/1","5,8","13","99","288,0,163"
"0/1","16,16","32","99","450,0,551"
"0/0","45,0","45","99","0,123,1558"
"0/1","15,9","27","99","237,0,336"
"0/1","17,17","34","99","330,0,398"
"1/1","2,15","17","8","413,8,0"
"1/1","1,15","16","36","444,36,0"
"1/1","2,10","12","27","325,27,0"
"1/1","4,33","37","60","1255,60,0"
"1/1","0,12","12","36","492,36,0"
"0/0","26,0","26","78","0,78,1038"
"0/0","26,2","28","19","0,19,868"
"0/1","14,17","31","99","575,0,437"
"0/1","7,13","20","99","420,0,215"
"0/1","11,9","20","99","310,0,345"
"0/0","23,7","31","37","0,37,727"
"0/1","33,12","45","99","289,0,831"
"0/1","37,14","51","99","260,0,881"
"0/1","31,15","46","99","384,0,781"
"0/1","36,17","53","99","250,0,822"
"0/1","36,15","51","99","206,0,933"
"0/1","34,14","48","99","183,0,893"
"0/1","38,10","48","92","92,0,1030"
"0/1","17,12","29","99","198,0,517"
"0/1","9,17","26","99","400,0,284"
"0/1","15,23","39","99","779,0,396"
"0/1","18,8","26","99","189,0,581"
"0/1","6,10","16","99","294,0,198"
"0/1","8,9","17","99","264,0,276"
"0/1","11,5","16","99","159,0,392"
"0/1","5,10","15","99","370,0,124"
"0/1","9,9","18","99","261,0,311"
"0/1","17,15","32","99","445,0,570"
"0/1","15,18","34","99","445,0,338"
"0/1","23,6","29","99","154,0,746"
"0/1","18,13","31","99","421,0,511"
"0/1","19,13","32","99","335,0,614"
"0/1","17,7","24","99","133,0,602"
"0/1","9,9","18","99","316,0,267"
"0/1","9,12","21","99","390,0,309"
"0/1","14,15","29","99","514,0,374"
"0/1","16,11","27","99","323,0,540"
"0/1","22,11","33","99","287,0,737"
"0/1","17,14","31","99","356,0,393"
"0/1","19,15","34","99","470,0,521"
"0/1","11,12","23","99","368,0,368"
"0/1","11,10","21","99","310,0,382"
"0/1","14,15","29","99","517,0,442"
"0/1","21,12","34","99","239,0,631"
"0/1","16,22","38","99","473,0,280"
"0/1","20,12","32","99","285,0,639"
"0/1","22,18","40","99","532,0,612"
"0/1","17,15","32","99","470,0,568"
"0/1","10,14","24","99","455,0,312"
"0/1","15,9","24","99","236,0,365"
"0/1","18,7","26","96","96,0,612"
"0/1","5,8","13","99","280,0,143"
"0/1","18,9","27","99","240,0,646"
"0/1","15,19","34","99","672,0,504"
"0/1","11,18","29","99","619,0,326"
"0/1","12,14","26","99","449,0,347"
"0/1","14,7","21","99","207,0,503"
"0/1","13,18","31","99","581,0,419"
"0/1","14,17","31","99","576,0,432"
"0/1","15,13","28","99","388,0,486"
"0/1","19,15","34","99","505,0,631"
"0/1","12,18","30","99","434,0,405"
"0/1","20,13","33","99","361,0,634"
"0/1","8,18","26","99","535,0,219"
"0/1","3,10","13","89","333,0,89"
"0/1","14,8","22","99","263,0,493"
"0/1","13,22","35","99","708,0,396"
"0/1","21,15","36","99","495,0,659"
"0/1","21,21","42","99","631,0,634"
"0/1","20,13","33","99","397,0,673"
"0/1","13,13","26","99","412,0,451"
"0/1","8,11","19","99","216,0,240"
"0/1","11,15","26","99","531,0,327"
"0/1","18,18","36","99","543,0,537"
"0/1","17,23","40","99","738,0,494"
"0/1","16,24","40","99","782,0,433"
"0/1","12,3","15","69","69,0,392"
"0/1","21,15","36","99","484,0,635"
"0/1","20,15","35","99","444,0,693"
"0/1","16,14","30","99","460,0,554"
"0/1","16,14","30","99","424,0,440"
"0/1","13,11","24","99","346,0,417"
"0/1","11,6","17","99","189,0,396"
"0/1","15,11","26","99","372,0,459"
"0/1","8,11","19","99","389,0,272"
"0/1","9,9","19","99","272,0,311"
"0/1","9,10","19","99","350,0,281"
"0/1","7,12","19","99","442,0,198"
"0/1","5,9","14","99","322,0,163"
"0/1","5,8","13","99","277,0,166"
"0/1","7,6","13","99","194,0,241"
"0/1","6,8","14","99","275,0,205"
"0/1","8,9","17","99","315,0,242"
"0/1","9,7","16","99","239,0,282"
"0/1","9,6","15","99","205,0,278"
"0/1","6,7","13","99","243,0,210"
"0/1","6,7","13","99","248,0,206"
"0/1","7,8","15","99","248,0,239"
"0/1","7,8","15","99","245,0,232"
"0/1","6,8","14","99","276,0,157"
"0/1","8,11","19","99","311,0,272"
"0/1","10,8","18","99","233,0,350"
"0/1","8,10","18","99","343,0,265"
"0/1","10,10","20","99","325,0,325"
"0/1","10,10","20","99","306,0,316"
"0/1","7,9","17","99","246,0,198"
"0/1","7,8","15","99","247,0,223"
"0/1","7,12","19","99","430,0,206"
"0/1","7,12","19","99","429,0,216"
"0/1","10,10","20","99","306,0,326"
"0/1","9,12","21","99","413,0,296"
"0/1","8,10","18","99","298,0,278"
"0/1","8,8","16","99","263,0,266"
"0/1","5,6","11","99","209,0,176"
"0/1","8,11","19","99","379,0,268"
"0/1","8,11","19","99","352,0,276"
"0/1","9,14","23","99","471,0,295"
"0/1","9,14","23","99","432,0,301"
"0/1","9,11","20","99","303,0,315"
"0/1","14,9","23","99","227,0,477"
"0/1","12,9","21","99","307,0,390"
"0/1","12,9","21","99","300,0,389"
"0/1","6,13","19","99","431,0,188"
"0/1","8,19","27","99","630,0,245"
"0/1","7,10","17","99","283,0,205"
"0/1","7,10","17","99","315,0,202"
"0/1","7,9","16","99","301,0,232"
"0/1","8,9","17","99","304,0,232"
"0/1","6,12","18","99","417,0,185"
"0/1","5,9","14","99","327,0,165"
"0/1","8,10","18","99","282,0,275"
"0/1","6,9","15","99","290,0,190"
"0/1","8,13","21","99","448,0,262"
"0/1","26,14","40","99","385,0,865"
"0/1","17,22","39","99","660,0,518"
"0/0","29,0","29","81","0,81,1059"
"0/0","30,0","30","81","0,81,1065"
"0/0","29,0","29","75","0,75,900"
"0/0","10,1","13","3","0,3,40"
"0/1","13,17","30","99","515,0,384"
"0/1","13,8","21","99","223,0,399"
"0/1","15,19","34","99","624,0,398"
"0/1","18,8","26","99","213,0,653"
"0/1","10,13","23","99","440,0,314"
"0/1","7,9","16","99","272,0,208"
"0/1","4,24","28","52","769,0,52"
"0/1","12,12","24","99","402,0,338"
"0/1","11,14","25","99","479,0,354"
"0/1","6,8","14","99","275,0,176"
"0/1","9,4","13","99","117,0,325"
"0/1","10,7","17","99","207,0,355"
"0/1","10,7","17","99","224,0,321"
"0/1","11,10","21","99","334,0,339"
"0/1","10,10","20","99","329,0,337"
"0/1","14,8","22","99","263,0,493"
"0/1","8,10","18","99","351,0,238"
"0/1","16,17","33","99","526,0,500"
"0/1","12,9","21","99","305,0,332"
"0/1","11,17","28","99","566,0,326"
"0/1","14,10","24","99","337,0,498"
"0/1","10,17","27","99","628,0,289"
"0/1","7,4","11","99","118,0,254"
"0/1","6,8","14","99","288,0,167"
"0/1","14,16","30","99","553,0,435"
"0/1","24,18","42","99","604,0,789"
"0/1","11,17","28","99","560,0,332"
"0/1","21,15","36","99","441,0,607"
"0/1","24,19","43","99","604,0,634"
"0/1","12,12","24","99","399,0,396"
"0/1","18,14","32","99","473,0,583"
"0/1","19,14","33","99","428,0,663"
"0/1","9,7","16","99","234,0,316"
"0/1","7,12","19","99","416,0,223"
"0/1","12,16","28","99","397,0,376"
"0/1","16,11","27","99","325,0,546"
"0/1","9,7","16","99","227,0,304"
"0/1","2,7","9","55","260,0,55"
"0/1","18,11","29","99","325,0,533"
"0/1","5,10","15","99","353,0,147"
"0/1","18,14","32","99","377,0,573"
"0/1","7,3","10","93","93,0,246"
"0/1","9,3","12","87","87,0,312"
"0/1","8,3","12","90","90,0,283"
"0/1","9,3","13","87","87,0,311"
"0/1","10,3","13","89","89,0,317"
"0/1","10,3","13","86","86,0,359"
"0/1","11,3","15","81","81,0,385"
"0/1","11,3","15","83","83,0,385"
"0/1","11,3","15","81","81,0,349"
"0/1","13,3","16","77","77,0,415"
"0/1","13,3","16","78","78,0,436"
"0/1","13,3","16","80","80,0,432"
"0/1","12,3","16","75","75,0,429"
"0/1","12,3","16","78","78,0,428"
"0/1","12,3","16","78","78,0,435"
"0/1","13,3","16","75","75,0,464"
"0/1","13,3","16","75","75,0,454"
"0/1","12,3","16","78","78,0,411"
"0/1","13,3","16","72","72,0,463"
"0/1","13,3","16","75","75,0,461"
"0/1","13,3","16","77","77,0,460"
"0/1","12,3","16","78","78,0,429"
"0/1","14,3","18","72","72,0,505"
"0/1","14,4","18","99","106,0,509"
"0/1","13,3","17","72","72,0,436"
"0/1","14,3","18","69","69,0,491"
"0/1","14,3","18","72","72,0,471"
"0/1","18,15","33","99","354,0,515"
"0/1","9,12","21","99","417,0,291"
"0/1","14,9","23","99","262,0,494"
"0/1","13,7","20","99","194,0,436"
"0/1","14,17","31","99","591,0,429"
"0/1","15,17","32","99","515,0,471"
"0/1","18,19","37","99","638,0,569"
"0/1","15,18","33","99","525,0,469"
"0/1","15,16","31","99","483,0,378"
"0/1","11,16","27","99","551,0,366"
"0/1","16,18","34","99","593,0,500"
"0/1","14,19","33","99","598,0,431"
"0/1","13,20","33","99","637,0,394"
"0/1","16,17","33","99","580,0,515"
"0/1","13,16","29","99","450,0,380"
"0/0","13,0","13","39","0,39,501"
"0/0","12,0","12","36","0,36,439"
"0/1","15,14","29","99","368,0,423"
"0/1","11,18","29","99","546,0,292"
"0/1","10,11","21","99","303,0,263"
"0/1","10,11","21","99","277,0,308"
"0/1","16,15","31","99","477,0,511"
"0/1","12,17","29","99","547,0,391"
"0/1","12,14","26","99","483,0,348"
"0/1","14,14","30","99","449,0,380"
"0/1","15,16","31","99","490,0,407"
"0/1","7,7","14","99","200,0,233"
"0/1","16,11","27","99","305,0,476"
"0/1","13,22","35","99","665,0,355"
"0/1","13,16","31","99","336,0,395"
"0/1","18,16","34","99","523,0,586"
"0/1","16,8","24","99","221,0,513"
"0/1","8,7","15","99","242,0,282"
"0/1","9,11","20","99","371,0,270"
"0/1","5,9","14","99","312,0,145"
"0/1","19,14","33","99","466,0,582"
"0/1","12,10","22","99","349,0,386"
"0/1","17,9","26","99","269,0,603"
"0/1","18,17","35","99","595,0,550"
"0/1","16,6","22","99","178,0,465"
"0/1","11,10","21","99","349,0,371"
"0/1","21,9","30","99","279,0,729"
"0/1","6,15","21","99","533,0,179"
"0/1","17,10","27","99","328,0,488"
"0/1","8,14","22","99","457,0,178"
"0/1","15,7","22","99","204,0,536"
"0/1","10,9","19","99","298,0,321"
"0/1","8,10","18","99","340,0,257"
"0/1","17,19","36","99","654,0,534"
"0/1","5,10","15","99","316,0,165"
"0/1","9,8","17","99","261,0,274"
"0/1","10,23","33","99","821,0,296"
"0/1","7,13","20","99","446,0,225"
"0/1","19,4","23","96","96,0,654"
"0/1","13,10","23","99","328,0,400"
"0/1","28,16","44","99","504,0,932"
"0/1","17,8","25","99","219,0,541"
"0/0","25,0","25","72","0,72,986"
"0/1","16,12","28","99","394,0,525"
"0/1","8,10","18","99","314,0,239"
"0/1","7,11","18","99","341,0,157"
"0/1","6,7","13","99","226,0,188"
"0/1","8,3","13","82","82,0,278"
"0/1","14,14","28","99","459,0,384"
"0/1","7,13","21","69","280,0,69"
"0/1","10,14","25","99","486,0,309"
"0/1","12,14","26","99","479,0,360"
"0/1","7,15","22","99","535,0,211"
"0/1","13,22","35","99","789,0,317"
"0/1","15,22","38","99","728,0,453"
"0/1","14,17","31","99","551,0,474"
"0/1","12,12","24","99","386,0,408"
"0/1","9,10","19","99","326,0,310"
"0/1","8,12","20","99","426,0,259"
"0/1","10,11","21","99","330,0,335"
"0/1","10,13","23","99","450,0,255"
"0/1","13,19","32","99","579,0,387"
"0/1","19,17","36","99","585,0,651"
"0/0","45,2","47","95","0,95,1564"
"0/0","45,2","47","95","0,95,1582"
"0/1","13,13","26","99","361,0,308"
"0/0","14,0","14","36","0,36,434"
"0/1","14,18","32","99","500,0,426"
"0/1","10,15","25","99","420,0,254"
"0/1","9,12","21","99","360,0,282"
"0/1","28,9","37","99","224,0,788"
"0/1","15,11","26","99","343,0,529"
"0/1","6,7","13","99","240,0,200"
"0/1","17,18","35","99","617,0,527"
"1/1","0,39","39","99","1445,108,0"
"0/1","21,23","44","99","743,0,696"
"0/1","10,14","24","99","485,0,262"
"0/1","13,11","24","99","378,0,415"
"0/1","12,18","30","99","592,0,354"
"0/1","11,9","20","99","296,0,314"
"0/0","13,0","13","36","0,36,495"
"0/1","39,10","49","99","134,0,1264"
"0/1","28,7","35","74","74,0,977"
"0/1","49,8","57","97","97,0,1466"
"0/1","9,12","21","99","390,0,260"
"0/1","19,13","32","99","396,0,566"
"0/1","12,8","20","99","232,0,435"
"0/1","8,9","17","99","309,0,274"
"0/1","17,3","20","53","53,0,618"
"0/1","10,10","20","99","346,0,341"
"0/1","9,10","19","99","352,0,267"
"0/1","9,15","24","99","460,0,279"
"0/1","15,23","38","99","665,0,376"
"0/1","16,16","32","99","553,0,497"
"0/1","13,8","21","99","231,0,386"
"0/1","15,16","31","99","520,0,513"
"0/1","13,31","44","99","1014,0,378"
"0/1","15,22","37","99","687,0,442"
"0/1","19,14","33","99","437,0,674"
"0/1","15,12","27","99","330,0,498"
"0/1","14,18","32","99","563,0,425"
"0/1","16,16","32","99","519,0,508"
"0/0","29,0","29","84","0,84,1140"
"0/0","23,1","24","39","0,39,467"
"0/1","14,17","31","99","524,0,396"
"0/1","12,7","19","99","226,0,380"
"0/1","9,5","14","99","166,0,289"
"0/1","4,7","11","99","247,0,130"
"0/1","11,8","19","99","269,0,354"
"0/1","7,11","19","99","346,0,163"
"0/1","12,19","31","99","603,0,354"
"0/1","13,10","23","99","346,0,374"
"0/1","9,6","15","99","184,0,322"
"0/1","12,7","19","99","212,0,434"
"0/1","12,11","23","99","349,0,415"
"0/1","3,6","9","98","213,0,98"
"0/1","11,8","19","99","275,0,356"
"0/1","6,10","16","99","359,0,157"
"0/1","10,3","13","78","78,0,373"
"0/1","11,16","27","99","554,0,290"
"0/1","18,6","24","99","181,0,563"
"0/1","18,6","24","99","172,0,560"
"0/1","14,9","23","99","265,0,464"
"0/1","7,9","16","99","301,0,228"
"0/1","13,13","26","99","418,0,436"
"0/1","18,18","36","99","467,0,457"
"0/1","25,16","41","99","480,0,812"
"0/1","25,11","36","99","337,0,795"
"0/1","23,8","31","99","228,0,692"
"0/1","11,26","37","99","820,0,321"
"0/1","16,18","34","99","548,0,545"
"0/1","17,21","38","99","684,0,527"
"0/1","13,11","24","99","312,0,404"
"0/1","6,7","13","99","246,0,203"
"0/1","9,8","17","99","160,0,150"
"0/1","16,18","35","99","557,0,469"
"0/1","22,18","40","99","518,0,722"
"0/1","13,17","30","99","440,0,395"
"0/1","11,15","26","99","519,0,287"
"0/1","13,17","30","99","538,0,399"
"0/1","20,14","34","99","455,0,636"
"0/1","14,10","24","99","304,0,420"
"0/1","9,13","22","99","357,0,271"
"0/1","11,10","21","99","304,0,384"
"0/1","12,15","27","99","510,0,365"
"0/1","9,13","22","99","459,0,227"
"0/1","21,19","40","99","577,0,705"
"0/1","19,17","36","99","514,0,543"
"0/1","9,16","25","99","555,0,279"
"0/1","18,17","36","99","489,0,511"
"0/1","30,5","35","57","57,0,971"
"0/1","31,5","36","95","95,0,950"
"0/1","30,5","37","89","89,0,960"
"0/1","26,6","35","99","136,0,642"
"0/1","20,25","45","99","824,0,470"
"0/1","27,16","43","99","468,0,820"
"0/1","14,14","28","99","399,0,426"
"0/1","6,8","14","99","206,0,191"
"0/1","7,17","24","99","553,0,219"
"0/1","16,15","31","99","304,0,427"
"0/1","18,10","29","99","311,0,555"
"0/1","18,16","34","99","540,0,562"
"0/1","14,10","24","99","279,0,409"
"0/1","17,15","32","99","446,0,583"
"0/1","10,10","20","99","285,0,300"
"0/1","10,12","22","99","378,0,242"
"0/1","10,20","30","99","639,0,311"
"0/1","11,12","23","99","417,0,377"
"0/1","15,17","32","99","574,0,377"
"0/1","15,20","35","99","656,0,467"
"0/0","7,0","7","15","0,15,205"
"0/0","8,0","9","21","0,21,276"
"0/1","7,3","10","93","93,0,215"
"0/1","12,3","15","74","74,0,353"
"0/1","12,3","15","74","74,0,382"
"0/1","20,16","36","99","488,0,633"
"0/1","16,14","30","99","450,0,453"
"0/1","12,21","33","99","648,0,371"
"0/1","14,12","26","99","372,0,461"
"0/1","12,13","27","99","434,0,364"
"0/1","17,8","25","99","198,0,582"
"0/1","21,4","25","88","88,0,734"
"0/1","24,7","31","99","189,0,850"
"0/1","9,10","19","99","318,0,303"
"0/1","12,8","20","99","228,0,435"
"0/1","7,18","25","99","627,0,134"
"0/1","4,8","17","82","86,0,82"
"0/1","20,10","30","99","231,0,509"
"0/1","42,20","62","99","582,0,1421"
"0/0","35,4","39","5","0,5,1132"
"0/0","27,3","31","52","0,52,954"
"0/1","30,3","33","14","14,0,940"
"0/1","30,3","33","2","2,0,1003"
"0/1","30,8","39","99","118,0,975"
"0/1","41,7","48","99","141,0,1383"
"0/1","41,12","53","99","254,0,1415"
"0/1","44,7","52","99","125,0,1482"
"0/1","29,3","32","24","24,0,944"
"0/1","29,4","33","61","61,0,928"
"0/1","45,12","57","99","295,0,1431"
"0/1","48,13","61","99","348,0,1410"
"0/1","36,8","44","99","152,0,1106"
"0/1","31,8","39","99","173,0,1025"
"0/1","32,10","42","99","241,0,1075"
"0/1","43,13","56","99","302,0,1362"
"0/1","12,12","24","99","337,0,348"
"0/1","10,10","20","99","263,0,302"
"0/1","14,11","25","99","196,0,401"
"0/0","24,0","24","72","0,72,952"
"0/1","13,15","28","99","500,0,418"
"0/1","9,12","21","99","428,0,249"
"0/1","10,7","17","99","242,0,319"
"0/1","10,10","20","99","316,0,304"
"0/1","14,18","32","99","540,0,430"
"0/1","17,8","25","99","247,0,574"
"0/1","17,8","25","99","250,0,556"
"0/1","12,12","24","99","381,0,356"
"0/1","9,8","17","99","279,0,266"
"0/1","11,10","21","99","334,0,353"
"0/1","22,15","37","99","480,0,747"
"0/1","22,15","37","99","481,0,648"
"0/1","20,17","37","99","563,0,631"
"0/1","20,17","37","99","557,0,669"
"0/1","18,18","36","99","561,0,594"
"0/1","15,17","32","99","500,0,490"
"0/1","18,18","36","99","550,0,548"
"0/1","16,18","34","99","490,0,521"
"0/1","16,17","33","99","552,0,532"
"0/1","19,16","35","99","503,0,660"
"0/1","19,14","33","99","370,0,623"
"0/1","18,16","34","99","418,0,599"
"0/1","14,11","25","99","363,0,474"
"0/1","10,8","18","99","232,0,337"
"0/1","10,4","14","99","114,0,338"
"0/1","12,7","19","99","188,0,418"
"0/1","15,17","32","99","510,0,412"
"0/1","15,16","31","99","497,0,453"
"0/1","14,17","31","99","549,0,476"
"0/1","14,13","27","99","405,0,449"
"0/1","13,13","26","99","374,0,413"
"0/1","12,10","22","99","260,0,402"
"0/1","13,10","23","99","257,0,415"
"0/1","14,10","24","99","259,0,446"
"0/1","14,8","22","99","209,0,447"
"0/1","14,8","22","99","214,0,474"
"0/1","12,12","24","99","399,0,294"
"0/1","13,14","27","99","460,0,408"
"0/1","18,13","31","99","425,0,558"
"0/1","29,8","37","99","101,0,861"
"0/1","23,8","31","99","121,0,709"
"0/1","25,15","40","99","275,0,692"
"0/1","22,15","37","99","371,0,653"
"0/1","22,15","37","99","389,0,733"
"0/1","23,16","39","99","467,0,662"
"0/1","24,14","38","99","420,0,629"
"0/1","24,14","38","99","399,0,630"
"0/1","24,14","38","99","421,0,666"
"0/1","21,15","36","99","421,0,649"
"0/1","20,13","33","99","411,0,613"
"0/1","24,6","30","97","97,0,777"
"0/1","17,7","24","99","100,0,547"
"0/1","18,6","24","99","108,0,508"
"0/1","18,12","30","99","385,0,555"
"0/1","16,13","29","99","384,0,519"
"0/1","14,16","30","99","475,0,443"
"0/1","12,16","28","99","501,0,366"
"0/1","10,18","28","99","566,0,302"
"0/1","11,17","28","99","518,0,331"
"0/1","13,16","29","99","538,0,302"
"0/1","12,16","28","99","505,0,272"
"0/1","13,17","30","99","568,0,361"
"0/1","17,14","31","99","419,0,507"
"0/1","19,17","36","99","509,0,536"
"0/1","20,17","37","99","525,0,497"
"0/1","19,14","33","99","386,0,587"
"0/1","17,16","34","99","529,0,495"
"0/1","16,17","33","99","503,0,410"
"0/1","16,22","38","99","595,0,519"
"0/1","19,19","38","99","510,0,591"
"0/1","17,20","37","99","618,0,509"
"0/1","17,17","34","99","421,0,539"
"0/1","14,17","31","99","564,0,453"
"0/1","12,13","25","99","413,0,400"
"0/1","12,13","25","99","384,0,406"
"0/1","12,13","25","99","369,0,407"
"0/1","12,16","28","99","538,0,386"
"0/1","12,18","30","99","531,0,358"
"0/1","13,17","30","99","486,0,398"
"0/1","14,14","28","99","354,0,407"
"0/1","13,13","26","99","340,0,438"
"0/1","13,11","24","99","293,0,428"
"0/1","13,11","24","99","298,0,437"
"0/1","13,10","23","99","229,0,450"
"0/1","13,15","28","99","424,0,424"
"0/1","13,16","29","99","402,0,413"
"0/1","14,16","30","99","476,0,413"
"0/1","16,11","27","99","350,0,459"
"0/1","16,11","27","99","312,0,468"
"0/1","15,11","26","99","340,0,442"
"0/1","17,12","29","99","359,0,542"
"0/1","15,13","28","99","359,0,435"
"0/1","16,13","29","99","396,0,447"
"0/1","21,12","33","99","349,0,576"
"0/1","21,7","28","99","193,0,649"
"0/1","23,7","30","99","145,0,687"
"0/1","21,6","27","99","142,0,619"
"0/1","21,6","27","99","113,0,623"
"0/1","21,6","27","99","143,0,527"
"0/1","16,9","28","99","162,0,443"
"0/1","16,15","32","99","311,0,444"
"0/1","20,13","35","99","383,0,476"
"0/1","20,14","35","99","404,0,562"
"0/1","22,14","36","99","437,0,684"
"0/1","21,15","36","99","457,0,682"
"0/1","16,13","29","99","399,0,462"
"0/1","15,13","28","99","421,0,481"
"0/1","18,12","30","99","387,0,601"
"0/1","20,10","30","99","307,0,619"
"0/1","18,10","29","99","305,0,600"
"0/1","17,7","24","99","153,0,590"
"0/1","14,8","22","99","254,0,450"
"0/1","15,9","24","99","287,0,520"
"0/1","11,8","19","99","266,0,326"
"0/1","12,8","20","99","262,0,415"
"0/1","15,9","24","99","288,0,466"
"0/1","15,9","24","99","290,0,469"
"0/1","21,9","30","99","276,0,668"
"0/1","23,9","32","99","270,0,764"
"0/1","22,12","34","99","317,0,757"
"0/1","19,13","32","99","337,0,644"
"0/1","13,14","27","99","406,0,452"
"0/1","13,12","25","99","412,0,443"
"0/1","12,12","24","99","380,0,400"
"0/1","11,12","23","99","415,0,363"
"0/1","14,9","23","99","288,0,468"
"0/1","16,9","25","99","287,0,557"
"0/1","16,9","25","99","284,0,559"
"0/1","15,9","24","99","248,0,531"
"0/1","15,10","25","99","278,0,521"
"0/1","15,8","23","99","201,0,531"
"0/1","13,9","22","99","245,0,458"
"0/1","18,20","38","99","609,0,552"
"0/1","19,19","38","99","594,0,649"
"0/1","22,20","42","99","665,0,750"
"0/1","23,21","44","99","670,0,764"
"0/1","21,18","39","99","578,0,633"
"0/1","19,18","37","99","551,0,609"
"0/1","17,16","33","99","515,0,546"
"0/1","11,15","26","99","517,0,356"
"0/1","12,14","26","99","483,0,394"
"0/1","12,13","25","99","408,0,334"
"0/1","17,15","32","99","481,0,512"
"0/1","16,10","26","99","292,0,507"
"0/1","16,10","26","99","176,0,504"
"0/1","13,11","24","99","326,0,406"
"0/1","19,7","26","99","153,0,564"
"0/1","20,7","27","99","189,0,570"
"0/1","16,9","25","99","257,0,460"
"1/1","1,14","15","2","447,2,0"
"0/1","20,5","25","54","54,0,533"
"0/1","20,5","25","57","57,0,549"
"0/1","18,14","32","99","354,0,521"
"0/1","19,14","33","99","361,0,589"
"0/1","16,19","35","99","586,0,404"
"0/1","16,17","33","99","504,0,354"
"0/1","12,12","32","99","280,0,313"
"0/1","19,12","31","99","329,0,508"
"0/1","19,12","31","99","383,0,436"
"0/1","20,12","32","99","371,0,520"
"0/1","21,13","34","99","388,0,564"
"0/1","19,15","34","99","445,0,490"
"0/1","19,17","36","99","542,0,517"
"0/1","15,18","33","99","500,0,483"
"0/1","12,19","31","99","538,0,270"
"0/1","14,2","17","25","25,0,459"
"0/1","16,3","19","46","46,0,493"
"0/1","16,3","19","19","19,0,563"
"0/1","14,11","25","99","320,0,456"
"0/1","16,11","27","99","311,0,489"
"0/1","25,13","38","99","387,0,774"
"0/1","25,13","38","99","403,0,730"
"0/1","25,14","39","99","434,0,805"
"0/1","25,14","39","99","422,0,771"
"0/1","25,17","42","99","549,0,831"
"0/1","23,22","45","99","619,0,715"
"0/1","22,23","45","99","612,0,716"
"0/1","14,21","35","99","531,0,416"
"0/1","13,17","30","99","503,0,395"
"0/1","9,16","25","99","538,0,252"
"0/1","12,14","26","99","432,0,382"
"0/1","12,14","26","99","479,0,379"
"0/1","14,20","34","99","674,0,444"
"0/1","14,20","34","99","655,0,440"
"0/1","13,17","30","99","470,0,419"
"0/1","13,21","34","99","689,0,405"
"0/1","21,13","34","99","369,0,712"
"0/1","21,19","40","99","551,0,602"
"0/1","19,12","31","99","391,0,525"
"0/1","20,13","33","99","353,0,565"
"0/1","17,11","28","99","131,0,528"
"0/1","12,10","22","99","274,0,411"
"0/1","14,7","21","99","177,0,489"
"0/1","10,9","19","99","265,0,340"
"0/1","10,10","20","99","316,0,340"
"0/1","14,12","26","99","313,0,466"
"0/1","16,7","23","99","209,0,538"
"0/1","12,5","17","99","105,0,414"
"0/1","8,7","15","99","208,0,230"
"0/1","9,5","14","99","145,0,278"
"0/1","11,5","16","99","111,0,306"
"0/1","17,9","26","99","187,0,538"
"0/1","11,8","19","99","192,0,380"
"0/1","11,7","18","99","188,0,349"
"0/1","11,7","18","99","188,0,343"
"0/1","12,9","21","99","258,0,397"
"0/1","12,15","27","99","487,0,323"
"0/1","11,10","21","99","309,0,365"
"0/1","16,15","31","99","424,0,491"
"0/1","15,17","32","99","526,0,436"
"0/1","16,17","33","99","507,0,502"
"0/1","19,23","42","99","738,0,570"
"0/1","14,16","30","99","485,0,422"
"0/1","15,17","32","99","542,0,415"
"0/1","15,14","29","99","449,0,418"
"0/1","15,14","29","99","442,0,442"
"0/1","15,12","27","99","333,0,452"
"0/1","17,9","26","99","271,0,519"
"0/1","17,9","26","99","248,0,492"
"0/1","13,13","27","99","396,0,358"
"0/1","14,11","26","99","360,0,411"
"0/1","12,12","26","99","339,0,395"
"0/1","12,18","30","99","555,0,382"
"0/1","20,20","40","99","630,0,564"
"0/1","21,23","44","99","670,0,566"
"0/1","16,22","38","99","612,0,442"
"0/1","16,6","22","99","107,0,551"
"0/1","21,13","34","99","372,0,655"
"0/1","23,15","38","99","460,0,701"
"0/1","23,17","40","99","483,0,715"
"0/1","23,22","45","99","696,0,613"
"0/1","24,22","46","99","664,0,624"
"0/1","21,23","44","99","715,0,589"
"0/1","23,18","41","99","556,0,568"
"0/1","21,19","40","99","539,0,627"
"0/1","21,17","38","99","460,0,621"
"0/1","20,16","36","99","473,0,492"
"0/1","19,15","34","99","401,0,566"
"0/1","19,16","35","99","333,0,571"
"0/1","21,16","37","99","462,0,618"
"0/1","19,13","32","99","350,0,559"
"0/1","6,22","28","99","694,0,147"
"0/1","9,16","25","99","548,0,268"
"0/1","11,20","31","99","680,0,310"
"0/1","13,19","32","99","623,0,389"
"0/1","14,19","33","99","607,0,434"
"0/1","11,20","31","99","569,0,325"
"0/1","11,18","29","99","539,0,351"
"0/1","13,18","32","99","604,0,425"
"0/1","13,14","27","99","478,0,439"
"0/1","16,14","30","99","407,0,505"
"0/1","18,9","27","99","234,0,551"
"0/1","18,8","26","99","224,0,548"
"0/1","17,8","26","99","213,0,488"
"0/1","9,11","20","99","269,0,289"
"0/1","10,9","19","99","147,0,324"
"0/1","11,6","17","99","169,0,348"
"0/1","11,6","17","99","157,0,383"
"0/1","11,6","17","99","160,0,386"
"0/1","11,6","17","99","168,0,386"
"0/1","8,9","17","99","237,0,268"
"0/1","8,7","15","99","223,0,265"
"0/1","12,8","20","99","142,0,384"
"0/1","13,9","22","99","206,0,315"
"0/1","12,10","22","99","222,0,374"
"0/1","29,8","37","99","160,0,823"
"0/1","35,4","39","25","25,0,875"
"0/1","15,9","24","99","239,0,431"
"0/1","21,6","27","99","158,0,657"
"0/1","17,9","27","99","267,0,548"
"0/1","22,13","35","99","368,0,652"
"0/1","21,15","36","99","447,0,648"
"0/1","21,14","35","99","402,0,655"
"0/1","6,12","18","99","356,0,186"
"0/1","6,12","18","99","338,0,192"
"0/1","5,12","17","99","330,0,160"
"0/1","8,11","19","99","315,0,255"
"0/1","11,10","21","99","349,0,349"
"0/1","13,10","23","99","340,0,460"
"0/1","15,12","27","99","335,0,522"
"0/1","16,12","28","99","370,0,563"
"0/1","13,11","24","99","372,0,449"
"0/1","15,10","25","99","323,0,480"
"0/1","15,9","24","99","297,0,495"
"0/1","12,9","21","99","293,0,423"
"0/1","13,10","23","99","295,0,449"
"0/1","15,12","27","99","351,0,508"
"0/1","17,11","28","99","352,0,586"
"0/1","18,11","29","99","340,0,594"
"0/1","18,11","29","99","326,0,621"
"0/1","18,11","29","99","362,0,635"
"0/1","14,12","26","99","406,0,468"
"0/1","8,7","15","99","205,0,285"
"0/1","14,9","23","99","284,0,452"
"0/1","18,13","31","99","363,0,590"
"0/1","12,8","20","99","267,0,380"
"0/1","10,9","19","99","294,0,341"
"0/1","9,7","17","99","239,0,311"
"0/1","8,11","19","99","353,0,231"
"0/1","11,10","21","99","307,0,355"
"0/1","12,9","21","99","292,0,386"
"0/1","12,10","22","99","320,0,416"
"0/1","12,12","24","99","419,0,403"
"0/1","10,13","23","99","452,0,297"
"0/1","13,11","24","99","369,0,434"
"0/1","13,12","25","99","406,0,420"
"0/1","8,13","21","99","392,0,223"
"0/1","8,17","25","99","563,0,243"
"0/1","8,15","23","99","532,0,253"
"0/1","6,12","18","99","394,0,188"
"0/1","5,13","18","99","407,0,117"
"0/1","8,14","22","99","435,0,228"
"0/1","10,15","25","99","502,0,295"
"0/1","12,15","27","99","517,0,288"
"0/1","15,16","31","99","553,0,410"
"0/1","11,12","23","99","364,0,350"
"0/1","14,11","25","99","381,0,253"
"1/2","0,11,15","26","99","939,561,531,377,0,332"
"0/1","22,13","35","99","393,0,627"
"0/1","22,13","35","99","379,0,620"
"0/1","24,13","37","99","378,0,632"
"0/1","22,14","36","99","380,0,630"
"0/1","23,13","36","99","404,0,619"
"0/1","18,12","31","99","352,0,565"
"0/1","15,13","28","99","376,0,452"
"0/1","16,13","29","99","416,0,488"
"0/1","14,14","28","99","379,0,451"
"0/1","11,14","25","99","447,0,357"
"0/1","10,14","24","99","458,0,288"
"0/1","10,13","23","99","454,0,325"
"0/1","8,15","23","99","508,0,247"
"0/1","15,9","24","99","290,0,519"
"0/1","9,11","20","99","341,0,307"
"0/1","13,9","22","99","294,0,449"
"0/1","12,10","22","99","328,0,415"
"0/1","13,8","21","99","264,0,461"
"0/1","19,11","30","99","322,0,673"
"0/1","18,14","32","99","416,0,619"
"0/1","18,14","32","99","431,0,624"
"0/1","18,15","33","99","433,0,596"
"0/1","18,14","32","99","419,0,586"
"0/1","16,14","30","99","442,0,426"
"0/1","15,11","26","99","324,0,513"
"0/1","15,8","23","99","251,0,537"
"0/1","14,8","22","99","251,0,460"
"0/1","15,11","26","99","364,0,494"
"0/1","15,11","26","99","363,0,495"
"0/1","16,13","29","99","397,0,518"
"0/1","17,13","30","99","440,0,528"
"0/1","21,14","35","99","436,0,649"
"0/1","21,17","38","99","537,0,631"
"0/1","21,13","34","99","328,0,673"
"0/1","15,14","29","99","418,0,493"
"0/1","14,5","19","99","136,0,463"
"0/1","12,4","16","99","114,0,405"
"0/1","11,15","26","99","470,0,374"
"0/1","11,16","27","99","493,0,368"
"0/1","11,8","19","99","241,0,361"
"0/1","11,8","19","99","274,0,284"
"0/1","11,8","19","99","248,0,353"
"0/1","15,5","20","99","142,0,507"
"0/1","10,8","18","99","272,0,345"
"0/1","8,7","15","99","226,0,277"
"0/1","14,11","25","99","375,0,478"
"0/1","12,14","26","99","454,0,383"
"0/1","12,14","26","99","441,0,358"
"0/1","12,15","27","99","492,0,313"
"0/1","15,17","32","99","549,0,453"
"0/1","10,10","20","99","352,0,336"
"0/1","12,9","21","99","238,0,392"
"0/1","10,9","19","99","241,0,349"
"0/1","11,10","21","99","339,0,378"
"0/1","10,7","17","99","194,0,352"
"0/1","11,5","16","99","118,0,407"
"0/1","13,12","25","99","365,0,430"
"0/1","23,13","36","99","402,0,788"
"0/1","14,15","29","99","519,0,447"
"0/1","12,18","30","99","631,0,379"
"0/1","13,17","30","99","600,0,429"
"0/1","11,18","29","99","638,0,347"
"0/1","11,15","26","99","471,0,305"
"0/1","20,15","35","99","491,0,633"
"0/1","21,13","34","99","406,0,522"
"0/1","17,11","28","99","350,0,551"
"0/1","21,21","42","99","715,0,623"
"0/1","23,17","41","99","567,0,725"
"0/1","21,9","30","99","248,0,723"
"0/1","21,9","30","99","264,0,717"
"0/1","19,9","28","99","287,0,604"
"0/1","21,10","31","99","314,0,678"
"0/1","20,13","33","99","397,0,652"
"0/1","18,14","32","99","474,0,577"
"0/1","14,16","30","99","548,0,479"
"0/1","11,15","26","99","473,0,368"
"0/1","8,17","25","99","585,0,240"
"0/1","8,15","23","99","500,0,256"
"0/1","23,18","41","99","593,0,762"
"0/1","13,10","23","99","313,0,450"
"0/1","14,9","23","99","288,0,490"
"0/1","13,7","20","99","218,0,412"
"0/1","18,12","30","99","375,0,626"
"0/1","19,15","34","99","487,0,644"
"0/1","19,16","35","99","534,0,657"
"0/1","18,16","34","99","508,0,617"
"0/1","18,17","35","99","579,0,579"
"0/1","17,18","35","99","611,0,544"
"0/1","18,18","36","99","618,0,601"
"0/1","17,20","37","99","648,0,569"
"0/1","16,19","35","99","660,0,530"
"0/1","13,20","33","99","699,0,426"
"0/1","13,17","30","99","575,0,395"
"0/1","16,15","31","99","502,0,490"
"0/1","13,15","28","99","505,0,380"
"0/1","15,14","29","99","394,0,491"
"0/1","20,14","34","99","455,0,623"
"0/1","19,13","32","99","397,0,602"
"0/1","18,14","32","99","473,0,601"
"0/1","17,16","33","99","537,0,549"
"0/1","15,16","31","99","548,0,474"
"0/1","15,14","29","99","482,0,452"
"0/1","12,13","28","99","455,0,347"
"0/1","14,16","30","99","546,0,450"
"0/1","16,8","24","99","246,0,550"
"0/1","15,6","21","99","182,0,510"
"0/1","14,6","20","99","188,0,462"
"0/1","12,6","18","99","189,0,401"
"0/1","12,7","19","99","220,0,384"
"0/1","11,7","18","99","229,0,384"
"0/1","11,7","18","99","226,0,383"
"0/1","9,9","18","99","311,0,295"
"0/1","9,11","20","99","389,0,301"
"0/1","9,11","20","99","379,0,299"
"0/1","19,16","35","99","503,0,629"
"0/1","19,16","35","99","512,0,637"
"0/1","23,16","39","99","496,0,743"
"0/1","25,18","44","99","558,0,852"
"0/1","29,11","40","99","324,0,949"
"0/1","29,10","39","99","297,0,956"
"0/1","21,8","29","99","227,0,718"
"0/1","21,8","29","99","230,0,625"
"0/1","11,9","20","99","258,0,379"
"0/1","12,11","23","99","329,0,414"
"0/1","12,10","22","99","294,0,368"
"0/1","18,17","35","99","586,0,611"
"0/1","16,15","31","99","503,0,557"
"0/1","13,12","25","99","401,0,432"
"0/1","11,7","18","99","200,0,361"
"0/1","11,6","17","99","157,0,393"
"0/1","10,6","16","99","198,0,314"
"0/1","11,6","17","99","186,0,390"
"0/1","9,4","13","99","124,0,327"
"0/1","9,4","13","99","124,0,315"
"0/1","10,4","14","99","123,0,358"
"0/1","7,2","9","50","50,0,253"
"0/1","7,2","9","53","53,0,256"
"0/1","7,2","9","53","53,0,262"
"0/1","7,12","19","99","388,0,231"
"0/1","9,9","18","99","273,0,312"
"0/1","9,9","18","99","307,0,312"
"0/1","8,9","17","99","316,0,274"
"0/1","7,6","13","99","210,0,235"
"0/1","8,7","15","99","241,0,282"
"0/1","7,5","12","99","158,0,253"
"0/1","7,5","12","99","171,0,254"
"0/1","8,7","15","99","201,0,275"
"0/1","9,7","16","99","200,0,315"
"0/1","10,7","17","99","191,0,346"
"0/1","8,10","18","99","313,0,268"
"0/1","7,9","16","99","281,0,242"
"0/1","11,16","27","99","537,0,337"
"0/1","12,11","23","99","375,0,366"
"0/1","11,5","16","99","135,0,379"
"0/1","10,5","15","99","157,0,351"
"0/1","13,4","17","99","101,0,463"
"0/1","13,15","28","99","483,0,450"
"0/1","17,18","35","99","548,0,551"
"0/1","17,16","33","99","477,0,536"
"0/1","14,10","24","99","286,0,445"
"0/1","14,10","24","99","262,0,427"
"0/1","11,10","21","99","319,0,376"
"0/1","11,11","22","99","370,0,365"
"0/1","14,11","25","99","351,0,474"
"0/1","12,14","26","99","479,0,371"
"0/1","13,16","29","99","534,0,385"
"0/1","11,19","30","99","635,0,303"
"0/1","12,15","27","99","502,0,315"
"0/1","12,15","27","99","487,0,361"
"0/1","12,17","29","99","504,0,341"
"0/1","11,16","27","99","496,0,349"
"0/1","12,16","28","99","510,0,393"
"0/1","12,15","27","99","491,0,384"
"0/1","13,15","28","99","495,0,415"
"0/1","14,12","26","99","352,0,465"
"0/1","13,12","25","99","385,0,429"
"0/1","12,11","23","99","362,0,398"
"0/1","12,11","23","99","334,0,391"
"0/1","7,8","15","99","237,0,238"
"0/1","6,14","20","99","483,0,177"
"0/1","10,13","23","99","412,0,319"
"0/1","20,14","34","99","435,0,690"
"0/1","17,13","30","99","390,0,589"
"0/1","16,11","27","99","360,0,508"
"0/1","15,10","25","99","317,0,485"
"0/1","8,9","18","99","254,0,271"
"0/1","10,8","18","99","244,0,336"
"0/1","12,9","21","99","291,0,417"
"0/1","13,9","22","99","275,0,421"
"0/1","14,14","28","99","395,0,451"
"0/1","14,15","29","99","501,0,446"
"0/1","15,12","27","99","356,0,485"
"0/1","10,6","16","99","198,0,281"
"0/1","11,7","18","99","232,0,278"
"0/1","12,10","22","99","286,0,399"
"0/1","12,10","22","99","317,0,374"
"0/1","10,13","23","99","457,0,239"
"0/1","10,13","23","99","451,0,318"
"0/1","10,11","21","99","379,0,286"
"0/1","14,14","28","99","396,0,422"
"0/1","14,13","27","99","377,0,412"
"0/1","11,11","22","99","337,0,369"
"0/1","12,12","24","99","312,0,406"
"0/1","12,12","25","99","375,0,329"
"0/1","11,9","20","99","287,0,327"
"0/1","12,11","23","99","367,0,375"
"0/1","13,11","24","99","302,0,396"
"0/1","15,12","27","99","371,0,508"
"0/1","15,13","28","99","406,0,490"
"0/1","13,16","29","99","536,0,383"
"0/1","13,16","29","99","543,0,427"
"0/1","12,14","26","99","492,0,411"
"0/1","10,8","18","99","241,0,307"
"0/1","13,8","21","99","261,0,466"
"0/1","5,7","12","99","252,0,130"
"0/1","9,10","19","99","310,0,242"
"0/1","8,10","18","99","333,0,272"
"0/1","8,9","17","99","252,0,235"
"0/1","7,10","17","99","281,0,237"
"0/1","10,8","18","99","246,0,310"
"0/1","13,15","28","99","484,0,368"
"0/1","10,19","29","99","618,0,292"
"0/1","11,19","30","99","618,0,325"
"0/1","11,19","30","99","644,0,305"
"0/1","10,19","30","99","617,0,278"
"0/1","19,14","33","99","429,0,647"
"0/1","18,10","28","99","316,0,604"
"0/1","18,10","28","99","320,0,593"
"0/1","16,7","23","99","188,0,536"
"0/1","13,7","20","99","163,0,440"
"0/1","14,3","17","54","54,0,471"
"0/1","13,19","32","99","395,0,386"
"0/1","19,10","29","99","249,0,514"
"0/1","17,10","27","99","274,0,544"
"0/1","7,16","23","99","505,0,179"
"0/1","11,21","32","99","517,0,335"
"0/1","15,8","23","99","112,0,476"
"0/1","13,10","23","99","220,0,358"
"0/1","11,11","22","99","249,0,329"
"0/1","20,10","30","99","257,0,584"
"0/1","11,19","30","99","473,0,324"
"0/1","19,7","26","99","150,0,601"
"0/1","17,19","36","99","421,0,465"
"0/1","30,6","36","32","32,0,822"
"0/1","28,5","33","7","7,0,770"
"0/1","27,6","33","16","16,0,711"
"0/1","14,7","21","99","163,0,455"
"0/1","15,7","22","99","163,0,455"
"0/1","17,10","27","99","232,0,440"
"0/1","17,8","26","99","135,0,304"
"0/1","4,7","11","99","162,0,131"
"0/1","8,11","19","99","280,0,203"
"0/1","9,12","21","99","302,0,236"
"0/1","11,17","28","99","429,0,259"
"0/1","24,7","31","99","109,0,839"
"0/1","30,8","38","99","125,0,963"
"0/1","28,10","38","99","192,0,916"
"0/1","24,10","34","99","167,0,804"
"0/1","15,6","21","99","179,0,536"
"0/1","11,7","18","99","233,0,389"
"0/1","13,9","22","99","286,0,452"
"0/1","17,7","24","99","211,0,601"
"0/1","14,7","21","99","224,0,495"
"0/1","13,12","25","99","354,0,412"
"0/1","13,10","23","99","332,0,369"
"0/1","12,6","18","99","118,0,407"
"0/1","11,6","17","99","154,0,396"
"0/1","9,4","13","99","128,0,328"
"0/1","8,4","12","99","127,0,279"
"0/1","14,5","19","99","143,0,473"
"0/1","10,4","14","99","114,0,365"
"0/1","8,9","17","99","269,0,201"
"0/1","14,12","26","99","350,0,397"
"0/1","13,6","19","99","134,0,411"
"0/1","15,7","22","99","139,0,466"
"0/1","15,7","22","99","176,0,472"
"0/1","15,7","22","99","133,0,446"
"0/1","15,11","26","99","253,0,491"
"0/1","15,12","27","99","327,0,476"
"0/1","16,12","28","99","318,0,520"
"0/1","19,14","33","99","365,0,629"
"0/1","11,15","26","99","450,0,322"
"0/1","11,15","26","99","438,0,366"
"0/1","13,11","24","99","308,0,443"
"0/1","11,11","22","99","334,0,386"
"0/1","10,12","22","99","333,0,316"
"0/1","14,12","26","99","246,0,451"
"0/1","13,12","25","99","290,0,456"
"0/1","11,12","23","99","362,0,330"
"0/1","11,10","21","99","290,0,338"
"0/1","14,11","25","99","355,0,452"
"0/1","16,9","25","99","272,0,526"
"0/1","17,9","27","99","276,0,580"
"0/1","18,15","33","99","487,0,627"
"0/1","17,18","35","99","586,0,551"
"0/1","17,22","39","99","609,0,543"
"0/1","18,19","37","99","583,0,543"
"0/1","20,19","39","99","564,0,578"
"0/1","21,18","39","99","470,0,637"
"0/1","21,18","39","99","475,0,659"
"0/1","23,18","41","99","472,0,623"
"0/1","23,18","41","99","460,0,692"
"0/1","18,17","35","99","503,0,516"
"0/1","15,16","31","99","491,0,475"
"0/1","13,18","31","99","577,0,403"
"0/1","11,16","27","99","509,0,361"
"0/1","8,17","25","99","490,0,243"
"0/1","10,20","30","99","657,0,312"
"0/1","15,19","34","99","530,0,484"
"0/1","16,18","34","99","610,0,503"
"0/1","17,14","31","99","471,0,549"
"0/1","14,16","30","99","550,0,409"
"0/1","14,11","25","99","341,0,447"
"0/1","17,9","26","99","270,0,557"
"0/1","18,9","27","99","263,0,599"
"0/1","20,7","27","99","189,0,671"
"0/1","22,7","29","99","183,0,785"
"0/1","18,11","29","99","308,0,609"
"0/1","18,11","29","99","313,0,609"
"0/1","17,12","29","99","358,0,561"
"0/1","17,12","29","99","306,0,593"
"0/1","15,7","25","99","190,0,507"
"0/1","16,9","25","99","231,0,528"
"0/1","19,10","29","99","255,0,674"
"0/1","16,16","32","99","504,0,514"
"0/1","15,12","27","99","405,0,489"
"0/1","16,16","32","99","494,0,550"
"0/1","16,15","31","99","509,0,514"
"0/1","14,14","28","99","443,0,443"
"0/1","12,13","25","99","414,0,415"
"0/1","12,12","24","99","419,0,406"
"0/1","12,14","26","99","473,0,409"
"0/1","15,17","32","99","583,0,518"
"0/1","12,19","31","99","573,0,384"
"0/1","14,18","32","99","564,0,429"
"0/1","14,16","31","99","540,0,452"
"0/1","13,15","28","99","497,0,428"
"0/1","13,6","19","99","188,0,466"
"0/1","12,6","18","99","187,0,429"
"0/1","13,8","21","99","259,0,447"
"0/1","16,11","27","99","341,0,519"
"0/1","15,10","25","99","309,0,479"
"0/1","16,11","27","99","338,0,533"
"0/1","15,11","26","99","334,0,502"
"0/1","13,11","24","99","322,0,451"
"0/1","14,14","28","99","463,0,471"
"0/1","13,14","27","99","461,0,443"
"0/1","13,15","28","99","506,0,429"
"0/1","12,15","27","99","509,0,398"
"0/1","14,15","29","99","475,0,450"
"0/1","12,16","28","99","475,0,378"
"0/1","6,16","23","99","515,0,186"
"0/1","8,17","25","99","559,0,216"
"0/1","10,18","28","99","612,0,318"
"0/1","9,12","21","99","306,0,270"
"0/1","12,9","21","99","297,0,419"
"0/1","12,10","22","99","303,0,384"
"0/1","16,9","25","99","250,0,514"
"0/1","18,13","31","99","406,0,533"
"0/1","19,13","32","99","401,0,539"
"0/1","20,13","33","99","401,0,532"
"0/1","20,13","33","99","393,0,527"
"0/1","14,12","26","99","409,0,445"
"0/1","14,16","30","99","534,0,434"
"0/1","13,17","30","99","573,0,386"
"0/1","16,12","28","99","374,0,500"
"0/1","17,11","28","99","336,0,495"
"0/1","19,12","31","99","374,0,615"
"0/1","19,11","30","99","308,0,636"
"0/1","19,12","31","99","351,0,655"
"0/1","17,11","28","99","330,0,589"
"0/1","14,11","25","99","334,0,429"
"0/1","17,11","28","99","287,0,535"
"0/1","19,13","32","99","389,0,572"
"0/1","18,13","31","99","358,0,540"
"0/1","17,17","34","99","538,0,496"
"0/1","15,15","31","99","517,0,482"
"0/1","15,17","32","99","546,0,455"
"0/1","11,14","25","99","431,0,364"
"0/1","14,13","27","99","381,0,457"
"0/1","14,13","27","99","387,0,445"
"0/1","15,14","30","99","396,0,457"
"0/1","20,14","34","99","383,0,636"
"0/1","21,15","36","99","474,0,627"
"0/1","20,16","36","99","466,0,628"
"0/1","20,17","37","99","500,0,669"
"0/1","21,17","38","99","505,0,685"
"0/1","18,16","34","99","409,0,621"
"0/1","16,13","29","99","344,0,511"
"0/1","11,10","21","99","239,0,372"
"0/1","11,12","23","99","309,0,340"
"0/1","10,13","23","99","394,0,297"
"0/1","10,13","23","99","403,0,318"
"0/1","11,12","23","99","395,0,360"
"0/1","14,12","26","99","392,0,483"
"0/1","19,13","32","99","412,0,617"
"0/1","19,8","27","99","224,0,692"
"0/1","19,8","27","99","219,0,686"
"0/1","13,7","20","99","164,0,475"
"0/1","13,7","20","99","126,0,473"
"0/1","15,7","22","99","184,0,540"
"0/1","11,8","19","99","228,0,393"
"0/1","15,6","21","99","156,0,459"
"0/1","16,7","23","99","173,0,541"
"0/1","16,6","22","99","127,0,561"
"0/1","15,7","22","99","183,0,488"
"0/1","15,7","22","99","211,0,492"
"0/1","14,7","21","99","211,0,464"
"0/1","16,9","25","99","262,0,573"
"0/1","16,8","24","99","207,0,572"
"0/1","9,16","25","99","554,0,261"
"0/1","15,8","23","99","231,0,498"
"0/1","13,9","22","99","271,0,430"
"0/1","12,9","21","99","273,0,404"
"0/1","13,8","21","99","232,0,451"
"0/1","7,5","12","99","145,0,243"
"0/1","18,10","28","99","319,0,541"
"0/1","13,8","21","99","258,0,424"
"0/1","13,8","21","99","260,0,426"
"0/1","18,14","32","99","417,0,635"
"0/1","21,13","34","99","374,0,748"
"0/1","22,11","33","99","298,0,791"
"0/1","20,9","29","99","201,0,723"
"0/1","15,3","18","51","51,0,554"
"0/1","12,4","16","99","115,0,252"
"0/1","8,5","13","99","153,0,288"
"0/1","8,5","13","99","161,0,272"
"0/1","12,6","18","99","192,0,391"
"0/1","10,9","19","99","309,0,349"
"0/1","15,12","27","99","349,0,479"
"0/1","15,13","28","99","396,0,492"
"0/1","15,12","27","99","399,0,475"
"0/1","9,10","19","99","345,0,223"
"0/1","8,12","20","99","426,0,189"
"0/1","9,11","20","99","378,0,224"
"0/1","9,11","20","99","383,0,223"
"0/1","3,11","14","81","345,0,81"
"0/1","5,14","19","99","434,0,151"
"0/1","8,13","21","99","446,0,257"
"0/1","6,12","18","99","392,0,191"
"0/1","6,11","17","99","392,0,196"
"0/1","12,12","24","99","330,0,422"
"0/1","13,11","24","99","299,0,438"
"0/1","11,15","26","99","498,0,369"
"0/1","10,14","24","99","495,0,333"
"0/1","14,7","21","99","226,0,454"
"0/1","14,6","20","99","186,0,424"
"0/1","13,6","19","99","188,0,429"
"0/1","13,9","22","99","294,0,416"
"0/1","12,9","21","99","307,0,382"
"0/1","6,15","21","99","470,0,186"
"0/1","5,14","19","99","453,0,146"
"0/1","11,16","27","99","541,0,369"
"0/1","12,16","28","99","504,0,363"
"0/1","12,16","28","99","536,0,407"
"0/1","13,14","27","99","452,0,449"
"0/1","13,13","26","99","415,0,452"
"0/1","12,9","21","99","270,0,429"
"0/1","13,8","21","99","253,0,467"
"0/1","13,9","22","99","260,0,464"
"0/1","14,11","25","99","293,0,444"
"0/1","12,12","24","99","359,0,405"
"0/1","12,12","24","99","373,0,407"
"0/1","14,12","26","99","359,0,435"
"0/1","16,8","24","99","257,0,502"
"0/1","16,7","23","99","173,0,577"
"0/1","16,7","23","99","207,0,578"
"0/1","14,8","22","99","250,0,499"
"0/1","13,10","23","99","320,0,467"
"0/1","12,10","22","99","294,0,426"
"0/1","11,11","22","99","350,0,389"
"0/1","14,12","27","99","386,0,457"
"0/1","14,10","24","99","331,0,502"
"0/1","14,10","24","99","323,0,465"
"0/1","16,5","21","99","150,0,520"
"0/1","15,6","21","99","145,0,517"
"0/1","18,8","26","99","254,0,587"
"0/1","8,7","15","99","195,0,273"
"0/1","11,10","21","99","349,0,381"
"0/1","4,12","16","99","442,0,115"
"0/1","6,12","18","99","432,0,186"
"0/1","11,12","24","99","418,0,314"
"0/1","10,13","23","99","455,0,284"
"0/1","12,5","17","99","115,0,422"
"0/1","12,5","17","99","115,0,431"
"0/1","5,7","12","99","238,0,167"
"0/1","10,9","19","99","276,0,304"
"0/1","10,12","22","99","416,0,340"
"0/1","8,9","18","99","304,0,244"
"0/1","12,13","25","99","389,0,423"
"0/1","10,14","24","99","425,0,334"
"0/1","5,8","13","99","237,0,169"
"0/1","8,4","12","44","44,0,285"
"0/1","12,9","21","99","221,0,299"
"0/1","11,9","20","99","252,0,367"
"0/1","12,9","21","99","244,0,402"
"0/1","11,9","20","99","260,0,355"
"0/1","10,18","28","99","572,0,310"
"0/1","8,14","22","99","476,0,254"
"0/1","7,11","18","99","365,0,229"
"0/1","8,11","19","99","356,0,263"
"0/1","11,13","24","99","373,0,386"
"0/1","10,16","26","99","445,0,340"
"0/1","8,11","19","99","269,0,269"
"0/1","8,11","19","99","319,0,227"
"0/1","10,9","19","99","310,0,323"
"0/1","10,8","18","99","263,0,328"
"0/1","4,7","11","99","241,0,129"
"0/0","18,0","18","45","0,45,615"
"0/0","18,0","18","48","0,48,655"
"0/0","22,0","22","60","0,60,801"
"0/0","22,0","22","60","0,60,806"
"0/0","18,0","22","55","0,55,698"
"0/0","16,0","20","43","0,43,566"
"0/1","8,9","17","99","277,0,269"
"0/1","9,12","21","99","390,0,303"
"0/1","10,10","20","99","347,0,307"
"0/1","10,13","23","99","426,0,300"
"0/1","10,4","14","99","118,0,363"
"0/1","8,3","11","89","89,0,288"
"0/1","10,3","13","81","81,0,327"
"0/1","2,10","12","41","367,0,41"
"0/1","6,6","12","99","206,0,172"
"0/1","8,4","12","99","122,0,254"
"0/1","10,6","16","99","127,0,325"
"0/1","6,3","9","80","80,0,218"
"0/1","6,2","8","59","59,0,215"
"0/1","10,5","15","99","151,0,302"
"0/1","9,7","16","99","184,0,316"
"0/1","19,10","29","99","214,0,603"
"0/1","17,4","21","57","57,0,507"
"0/1","22,4","26","10","10,0,685"
"0/1","19,9","28","99","221,0,600"
"0/1","17,13","30","99","365,0,529"
"0/1","15,17","32","99","472,0,413"
"0/1","18,23","41","99","684,0,475"
"0/1","15,6","21","99","140,0,532"
"0/1","22,8","30","99","197,0,702"
"0/1","22,8","30","99","228,0,732"
"0/1","25,10","35","99","211,0,797"
"0/1","23,13","36","99","319,0,744"
"0/1","27,8","35","99","208,0,847"
"0/1","30,12","42","99","359,0,1007"
"0/1","19,13","32","99","383,0,668"
"0/1","69,12","81","99","198,0,2443"
"0/1","62,16","78","99","414,0,2095"
"0/1","39,14","53","99","403,0,1388"
"0/1","40,13","53","99","365,0,1246"
"0/1","32,16","48","99","470,0,1090"
"0/1","11,12","24","99","407,0,358"
"0/1","19,15","34","99","409,0,639"
"0/1","20,19","39","99","601,0,691"
"0/1","11,16","27","99","553,0,335"
"0/1","11,14","25","99","499,0,330"
"0/1","11,12","23","99","425,0,329"
"0/1","16,8","24","99","248,0,520"
"0/1","13,4","17","99","109,0,483"
"0/1","13,4","17","99","109,0,480"
"0/1","12,4","16","99","115,0,446"
"0/1","13,5","18","99","159,0,393"
"0/1","9,5","14","99","167,0,248"
"0/1","7,9","16","99","309,0,223"
"0/1","9,10","19","99","349,0,265"
"0/1","9,12","21","99","305,0,307"
"0/1","9,9","18","99","277,0,315"
"0/1","12,11","23","99","337,0,402"
"0/1","13,14","27","99","418,0,446"
"0/1","12,12","24","99","352,0,411"
"0/1","15,10","25","99","302,0,513"
"0/1","14,10","24","99","308,0,495"
"0/1","13,5","18","99","127,0,424"
"0/1","14,5","19","99","121,0,503"
"0/1","16,6","22","99","171,0,576"
"0/1","18,7","25","99","168,0,657"
"0/1","11,5","16","75","75,0,396"
"0/1","12,5","17","67","67,0,432"
"0/1","13,5","18","74","74,0,458"
"0/1","12,6","18","99","157,0,393"
"0/1","11,5","16","99","154,0,395"
"0/1","11,4","15","99","122,0,399"
"0/1","12,5","17","99","154,0,436"
"0/1","12,5","17","99","154,0,419"
"0/1","12,5","17","99","153,0,430"
"0/1","12,5","17","99","152,0,433"
"0/1","10,4","14","49","49,0,339"
"0/1","11,4","15","43","43,0,379"
"0/1","9,3","12","12","12,0,327"
"0/1","10,4","14","99","118,0,310"
"0/1","11,6","17","99","189,0,346"
"0/1","12,6","19","99","186,0,387"
"0/1","14,6","20","99","169,0,434"
"0/1","11,14","25","99","449,0,352"
"0/1","13,18","31","99","524,0,409"
"0/1","12,18","30","99","557,0,394"
"0/1","13,15","28","99","475,0,408"
"0/1","12,15","27","99","457,0,400"
"0/1","11,14","25","99","407,0,380"
"0/1","11,14","25","99","409,0,374"
"0/1","14,14","28","99","391,0,453"
"0/1","16,13","29","99","353,0,463"
"0/1","16,12","28","99","316,0,528"
"0/1","16,13","29","99","365,0,449"
"0/1","16,13","29","99","361,0,492"
"0/1","16,12","28","99","318,0,522"
"0/1","15,8","23","99","221,0,492"
"0/1","15,10","25","99","286,0,450"
"0/1","8,11","19","99","247,0,235"
"0/1","10,15","25","99","384,0,328"
"0/1","11,15","26","99","357,0,323"
"0/1","11,16","27","99","356,0,323"
"0/1","13,19","32","99","452,0,424"
"0/1","17,18","35","99","453,0,535"
"0/1","18,19","37","99","447,0,549"
"0/1","18,23","41","99","528,0,625"
"0/1","20,24","44","99","557,0,611"
"0/1","18,20","38","99","672,0,526"
"0/1","19,18","37","99","597,0,558"
"0/1","14,20","34","99","620,0,447"
"0/1","13,20","33","99","574,0,392"
"0/1","14,23","37","99","634,0,396"
"0/1","13,20","34","99","645,0,333"
"0/1","14,19","33","99","667,0,450"
"0/1","13,22","35","99","787,0,371"
"0/1","11,20","31","99","723,0,344"
"0/1","11,20","31","99","708,0,330"
"0/1","12,19","31","99","680,0,348"
"0/1","13,20","33","99","640,0,426"
"0/1","14,20","34","99","643,0,452"
"0/1","13,20","33","99","597,0,431"
"0/1","15,17","32","99","552,0,497"
"0/1","13,20","33","99","660,0,423"
"0/1","10,16","26","99","490,0,327"
"0/1","10,16","26","99","528,0,329"
"0/1","21,10","31","99","304,0,728"
"0/1","10,21","31","99","662,0,313"
"0/1","16,14","30","99","459,0,551"
"0/1","11,14","25","99","464,0,361"
"0/1","11,14","25","99","466,0,362"
"0/1","12,22","34","99","737,0,377"
"0/1","12,24","36","99","828,0,370"
"0/1","13,23","37","99","736,0,407"
"0/1","14,25","39","99","706,0,422"
"0/1","14,26","40","99","811,0,410"
"0/1","13,26","40","99","825,0,362"
"0/1","15,26","41","99","791,0,444"
"0/1","15,21","36","99","632,0,423"
"0/1","15,21","36","99","665,0,460"
"0/1","16,21","37","99","646,0,485"
"0/1","14,21","35","99","664,0,439"
"0/1","14,21","35","99","654,0,436"
"0/1","19,20","39","99","639,0,587"
"0/1","22,9","31","99","262,0,754"
"0/1","22,8","30","99","231,0,761"
"0/1","19,8","27","99","249,0,563"
"0/1","11,11","22","99","376,0,359"
"0/1","6,13","19","99","379,0,194"
"0/1","11,5","16","99","149,0,293"
"0/1","10,5","15","99","132,0,280"
"0/1","8,7","15","99","220,0,151"
"0/1","20,4","24","95","95,0,309"
"0/1","16,3","19","85","85,0,299"
"0/1","13,3","18","83","83,0,284"
"0/1","6,13","19","99","429,0,193"
"0/1","25,8","40","99","145,0,594"
"0/0","32,5","37","31","0,31,994"
"0/1","42,6","48","99","100,0,1345"
"0/1","46,7","53","80","80,0,1500"
"0/1","28,22","50","99","672,0,925"
"0/1","53,20","73","99","326,0,1834"
"0/1","58,14","72","99","255,0,1738"
"0/1","73,14","88","99","157,0,2293"
"0/1","13,8","21","99","250,0,308"
"0/1","8,20","28","99","683,0,224"
"0/1","14,25","39","99","766,0,453"
"0/1","16,18","34","99","629,0,481"
"0/1","17,19","36","99","633,0,553"
"0/1","17,18","35","99","561,0,534"
"0/1","18,8","26","99","212,0,554"
"0/1","17,12","29","99","399,0,596"
"0/1","15,14","29","99","439,0,522"
"0/1","15,16","31","99","540,0,459"
"0/0","12,0","12","30","0,30,388"
"0/1","9,14","23","99","400,0,261"
"0/1","10,13","23","99","362,0,282"
"0/1","12,18","30","99","469,0,352"
"0/1","13,14","27","99","441,0,406"
"0/1","20,14","34","99","466,0,663"
"0/1","31,9","40","99","175,0,622"
"0/1","7,6","14","43","162,0,43"
"0/1","13,10","23","99","321,0,405"
"0/1","6,7","13","99","250,0,210"
"0/1","7,12","19","99","375,0,199"
"0/1","10,7","17","99","197,0,361"
"0/1","14,12","26","99","405,0,482"
"0/1","13,13","26","99","417,0,444"
"0/1","56,19","75","99","380,0,1467"
"0/1","51,5","56","28","28,0,1709"
"0/1","32,23","55","99","704,0,913"
"0/1","7,14","21","99","479,0,222"
"0/1","5,6","11","99","175,0,170"
"0/1","10,14","24","99","466,0,320"
"0/1","18,5","23","99","134,0,667"
"0/1","19,11","30","99","320,0,650"
"0/1","19,11","30","99","218,0,595"
"0/1","29,11","40","99","257,0,935"
"0/1","7,7","15","99","214,0,194"
"0/1","14,14","28","99","455,0,434"
"0/1","18,7","25","99","196,0,601"
"0/1","17,17","34","99","536,0,459"
"0/1","20,9","29","99","284,0,578"
"0/1","14,23","37","99","722,0,410"
"0/1","13,4","17","75","75,0,368"
"0/1","12,4","16","99","118,0,325"
"0/1","11,3","14","74","74,0,290"
"0/1","8,6","14","99","170,0,194"
"0/1","12,14","26","99","366,0,355"
"0/1","7,19","26","99","513,0,154"
"0/1","10,9","19","99","198,0,170"
"1/1","1,17","18","14","609,14,0"
"0/1","12,18","30","99","565,0,363"
"0/1","12,16","28","99","516,0,377"
"1/1","0,12","13","21","254,21,0"
"0/1","10,10","21","99","242,0,262"
"0/0","9,0","9","12","0,12,141"
"0/1","14,15","29","99","478,0,471"
"0/1","11,16","27","99","526,0,360"
"0/1","14,9","23","99","262,0,429"
"0/1","18,7","25","99","165,0,450"
"0/1","19,13","32","99","396,0,476"
"0/1","9,13","22","99","462,0,298"
"0/1","19,13","32","99","373,0,583"
"0/0","48,0","48","99","0,132,1750"
"0/1","5,7","12","99","219,0,133"
"0/1","24,14","38","99","434,0,775"
"0/1","15,22","37","99","664,0,384"
"0/1","8,14","22","99","437,0,265"
"0/1","19,19","38","99","610,0,521"
"0/1","17,15","32","99","491,0,543"
"0/1","13,9","22","99","286,0,430"
"0/1","10,11","21","99","362,0,328"
"0/1","14,17","31","99","529,0,406"
"0/1","13,9","22","99","262,0,457"
"0/1","21,9","30","99","282,0,696"
"0/1","9,11","20","99","344,0,310"
"0/1","11,9","20","99","194,0,388"
"0/1","12,17","29","99","589,0,358"
"0/1","13,4","17","99","109,0,483"
"0/1","12,9","21","99","293,0,421"
"0/1","41,14","55","99","243,0,1138"
"0/1","40,15","55","99","283,0,1114"
"0/0","51,0","51","99","0,132,1662"
"1/1","5,26","31","57","780,57,0"
"0/1","15,10","25","99","210,0,477"
"0/1","9,16","25","99","529,0,209"
"0/1","10,15","25","99","470,0,335"
"0/1","16,9","25","99","276,0,457"
"0/1","21,17","38","99","514,0,612"
"0/1","13,22","35","99","678,0,413"
"0/1","19,14","33","99","424,0,556"
"0/0","32,0","32","78","0,78,1011"
"0/1","14,20","34","99","641,0,418"
"0/1","5,18","23","97","583,0,97"
"0/1","17,16","33","99","511,0,477"
"0/1","16,8","24","99","253,0,466"
"0/1","14,8","22","99","213,0,445"
"0/1","11,11","22","99","300,0,328"
"0/1","13,15","28","99","437,0,391"
"0/1","15,17","32","99","547,0,451"
"0/1","10,9","19","99","308,0,302"
"0/1","10,11","21","99","379,0,309"
"0/1","9,20","29","99","693,0,244"
"0/1","12,7","19","99","233,0,403"
"0/1","6,6","12","99","207,0,175"
"0/1","7,7","14","99","243,0,238"
"0/1","1,10","11","9","361,0,9"
"0/1","6,11","17","99","403,0,156"
"0/1","12,16","28","99","461,0,398"
"0/1","24,8","34","99","157,0,842"
"0/1","29,12","42","99","293,0,974"
"0/1","28,14","43","99","325,0,981"
"0/1","28,13","44","99","333,0,959"
"0/1","39,19","58","99","496,0,1204"
"0/1","8,9","17","99","305,0,269"
"0/1","11,14","25","99","499,0,343"
"0/1","12,9","21","99","268,0,380"
"0/0","70,1","73","99","0,150,2421"
"0/1","28,17","46","99","318,0,958"
"0/1","73,17","93","99","364,0,2131"
"0/1","62,32","94","99","934,0,2049"
"0/1","67,17","84","99","356,0,2092"
"0/1","34,13","47","99","365,0,1115"
"0/1","32,14","46","99","396,0,1048"
"0/1","24,20","44","99","627,0,673"
"0/1","18,14","32","99","373,0,568"
"0/1","17,13","30","99","378,0,500"
"0/1","20,16","37","99","487,0,562"
"0/1","16,13","29","99","425,0,562"
"0/1","8,10","18","99","333,0,268"
"0/1","12,11","23","99","381,0,346"
"0/1","16,9","25","99","260,0,481"
"0/1","17,9","26","99","277,0,546"
"0/1","10,16","26","99","576,0,292"
"0/1","18,21","40","99","667,0,597"
"0/1","20,14","34","99","437,0,643"
"0/1","25,15","40","99","452,0,829"
"0/1","10,9","19","99","260,0,341"
"0/1","22,17","39","99","535,0,625"
"0/1","17,23","40","99","659,0,506"
"0/1","20,16","36","99","527,0,628"
"0/1","14,22","37","99","747,0,318"
"0/1","12,12","24","99","375,0,410"
"0/1","14,8","22","99","245,0,421"
"0/1","14,19","33","99","620,0,461"
"0/1","16,12","28","99","414,0,470"
"0/1","10,14","24","99","412,0,331"
"0/1","10,16","26","99","491,0,337"
"0/1","15,8","23","99","208,0,468"
"0/1","8,10","18","99","317,0,235"
"0/1","9,18","27","99","607,0,237"
"0/1","10,10","20","99","334,0,332"
"0/1","17,13","30","99","387,0,562"
"0/1","16,22","39","99","714,0,507"
"0/1","18,16","34","99","525,0,593"
"0/1","14,15","29","99","434,0,478"
"0/1","12,17","29","99","565,0,371"
"0/1","15,9","24","99","290,0,514"
"0/1","16,17","33","99","549,0,551"
"0/1","15,14","29","99","459,0,498"
"0/1","15,12","27","99","365,0,443"
"0/1","18,12","30","99","360,0,475"
"0/1","18,6","26","99","126,0,591"
"0/1","25,15","40","99","390,0,849"
"0/1","18,17","35","99","463,0,579"
"0/1","9,12","21","99","422,0,272"
"0/1","9,12","21","99","421,0,273"
"0/1","15,13","28","99","396,0,490"
"0/1","18,17","35","99","539,0,587"
"0/1","15,23","38","99","722,0,461"
"0/1","13,14","27","99","403,0,402"
"0/1","8,9","17","99","292,0,278"
"0/1","23,15","38","99","477,0,722"
"0/1","15,12","27","99","358,0,509"
"0/1","15,6","21","99","131,0,425"
"0/1","15,21","36","99","625,0,470"
"0/1","21,18","39","99","568,0,668"
"0/1","16,20","36","99","653,0,512"
"0/1","24,11","35","99","335,0,769"
"0/1","8,20","28","99","647,0,157"
"0/1","25,18","43","99","596,0,736"
"0/1","15,20","35","99","625,0,481"
"0/1","21,14","35","99","422,0,639"
"0/1","14,19","33","99","583,0,399"
"0/1","14,14","28","99","401,0,437"
"0/1","16,15","31","99","446,0,542"
"0/1","13,16","29","99","492,0,438"
"0/1","16,16","32","99","517,0,522"
"0/1","18,19","37","99","542,0,570"
"0/1","18,13","31","99","392,0,638"
"0/1","8,10","18","99","339,0,239"
"0/1","8,9","17","99","316,0,263"
"0/1","12,9","21","99","300,0,373"
"0/1","9,12","21","99","396,0,297"
"0/1","12,17","29","99","518,0,328"
"0/1","13,10","27","99","249,0,270"
"0/1","18,15","33","99","439,0,610"
"0/1","17,12","29","99","395,0,537"
"0/1","19,18","37","99","555,0,649"
"0/1","19,18","37","99","498,0,641"
"0/1","19,20","39","99","404,0,580"
"0/1","21,10","31","99","313,0,669"
"0/1","20,10","31","99","303,0,657"
"0/1","19,13","32","99","422,0,619"
"0/1","9,17","26","99","519,0,247"
"0/1","14,16","31","99","462,0,443"
"0/1","12,9","21","99","271,0,305"
"0/1","16,23","39","99","722,0,402"
"0/1","9,2","11","49","49,0,329"
"0/1","23,13","36","99","395,0,792"
"0/1","19,14","33","99","463,0,667"
"0/1","17,17","34","99","546,0,495"
"0/1","17,10","27","99","316,0,591"
"0/1","9,12","21","99","403,0,289"
"0/1","7,11","18","99","378,0,213"
"0/1","20,15","35","99","500,0,650"
"0/1","20,23","43","99","699,0,634"
"0/1","9,9","18","99","298,0,303"
"0/1","15,12","27","99","376,0,377"
"0/1","7,13","20","99","406,0,225"
"0/1","7,16","23","99","525,0,207"
"0/1","23,18","41","99","566,0,753"
"0/1","11,21","32","99","689,0,343"
"0/1","15,19","34","99","610,0,491"
"0/1","14,13","27","99","434,0,344"
"0/1","15,19","34","99","586,0,487"
"0/1","19,19","38","99","598,0,635"
"0/1","12,17","29","99","543,0,328"
"0/1","24,13","37","99","393,0,787"
"0/1","18,15","33","99","481,0,596"
"0/1","17,17","34","99","427,0,542"
"0/1","15,7","22","99","179,0,522"
"0/1","17,14","31","99","422,0,581"
"0/1","13,11","24","99","370,0,448"
"0/1","14,12","26","99","309,0,487"
"0/1","21,21","42","99","625,0,587"
"0/1","17,20","37","99","642,0,565"
"0/1","8,17","25","99","549,0,257"
"0/1","5,14","19","99","463,0,149"
"0/1","15,8","23","99","230,0,506"
"0/1","12,11","23","99","380,0,369"
"0/1","13,14","27","99","413,0,399"
"0/1","16,12","28","99","382,0,560"
"0/1","12,13","25","99","435,0,401"
"0/1","14,18","32","99","593,0,405"
"0/1","8,8","16","99","261,0,245"
"0/1","20,18","38","99","474,0,563"
"0/1","20,20","40","99","536,0,562"
"0/1","9,23","33","99","806,0,269"
"0/1","12,22","34","99","694,0,365"
"0/1","14,12","26","99","375,0,483"
"0/1","11,18","29","99","585,0,360"
"0/1","14,13","27","99","447,0,476"
"0/1","16,14","30","99","453,0,462"
"0/1","10,15","25","99","493,0,251"
"0/1","13,4","17","99","100,0,389"
"0/1","16,12","28","99","408,0,484"
"0/1","10,11","21","99","349,0,344"
"0/1","8,8","16","99","241,0,284"
"0/1","9,18","27","99","637,0,283"
"0/1","12,14","26","99","475,0,403"
"0/1","17,14","31","99","441,0,532"
"0/1","11,14","25","99","466,0,283"
"0/1","14,11","25","99","331,0,447"
"0/1","13,15","28","99","360,0,441"
"0/1","4,15","19","55","212,0,55"
"0/1","15,14","29","99","476,0,457"
"0/1","13,9","22","99","274,0,412"
"0/1","20,20","40","99","549,0,658"
"0/1","18,17","35","99","499,0,592"
"0/1","10,11","21","99","305,0,311"
"0/1","12,12","24","99","358,0,288"
"0/1","23,11","34","99","331,0,814"
"0/1","10,10","20","99","349,0,303"
"0/1","12,13","25","99","421,0,407"
"0/1","13,13","26","99","408,0,448"
"0/1","10,15","25","99","433,0,290"
"0/1","14,15","29","99","518,0,438"
"0/1","14,14","28","99","403,0,430"
"0/1","13,7","20","99","223,0,309"
"0/1","9,6","19","99","186,0,220"
"0/1","14,16","30","99","465,0,407"
"0/1","10,18","28","99","571,0,208"
"0/1","23,8","31","99","162,0,468"
"0/1","25,10","35","99","262,0,782"
"0/1","25,10","35","99","198,0,773"
"0/1","12,18","30","99","608,0,385"
"0/1","19,10","29","99","282,0,612"
"0/1","4,10","14","99","362,0,114"
"0/1","19,13","32","99","428,0,648"
"0/1","17,8","25","99","251,0,579"
"0/1","17,11","28","99","346,0,602"
"0/1","18,12","30","99","373,0,619"
"0/1","10,11","21","99","383,0,337"
"0/1","9,11","20","99","374,0,300"
"0/1","18,17","35","99","512,0,616"
"0/1","15,22","37","99","694,0,473"
"0/1","12,13","25","99","437,0,404"
"0/1","10,12","22","99","418,0,336"
"0/1","7,9","16","99","285,0,205"
"0/1","10,10","20","99","315,0,337"
"0/1","8,12","20","99","372,0,273"
"0/1","8,7","15","99","247,0,248"
"0/1","7,6","13","99","203,0,250"
"0/1","13,10","23","99","293,0,443"
"0/1","8,16","24","99","504,0,203"
"0/1","15,10","25","99","277,0,537"
"0/1","11,13","25","99","372,0,330"
"0/1","9,19","28","99","617,0,278"
"0/1","16,23","39","99","732,0,524"
"0/1","16,14","30","99","466,0,545"
"0/1","18,12","30","99","385,0,638"
"0/1","9,16","25","99","578,0,280"
"0/1","16,20","37","99","570,0,536"
"0/1","11,14","25","99","489,0,314"
"0/1","5,8","13","99","267,0,163"
"0/1","14,8","22","99","258,0,488"
"0/1","11,21","32","99","684,0,357"
"0/1","16,12","28","99","392,0,532"
"0/1","12,13","25","99","440,0,405"
"0/1","7,10","18","99","345,0,236"
"0/1","17,9","26","99","269,0,608"
"0/1","5,6","11","99","212,0,164"
"0/1","6,9","15","99","319,0,192"
"0/1","24,9","33","99","232,0,820"
"0/1","27,9","36","99","226,0,930"
"0/1","24,10","34","99","262,0,876"
"0/1","12,14","26","99","457,0,370"
"0/1","30,9","39","99","242,0,986"
"0/1","25,8","33","99","227,0,834"
"0/1","15,13","28","99","339,0,457"
"0/1","15,7","22","99","208,0,502"
"0/0","27,2","29","4","0,4,977"
"0/0","27,2","29","3","0,3,973"
"0/0","27,2","29","3","0,3,963"
"0/1","23,8","31","99","192,0,839"
"0/1","22,7","29","99","180,0,802"
"0/1","24,9","33","99","246,0,847"
"0/1","24,9","33","99","232,0,853"
"0/1","25,9","34","99","258,0,886"
"0/1","23,15","38","99","511,0,691"
"0/1","26,12","38","99","367,0,827"
"0/1","9,19","28","99","586,0,284"
"0/1","20,6","26","99","164,0,707"
"0/1","7,9","16","99","322,0,203"
"0/1","10,9","19","99","268,0,337"
"0/1","11,9","20","99","194,0,338"
"0/0","7,0","7","12","0,12,159"
"0/0","7,0","7","15","0,15,188"
"0/0","7,0","7","18","0,18,223"
"0/0","7,0","7","12","0,12,157"
"0/1","11,11","22","99","287,0,371"
"0/1","18,13","31","99","403,0,552"
"0/1","5,13","18","99","439,0,156"
"0/1","5,10","15","99","320,0,158"
"0/1","14,17","31","99","570,0,427"
"0/1","18,12","30","99","399,0,556"
"0/1","16,9","25","99","298,0,539"
"0/1","15,15","30","99","513,0,504"
"0/1","12,13","26","99","431,0,351"
"0/1","21,16","37","99","506,0,741"
"0/1","24,11","35","99","324,0,815"
"0/1","15,20","35","99","675,0,450"
"0/1","13,17","30","99","587,0,425"
"0/1","12,17","29","99","595,0,395"
"0/1","12,17","29","99","597,0,386"
"0/1","14,13","27","99","418,0,420"
"0/1","18,13","31","99","372,0,607"
"0/1","9,11","20","99","387,0,274"
"0/1","14,13","27","99","402,0,440"
"0/1","11,11","22","99","340,0,374"
"0/1","16,15","31","99","512,0,557"
"0/1","17,19","36","99","595,0,545"
"0/1","14,16","30","99","529,0,433"
"0/1","14,9","23","99","306,0,461"
"0/1","12,9","21","99","309,0,360"
"0/1","12,9","21","99","299,0,398"
"0/1","8,11","19","99","358,0,236"
"0/1","13,11","24","99","362,0,417"
"0/1","15,8","23","99","253,0,506"
"0/1","13,9","22","99","291,0,441"
"0/1","7,7","14","99","248,0,208"
"0/1","18,18","36","99","623,0,611"
"0/1","15,15","30","99","462,0,488"
"0/1","7,11","18","99","375,0,233"
"0/1","7,12","19","99","424,0,227"
"0/1","11,17","28","99","589,0,370"
"0/1","14,10","24","99","334,0,490"
"0/1","21,15","36","99","496,0,654"
"0/1","14,15","29","99","526,0,452"
"0/1","22,11","33","99","337,0,726"
"0/1","22,11","33","99","343,0,727"
"0/1","24,17","41","99","503,0,805"
"0/1","25,16","41","99","462,0,855"
"0/1","11,10","21","99","350,0,340"
"0/1","11,11","22","99","334,0,387"
"0/1","13,15","28","99","449,0,406"
"0/1","7,15","22","99","489,0,187"
"0/1","9,14","23","99","495,0,281"
"0/1","11,8","19","99","265,0,383"
"0/1","7,12","19","99","429,0,230"
"0/1","12,12","24","99","402,0,386"
"0/1","10,7","17","99","231,0,356"
"0/1","18,9","27","99","275,0,544"
"0/1","17,9","26","99","272,0,585"
"0/1","5,8","13","99","285,0,155"
"0/1","10,10","20","99","344,0,327"
"0/1","6,12","18","99","398,0,196"
"0/1","8,10","18","99","346,0,270"
"0/1","12,9","21","99","302,0,394"
"0/1","9,13","22","99","445,0,300"
"0/1","19,10","29","99","238,0,677"
"0/1","13,18","31","99","603,0,259"
"0/1","25,7","32","99","150,0,787"
"0/1","18,12","30","99","379,0,549"
"0/1","22,15","37","99","445,0,704"
"0/1","16,22","38","99","707,0,459"
"0/1","12,19","31","99","658,0,274"
"0/1","12,23","35","99","694,0,349"
"0/1","16,18","34","99","587,0,500"
"0/1","21,14","35","99","413,0,630"
"0/1","16,21","37","99","620,0,506"
"0/1","20,18","39","99","591,0,559"
"0/1","22,12","34","99","358,0,607"
"0/1","13,21","34","99","622,0,416"
"0/1","11,12","23","99","397,0,297"
"0/1","16,11","27","99","371,0,460"
"0/1","15,9","24","99","225,0,465"
"0/1","14,9","23","99","262,0,439"
"0/1","15,12","27","99","386,0,475"
"0/1","11,14","25","99","383,0,381"
"0/1","13,14","27","99","386,0,445"
"0/1","8,10","19","99","265,0,191"
"0/1","8,7","15","99","193,0,209"
"0/1","6,8","16","99","200,0,110"
"0/1","10,9","19","99","228,0,201"
"0/1","15,7","22","99","186,0,418"
"0/1","25,6","31","99","137,0,781"
"0/1","33,12","45","99","358,0,1100"
"0/0","10,0","10","18","0,18,245"
"0/1","20,14","34","99","408,0,662"
"0/1","14,14","28","99","432,0,438"
"0/0","15,0","15","45","0,45,575"
"0/1","16,11","29","99","106,0,413"
"0/1","16,14","30","99","171,0,394"
"0/1","18,16","34","99","432,0,433"
"0/1","8,12","20","99","364,0,272"
"0/1","9,12","21","99","421,0,285"
"0/1","15,10","25","99","324,0,520"
"0/1","10,9","19","99","310,0,290"
"0/1","9,16","25","99","505,0,285"
"0/1","11,13","24","99","436,0,347"
"0/1","9,13","22","99","353,0,301"
"0/1","10,16","26","99","495,0,303"
"0/1","13,10","23","99","293,0,420"
"0/1","6,10","16","99","346,0,191"
"0/1","19,18","37","99","607,0,588"
"0/1","26,20","46","99","667,0,883"
"0/1","22,20","42","99","630,0,733"
"0/1","15,13","28","99","435,0,426"
"0/1","14,23","37","99","778,0,458"
"0/1","9,8","17","99","277,0,246"
"0/1","9,5","14","99","165,0,288"
"0/1","15,17,0","32","99","577,0,508,622,559,1181"
"0/1","18,14","32","99","291,0,611"
"0/0","44,0","44","99","0,129,1747"
"0/1","3,25","28","39","849,0,39"
"0/1","47,10","57","99","102,0,1464"
"0/1","47,9","56","78","78,0,1496"
"0/1","47,9","56","70","70,0,1523"
"0/1","10,12","22","99","421,0,317"
"0/0","16,0","16","42","0,42,556"
"0/1","3,8","11","95","163,0,95"
"0/1","7,24","31","99","824,0,152"
"0/0","17,1","18","9","0,9,597"
"0/1","13,12","25","99","400,0,363"
"0/1","3,22","25","16","733,0,16"
"0/1","19,14","38","99","410,0,501"
"0/1","16,15","31","99","503,0,448"
"0/1","20,14","34","99","345,0,527"
"0/1","26,8","34","99","112,0,756"
"0/0","18,2","21","11","0,11,539"
"0/1","18,16","34","99","549,0,631"
"0/0","39,1","40","99","0,102,1309"
"0/1","35,6","41","49","49,0,1048"
"0/0","50,2","52","91","0,91,1618"
"0/0","52,0","52","99","0,132,1699"
"0/1","65,20,7","92","99","500,0,1918,432,1742,2387"
"0/1","11,20","31","99","675,0,315"
"0/1","10,8","18","99","273,0,339"
"0/1","14,6","20","99","177,0,503"
"0/1","8,15","23","99","444,0,216"
"0/1","10,12","22","99","357,0,310"
"0/1","11,11","23","99","346,0,381"
"0/1","23,17","40","99","553,0,759"
"0/1","11,11","22","99","340,0,357"
"0/1","62,14","83","99","166,0,1761"
"0/2","22,14,19","61","99","491,170,751,0,236,566"
"0/1","47,9","56","99","166,0,1394"
"0/1","25,6","32","95","95,0,675"
"0/1","16,4","20","94","94,0,349"
"0/1","15,12","27","99","405,0,498"
"0/1","14,12","26","99","399,0,446"
"0/1","20,18","38","99","508,0,645"
"0/1","10,13","23","99","406,0,300"
"0/1","14,16","30","99","367,0,421"
"0/1","8,6","14","99","148,0,237"
"0/1","10,4","14","41","41,0,287"
"0/1","5,15","20","99","507,0,119"
"0/1","13,11","24","99","366,0,445"
"0/1","24,18","42","99","558,0,813"
"0/1","15,20","35","99","622,0,457"
"0/1","9,12","21","99","306,0,308"
"0/1","6,13","19","99","406,0,187"
"0/0","16,0","16","42","0,42,577"
"0/1","22,8","30","99","235,0,702"
"0/0","14,0","14","36","0,36,490"
"0/1","17,21","38","99","716,0,524"
"0/1","15,16","33","99","418,0,417"
"0/1","19,9","28","99","275,0,558"
"0/1","17,11","28","99","280,0,501"
"0/1","15,9","24","99","238,0,520"
"0/1","17,12","29","99","372,0,524"
"0/1","10,11","21","99","378,0,330"
"0/1","13,7","20","99","226,0,437"
"0/1","3,13","16","77","485,0,77"
"0/1","13,8","21","99","224,0,467"
"0/1","7,11","18","99","388,0,231"
"0/1","12,14","26","99","489,0,396"
"0/1","9,5","14","99","155,0,236"
"0/0","30,2","32","42","0,42,504"
"0/1","17,14","31","17","356,0,17"
"0/1","14,23","37","99","751,0,434"
"0/1","14,10","24","99","251,0,466"
"0/1","18,15","33","99","507,0,634"
"0/1","20,15","35","99","498,0,667"
"0/1","12,6","18","99","193,0,412"
"0/0","21,0","23","63","0,63,835"
"0/1","18,16","34","99","517,0,553"
"0/1","19,16","35","99","528,0,523"
"0/1","17,20","37","99","661,0,571"
"0/1","14,14","28","99","487,0,453"
"0/1","9,14","23","99","464,0,294"
"0/1","15,13","28","99","402,0,463"
"0/1","14,15","29","99","516,0,470"
"0/1","14,16","30","99","494,0,468"
"0/1","15,15","30","99","496,0,485"
"0/1","16,21","37","99","657,0,402"
"0/1","10,18","28","99","636,0,275"
"0/1","17,16","33","99","505,0,570"
"0/1","20,15","35","99","447,0,692"
"0/1","9,12","21","99","389,0,302"
"0/1","10,21","31","99","657,0,285"
"0/1","14,18","32","99","506,0,474"
"0/1","14,12","26","99","355,0,461"
"0/1","13,14","27","99","454,0,438"
"0/1","9,14","23","99","434,0,276"
"0/1","9,10","19","99","350,0,307"
"0/1","9,10","19","99","349,0,307"
"0/1","7,8","15","99","233,0,234"
"0/1","6,9","15","99","284,0,198"
"0/1","11,14","25","99","469,0,357"
"0/1","14,16","30","99","495,0,338"
"0/1","17,13","31","99","365,0,492"
"0/1","22,15","37","99","371,0,636"
"0/1","12,15","27","99","514,0,399"
"0/1","18,12","30","99","374,0,620"
"0/1","14,21","35","99","737,0,411"
"0/1","15,15","30","99","466,0,427"
"0/1","13,14","28","99","426,0,445"
"0/1","12,15","27","99","493,0,398"
"0/1","15,13","28","99","404,0,479"
"0/1","14,16","30","99","469,0,436"
"0/1","15,17","32","99","507,0,469"
"0/1","11,13","24","99","428,0,345"
"0/1","10,8","18","99","195,0,340"
"0/1","11,10","21","99","269,0,237"
"0/1","10,13","23","99","371,0,204"
"0/1","5,8","13","99","277,0,168"
"0/1","16,9","25","99","243,0,582"
"0/1","13,7","20","99","215,0,469"
"0/1","10,6","16","99","158,0,325"
"0/1","18,10","28","99","303,0,644"
"0/1","14,8","22","99","260,0,503"
"0/1","15,5","20","99","151,0,485"
"0/1","2,12","14","40","438,0,40"
"0/1","8,11","19","99","381,0,227"
"0/1","7,14","21","99","477,0,227"
"0/1","10,9","19","99","315,0,308"
"0/1","10,8","18","99","237,0,314"
"0/1","10,11","21","99","294,0,310"
"0/1","10,14","24","99","465,0,138"
"0/1","9,10","19","99","316,0,303"
"0/1","18,12","30","99","420,0,366"
"0/1","9,8","17","99","268,0,237"
"0/1","15,10","25","99","226,0,372"
"0/1","11,4","15","47","47,0,315"
"0/0","16,0","16","36","0,36,466"
"0/1","9,7","16","99","233,0,203"
"0/1","11,9","20","99","274,0,355"
"1/1","0,12","12","33","443,33,0"
"0/1","7,13","20","99","453,0,216"
"0/1","10,9","21","99","273,0,278"
"0/1","15,5","20","99","148,0,473"
"0/1","15,5","20","99","151,0,441"
"0/1","18,14","32","99","476,0,595"
"0/1","20,16","36","99","522,0,687"
"0/1","17,15","32","99","410,0,596"
"0/1","14,18","32","99","630,0,448"
"0/1","16,20","36","99","650,0,492"
"0/1","19,14","33","99","428,0,601"
"0/1","11,22","33","99","655,0,284"
"0/1","26,16","42","99","448,0,710"
"0/1","17,23","40","99","686,0,488"
"0/1","18,19","37","99","625,0,560"
"0/1","10,12","22","99","418,0,333"
"0/1","10,14","24","99","407,0,265"
"0/1","13,11","24","99","369,0,442"
"0/1","12,15","27","99","465,0,412"
"0/1","14,6","20","99","182,0,477"
"0/1","5,15","20","99","506,0,142"
"0/1","12,8","20","99","262,0,429"
"0/1","24,7","31","99","172,0,863"
"0/1","22,15","37","99","507,0,667"
"0/1","12,6","18","99","191,0,432"
"0/1","10,14","25","99","492,0,292"
"0/1","16,16","32","99","499,0,491"
"0/1","19,17","36","99","526,0,594"
"0/1","16,15","33","99","499,0,412"
"0/1","16,10","26","99","248,0,519"
"0/1","18,13","31","99","381,0,592"
"0/1","13,19","32","99","602,0,382"
"0/1","17,15","32","99","476,0,538"
"0/1","14,20","34","99","558,0,366"
"0/1","18,10","28","99","308,0,621"
"0/1","8,13","21","99","422,0,222"
"0/1","17,14","31","99","444,0,565"
"0/1","15,12","27","99","401,0,431"
"0/1","15,13","28","99","438,0,494"
"0/1","23,17","40","99","460,0,783"
"0/1","10,18","28","99","582,0,287"
"0/1","23,13","36","99","401,0,730"
"0/1","15,22","37","99","675,0,445"
"0/1","9,8","17","99","223,0,319"
"0/1","8,9","17","99","278,0,272"
"0/1","10,14","24","99","460,0,337"
"0/1","8,9","17","99","316,0,145"
"0/1","8,6","14","99","146,0,284"
"0/1","11,7","18","99","224,0,328"
"0/1","27,16","43","99","518,0,892"
"0/1","12,20","32","99","716,0,380"
"0/1","14,21","35","99","705,0,441"
"0/1","19,17","36","99","509,0,643"
"0/1","11,11","22","99","334,0,334"
"0/1","17,19","36","99","651,0,522"
"0/1","19,17","36","99","535,0,580"
"0/1","15,11","26","99","351,0,505"
"0/1","11,15","26","99","522,0,359"
"0/1","16,10","26","99","322,0,557"
"0/1","14,11","25","99","310,0,458"
"1/1","2,36","39","93","1189,93,0"
"0/1","21,8","29","99","201,0,768"
"0/1","21,8","29","99","237,0,762"
"0/1","23,9","32","99","266,0,827"
"0/1","27,9","36","99","246,0,974"
"0/1","27,8","35","99","176,0,968"
"0/1","24,8","32","99","226,0,831"
"0/1","19,19","38","99","588,0,577"
"0/1","18,18","36","99","557,0,542"
"0/1","12,9","21","99","255,0,179"
"0/1","19,10","29","99","312,0,616"
"0/1","7,16","23","99","543,0,212"
"0/1","9,17","26","99","606,0,243"
"0/1","13,7","20","99","215,0,461"
"0/1","12,13","25","99","417,0,405"
"0/1","13,9","22","99","307,0,353"
"0/1","7,11","18","99","361,0,234"
"0/0","35,1","36","99","0,102,1358"
"0/0","34,3","37","32","0,32,1227"
"0/1","13,13","26","99","380,0,409"
"0/1","19,12","31","99","348,0,619"
"0/1","16,19","35","99","610,0,536"
"0/0","43,1","44","99","0,120,1570"
"0/1","33,11","44","99","247,0,1104"
"0/1","37,16","53","99","442,0,1068"
"0/1","14,10","24","99","322,0,460"
"0/1","17,13","30","99","412,0,480"
"1/1","0,30","30","87","1161,87,0"
"0/1","29,4","33","49","49,0,1033"
"0/1","22,11","33","99","330,0,616"
"0/1","8,40","48","99","1399,0,128"
"0/1","6,38","44","38","1277,0,38"
"0/1","18,16","34","99","485,0,540"
"0/1","16,15","31","99","513,0,556"
"0/1","31,7","38","99","140,0,1143"
"0/1","24,27","51","99","846,0,780"
"0/1","26,17","43","99","481,0,858"
"0/1","29,19","48","99","587,0,788"
"0/1","37,8","45","60","60,0,1323"
"0/1","37,8","45","65","65,0,1291"
"0/1","43,8","51","87","87,0,1361"
"0/1","44,7","51","49","49,0,1391"
"0/1","10,10","20","99","271,0,355"
"0/1","15,9","24","99","249,0,537"
"0/1","10,6","16","99","185,0,359"
"0/1","11,15","26","99","500,0,311"
"0/1","11,16","27","99","572,0,330"
"0/1","11,7","18","99","223,0,386"
"0/1","6,19","25","99","590,0,178"
"0/1","12,14","26","99","452,0,411"
"0/1","18,10","28","99","283,0,597"
"0/1","23,15","38","99","491,0,786"
"0/1","19,16","35","99","505,0,629"
"0/1","17,20","37","99","667,0,537"
"0/1","19,18","37","99","600,0,657"
"0/1","21,19","40","99","503,0,579"
"0/1","9,11","20","99","365,0,259"
"0/1","17,19","36","99","581,0,524"
"0/1","8,17","25","99","505,0,225"
"0/1","14,17","31","99","535,0,472"
"0/1","7,10","17","99","335,0,234"
"0/1","7,10","17","99","298,0,229"
"0/1","17,15","32","99","485,0,517"
"0/1","26,13","39","99","417,0,860"
"0/1","11,18","29","99","634,0,273"
"0/1","9,16","25","99","465,0,289"
"0/1","9,8","17","99","244,0,319"
"0/1","10,6","16","99","186,0,269"
"0/1","23,14","37","99","429,0,778"
"0/1","24,14","38","99","418,0,795"
"0/1","12,22","34","99","555,0,368"
"0/1","15,16","31","99","465,0,464"
"0/1","14,18","32","99","541,0,429"
"0/1","17,15","32","99","444,0,559"
"0/1","12,16","29","99","414,0,245"
"0/1","33,12","45","99","351,0,1014"
"0/1","17,21","38","99","494,0,420"
"0/1","15,14","29","99","395,0,516"
"0/1","13,15","28","99","518,0,400"
"0/1","13,9","22","99","298,0,453"
"0/1","5,9","14","99","286,0,127"
"0/1","5,9","14","99","297,0,130"
"0/1","9,9","18","99","309,0,309"
"0/1","7,11","18","99","362,0,238"
"0/1","11,15","26","99","451,0,330"
"0/1","14,12","26","99","334,0,409"
"0/1","14,11","25","99","374,0,465"
"0/1","10,13","23","99","441,0,301"
"0/0","28,1","29","56","0,56,1034"
"0/0","27,1","28","47","0,47,935"
"0/1","24,12","36","99","321,0,752"
"0/1","20,16","36","99","549,0,654"
"0/1","20,14","34","99","431,0,703"
"0/1","20,12","32","99","305,0,703"
"0/1","18,11","29","99","355,0,624"
"0/1","20,14","34","99","463,0,642"
"0/1","13,11","24","99","370,0,418"
"0/1","15,19","34","99","641,0,505"
"0/1","10,12","22","99","418,0,325"
"0/1","15,12","27","99","345,0,495"
"0/1","12,5","17","99","117,0,393"
"0/1","31,16","47","99","403,0,797"
"0/1","21,12","33","99","396,0,625"
"1/1","0,44","45","99","1633,126,0"
"0/1","18,12","30","99","331,0,623"
"0/1","17,30","47","99","888,0,565"
"0/1","6,13","19","99","461,0,187"
"0/1","11,8","19","99","260,0,392"
"0/1","15,8","23","99","255,0,538"
"0/1","14,14","28","99","434,0,421"
"0/1","16,14","30","99","323,0,451"
"0/1","19,11","30","99","323,0,656"
"0/1","15,9","24","99","213,0,524"
"0/1","9,16","25","99","524,0,247"
"0/1","16,12","28","99","342,0,553"
"0/1","16,21","37","99","649,0,451"
"0/1","30,15","45","99","463,0,916"
"0/1","26,17","43","99","545,0,811"
"0/1","17,13","30","99","331,0,505"
"0/1","10,22","32","99","674,0,311"
"0/1","17,6","23","99","174,0,456"
"0/1","19,5","24","81","81,0,598"
"0/1","8,8","16","99","234,0,242"
"0/1","8,9","17","99","321,0,239"
"0/1","18,9","27","99","250,0,592"
"0/1","14,11","25","99","364,0,496"
"0/1","6,13","19","99","436,0,157"
"0/1","12,16","28","99","564,0,390"
"0/1","23,18","42","99","556,0,743"
"0/1","12,26","38","99","858,0,328"
"0/1","21,18","39","99","557,0,638"
"0/1","9,17","26","99","549,0,268"
"0/1","19,7","26","99","167,0,634"
"0/1","27,12","39","99","358,0,882"
"0/1","28,20","48","99","598,0,917"
"0/1","26,21","47","99","677,0,832"
"0/1","25,27","52","99","927,0,748"
"1/1","5,245","250","99","9156,556,0"
"1/1","5,245","250","99","8544,526,0"
"1/1","6,242","250","99","7872,427,0"
"1/1","7,243","250","99","8176,406,0"
"1/1","7,237","244","99","7351,354,0"
"0/0","75,0","75","99","0,190,2402"
"0/1","22,25","47","99","839,0,712"
"0/1","22,23","45","99","784,0,714"
"0/1","23,22","45","99","755,0,803"
"0/1","25,18","43","99","606,0,835"
"0/1","11,10","21","99","316,0,313"
"0/1","12,11","23","99","335,0,382"
"0/1","8,11","19","99","374,0,262"
"0/1","14,13","27","99","375,0,479"
"0/1","9,7","16","99","244,0,274"
"0/1","10,9","19","99","305,0,310"
"0/1","18,21","39","99","640,0,607"
"0/1","13,19","32","99","559,0,358"
"0/1","13,15","29","99","411,0,336"
"0/1","12,19","31","99","553,0,365"
"0/1","11,8","19","99","226,0,346"
"0/1","4,8","12","89","255,0,89"
"0/1","8,10","18","99","353,0,263"
"0/1","16,11","27","99","297,0,427"
"0/1","20,17","37","99","439,0,396"
"0/1","16,15","31","99","520,0,443"
"0/1","16,7","23","99","208,0,544"
"0/1","8,14","22","99","418,0,262"
"0/1","8,16","24","99","474,0,264"
"0/1","6,10","16","99","348,0,199"
"0/1","7,12","19","99","392,0,164"
"0/1","13,10","23","99","336,0,403"
"0/1","20,8","28","99","226,0,683"
"0/1","20,8","28","99","231,0,677"
"0/1","12,23","35","99","768,0,341"
"0/1","18,15","33","99","468,0,621"
"0/1","11,21","32","99","746,0,348"
"0/1","11,7","18","99","228,0,387"
"0/1","21,9","30","99","289,0,643"
"0/1","14,11","25","99","367,0,439"
"0/1","19,18","37","99","562,0,613"
"0/1","11,15","26","99","525,0,361"
"0/1","16,9","25","99","286,0,562"
"0/1","22,12","34","99","337,0,659"
"0/1","20,13","33","99","365,0,600"
"0/1","14,10","24","99","291,0,378"
"0/1","15,7","22","99","211,0,457"
"0/1","12,17","29","99","530,0,195"
"0/1","18,19","37","99","505,0,555"
"0/1","18,21","39","99","562,0,509"
"0/1","18,24","42","99","754,0,583"
"0/1","22,24","46","99","770,0,652"
"0/1","21,14","35","99","368,0,663"
"0/1","20,16","36","99","450,0,642"
"1/1","0,34","34","93","1233,93,0"
"0/1","24,19","43","99","547,0,807"
"0/1","24,17","41","99","561,0,834"
"0/1","16,26","43","99","897,0,520"
"0/1","16,21","37","99","703,0,533"
"0/1","20,19","39","99","590,0,704"
"0/1","11,10","21","99","335,0,342"
"0/1","19,13","32","99","394,0,609"
"0/1","7,13","20","99","474,0,227"
"0/0","20,0","20","57","0,57,749"
"0/1","14,8","23","99","250,0,469"
"0/1","5,7","12","99","241,0,161"
"0/1","15,9","24","99","291,0,534"
"0/1","19,15","34","99","502,0,630"
"0/1","23,16","39","99","518,0,707"
"0/1","15,11","26","99","369,0,498"
"0/1","21,28","49","99","932,0,705"
"0/1","26,24","50","99","779,0,774"
"0/1","17,23","40","99","583,0,559"
"0/1","19,17","36","99","539,0,645"
"0/1","45,15","60","99","366,0,1352"
"0/1","39,15","54","99","308,0,1334"
"0/1","30,9","39","99","228,0,1070"
"0/1","30,9","39","99","245,0,1002"
"0/1","30,10","40","99","278,0,1040"
"0/1","18,16","34","99","551,0,498"
"0/1","11,12","23","99","420,0,360"
"0/1","5,16","21","99","588,0,134"
"0/1","7,14","21","99","507,0,202"
"0/1","11,14","25","99","492,0,355"
"0/1","30,14","44","99","432,0,1051"
"0/1","22,12","34","99","350,0,716"
"0/1","22,12","34","99","352,0,712"
"0/1","22,13","35","99","383,0,708"
"0/1","19,12","31","99","359,0,654"
"0/1","12,14","26","99","446,0,414"
"0/1","17,12","29","99","387,0,559"
"0/1","17,9","26","99","284,0,560"
"0/1","19,12","31","99","379,0,635"
"0/1","17,14","31","99","383,0,532"
"0/1","14,16","30","99","460,0,430"
"0/1","19,12","31","99","399,0,604"
"0/1","12,5","17","99","151,0,419"
"0/1","32,23","55","99","732,0,992"
"0/1","15,7","29","99","176,0,507"
"0/0","54,0","54","99","0,138,1805"
"0/1","30,9","39","99","168,0,1058"
"0/1","29,13","42","99","417,0,843"
"0/1","6,14","20","99","395,0,188"
"0/1","14,9","23","99","280,0,498"
"0/1","21,13","34","99","331,0,643"
"0/1","16,4","20","82","82,0,559"
"0/1","15,7","22","99","180,0,517"
"0/1","14,5","19","99","106,0,481"
"0/1","14,5","19","99","106,0,481"
"0/1","15,5","20","99","104,0,489"
"0/1","21,6","27","99","159,0,680"
"0/1","21,6","27","99","157,0,680"
"0/1","10,12","22","99","401,0,328"
"0/1","20,10","30","99","290,0,680"
"0/1","18,16","34","99","482,0,581"
"0/1","16,21","37","99","598,0,426"
"0/1","12,13","26","99","435,0,372"
"0/1","10,13","23","99","408,0,336"
"0/0","24,0","24","72","0,72,976"
"0/1","9,12","21","99","349,0,306"
"0/1","8,8","16","99","209,0,238"
"0/1","15,15","30","99","448,0,527"
"0/1","15,15","30","99","523,0,452"
"0/1","17,13","30","99","428,0,596"
"0/1","8,8","16","99","273,0,278"
"0/1","7,13","20","99","457,0,229"
"0/1","9,14","23","99","494,0,295"
"0/1","9,11","20","99","394,0,299"
"0/1","16,9","25","99","279,0,529"
"0/1","8,11","19","99","387,0,257"
"0/1","12,12","24","99","334,0,423"
"0/1","7,5","12","86","86,0,244"
"0/1","13,20","33","99","650,0,387"
"0/1","14,17","31","99","590,0,434"
"0/1","11,14","25","99","488,0,337"
"0/1","17,24","41","99","846,0,481"
"0/1","20,10","30","99","307,0,690"
"0/1","13,7","20","99","223,0,405"
"0/1","9,7","16","99","201,0,297"
"0/1","13,16","29","99","488,0,411"
"0/1","17,17","34","99","532,0,577"
"0/1","7,10","17","99","287,0,234"
"0/1","12,11","23","99","347,0,380"
"0/1","27,4","31","30","30,0,883"
"0/0","35,2","37","18","0,18,1117"
"0/1","17,16","34","99","391,0,488"
"0/1","8,13","21","99","461,0,264"
"0/1","10,11","21","99","358,0,298"
"0/1","9,7","16","99","226,0,318"
"0/1","13,3","16","80","80,0,398"
"0/1","8,3","11","95","95,0,260"
"0/1","10,7","17","99","205,0,318"
"0/1","2,13","15","38","470,0,38"
"0/1","9,11","20","99","320,0,261"
"0/1","17,14","31","99","430,0,542"
"0/1","6,11","17","99","388,0,180"
"0/1","10,10","20","99","350,0,312"
"0/1","7,12","19","99","432,0,194"
"0/1","16,7","23","99","214,0,511"
"0/1","18,10","28","99","321,0,595"
"0/1","15,7","22","99","204,0,493"
"0/1","24,18","42","99","571,0,732"
"0/1","22,15","37","99","433,0,734"
"0/1","14,20","34","99","660,0,379"
"0/1","20,3","23","59","59,0,475"
"0/1","20,13","33","99","423,0,627"
"0/0","8,0","8","24","0,24,322"
"0/1","16,11","27","99","351,0,495"
"0/1","12,9","21","99","262,0,424"
"0/0","31,0","31","93","0,93,1252"
"0/1","25,11","36","99","328,0,842"
"0/1","19,14","33","99","416,0,620"
"0/1","33,19","52","99","567,0,1108"
"0/1","26,9","35","99","259,0,714"
"0/1","16,11","27","99","326,0,488"
"0/1","12,4","16","99","111,0,438"
"0/1","23,20","43","99","632,0,765"
"0/1","15,20","35","99","657,0,489"
"0/1","18,12","30","99","386,0,637"
"0/1","19,10","29","99","326,0,564"
"0/1","21,11","32","99","283,0,705"
"0/1","20,9","29","99","280,0,658"
"0/1","16,12","28","99","258,0,572"
"0/1","16,11","27","99","324,0,571"
"0/1","9,8","17","99","275,0,284"
"0/1","11,11","22","99","357,0,318"
"0/0","18,0","18","51","0,51,681"
"0/0","18,0","18","51","0,51,692"
"0/0","18,0","18","51","0,51,688"
"0/0","20,0","20","60","0,60,803"
"0/1","11,19","30","99","642,0,360"
"0/1","23,16","39","99","503,0,782"
"0/1","17,13","30","99","418,0,577"
"0/1","15,17","32","99","546,0,471"
"0/1","13,11","24","99","377,0,449"
"0/1","18,11","29","99","332,0,549"
"0/1","10,23","33","99","717,0,282"
"0/1","22,19","41","99","627,0,661"
"0/1","15,12","27","99","358,0,478"
"0/1","13,10","23","99","189,0,372"
"0/1","21,10","31","99","234,0,669"
"0/1","13,9","22","99","228,0,420"
"0/1","12,10","22","99","333,0,344"
"0/1","13,14","27","99","430,0,384"
"0/1","13,13","26","99","412,0,337"
"0/1","4,4","8","96","96,0,142"
"0/0","20,0","20","57","0,57,754"
"0/1","11,8","19","99","226,0,383"
"0/0","18,0","19","30","0,30,342"
"0/1","4,7","11","99","180,0,135"
"0/1","5,11","16","83","347,0,83"
"0/1","6,7","13","99","249,0,132"
"0/1","11,5","16","99","131,0,288"
"0/1","12,7","19","99","222,0,408"
"0/1","7,8","15","99","284,0,216"
"0/1","11,10","21","99","346,0,320"
"0/1","14,7","21","99","234,0,337"
"0/1","14,18","32","99","578,0,461"
"0/1","10,18","28","99","529,0,291"
"0/1","13,16","29","99","492,0,383"
"0/1","12,24","36","99","750,0,345"
"0/1","18,15","33","99","495,0,573"
"0/1","9,23","32","99","627,0,196"
"0/1","18,22","40","99","725,0,575"
"0/1","17,22","39","99","722,0,568"
"0/1","8,15","23","99","528,0,258"
"0/1","12,4","16","99","112,0,398"
"0/1","13,6","19","99","189,0,428"
"0/1","20,13","33","99","421,0,650"
"0/1","5,4","9","99","123,0,176"
"0/1","12,3","15","80","80,0,447"
"0/1","16,19","35","99","610,0,495"
"0/1","11,12","23","99","335,0,335"
"0/1","8,13","21","99","430,0,269"
"0/1","15,9","24","99","260,0,487"
"0/1","6,15","21","99","452,0,185"
"0/1","23,7","30","99","171,0,773"
"0/1","12,9","21","99","305,0,351"
"0/1","11,11","22","99","369,0,384"
"0/1","10,13","23","99","417,0,323"
"0/1","14,17","31","99","491,0,450"
"0/1","8,14","22","99","502,0,248"
"0/1","7,13","20","99","456,0,215"
"0/1","7,11","18","99","315,0,229"
"0/1","4,17","21","51","595,0,51"
"0/1","16,17","33","99","545,0,532"
"0/0","34,0","34","99","0,99,1283"
"0/1","19,15","34","99","502,0,484"
"0/1","9,13","22","99","385,0,298"
"0/1","11,15","26","99","411,0,344"
"0/0","29,0","29","78","0,78,1041"
"0/1","7,10","17","99","355,0,235"
"0/1","7,11","18","99","358,0,229"
"0/1","14,22","36","99","773,0,422"
"0/1","14,19","33","99","634,0,357"
"0/1","8,9","17","99","311,0,279"
"0/1","5,12","17","99","433,0,151"
"0/1","11,9","20","99","299,0,382"
"0/1","11,14","25","99","460,0,375"
"0/1","10,7","17","99","231,0,349"
"0/1","11,8","19","99","257,0,346"
"0/1","12,13","25","99","442,0,372"
"0/1","15,8","24","99","211,0,517"
"0/1","13,21","34","99","686,0,408"
"0/0","25,0","25","66","0,66,852"
"0/1","24,16","40","99","517,0,766"
"0/1","12,12","24","99","331,0,413"
"0/1","8,18","26","99","653,0,211"
"0/1","16,17","33","99","476,0,548"
"0/1","21,20","41","99","683,0,681"
"0/1","7,15","22","99","529,0,210"
"0/1","18,14","32","99","468,0,623"
"0/1","11,10","21","99","331,0,375"
"0/1","19,16","35","99","395,0,571"
"0/1","12,11","23","99","341,0,393"
"0/1","14,12","26","99","371,0,496"
"0/1","11,9","20","99","268,0,344"
"0/1","6,16","22","99","513,0,182"
"0/1","11,16","27","99","531,0,352"
"0/1","9,7","16","99","231,0,321"
"0/1","9,7","16","99","236,0,316"
"0/1","13,5","18","99","142,0,478"
"0/0","27,1","28","42","0,42,554"
"0/0","24,0","28","36","0,36,475"
"0/1","10,15","25","99","498,0,266"
"0/1","10,14","24","99","507,0,274"
"0/1","19,5","24","99","137,0,543"
"0/1","19,3","24","66","66,0,535"
"0/1","21,5","26","99","131,0,610"
"0/1","20,5","25","99","117,0,583"
"0/1","20,5","25","99","128,0,535"
"0/1","20,5","25","99","131,0,577"
"0/1","25,5","30","99","116,0,783"
"0/1","18,9","27","99","245,0,611"
"0/1","15,18","33","99","549,0,497"
"0/1","19,16","35","99","483,0,550"
"0/1","19,16","35","99","510,0,608"
"0/1","15,15","30","99","509,0,386"
"0/1","17,20","37","99","549,0,427"
"0/1","16,9","25","99","244,0,513"
"0/1","12,12","24","99","357,0,364"
"0/1","25,15","40","99","419,0,819"
"0/1","25,15","40","99","453,0,820"
"0/1","12,14","26","99","433,0,395"
"0/1","14,16","30","99","509,0,417"
"0/1","12,14","26","99","447,0,363"
"0/1","9,10","19","99","298,0,302"
"0/1","8,15","23","99","475,0,236"
"0/1","13,8","22","99","211,0,385"
"0/1","13,18","31","99","564,0,430"
"0/1","14,20","34","99","633,0,416"
"0/1","12,23","35","99","698,0,354"
"0/1","12,19","31","99","554,0,338"
"0/1","20,9","29","99","219,0,657"
"0/1","20,16","36","99","470,0,623"
"0/1","16,15","31","99","450,0,493"
"0/1","14,18","32","99","588,0,397"
"0/1","20,12","32","99","299,0,647"
"0/1","19,13","32","99","404,0,610"
"0/1","17,11","28","99","303,0,479"
"0/1","11,13","24","99","452,0,259"
"0/1","11,19","30","99","554,0,308"
"0/1","14,15","29","99","480,0,382"
"0/1","17,22","39","99","740,0,510"
"0/1","28,13","41","99","382,0,908"
"0/1","22,13","36","99","374,0,666"
"0/1","22,14","36","99","418,0,741"
"0/1","18,13","31","99","415,0,542"
"0/1","14,21","35","99","631,0,465"
"0/1","21,14","35","99","413,0,730"
"0/1","4,9","13","99","212,0,115"
"0/0","30,0","30","81","0,81,1089"
"0/1","13,17","30","99","578,0,437"
"0/1","8,8","16","99","242,0,273"
"0/1","7,12","19","99","392,0,233"
"0/1","20,20","40","99","615,0,530"
"0/1","15,21","36","99","723,0,488"
"0/1","16,20","36","99","558,0,490"
"0/1","9,8","17","99","266,0,308"
"0/1","6,15","21","99","445,0,163"
"0/1","16,18","34","99","617,0,544"
"0/1","17,10","27","99","292,0,525"
"0/1","9,7","16","99","244,0,248"
"0/1","15,18","33","99","566,0,472"
"0/1","13,2","15","37","37,0,440"
"0/1","12,13","25","99","411,0,369"
"0/1","7,13","20","99","433,0,227"
"0/1","13,9","22","99","283,0,450"
"0/1","14,11","25","99","320,0,444"
"0/1","13,11","24","99","378,0,377"
"0/1","6,13","19","99","452,0,158"
"0/1","6,12","18","99","420,0,157"
"0/1","15,5","20","99","151,0,481"
"0/1","15,19","34","99","579,0,481"
"0/1","10,17","27","99","504,0,340"
"0/1","18,14","32","99","426,0,631"
"0/1","12,17","29","99","603,0,369"
"0/1","14,23","37","99","743,0,443"
"0/1","10,16","26","99","552,0,328"
"0/1","8,10","18","99","350,0,263"
"0/1","16,10","26","99","274,0,550"
"0/1","5,10","15","99","321,0,117"
"0/1","7,16","23","99","581,0,201"
"0/1","15,16","31","99","501,0,512"
"0/1","18,21","39","99","686,0,544"
"0/1","23,14","37","99","404,0,740"
"0/1","12,8","20","99","266,0,393"
"0/1","10,7","17","99","239,0,307"
"0/1","41,8","49","99","173,0,1259"
"0/1","40,9","49","99","185,0,1255"
"0/1","12,14","26","99","474,0,364"
"0/1","33,9","42","83","83,0,990"
"0/1","35,9","44","80","80,0,994"
"0/1","13,11","24","99","369,0,408"
"0/1","9,10","19","99","332,0,314"
"0/0","38,2","40","65","0,65,1293"
"0/1","19,16","35","99","456,0,653"
"0/1","11,20","31","99","633,0,360"
"0/1","14,11","25","99","368,0,483"
"0/1","18,13","31","99","435,0,497"
"0/1","13,15","28","99","472,0,440"
"0/1","7,13","20","99","429,0,230"
"0/0","29,0","29","78","0,78,1056"
"0/1","16,8","24","99","186,0,501"
"0/1","15,9","24","99","287,0,516"
"0/1","9,10","19","99","294,0,310"
"0/1","13,13","26","99","323,0,441"
"0/1","19,15","34","99","461,0,607"
"0/1","12,18","30","99","613,0,383"
"0/1","9,9","18","99","307,0,318"
"0/1","12,14","26","99","485,0,380"
"0/1","13,7","20","99","213,0,463"
"0/1","8,10","18","99","354,0,199"
"0/1","11,13","24","99","446,0,374"
"0/1","16,12","28","99","377,0,517"
"0/1","22,9","31","99","264,0,762"
"0/1","13,15","28","99","508,0,422"
"0/1","15,8","23","99","253,0,532"
"0/1","13,11","24","99","338,0,447"
"0/1","17,19","36","99","581,0,485"
"0/1","12,27","39","99","898,0,337"
"0/1","25,12","37","99","383,0,714"
"0/1","19,13","32","99","412,0,601"
"0/1","15,19","34","99","595,0,466"
"0/1","23,4","27","79","79,0,836"
"0/1","17,11","28","99","322,0,511"
"0/1","13,13","26","99","372,0,417"
"0/1","12,10","22","99","305,0,297"
"0/1","9,19","28","99","644,0,265"
"0/1","15,15","30","99","517,0,413"
"0/1","10,12","22","99","410,0,300"
"0/1","6,9","15","99","306,0,198"
"0/1","6,13","19","99","458,0,188"
"0/1","5,19","24","99","642,0,121"
"0/1","8,10","18","99","353,0,272"
"0/1","14,9","23","99","296,0,454"
"0/1","11,11","22","99","347,0,355"
"0/1","15,19","34","99","679,0,500"
"0/1","11,10","21","99","296,0,313"
"0/1","10,10","20","99","317,0,171"
"0/0","28,0","29","66","0,66,847"
"0/0","23,0","23","66","0,66,881"
"0/1","12,9","21","99","302,0,411"
"0/1","12,11","23","99","383,0,418"
"0/1","20,16","36","99","528,0,710"
"0/1","17,18","35","99","520,0,550"
"0/1","8,8","16","99","279,0,271"
"0/1","14,9","23","99","303,0,460"
"0/1","12,7","19","99","187,0,395"
"0/1","16,22","38","99","776,0,446"
"0/1","18,17","35","99","530,0,514"
"0/1","15,13","28","99","391,0,503"
"0/1","12,10","22","99","346,0,419"
"0/1","20,7","27","99","158,0,637"
"0/1","12,14","26","99","474,0,285"
"0/1","15,16","31","99","540,0,452"
"0/1","7,10","17","99","317,0,232"
"0/1","11,12","23","99","408,0,375"
"0/1","8,3","11","86","86,0,287"
"0/1","7,8","15","99","268,0,192"
"0/1","6,8","14","99","282,0,188"
"0/1","9,12","21","99","394,0,291"
"0/1","15,22","37","99","713,0,481"
"0/1","12,9","21","99","295,0,421"
"0/1","18,16","34","99","501,0,582"
"0/1","17,14","31","99","409,0,554"
"0/1","6,8","14","99","280,0,197"
"0/1","19,14","33","99","407,0,576"
"0/1","16,10","26","99","301,0,497"
"0/1","6,4","10","99","118,0,213"
"0/0","19,0","19","54","0,54,733"
"0/1","13,18","31","99","598,0,439"
"0/1","16,15","31","99","445,0,494"
"0/1","15,10","25","99","325,0,477"
"0/1","13,12","25","99","419,0,380"
"0/1","16,14","30","99","482,0,519"
"0/1","13,9","22","99","274,0,453"
"0/1","16,18","34","99","614,0,531"
"0/1","22,19","41","99","509,0,726"
"0/1","12,18","30","99","615,0,347"
"0/1","40,7","47","80","80,0,1085"
"0/1","42,8","50","99","99,0,1190"
"0/0","27,0","28","78","0,78,972"
"0/1","32,8","40","99","140,0,1043"
"0/1","35,9","44","99","154,0,1105"
"0/1","37,7","44","99","107,0,1224"
"0/1","34,9","43","99","116,0,1182"
"0/1","36,9","45","99","103,0,1199"
"0/1","38,10","48","99","143,0,1322"
"0/1","39,10","49","99","141,0,1341"
"0/1","37,10","48","99","147,0,1055"
"0/1","36,12","48","99","224,0,1162"
"0/1","38,7","45","99","148,0,1231"
"0/1","36,9","45","99","154,0,1152"
"0/1","15,19","34","99","610,0,456"
"0/1","40,7","47","69","69,0,1367"
"0/1","18,9","27","99","179,0,555"
"0/0","6,0","6","15","0,15,195"
"0/0","33,0","33","81","0,81,992"
"0/0","45,0","45","90","0,90,1196"
"0/0","27,6","33","24","0,24,745"
"0/1","8,9","17","99","319,0,242"
"0/1","6,3","9","89","89,0,217"
"0/1","12,13","25","99","366,0,420"
"1/1","0,32","32","96","1267,96,0"
"0/1","12,17","29","99","591,0,396"
"0/1","3,11","14","83","364,0,83"
"0/1","7,10","20","99","213,0,102"
"0/1","11,11","22","99","371,0,360"
"0/1","17,8","25","99","248,0,580"
"0/1","14,16","30","99","515,0,434"
"0/1","13,13","26","99","414,0,429"
"0/1","9,8","17","99","239,0,314"
"0/1","15,10","25","99","337,0,461"
"0/0","15,0","20","21","0,21,268"
"0/1","31,7","38","99","120,0,1020"
"0/1","5,9","14","99","318,0,163"
"0/1","13,13","26","99","404,0,417"
"0/1","20,18","38","99","538,0,623"
"0/1","10,11","21","99","344,0,309"
"0/1","9,12","22","99","371,0,252"
"0/1","11,13","24","99","434,0,344"
"0/0","22,0","22","63","0,63,844"
"0/1","6,10","16","99","361,0,189"
"0/1","21,16","37","99","515,0,666"
"0/1","11,5","16","99","152,0,399"
"0/1","13,12","25","99","404,0,455"
"0/1","6,15","21","99","532,0,184"
"0/1","11,13","24","99","438,0,253"
"0/1","25,6","31","99","104,0,755"
"0/1","26,8","34","99","127,0,829"
"0/1","28,7","36","99","129,0,835"
"0/1","27,7","35","99","134,0,820"
"0/1","14,23","37","99","736,0,359"
"0/1","10,11","21","99","371,0,275"
"0/1","10,9","19","99","303,0,352"
"0/1","10,8","18","99","214,0,287"
"0/1","26,11","37","99","334,0,813"
"0/1","13,10","23","99","300,0,434"
"0/1","10,9","19","99","310,0,312"
"0/1","12,5","17","99","154,0,361"
"0/1","15,15","30","99","447,0,489"
"0/1","8,9","17","99","284,0,274"
"0/1","9,7","16","99","235,0,312"
"0/1","11,4","15","99","120,0,371"
"0/1","12,8","20","99","270,0,434"
"0/1","14,10","24","99","330,0,493"
"0/1","17,15","32","99","447,0,550"
"0/1","19,14","33","99","403,0,565"
"0/1","23,18","41","99","583,0,769"
"0/1","14,11","25","99","340,0,367"
"0/1","18,23","41","99","763,0,594"
"0/1","22,12","34","99","351,0,701"
"0/1","17,11","30","99","266,0,550"
"0/1","13,12","25","99","339,0,383"
"0/1","12,13","25","99","371,0,404"
"0/1","6,10","16","99","362,0,181"
"0/1","13,11","25","99","367,0,361"
"0/1","12,14","27","99","377,0,356"
"0/1","7,14","21","99","490,0,220"
"0/1","15,13","28","99","314,0,395"
"0/1","12,12","25","99","406,0,271"
"0/0","31,0","31","90","0,90,1185"
"0/1","17,7","24","99","197,0,545"
"0/1","16,16","32","99","548,0,462"
"0/1","10,15","25","99","501,0,308"
"0/1","25,10","35","99","313,0,786"
"0/1","11,10","21","99","343,0,313"
"0/1","10,12","22","99","390,0,335"
"0/0","22,2","24","48","0,48,621"
"0/0","23,1","25","51","0,51,670"
"0/1","17,9","26","99","213,0,369"
"0/1","14,15","29","99","468,0,448"
"0/1","12,16","28","99","560,0,369"
"0/1","7,12","19","99","396,0,231"
"0/1","12,18","30","99","646,0,379"
"0/1","12,10","22","99","331,0,410"
"0/1","20,15","35","99","439,0,667"
"0/1","19,10","29","99","303,0,588"
"0/1","16,10","26","99","320,0,497"
"0/1","11,9","20","99","298,0,308"
"0/1","17,14","31","99","422,0,483"
"0/1","15,14","29","99","483,0,465"
"0/1","13,14","27","99","463,0,425"
"0/1","14,9","23","99","198,0,436"
"0/1","15,10","25","99","232,0,341"
"0/1","15,13","28","99","451,0,430"
"0/1","18,17","35","99","547,0,626"
"0/1","15,15","30","99","448,0,523"
"0/1","9,7","16","99","237,0,319"
"0/1","6,9","15","99","252,0,203"
"0/1","19,18","37","99","586,0,626"
"0/1","8,10","18","99","347,0,237"
"0/1","14,19","33","99","625,0,451"
"0/1","9,12","21","99","411,0,251"
"0/1","23,21","44","99","640,0,658"
"0/1","13,12","25","99","407,0,438"
"0/1","27,17","44","99","537,0,900"
"0/1","27,6","33","81","81,0,944"
"0/1","25,4","29","23","23,0,893"
"0/1","10,15","25","99","509,0,327"
"0/1","17,11","28","99","328,0,543"
"0/1","14,14","28","99","412,0,493"
"0/1","15,13","28","99","423,0,528"
"0/1","23,15","38","99","426,0,808"
"0/1","10,8","18","99","239,0,316"
"0/1","12,6","18","99","187,0,386"
"1/1","0,4","4","9","105,9,0"
"0/1","11,5","18","99","156,0,383"
"0/1","8,10","18","99","322,0,201"
"0/1","6,8","14","99","273,0,196"
"0/1","7,13","20","99","469,0,182"
"0/1","7,14","21","99","448,0,223"
"0/1","10,14","24","99","463,0,296"
"1/1","1,20","21","8","489,8,0"
"0/1","10,12","22","99","408,0,304"
"0/1","12,10","22","99","294,0,395"
"0/1","8,14","22","99","435,0,267"
"0/1","17,9","26","99","261,0,543"
"0/1","14,13","27","99","341,0,421"
"0/1","19,18","38","99","505,0,596"
"0/1","19,18","37","99","407,0,470"
"0/0","11,0","11","24","0,24,260"
"0/1","29,5","34","77","77,0,1021"
"0/1","30,6","36","94","94,0,1046"
"0/0","22,0","22","63","0,63,855"
"0/1","11,11","22","99","389,0,347"
"1/1","0,15","15","42","575,42,0"
"0/1","6,7","13","99","212,0,170"
"0/1","10,9","20","10","10,0,263"
"0/1","16,21","37","99","731,0,492"
"0/1","10,13","23","99","426,0,264"
"0/0","27,0","27","78","0,78,1023"
"0/1","15,10","26","99","332,0,399"
"0/1","16,11","27","99","332,0,496"
"0/1","8,5","13","99","170,0,283"
"0/1","20,15","35","99","393,0,562"
"0/1","7,7","14","99","229,0,242"
"0/1","16,16","32","99","490,0,472"
"0/1","12,24","36","99","859,0,341"
"0/1","16,13","29","99","439,0,490"
"0/1","17,13","30","99","403,0,496"
"0/1","15,8","23","99","200,0,292"
"0/1","21,19","40","99","521,0,495"
"0/1","13,17","30","99","566,0,385"
"0/1","10,9","19","99","264,0,311"
"0/1","16,14","30","99","448,0,518"
"0/1","16,12","28","99","408,0,520"
"0/1","14,18","32","99","629,0,429"
"0/1","9,6","15","99","186,0,278"
"0/1","14,4","18","99","102,0,463"
"0/1","16,5","22","99","139,0,488"
"0/1","23,23","46","99","576,0,638"
"0/1","11,3","14","69","69,0,407"
"0/1","16,14","30","99","432,0,512"
"0/1","16,8","24","99","167,0,489"
"1/1","0,22","22","63","824,63,0"
"1/1","1,20","21","23","692,23,0"
"0/1","6,9","15","99","256,0,201"
"0/1","3,3","6","57","102,0,57"
"0/1","3,3","6","60","68,0,60"
"0/1","3,3","6","60","68,0,60"
"0/0","8,0","9","21","0,21,271"
"0/1","16,15","31","99","498,0,523"
"0/1","16,15","31","99","462,0,511"
"0/1","14,15","29","99","452,0,485"
"0/1","17,16","33","99","506,0,561"
"0/1","12,12","24","99","420,0,331"
"0/1","18,17","35","99","538,0,595"
"0/1","13,17","30","99","553,0,428"
"0/1","8,11","19","99","386,0,270"
"0/1","8,10","18","99","323,0,124"
"0/1","15,20","35","99","662,0,495"
"0/1","14,9","23","99","293,0,448"
"0/1","16,14","30","99","394,0,529"
"0/1","17,4","21","66","66,0,493"
"0/1","14,10","24","99","274,0,436"
"0/0","18,0","18","51","0,51,675"
"0/1","19,18","37","99","540,0,591"
"0/1","6,14","20","99","504,0,182"
"0/1","15,4","19","99","103,0,519"
"0/1","14,13","31","99","300,0,323"
"1/1","0,11","15","18","235,18,0"
"0/1","12,16","28","99","531,0,310"
"0/1","23,18","42","99","515,0,731"
"0/1","3,11","14","60","62,0,60"
"0/1","11,15","26","99","340,0,238"
"0/1","16,9","25","99","291,0,572"
"0/1","18,10","28","99","323,0,616"
"0/1","8,8","16","99","235,0,282"
"0/1","11,15","27","99","455,0,340"
"0/1","5,8","13","99","288,0,165"
"0/1","9,7","16","99","236,0,304"
"0/1","10,9","19","99","306,0,306"
"0/1","12,13","25","99","427,0,375"
"0/0","30,2","32","10","0,10,1037"
"0/1","15,10","25","99","197,0,504"
"0/1","18,14","32","99","460,0,570"
"0/1","11,17","29","99","582,0,348"
"0/1","17,19","36","99","647,0,492"
"0/1","19,22","41","99","597,0,530"
"0/1","24,16","40","99","433,0,643"
"0/1","35,7","42","68","68,0,1055"
"0/1","21,14","35","99","452,0,568"
"0/1","19,18","37","99","579,0,577"
"0/1","22,23","45","99","687,0,646"
"0/1","19,13","32","99","386,0,645"
"0/1","23,15","38","99","421,0,773"
"0/1","15,16","31","99","463,0,442"
"0/1","19,9","28","99","281,0,680"
"0/1","11,10","21","99","313,0,353"
"0/1","16,12","28","99","396,0,531"
"0/1","5,6","11","99","162,0,162"
"0/1","7,11","18","99","358,0,238"
"0/1","6,1","7","6","6,0,219"
"0/1","10,5","15","89","89,0,214"
"0/1","13,14","27","99","465,0,422"
"0/1","14,14","28","99","438,0,450"
"0/1","17,21","38","99","609,0,557"
"0/1","11,20","31","99","700,0,351"
"0/1","19,9","29","99","197,0,591"
"0/1","13,10","23","99","293,0,430"
"0/1","13,12","25","99","365,0,455"
"0/1","11,11","22","99","297,0,382"
"0/1","10,11","21","99","356,0,297"
"0/1","9,10","19","99","353,0,300"
"0/1","15,20","35","99","591,0,450"
"0/1","10,20","30","99","664,0,278"
"0/1","12,12","24","99","392,0,354"
"0/1","16,12","28","99","367,0,477"
"0/1","7,17","24","99","568,0,211"
"0/1","10,13","23","99","457,0,338"
"0/1","13,7","20","99","227,0,459"
"0/1","11,10","21","99","285,0,374"
"0/1","13,24","37","99","744,0,402"
"0/1","16,11","27","99","350,0,555"
"0/1","13,19","32","99","571,0,429"
"0/1","11,14","25","99","470,0,336"
"0/1","5,15","20","99","506,0,139"
"0/1","22,18","40","99","608,0,697"
"0/1","12,18","30","99","581,0,371"
"0/1","10,5","15","99","155,0,353"
"0/1","13,8","21","99","207,0,429"
"0/1","10,11","21","99","371,0,310"
"0/1","42,15","58","99","235,0,814"
"0/0","8,0","8","18","0,18,189"
"0/1","9,16","25","99","537,0,247"
"0/1","13,19","32","99","663,0,426"
"0/0","32,0","32","90","0,90,1152"
"0/0","27,0","27","75","0,75,943"
"0/0","25,0","25","66","0,66,856"
"0/0","27,0","27","72","0,72,849"
"0/0","26,0","26","72","0,72,898"
"0/0","28,0","28","72","0,72,917"
"0/0","25,0","25","72","0,72,900"
"0/0","25,0","25","69","0,69,837"
"0/0","24,0","24","66","0,66,831"
"0/0","29,0","29","84","0,84,1082"
"0/0","29,0","29","84","0,84,1093"
"0/0","28,0","29","81","0,81,1039"
"0/0","29,0","29","84","0,84,1086"
"0/0","29,0","29","81","0,81,1048"
"0/0","28,0","28","78","0,78,1032"
"0/0","30,0","30","84","0,84,1119"
"0/0","19,1","20","51","0,51,664"
"0/1","3,9","12","83","325,0,83"
"0/1","14,17","32","99","319,0,147"
"0/1","31,11","42","99","110,0,319"
"0/1","37,5","44","25","25,0,457"
"0/1","27,15","42","99","169,0,244"
"0/1","11,14","25","99","408,0,322"
"0/1","10,14","24","99","451,0,337"
"0/1","16,17","33","99","490,0,472"
"0/1","20,20","40","99","656,0,676"
"0/1","10,11","21","99","344,0,325"
"0/1","12,11","25","99","249,0,349"
"0/1","5,10","15","99","361,0,152"
"0/1","15,12","27","99","395,0,459"
"0/1","21,13","34","99","407,0,622"
"0/1","19,14","33","99","463,0,619"
"0/1","6,11","17","99","398,0,183"
"0/1","10,4","14","68","68,0,236"
"0/1","10,18","28","99","540,0,266"
"0/1","13,21","34","99","672,0,349"
"0/1","16,9","25","99","267,0,564"
"0/1","14,15","29","99","503,0,416"
"0/1","15,17","32","99","533,0,424"
"0/1","15,21","36","99","700,0,404"
"0/1","15,20","35","99","684,0,413"
"0/1","18,17","35","99","537,0,576"
"0/1","13,15","28","99","456,0,413"
"0/1","14,13","27","99","404,0,431"
"0/1","12,14","26","99","452,0,300"
"0/1","10,16","26","99","492,0,269"
"0/1","10,17","27","99","561,0,326"
"0/1","21,11","32","99","268,0,708"
"0/1","4,8","12","99","262,0,115"
"0/1","19,14","33","99","477,0,607"
"0/1","19,19","38","99","609,0,584"
"0/1","10,19","29","99","562,0,306"
"0/1","17,14","31","99","410,0,484"
"0/1","17,13","30","99","341,0,529"
"0/1","55,13","68","99","164,0,1627"
"0/1","54,14","68","99","166,0,1628"
"0/1","41,10","51","99","223,0,1041"
"0/1","53,18","71","99","285,0,1666"
"0/1","8,11","19","99","400,0,224"
"0/1","10,9","19","99","276,0,356"
"0/1","15,14","29","99","374,0,462"
"0/1","18,21","39","99","575,0,525"
"0/1","16,10","26","99","320,0,492"
"0/1","15,10","26","99","210,0,442"
"0/1","22,12","34","99","379,0,613"
"0/1","19,17","37","99","570,0,450"
"0/0","27,1","28","66","0,66,820"
"0/1","16,17","33","99","540,0,497"
"0/1","18,11","29","99","308,0,568"
"0/1","15,12","29","99","278,0,391"
"0/1","13,16","29","99","468,0,424"
"0/1","13,16","29","99","439,0,409"
"0/1","16,14","30","99","388,0,524"
"0/1","17,14","31","99","343,0,584"
"0/1","16,14","30","99","392,0,443"
"0/1","17,12","29","99","394,0,581"
"0/1","19,14","33","99","389,0,657"
"0/1","19,17","36","99","525,0,656"
"0/1","18,20","38","99","635,0,581"
"0/1","21,18","39","99","576,0,689"
"0/1","15,7","22","99","202,0,528"
"0/1","16,12","28","99","359,0,505"
"0/1","14,18","32","99","555,0,476"
"0/1","14,19","33","99","629,0,462"
"0/1","12,21","33","99","754,0,376"
"0/1","19,17","36","99","549,0,620"
"0/1","18,15","33","99","471,0,564"
"0/1","18,11","29","99","328,0,616"
"0/1","20,11","31","99","318,0,693"
"0/1","22,12","34","99","375,0,711"
"0/1","11,16","27","99","520,0,361"
"0/1","8,20","28","99","698,0,233"
"0/1","7,17","24","99","580,0,198"
"0/1","11,10","21","99","338,0,306"
"0/1","14,9","23","99","282,0,465"
"0/1","15,11","26","99","332,0,480"
"0/1","10,18","28","99","652,0,323"
"0/1","10,16","26","99","573,0,329"
"0/1","12,17","29","99","583,0,400"
"0/1","9,18","27","99","621,0,291"
"0/1","9,15","24","99","498,0,273"
"0/1","14,10","24","99","335,0,448"
"0/1","14,7","21","99","216,0,439"
"0/1","16,6","22","99","180,0,472"
"0/1","15,6","21","99","176,0,407"
"0/1","14,7","21","99","216,0,393"
"0/1","14,8","22","99","225,0,403"
"0/1","8,11","19","99","301,0,281"
"0/1","3,6","9","77","209,0,77"
"0/1","8,2","10","55","55,0,260"
"0/1","8,2","10","53","53,0,289"
"0/1","10,3","13","69","69,0,373"
"0/1","7,4","11","99","126,0,251"
"0/1","5,5","10","99","175,0,173"
"0/1","2,5","7","64","144,0,64"
"0/1","4,7","11","99","249,0,130"
"0/1","12,8","20","99","226,0,395"
"0/1","12,9","21","99","261,0,371"
"0/1","12,9","21","99","234,0,356"
"0/1","12,10","22","99","279,0,358"
"0/1","13,10","23","99","274,0,364"
"0/1","9,9","18","99","300,0,305"
"0/1","8,8","16","99","261,0,274"
"0/1","7,6","13","99","201,0,232"
"0/1","7,8","15","99","280,0,238"
"0/1","6,12","18","99","395,0,194"
"0/1","7,13","20","99","394,0,226"
"0/1","7,14","21","99","436,0,230"
"0/1","8,15","23","99","477,0,233"
"0/1","9,15","24","99","461,0,264"
"0/1","9,16","25","99","495,0,254"
"0/1","11,15","26","99","452,0,307"
"0/1","12,12","24","99","402,0,383"
"0/1","11,7","18","99","195,0,388"
"0/1","7,10","17","99","267,0,182"
"0/1","5,9","14","99","244,0,157"
"0/1","4,8","12","99","253,0,122"
"0/1","8,7","15","99","239,0,279"
"0/1","11,6","18","99","160,0,354"
"0/1","7,8","16","99","280,0,219"
"0/1","6,7","14","99","242,0,186"
"0/1","8,11","19","99","355,0,268"
"0/1","11,8","19","99","270,0,361"
"0/1","10,9","19","99","310,0,321"
"0/1","8,8","16","99","271,0,278"
"0/1","6,9","15","99","314,0,199"
"0/1","6,8","14","99","251,0,170"
"0/1","6,8","14","99","254,0,169"
"0/1","6,8","14","99","277,0,197"
"0/1","6,8","14","99","278,0,205"
"0/1","5,8","13","99","288,0,155"
"0/1","7,5","12","99","163,0,250"
"0/1","8,4","12","99","126,0,268"
"0/1","8,4","12","99","115,0,286"
"0/1","12,5","17","99","151,0,404"
"0/1","9,5","14","99","157,0,312"
"0/1","8,5","13","99","164,0,290"
"0/1","11,5","16","81","81,0,366"
"0/1","11,6","17","99","189,0,361"
"0/1","11,6","17","99","178,0,359"
"0/1","11,5","16","99","155,0,399"
"0/1","5,12","17","99","421,0,141"
"0/1","12,3","15","68","68,0,442"
"0/1","12,3","15","68","68,0,437"
"0/1","11,3","14","72","72,0,407"
"0/1","7,5","12","99","169,0,235"
"0/1","8,6","14","99","192,0,275"
"0/1","7,5","12","99","151,0,238"
"0/1","8,5","13","99","151,0,276"
"0/1","8,5","13","99","157,0,269"
"0/1","11,3","14","71","71,0,397"
"0/1","13,3","16","75","75,0,448"
"0/1","14,3","17","68","68,0,510"
"0/1","17,2","19","22","22,0,616"
"0/1","14,6","20","99","172,0,480"
"0/1","14,6","20","99","180,0,469"
"0/1","11,8","19","99","230,0,354"
"0/1","8,9","17","99","246,0,240"
"0/1","5,8","13","99","219,0,160"
"0/1","15,5","20","99","108,0,479"
"0/1","14,6","20","99","174,0,454"
"0/1","11,7","18","99","214,0,361"
"0/1","12,8","20","99","235,0,362"
"0/1","11,9","20","99","263,0,352"
"0/1","12,9","21","99","266,0,387"
"0/1","11,7","18","99","196,0,361"
"0/1","9,7","16","99","233,0,321"
"0/1","8,7","15","99","236,0,278"
"0/1","9,7","16","99","229,0,319"
"0/1","13,7","20","99","223,0,463"
"0/1","9,9","18","99","245,0,314"
"0/1","7,6","13","99","190,0,243"
"0/1","7,8","15","99","271,0,235"
"0/1","7,10","17","99","310,0,235"
"0/1","9,7","16","99","231,0,313"
"0/1","8,8","16","99","237,0,263"
"0/1","8,8","16","99","271,0,269"
"0/1","8,12","20","99","401,0,151"
"0/1","11,14","25","99","444,0,298"
"0/1","11,15","27","99","501,0,332"
"0/1","8,11","19","99","390,0,199"
"0/1","8,10","18","99","352,0,219"
"0/1","12,11","26","99","378,0,332"
"0/1","10,16","26","99","452,0,298"
"0/1","13,14","27","99","404,0,363"
"0/1","7,13","23","99","435,0,227"
"0/1","18,21","39","99","426,0,469"
"0/0","13,0","13","33","0,33,458"
"0/1","7,8","15","99","185,0,243"
"0/1","6,7","13","99","172,0,211"
"0/1","6,7","13","99","172,0,211"
"0/1","7,16","23","99","517,0,224"
"0/1","7,16","23","99","483,0,220"
"0/1","7,18","25","99","588,0,216"
"0/1","7,8","15","99","247,0,245"
"0/1","7,8","15","99","248,0,244"
"0/1","10,9","19","99","266,0,352"
"0/1","9,8","17","99","239,0,321"
"0/1","9,10","19","99","358,0,281"
"0/1","11,9","20","99","310,0,356"
"0/1","10,8","18","99","279,0,322"
"0/1","10,9","19","99","274,0,273"
"0/1","12,12","24","99","405,0,356"
"0/1","9,11","20","99","386,0,270"
"0/1","10,12","22","99","406,0,310"
"0/1","9,12","21","99","422,0,261"
"0/1","7,9","16","99","283,0,165"
"0/1","10,24","34","99","805,0,318"
"0/1","10,24","34","99","807,0,310"
"0/1","10,27","37","99","837,0,310"
"0/1","10,27","37","99","845,0,310"
"0/1","12,25","37","99","834,0,343"
"0/1","10,21","31","99","723,0,322"
"0/1","17,11","28","99","362,0,570"
"0/1","12,15","27","99","499,0,398"
"0/1","13,14","27","99","468,0,438"
"0/1","12,15","27","99","488,0,397"
"0/1","12,16","28","99","524,0,404"
"0/1","11,16","27","99","552,0,345"
"0/1","10,15","25","99","526,0,330"
"0/1","10,14","24","99","480,0,327"
"0/1","11,10","21","99","335,0,387"
"0/1","12,9","21","99","288,0,426"
"0/1","12,9","21","99","298,0,428"
"0/1","12,9","21","99","302,0,427"
"0/1","10,10","20","99","339,0,352"
"0/1","11,13","24","99","447,0,377"
"0/1","12,14","26","99","489,0,406"
"0/1","9,13","22","99","464,0,306"
"0/1","8,14","22","99","507,0,261"
"0/1","9,13","22","99","465,0,294"
"0/1","10,15","25","99","504,0,314"
"0/1","11,12","23","99","376,0,369"
"0/1","8,10","18","99","313,0,259"
"0/1","9,11","20","99","309,0,266"
"0/1","9,10","19","99","304,0,263"
"0/1","7,9","16","99","314,0,232"
"0/1","6,7","13","99","240,0,206"
"0/1","8,5","13","99","164,0,285"
"0/1","8,5","13","99","168,0,288"
"0/1","9,5","14","99","158,0,294"
"0/1","9,5","14","99","163,0,296"
"0/1","8,5","13","99","158,0,256"
"0/1","6,7","13","99","214,0,203"
"0/1","8,6","14","99","183,0,244"
"0/1","8,6","14","99","191,0,235"
"0/1","8,6","14","99","201,0,251"
"0/1","8,6","14","99","160,0,249"
"0/1","9,7","16","99","210,0,316"
"0/1","9,8","17","99","258,0,300"
"0/1","10,12","22","99","353,0,341"
"0/1","13,9","22","99","252,0,463"
"0/1","14,9","23","99","180,0,485"
"0/1","19,11","30","99","279,0,650"
"0/1","15,7","22","99","220,0,481"
"0/1","17,9","26","99","238,0,590"
"0/1","15,9","24","99","249,0,530"
"0/1","15,10","25","99","288,0,536"
"0/1","20,9","29","99","241,0,690"
"0/1","20,8","28","99","209,0,669"
"0/1","21,8","29","99","209,0,705"
"0/1","22,6","28","99","167,0,707"
"0/1","22,9","31","99","245,0,702"
"0/1","22,10","32","99","282,0,691"
"0/1","20,11","31","99","292,0,620"
"0/1","11,12","23","99","348,0,332"
"0/1","10,13","23","99","399,0,321"
"0/1","10,14","24","99","439,0,337"
"0/1","11,11","22","99","344,0,366"
"0/1","10,4","15","4","4,0,376"
"0/1","10,5","15","38","38,0,371"
"0/1","11,6","17","66","66,0,408"
"0/1","10,7","17","80","80,0,368"
"0/1","9,7","16","99","116,0,328"
"0/1","11,7","18","99","124,0,323"
"0/1","10,7","17","99","116,0,319"
"0/1","9,9","18","99","194,0,285"
"0/1","9,10","19","99","242,0,279"
"0/1","7,13","20","99","359,0,230"
"0/1","6,13","19","99","367,0,197"
"0/1","9,13","22","99","364,0,264"
"0/1","10,13","23","99","362,0,302"
"0/1","9,9","18","99","270,0,318"
"0/1","12,3","15","81","81,0,410"
"0/1","12,3","15","83","83,0,395"
"0/1","11,4","15","99","117,0,394"
"0/1","11,5","16","99","118,0,398"
"0/1","9,7","16","99","189,0,307"
"0/1","11,12","23","99","369,0,384"
"0/1","11,14","25","99","423,0,383"
"0/1","11,14","25","99","417,0,380"
"0/1","10,14","24","99","426,0,340"
"0/1","9,10","19","99","335,0,275"
"0/1","10,8","18","99","274,0,313"
"0/1","11,8","19","99","270,0,348"
"0/1","13,5","18","99","152,0,434"
"0/1","14,7","21","99","217,0,467"
"0/1","10,10","20","99","273,0,340"
"0/1","11,9","20","99","234,0,377"
"0/1","17,10","27","99","298,0,565"
"0/1","17,10","27","99","295,0,571"
"0/1","18,8","26","99","223,0,595"
"0/1","18,8","26","99","223,0,588"
"0/1","17,7","24","99","187,0,555"
"0/1","17,8","25","99","221,0,553"
"0/1","16,13","29","99","437,0,519"
"0/1","17,13","30","99","445,0,542"
"0/1","14,15","29","99","514,0,474"
"0/1","15,13","28","99","443,0,509"
"0/1","15,13","28","99","440,0,516"
"0/1","14,14","28","99","485,0,437"
"0/1","14,14","28","99","478,0,436"
"0/1","12,14","26","99","488,0,368"
"0/1","14,15","29","99","519,0,398"
"0/1","17,16","33","99","540,0,493"
"0/1","16,17","33","99","503,0,553"
"0/1","16,15","32","99","514,0,448"
"0/1","14,11","25","99","347,0,395"
"0/1","12,12","24","99","383,0,368"
"0/1","11,13","24","99","416,0,296"
"0/1","12,13","25","99","379,0,400"
"0/1","13,16","29","99","511,0,359"
"0/1","11,16","27","99","523,0,349"
"0/1","11,14","25","99","461,0,361"
"0/1","11,16","27","99","542,0,330"
"0/1","11,16","27","99","536,0,369"
"0/1","13,17","30","99","540,0,419"
"0/1","15,17","32","99","564,0,498"
"0/1","14,18","32","99","565,0,411"
"0/1","14,17","31","99","503,0,452"
"0/1","14,16","30","99","523,0,464"
"0/1","14,18","32","99","582,0,451"
"0/1","13,18","31","99","604,0,369"
"0/1","14,16","30","99","525,0,278"
"0/1","14,17","31","99","525,0,334"
"0/1","13,17","30","99","530,0,328"
"0/1","13,17","30","99","520,0,348"
"0/1","14,16","30","99","517,0,392"
"0/1","15,16","31","99","529,0,428"
"0/1","13,17","30","99","518,0,377"
"0/1","13,17","30","99","524,0,348"
"0/1","16,18","34","99","607,0,451"
"0/1","16,18","35","99","576,0,456"
"0/1","16,19","35","99","638,0,503"
"0/1","16,19","35","99","630,0,500"
"0/1","16,19","35","99","601,0,503"
"0/1","13,18","31","99","617,0,426"
"0/1","14,18","32","99","557,0,444"
"0/1","10,17","27","99","596,0,310"
"0/1","7,18","25","99","624,0,195"
"0/1","6,18","24","99","580,0,156"
"0/1","6,15","21","99","499,0,135"
"0/1","6,14","20","99","486,0,139"
"0/1","5,12","17","99","399,0,145"
"0/1","6,11","17","99","388,0,185"
"0/1","5,12","17","99","395,0,149"
"0/1","8,18","26","99","531,0,217"
"0/1","9,16","25","99","480,0,256"
"0/1","15,9","24","99","289,0,494"
"0/1","9,15","24","99","492,0,285"
"0/1","12,16","28","99","494,0,356"
"0/1","10,18","28","99","529,0,326"
"0/1","11,20","31","99","595,0,354"
"0/1","13,21","34","99","639,0,429"
"0/1","11,21","32","99","687,0,323"
"0/1","10,15","25","99","526,0,337"
"0/1","9,16","25","99","572,0,295"
"0/1","8,15","23","99","536,0,255"
"0/1","7,16","23","99","574,0,220"
"0/1","7,14","21","99","491,0,217"
"0/1","4,11","15","99","352,0,117"
"0/1","4,12","16","99","357,0,118"
"0/1","5,10","15","99","282,0,154"
"0/1","5,9","14","99","287,0,155"
"0/1","6,11","17","99","392,0,114"
"0/1","7,10","17","99","232,0,200"
"0/1","8,13","21","99","456,0,140"
"0/1","12,14","26","99","476,0,359"
"0/1","11,13","24","99","447,0,372"
"0/1","10,13","23","99","423,0,329"
"0/1","13,12","25","99","405,0,441"
"0/1","14,11","25","99","355,0,413"
"0/1","13,10","23","99","323,0,423"
"0/1","11,1","12","4","4,0,402"
"0/1","11,1","12","4","4,0,411"
"0/1","3,2","5","25","25,0,110"
"0/1","3,2","5","62","62,0,108"
"0/1","3,2","5","25","25,0,111"
"0/1","10,18","28","99","601,0,318"
"0/1","11,18","29","99","596,0,353"
"1/1","0,20","20","60","800,60,0"
"0/1","18,9","27","99","215,0,583"
"0/1","15,8","23","99","259,0,485"
"0/1","16,8","24","99","256,0,488"
"0/1","17,8","25","99","255,0,545"
"0/1","18,8","26","99","226,0,606"
"0/1","19,10","29","99","319,0,553"
"0/1","18,9","27","99","282,0,565"
"0/1","18,8","26","99","243,0,569"
"0/1","20,9","29","99","270,0,678"
"0/1","20,11","31","99","317,0,664"
"0/1","20,11","31","99","339,0,692"
"0/1","20,12","32","99","360,0,553"
"0/1","14,15","29","99","459,0,414"
"0/1","14,13","27","99","456,0,410"
"0/1","10,12","22","99","415,0,340"
"0/1","9,12","21","99","413,0,304"
"0/1","8,10","18","99","337,0,261"
"0/1","14,6","20","99","140,0,465"
"0/1","15,5","20","99","125,0,523"
"0/1","18,5","23","99","126,0,621"
"0/1","17,15","32","99","471,0,531"
"0/1","14,11","25","99","337,0,413"
"0/1","14,11","25","99","367,0,403"
"0/1","15,11","26","99","372,0,447"
"0/1","14,11","25","99","365,0,418"
"0/1","14,12","26","99","409,0,354"
"0/1","13,12","25","99","402,0,384"
"0/1","13,8","21","99","258,0,417"
"0/1","13,9","22","99","260,0,409"
"0/1","13,7","20","99","220,0,457"
"0/1","21,5","26","99","133,0,625"
"0/1","22,5","27","99","124,0,695"
"0/1","27,11","38","99","305,0,948"
"0/1","27,11","38","99","303,0,942"
"0/1","24,9","33","99","223,0,841"
"0/1","12,4","16","99","109,0,436"
"0/1","11,5","16","99","154,0,396"
"0/1","14,5","19","99","145,0,504"
"0/1","18,7","25","99","212,0,648"
"0/1","17,9","27","99","295,0,568"
"0/1","17,9","26","99","294,0,561"
"0/1","17,9","26","99","294,0,610"
"0/1","19,10","29","99","328,0,623"
"0/1","17,13","30","99","444,0,556"
"0/1","16,14","30","99","479,0,561"
"0/1","16,13","29","99","445,0,561"
"0/1","17,12","29","99","400,0,599"
"0/1","17,12","29","99","397,0,607"
"0/1","19,12","31","99","318,0,652"
"0/1","16,12","28","99","331,0,542"
"0/1","15,12","27","99","329,0,525"
"0/1","14,12","26","99","333,0,502"
"0/1","12,13","25","99","435,0,403"
"0/1","14,16","30","99","509,0,466"
"0/1","14,16","30","99","509,0,474"
"0/1","16,15","31","99","456,0,534"
"0/1","13,15","28","99","532,0,430"
"0/1","11,11","22","99","366,0,376"
"0/1","10,6","16","99","189,0,357"
"0/1","11,12","23","99","381,0,370"
"0/1","13,15","28","99","472,0,388"
"0/1","13,15","28","99","483,0,388"
"0/1","13,15","28","99","479,0,375"
"0/1","13,14","27","99","426,0,412"
"0/1","16,12","28","99","366,0,487"
"0/1","17,13","30","99","374,0,492"
"0/1","16,11","27","99","357,0,504"
"0/1","15,11","27","99","370,0,485"
"0/1","17,13","30","99","423,0,546"
"0/1","19,15","34","99","495,0,574"
"0/1","18,10","28","99","310,0,599"
"0/1","18,10","28","99","306,0,603"
"0/1","17,9","26","99","237,0,568"
"0/1","18,9","27","99","271,0,593"
"0/1","19,8","27","99","230,0,633"
"0/1","19,8","27","99","236,0,668"
"0/1","17,9","26","99","232,0,597"
"0/1","16,9","25","99","237,0,570"
"0/1","10,8","18","99","263,0,348"
"0/1","9,10","19","99","310,0,256"
"0/1","10,7","17","99","200,0,299"
"0/1","10,7","17","99","197,0,333"
"0/1","11,7","18","99","232,0,336"
"0/1","12,8","20","99","199,0,386"
"0/1","13,8","21","99","234,0,393"
"0/1","13,8","21","99","231,0,393"
"0/1","5,8","13","99","293,0,127"
"0/1","16,4","20","62","62,0,572"
"0/1","17,4","21","66","66,0,614"
"0/1","22,5","29","96","96,0,674"
"0/1","22,6","28","99","158,0,728"
"0/1","23,6","29","99","158,0,732"
"0/1","22,11","33","99","344,0,692"
"0/1","22,12","34","99","378,0,686"
"0/1","21,13","34","99","412,0,680"
"0/1","20,14","34","99","454,0,561"
"0/1","20,16","36","99","506,0,575"
"0/1","22,16","38","99","491,0,605"
"0/1","18,19","37","99","563,0,430"
"0/1","18,18","36","99","558,0,512"
"0/1","18,21","39","99","625,0,544"
"0/1","20,18","38","99","539,0,546"
"0/1","20,19","39","99","533,0,567"
"0/1","14,8","22","99","223,0,497"
"0/1","15,7","22","99","111,0,465"
"0/1","17,15","32","99","469,0,526"
"0/1","15,16","31","99","549,0,425"
"0/1","14,16","30","99","551,0,405"
"0/1","15,19","34","99","622,0,434"
"0/1","16,18","34","99","528,0,453"
"0/1","14,17","31","99","542,0,401"
"0/1","12,11","23","99","327,0,336"
"0/1","16,6","22","99","173,0,477"
"0/1","16,6","22","99","176,0,487"
"0/1","15,6","22","99","179,0,429"
"0/1","17,7","24","99","182,0,503"
"0/1","19,7","26","99","202,0,566"
"0/1","19,7","26","99","174,0,557"
"0/1","14,4","18","93","93,0,515"
"0/1","15,6","21","99","147,0,510"
"0/1","16,6","22","99","152,0,556"
"0/1","13,4","17","99","107,0,444"
"0/1","14,6","20","99","181,0,437"
"0/1","17,5","22","99","135,0,554"
"0/1","17,5","22","99","108,0,550"
"0/1","13,6","19","99","188,0,475"
"0/1","15,8","23","99","259,0,489"
"0/1","14,7","22","99","224,0,491"
"0/1","16,7","23","99","219,0,532"
"0/1","13,8","21","99","226,0,455"
"0/1","14,6","20","99","193,0,458"
"0/1","14,7","21","99","226,0,461"
"0/1","12,11","23","99","372,0,418"
"0/1","11,15","26","99","454,0,343"
"0/1","12,16","28","99","473,0,343"
"0/1","12,17","29","99","513,0,332"
"0/1","8,20","29","99","618,0,246"
"0/1","12,18","30","99","588,0,391"
"0/1","13,17","30","99","516,0,435"
"0/1","13,15","29","99","529,0,398"
"0/1","12,19","31","99","567,0,363"
"0/1","12,20","32","99","636,0,373"
"0/1","12,20","32","99","643,0,382"
"0/1","13,20","33","99","656,0,388"
"0/1","13,19","32","99","607,0,357"
"0/1","13,18","31","99","583,0,368"
"0/1","11,15","26","99","512,0,324"
"0/1","13,10","23","99","323,0,438"
"0/1","10,13","23","99","432,0,328"
"0/1","9,12","21","99","373,0,294"
"0/1","12,13","25","99","457,0,399"
"0/1","12,12","24","99","419,0,417"
"0/1","13,11","24","99","374,0,460"
"0/1","16,13","29","99","412,0,539"
"0/1","15,17","32","99","592,0,478"
"0/1","17,24","41","99","800,0,517"
"0/1","16,23","40","99","812,0,448"
"0/1","14,21","35","99","699,0,431"
"0/1","13,18","32","99","614,0,394"
"0/1","14,17","31","99","518,0,460"
"0/1","12,21","33","99","687,0,368"
"0/1","12,20","32","99","682,0,375"
"0/1","12,18","30","99","617,0,382"
"0/1","12,17","29","99","575,0,381"
"0/1","15,14","29","99","457,0,474"
"0/1","15,15","30","99","484,0,406"
"0/1","14,18","32","99","518,0,459"
"0/1","14,18","32","99","567,0,429"
"0/1","15,19","34","99","638,0,483"
"0/1","12,15","27","99","513,0,401"
"0/1","12,15","27","99","522,0,396"
"0/1","12,16","28","99","531,0,386"
"0/1","11,16","27","99","528,0,351"
"0/1","9,13","22","99","435,0,284"
"0/1","13,11","24","99","358,0,431"
"0/1","17,10","27","99","274,0,598"
"0/1","16,10","26","99","280,0,582"
"0/1","17,10","27","99","269,0,610"
"0/1","17,9","26","99","237,0,609"
"0/1","16,8","24","99","220,0,578"
"0/1","18,8","26","99","175,0,613"
"0/1","17,8","25","99","171,0,588"
"0/1","16,6","22","99","137,0,537"
"0/1","15,6","21","99","129,0,513"
"0/1","13,4","17","99","99,0,467"
"0/1","13,4","17","91","91,0,470"
"0/1","13,3","16","62","62,0,458"
"0/1","12,2","14","19","19,0,416"
"0/1","12,2","14","29","29,0,414"
"0/1","11,3","14","75","75,0,368"
"0/1","10,3","13","81","81,0,331"
"0/1","11,4","15","74","74,0,368"
"0/1","13,3","16","6","6,0,420"
"0/1","13,2","15","3","3,0,448"
"0/1","8,7","15","99","245,0,234"
"0/1","9,9","18","99","316,0,270"
"0/1","7,9","16","99","318,0,234"
"0/1","7,8","15","99","285,0,237"
"0/1","7,8","15","99","284,0,238"
"0/1","7,8","15","99","284,0,238"
"0/1","10,9","19","99","310,0,345"
"0/1","9,10","19","99","313,0,310"
"0/1","9,10","19","99","312,0,302"
"0/1","7,14","21","99","450,0,213"
"0/1","7,13","20","99","431,0,222"
"0/1","8,11","19","99","355,0,260"
"0/1","11,11","22","99","341,0,360"
"0/1","12,11","23","99","339,0,405"
"0/1","13,11","24","99","339,0,429"
"0/1","10,11","21","99","386,0,325"
"0/1","10,12","22","99","418,0,313"
"0/1","10,12","22","99","418,0,332"
"0/1","11,11","22","99","384,0,333"
"0/1","13,13","26","99","458,0,368"
"0/1","17,10","27","99","314,0,520"
"0/1","15,12","27","99","401,0,489"
"0/1","18,10","28","99","287,0,588"
"0/1","18,8","26","99","255,0,591"
"0/1","19,9","28","99","284,0,602"
"0/1","19,10","29","99","301,0,612"
"0/1","19,7","26","99","198,0,615"
"0/1","17,7","24","99","210,0,568"
"0/1","18,6","24","99","180,0,615"
"0/1","14,8","22","99","256,0,513"
"0/1","15,7","22","99","185,0,553"
"0/0","16,0","16","45","0,45,606"
"0/1","10,8","18","99","232,0,324"
"0/1","10,6","16","99","181,0,353"
"0/1","9,11","20","99","314,0,315"
"0/1","9,11","20","99","281,0,318"
"0/1","8,15","23","99","432,0,264"
"0/1","9,15","24","99","467,0,293"
"0/1","9,14","23","99","443,0,295"
"0/1","9,14","23","99","458,0,298"
"0/1","10,14","24","99","402,0,338"
"0/1","14,12","26","99","371,0,489"
"0/1","18,11","29","99","326,0,653"
"0/1","18,13","31","99","418,0,646"
"0/1","17,18","35","99","493,0,593"
"0/1","15,21","36","99","602,0,466"
"0/1","16,20","36","99","631,0,533"
"0/1","16,20","36","99","649,0,473"
"0/1","19,12","31","99","391,0,664"
"0/1","18,18","36","99","603,0,629"
"0/1","16,14","30","99","460,0,548"
"0/1","16,14","30","99","473,0,557"
"0/1","14,12","26","99","402,0,488"
"0/1","18,8","26","99","250,0,627"
"0/1","18,9","27","99","282,0,612"
"0/1","16,9","25","99","277,0,579"
"0/1","15,10","25","99","327,0,498"
"0/1","12,10","22","99","341,0,418"
"0/1","13,9","22","99","301,0,460"
"0/1","12,7","19","99","232,0,433"
"0/1","14,5","19","99","146,0,507"
"0/1","16,7","23","99","216,0,527"
"0/1","17,7","24","99","216,0,562"
"0/1","23,2","25","2","2,0,811"
"0/1","27,4","31","64","64,0,936"
"0/1","18,12","30","99","344,0,625"
"0/1","17,12","29","99","308,0,601"
"0/1","17,12","30","99","379,0,600"
"0/1","17,17","34","99","533,0,547"
"0/1","17,17","34","99","526,0,585"
"0/1","16,20","36","99","603,0,530"
"0/1","16,21","37","99","627,0,491"
"0/1","16,20","36","99","624,0,464"
"0/1","10,9","19","99","217,0,353"
"0/1","10,8","18","99","172,0,355"
"0/1","26,5","31","99","101,0,862"
"0/1","15,5","20","99","131,0,502"
"0/1","11,7","18","99","212,0,398"
"0/1","10,5","15","99","157,0,359"
"0/1","12,25","37","99","748,0,385"
"0/1","18,24","43","99","737,0,574"
"0/1","18,35","53","99","1149,0,527"
"0/1","17,32","49","99","1076,0,481"
"0/1","19,31","51","99","982,0,524"
"0/1","18,33","51","99","1079,0,476"
"0/1","18,32","50","99","1025,0,482"
"0/1","11,36","47","99","1195,0,239"
"0/1","11,37","48","99","1192,0,241"
"0/1","17,36","53","99","1081,0,509"
"0/1","19,32","51","99","1009,0,506"
"0/1","26,7","33","99","124,0,931"
"0/1","24,15","39","99","467,0,694"
"0/1","25,10","35","99","216,0,795"
"0/1","19,6","25","99","130,0,618"
"0/1","16,8","24","99","191,0,584"
"0/1","17,8","25","99","188,0,592"
"0/1","17,7","24","50","50,0,609"
"0/1","16,8","24","55","55,0,586"
"0/0","13,1","14","10","0,10,410"
"0/1","15,15","30","99","451,0,513"
"0/1","21,16","37","99","509,0,715"
"0/1","21,14","35","99","429,0,741"
"0/1","20,14","34","99","442,0,685"
"0/1","19,14","33","99","369,0,659"
"0/1","18,14","32","99","435,0,625"
"0/1","20,15","35","99","381,0,671"
"0/1","22,13","35","99","362,0,710"
"0/1","19,12","31","99","295,0,601"
"0/1","17,10","27","99","295,0,545"
"0/1","18,15","33","99","439,0,528"
"0/1","23,21","44","99","670,0,646"
"0/1","18,20","38","99","597,0,519"
"0/1","14,15","29","99","413,0,402"
"0/1","20,17","38","99","424,0,369"
"0/1","18,9","27","99","242,0,578"
"0/1","18,11","29","99","309,0,624"
"0/1","19,13","32","99","283,0,613"
"0/1","14,14","28","99","428,0,413"
"0/1","15,16","31","99","499,0,469"
"0/1","20,18","38","99","532,0,622"
"0/1","18,15","33","99","463,0,570"
"0/1","16,11","27","99","314,0,521"
"0/1","14,11","25","99","323,0,465"
"0/1","14,11","25","99","322,0,482"
"0/1","12,10","22","99","335,0,411"
"0/1","21,13","34","99","357,0,733"
"0/1","17,13","30","99","411,0,509"
"0/1","15,12","28","99","400,0,479"
"0/1","15,12","28","99","403,0,443"
"0/1","16,13","29","99","433,0,482"
"0/1","15,9","24","99","252,0,487"
"0/1","25,16","41","99","516,0,757"
"0/1","20,16","36","99","493,0,625"
"0/1","16,13","29","99","448,0,502"
"0/1","12,15","27","99","520,0,406"
"0/1","9,9","18","99","313,0,304"
"0/1","10,8","18","99","276,0,316"
"0/1","6,8","14","99","283,0,207"
"0/1","11,9","20","99","300,0,377"
"0/1","8,7","15","99","244,0,264"
"0/1","9,10","19","99","281,0,311"
"0/1","16,8","24","99","225,0,421"
"0/1","25,7","32","99","100,0,634"
"0/1","25,7","32","66","66,0,645"
"0/1","6,18","25","99","568,0,176"
"0/0","23,0","23","69","0,69,920"
"0/0","21,0","21","63","0,63,850"
"0/0","20,0","20","60","0,60,818"
"0/0","19,0","19","54","0,54,738"
"0/0","19,0","19","57","0,57,783"
"0/0","20,0","20","60","0,60,814"
"0/0","24,0","24","66","0,66,906"
"0/0","26,0","26","72","0,72,979"
"0/0","26,0","26","72","0,72,970"
"0/0","25,0","25","69","0,69,944"
"0/0","26,0","26","72","0,72,977"
"0/0","27,0","27","75","0,75,1015"
"0/0","28,0","28","78","0,78,1062"
"0/0","28,0","28","78","0,78,1064"
"0/0","28,0","28","78","0,78,1050"
"0/0","15,0","15","39","0,39,544"
"0/1","6,11","17","99","396,0,199"
"0/1","21,12","33","99","356,0,697"
"0/1","17,24","41","99","824,0,571"
"0/1","8,13","21","99","427,0,255"
"0/1","13,12","25","99","407,0,400"
"0/1","7,16","23","99","531,0,202"
"0/1","14,13","27","99","451,0,441"
"0/1","9,11","20","99","353,0,295"
"0/1","12,6","18","99","173,0,418"
"0/1","13,13","26","99","444,0,452"
"0/1","14,14","28","99","449,0,450"
"0/1","14,18","32","99","604,0,477"
"0/1","21,18","39","99","547,0,718"
"0/1","18,18","36","99","542,0,634"
"0/1","20,16","36","99","528,0,695"
"0/1","17,22","39","99","657,0,526"
"0/1","15,20","36","99","555,0,409"
"0/1","17,17","34","99","524,0,490"
"0/1","18,9","27","99","257,0,581"
"0/1","13,19","32","99","588,0,412"
"0/1","19,16","35","99","484,0,611"
"0/1","8,22","30","99","763,0,223"
"0/1","13,18","31","99","586,0,403"
"0/1","14,9","23","99","292,0,481"
"0/1","16,13","29","99","411,0,544"
"0/1","15,4","19","99","105,0,482"
"0/1","6,13","19","99","423,0,191"
"0/1","14,8","22","99","248,0,485"
"0/1","16,6","22","99","189,0,518"
"0/1","6,14","20","99","504,0,184"
"0/1","12,21","33","99","629,0,382"
"0/1","20,15","35","99","480,0,690"
"0/1","21,13","34","99","436,0,623"
"0/1","14,13","27","99","428,0,447"
"0/1","19,11","30","99","268,0,585"
"0/1","11,9","20","99","278,0,345"
"0/1","21,14","35","99","433,0,707"
"0/1","19,14","33","99","451,0,607"
"0/1","21,5","26","99","120,0,671"
"0/1","12,14","26","99","389,0,306"
"0/0","18,1","19","19","0,19,532"
"0/0","25,0","25","63","0,63,795"
"0/0","23,0","25","57","0,57,721"
"0/1","32,20","52","99","466,0,920"
"0/1","39,4","43","20","20,0,1272"
"0/1","29,31","60","99","1042,0,887"
"0/1","29,11","40","99","297,0,902"
"0/1","28,11","39","99","325,0,896"
"0/1","27,10","38","99","293,0,856"
"0/1","27,10","37","99","270,0,838"
"0/1","27,7","34","99","180,0,841"
"0/1","16,18","35","99","614,0,443"
"0/1","20,13","33","99","416,0,623"
"0/1","21,17","38","99","558,0,629"
"0/0","34,0","34","93","0,93,1222"
"0/1","11,16","27","99","561,0,329"
"0/1","15,15","30","99","468,0,431"
"0/1","15,20","35","99","510,0,353"
"0/1","17,14","31","99","449,0,549"
"0/0","26,0","26","75","0,75,961"
"0/1","12,6","18","99","188,0,355"
"0/1","21,15","37","99","450,0,718"
"0/1","17,20","37","99","698,0,541"
"0/1","6,13","19","99","458,0,185"
"0/1","16,18","34","99","516,0,409"
"0/1","9,15","24","99","525,0,237"
"0/1","14,7","21","99","221,0,503"
"0/1","6,14","20","99","343,0,180"
"0/1","3,10","14","47","261,0,47"
"0/1","22,29","51","99","921,0,651"
"0/1","11,17","28","99","538,0,353"
"0/1","14,23","37","99","708,0,405"
"0/1","17,20","37","99","666,0,489"
"0/1","10,17","27","99","521,0,318"
"0/0","9,0","9","9","0,9,111"
"0/1","11,14","25","99","443,0,341"
"0/0","33,0","33","93","0,93,1223"
"0/1","12,14","26","99","488,0,354"
"0/1","10,8","18","93","93,0,349"
"0/1","15,10","25","99","341,0,459"
"0/1","10,12","22","99","386,0,308"
"0/1","13,8","21","99","186,0,403"
"0/1","18,7","25","70","70,0,230"
"0/1","14,19","33","99","642,0,436"
"0/1","8,13","21","99","395,0,223"
"0/1","10,14","24","99","497,0,278"
"0/1","13,14","27","99","478,0,428"
"0/1","14,10","24","99","335,0,494"
"0/1","18,9","27","99","276,0,601"
"0/1","9,12","21","99","307,0,310"
"0/1","17,10","27","99","217,0,609"
"0/1","14,15","29","99","479,0,446"
"0/1","14,8","22","99","259,0,471"
"0/1","9,11","20","99","392,0,262"
"0/1","12,5","17","99","155,0,395"
"0/1","16,9","25","99","292,0,557"
"0/1","6,6","12","99","161,0,209"
"0/1","5,8","13","99","203,0,167"
"0/1","11,18","29","99","609,0,282"
"0/1","17,18","35","99","611,0,569"
"0/1","21,14","35","99","387,0,594"
"0/1","6,11","17","99","342,0,162"
"0/1","9,11","20","99","346,0,226"
"0/1","13,9","22","99","270,0,454"
"0/1","10,8","18","99","261,0,346"
"0/1","16,19","35","99","520,0,538"
"0/1","20,8","28","90","90,0,634"
"0/1","19,12","31","99","296,0,365"
"0/0","33,8","41","20","0,20,1094"
"0/1","10,7","17","99","238,0,288"
"0/1","10,10","20","99","344,0,281"
"0/1","15,9","24","99","246,0,536"
"0/1","9,9","18","99","308,0,278"
"0/1","15,14","29","99","438,0,459"
"0/1","9,12","21","99","408,0,311"
"0/1","16,14","30","99","458,0,542"
"0/1","16,14","30","99","466,0,554"
"0/1","17,7","24","99","177,0,549"
"0/1","10,8","18","99","227,0,315"
"0/1","8,10","18","99","327,0,238"
"0/1","9,13","22","99","427,0,254"
"0/1","4,15","19","99","464,0,109"
"0/1","8,2","10","53","53,0,253"
"0/1","12,7","19","99","228,0,391"
"0/1","5,12","17","99","396,0,152"
"0/1","12,10","22","99","306,0,408"
"0/1","14,6","20","99","174,0,453"
"0/1","15,10","25","99","310,0,502"
"0/1","15,12","27","99","312,0,464"
"0/1","19,13","32","99","393,0,666"
"0/1","15,9","24","99","278,0,498"
"0/1","7,13","20","99","452,0,215"
"0/1","6,16","22","99","466,0,134"
"0/1","12,6","18","99","179,0,390"
"0/1","26,17","43","99","531,0,775"
"0/0","13,0","13","39","0,39,493"
"0/1","10,13","23","99","415,0,267"
"0/1","41,11","52","99","167,0,1261"
"0/1","36,4","40","58","58,0,980"
"0/1","36,4","40","9","9,0,1097"
"0/1","36,4","40","9","9,0,1163"
"0/1","36,5","41","78","78,0,1121"
"0/1","11,6","19","99","127,0,121"
"0/1","12,6","18","74","74,0,310"
"0/1","30,13","43","99","369,0,910"
"0/1","29,13","42","99","360,0,907"
"0/1","32,15","47","99","366,0,989"
"0/1","15,12","27","99","334,0,437"
"0/1","14,9","23","99","284,0,444"
"0/1","6,7","13","99","238,0,206"
"0/1","7,6","13","99","203,0,243"
"0/1","6,6","12","99","207,0,209"
"0/1","11,9","20","99","298,0,356"
"0/1","11,9","20","99","305,0,353"
"0/1","9,12","21","99","419,0,294"
"0/1","13,23","36","99","751,0,386"
"0/1","14,12","26","99","410,0,493"
"0/1","7,14","21","99","472,0,199"
"0/1","18,18","36","99","621,0,584"
"0/1","16,18","34","99","566,0,511"
"0/1","15,12","27","99","411,0,501"
"0/1","17,9","26","99","280,0,558"
"0/1","14,12","26","99","422,0,408"
"0/1","9,15","24","99","433,0,311"
"0/1","10,15","25","99","422,0,343"
"0/1","11,9","20","99","278,0,375"
"0/1","10,15","25","99","472,0,269"
"0/1","5,10","15","99","352,0,162"
"0/1","6,8","14","99","283,0,185"
"0/1","6,7","13","99","244,0,161"
"0/1","7,6","13","99","208,0,241"
"0/1","8,5","13","99","161,0,287"
"0/1","8,7","15","99","240,0,284"
"0/1","10,9","19","99","308,0,350"
"0/1","11,7","18","99","191,0,398"
"0/1","9,6","15","99","197,0,315"
"0/1","11,10","21","99","344,0,386"
"0/1","6,7","13","99","245,0,205"
"0/1","6,9","15","99","320,0,194"
"0/1","7,10","17","99","351,0,229"
"0/1","8,11","19","99","391,0,220"
"0/1","12,13","25","99","427,0,414"
"0/1","9,11","20","99","392,0,304"
"0/1","12,9","21","99","304,0,418"
"0/1","8,9","17","99","316,0,266"
"0/1","10,10","20","99","356,0,276"
"0/1","9,7","16","99","244,0,269"
"0/1","9,8","17","99","245,0,318"
"0/1","10,8","18","99","241,0,197"
"0/1","8,10","18","99","324,0,161"
"0/1","8,10","19","99","319,0,195"
"0/1","6,9","15","99","288,0,161"
"0/1","6,9","15","99","291,0,156"
"0/1","8,9","17","99","275,0,274"
"0/1","10,6","16","99","197,0,346"
"0/1","11,10","21","99","312,0,349"
"0/1","9,9","18","99","271,0,323"
"0/1","6,10","16","99","324,0,185"
"0/1","4,12","16","78","435,0,78"
"0/1","9,15","24","99","474,0,267"
"0/1","3,13","16","74","479,0,74"
"0/1","15,5","20","99","151,0,479"
"0/1","5,16","21","99","525,0,146"
"0/1","11,15","26","99","502,0,335"
"1/2","0,18,10","28","99","966,346,298,619,0,592"
"0/1","8,15","23","99","538,0,251"
"0/1","5,8","13","99","287,0,164"
"0/1","9,10","19","99","331,0,313"
"0/1","6,4","10","99","129,0,210"
"0/1","9,8","17","99","240,0,324"
"0/1","9,9","18","99","281,0,319"
"0/1","13,8","21","99","232,0,464"
"0/1","12,8","20","99","265,0,430"
"0/1","12,10","22","99","331,0,392"
"0/1","9,8","17","99","266,0,294"
"0/1","7,10","17","99","355,0,228"
"0/1","8,9","17","99","313,0,264"
"0/1","7,10","17","99","353,0,231"
"0/1","5,10","15","99","335,0,152"
"0/1","11,10","21","99","312,0,353"
"0/1","10,11","21","99","383,0,346"
"0/1","7,11","18","99","393,0,152"
"0/1","10,11","21","99","365,0,303"
"0/1","9,12","22","99","419,0,276"
"0/1","17,12","30","99","367,0,430"
"0/1","18,12","30","99","314,0,535"
"0/1","15,12","27","99","351,0,499"
"0/1","22,11","33","99","235,0,542"
"0/1","19,18","37","99","460,0,435"
"0/1","16,16","32","99","545,0,488"
"0/1","12,18","30","99","542,0,314"
"0/1","16,12","28","99","337,0,435"
"0/1","13,30","43","99","939,0,391"
"0/1","19,18","37","99","546,0,643"
"0/1","15,13","28","99","396,0,516"
"0/1","13,13","26","99","301,0,437"
"0/1","11,14","27","99","348,0,266"
"0/1","7,17","24","99","582,0,169"
"0/1","6,16","22","99","571,0,161"
"0/1","6,23","29","99","792,0,154"
"0/1","14,17","31","99","447,0,365"
"0/0","18,0","18","42","0,42,548"
"0/0","24,0","24","54","0,54,691"
"0/0","19,0","19","48","0,48,646"
"0/1","19,14","33","99","389,0,629"
"0/1","12,8","20","99","205,0,417"
"0/1","12,16","28","99","510,0,393"
"0/1","9,14","23","99","453,0,293"
"0/1","21,19","40","99","659,0,679"
"0/1","18,19","38","99","663,0,569"
"0/1","10,6","16","99","189,0,359"
"0/1","17,14","31","99","436,0,589"
"0/1","14,12","26","99","398,0,420"
"0/1","19,17","36","99","465,0,374"
"0/1","12,12","24","99","418,0,419"
"0/1","7,7","14","99","250,0,164"
"0/1","11,8","19","99","223,0,383"
"0/1","16,11","27","99","360,0,527"
"0/1","9,19","28","99","522,0,277"
"0/1","21,25","46","99","742,0,592"
"0/1","12,13","25","99","416,0,366"
"0/1","17,14","31","99","428,0,584"
"0/1","13,8","21","99","225,0,418"
"0/1","12,12","24","99","377,0,418"
"0/1","10,13","23","99","409,0,337"
"0/1","20,9","29","99","228,0,652"
"0/1","11,27","38","99","912,0,300"
"0/1","15,16","31","99","479,0,449"
"0/1","14,12","26","99","306,0,413"
"0/0","16,1","17","8","0,8,570"
"0/1","19,9","28","99","186,0,662"
"0/1","21,8","32","99","193,0,570"
"0/1","20,8","30","99","151,0,585"
"1/1","2,10","12","24","306,24,0"
"0/1","17,9","27","99","287,0,448"
"0/1","14,18","32","99","594,0,365"
"0/1","12,15","27","99","478,0,374"
"0/1","13,16","29","99","424,0,437"
"0/1","14,12","26","99","327,0,497"
"0/1","11,18","29","99","642,0,273"
"0/1","10,7","17","99","238,0,340"
"0/1","15,10","25","99","335,0,523"
"0/1","12,9","21","99","302,0,417"
"0/1","11,11","23","99","381,0,340"
"0/1","13,11","24","99","303,0,418"
"0/1","18,15","33","99","460,0,601"
"0/1","20,19","39","99","568,0,619"
"0/1","19,20","39","99","691,0,599"
"0/1","17,16","34","99","429,0,496"
"0/1","10,16","26","99","511,0,328"
"0/1","31,6","37","99","115,0,858"
"0/1","10,12","22","99","246,0,248"
"0/1","16,22","38","99","733,0,476"
"0/1","12,14","26","99","359,0,322"
"0/1","16,11","27","99","353,0,514"
"0/1","18,19","37","99","599,0,600"
"0/1","10,12","22","99","386,0,314"
"0/1","12,8","20","99","262,0,424"
"0/1","10,13","23","99","458,0,270"
"0/1","5,8","13","99","283,0,163"
"0/1","9,6","15","99","193,0,302"
"0/1","8,6","14","99","164,0,279"
"0/1","12,9","21","99","263,0,427"
"0/1","8,20","28","99","662,0,244"
"0/1","12,16","28","99","498,0,404"
"0/1","9,11","20","99","321,0,274"
"0/1","8,12","20","99","420,0,262"
"0/1","6,14","20","99","435,0,186"
"0/1","8,7","15","99","238,0,244"
"0/1","9,7","16","99","239,0,277"
"0/1","12,11","23","99","352,0,417"
"0/1","10,8","18","99","279,0,305"
"0/1","9,15","24","99","501,0,300"
"0/1","17,14","31","99","437,0,601"
"0/1","21,17","38","99","578,0,655"
"0/1","9,16","25","99","523,0,292"
"0/1","7,10","17","99","365,0,233"
"0/1","16,11","27","99","356,0,522"
"0/1","22,8","30","99","240,0,789"
"0/0","29,1","30","38","0,38,915"
"0/1","5,15","20","99","371,0,145"
"0/0","9,0","9","24","0,24,332"
"0/1","9,19","28","99","672,0,247"
"0/1","17,11","28","99","338,0,589"
"0/1","17,14","31","99","439,0,429"
"0/1","14,15","29","99","497,0,406"
"0/1","28,17","45","99","422,0,883"
"0/1","26,21","47","99","644,0,781"
"0/1","22,10","33","99","263,0,690"
"0/1","17,10","27","99","264,0,582"
"0/1","14,12","26","99","375,0,484"
"0/1","14,19","33","99","534,0,469"
"0/1","27,5","32","85","85,0,561"
"0/1","12,11","26","99","311,0,233"
"0/1","9,8","17","99","268,0,306"
"0/1","13,33","46","99","1089,0,345"
"0/1","12,11","24","99","324,0,313"
"0/1","14,12","26","99","406,0,483"
"0/1","27,7","34","99","184,0,905"
"0/1","19,13","32","99","388,0,654"
"0/1","20,9","29","99","267,0,672"
"0/1","9,9","18","99","313,0,303"
"0/1","10,12","22","99","418,0,337"
"0/1","19,15","34","99","505,0,587"
"0/1","9,11","20","99","387,0,300"
"0/1","13,9","22","99","300,0,451"
"0/1","17,14","31","99","407,0,531"
"0/1","7,9","16","99","250,0,240"
"0/1","23,25","48","99","840,0,713"
"0/1","10,6","16","99","160,0,317"
"0/1","6,11","17","99","353,0,184"
"0/1","20,11","31","99","354,0,666"
"0/1","16,18","34","99","575,0,520"
"0/1","15,16","31","99","487,0,497"
"0/1","4,13","17","99","476,0,109"
"0/1","24,24","48","99","778,0,699"
"0/0","32,0","32","81","0,81,1096"
"0/1","8,13","21","99","433,0,262"
"0/0","19,0","20","51","0,51,699"
"0/1","9,10","19","99","347,0,306"
"0/1","11,29","40","99","924,0,309"
"0/1","8,12","20","99","419,0,260"
"0/1","16,10","26","99","334,0,518"
"0/1","9,9","18","99","255,0,315"
"0/1","14,12","26","99","368,0,478"
"0/1","17,14","31","99","471,0,564"
"0/1","19,14","33","99","421,0,628"
"0/1","11,12","24","99","359,0,353"
"0/1","22,18","40","99","587,0,628"
"0/0","10,0","10","27","0,27,353"
"0/1","8,16","24","99","495,0,257"
"0/1","10,16","26","99","543,0,280"
"0/1","28,18","46","99","482,0,833"
"0/1","15,15","30","99","503,0,467"
"0/1","18,15","33","99","451,0,467"
"0/1","13,15","28","99","477,0,396"
"0/1","4,29","33","24","957,0,24"
"0/1","11,6","17","99","167,0,153"
"0/1","15,11","26","99","374,0,439"
"0/1","14,9","23","99","291,0,443"
"0/1","5,21","26","99","721,0,128"
"0/1","17,17","34","99","539,0,512"
"0/1","26,15","41","99","464,0,838"
"0/1","6,23","29","99","632,0,110"
"0/1","18,17","35","99","542,0,497"
"0/1","19,17","36","99","477,0,509"
"0/1","16,12","28","99","397,0,486"
"0/1","11,14","25","99","467,0,354"
"0/1","14,5","19","99","137,0,502"
"0/1","16,10","26","99","285,0,495"
"0/1","8,15","23","99","504,0,247"
"0/1","17,9","26","99","280,0,483"
"0/1","15,15","30","99","521,0,443"
"0/1","10,11","21","99","367,0,331"
"0/0","12,1","13","21","0,21,245"
"0/0","12,0","13","30","0,30,398"
"0/0","8,1","9","18","0,18,218"
"0/1","19,14","33","99","349,0,653"
"0/1","22,18","40","99","591,0,654"
"0/1","13,16","29","99","499,0,432"
"0/1","12,3","15","71","71,0,403"
"0/1","12,3","15","66","66,0,442"
"0/1","12,3","15","66","66,0,434"
"0/1","12,3","15","69","69,0,396"
"0/1","17,14","31","99","376,0,557"
"0/1","13,14","27","99","491,0,438"
"0/1","12,17","29","99","557,0,378"
"0/1","13,10","25","99","203,0,319"
"0/1","11,13","24","99","431,0,300"
"0/1","14,16","30","99","545,0,442"
"0/1","18,10","28","99","279,0,639"
"0/1","12,11","23","99","380,0,371"
"0/1","12,13","25","99","409,0,408"
"0/1","7,7","14","99","228,0,201"
"0/1","9,22","31","99","710,0,245"
"0/1","10,9","19","99","300,0,318"
"0/1","21,16","37","99","412,0,600"
"0/1","17,12","29","99","382,0,590"
"0/1","11,9","20","99","308,0,350"
"0/0","64,5","69","5","0,5,2048"
"0/1","35,10","45","99","227,0,1092"
"0/1","32,9","41","99","187,0,1008"
"0/1","30,12","43","99","186,0,894"
"0/1","19,15","34","99","435,0,602"
"0/1","12,10","22","99","332,0,398"
"0/1","21,11","32","99","261,0,734"
"0/1","20,8","28","99","199,0,719"
"0/1","18,22","40","99","722,0,571"
"0/1","19,18","37","99","582,0,555"
"0/0","23,2","25","35","0,35,877"
"0/0","24,1","25","46","0,46,887"
"0/1","9,10","19","99","245,0,312"
"0/1","11,11","22","99","388,0,378"
"0/1","12,14","26","99","424,0,384"
"0/1","13,22","35","99","747,0,346"
"0/1","21,17","38","99","513,0,709"
"0/1","17,9","26","99","288,0,540"
"0/1","14,15","29","99","526,0,398"
"0/1","10,13","23","99","414,0,304"
"0/0","26,0","26","78","0,78,1049"
"0/1","8,5","14","67","93,0,67"
"0/1","25,6","31","99","114,0,737"
"0/1","21,7","28","72","72,0,623"
"0/0","33,12","48","47","0,47,995"
"0/0","38,10","49","65","0,65,1065"
"0/1","17,2","19","20","20,0,600"
"0/1","13,6","19","99","195,0,404"
"0/1","16,13","29","99","401,0,563"
"0/1","15,8","23","99","243,0,525"
"0/1","18,14","32","99","460,0,544"
"0/1","24,17","41","99","519,0,707"
"0/1","11,13","24","99","452,0,369"
"0/1","12,32","44","99","962,0,308"
"0/1","31,11","42","99","267,0,958"
"0/1","25,21","46","99","645,0,624"
"0/0","29,0","29","78","0,78,1017"
"0/1","12,22","34","99","763,0,267"
"0/1","21,13","34","99","416,0,581"
"0/1","60,18","78","99","467,0,1934"
"0/1","63,19","82","99","483,0,1997"
"0/0","85,0","85","99","0,235,2960"
"0/1","54,24","78","99","612,0,1684"
"0/0","44,5","49","21","0,21,1391"
"0/1","23,10","33","99","209,0,532"
"0/1","30,16","46","99","281,0,945"
"0/1","19,12","31","99","205,0,501"
"0/0","46,0","46","99","0,105,1269"
"0/1","30,7","37","95","95,0,865"
"0/1","17,23","40","99","723,0,554"
"0/0","39,1","40","68","0,68,1290"
"0/0","40,1","41","74","0,74,1380"
"0/1","16,21","37","99","662,0,513"
"0/1","16,16","32","99","445,0,527"
"0/1","16,11","27","99","354,0,527"
"0/1","26,4","30","41","41,0,816"
"0/1","27,4","31","41","41,0,840"
"0/1","28,5","33","74","74,0,793"
"0/0","33,0","33","84","0,84,1099"
"0/1","27,7","34","99","110,0,854"
"0/0","42,1","43","80","0,80,1466"
"0/1","42,9","51","99","199,0,1309"
"0/1","43,10","53","99","219,0,1354"
"0/0","48,5","53","18","0,18,1516"
"0/0","45,3","48","61","0,61,1617"
"0/1","43,5","48","46","46,0,1363"
"0/1","42,5","47","39","39,0,1404"
"0/1","41,7","48","99","144,0,1246"
"0/1","35,7","43","99","145,0,1064"
"0/1","35,6","41","99","126,0,1008"
"0/1","33,6","41","99","135,0,961"
"0/1","36,4","40","32","32,0,1227"
"0/1","30,4","34","69","69,0,883"
"0/0","30,0","30","78","0,78,1043"
"0/0","33,0","33","93","0,93,1236"
"0/1","27,5","32","99","104,0,909"
"0/1","23,3","26","38","38,0,787"
"0/0","25,2","27","2","0,2,828"
"0/1","20,6","26","99","125,0,590"
"0/1","17,7","24","99","150,0,495"
"0/1","17,7","24","99","128,0,517"
"0/1","18,7","25","99","176,0,559"
"0/1","16,6","22","99","133,0,521"
"0/1","15,18","33","99","546,0,469"
"0/1","13,19","32","99","626,0,359"
"0/1","15,10","25","99","287,0,488"
"0/1","18,11","29","99","327,0,518"
"0/1","19,13","33","99","393,0,610"
"0/1","9,7","16","99","224,0,280"
"0/1","8,6","15","99","186,0,208"
"0/1","17,12","29","99","365,0,542"
"0/0","38,4","42","31","0,31,1259"
"0/1","25,11","36","99","328,0,774"
"0/1","8,5","14","99","163,0,233"
"0/1","13,13","27","99","434,0,448"
"0/1","18,17","35","99","499,0,587"
"0/1","8,5","13","99","156,0,278"
"0/1","12,3","16","69","69,0,415"
"0/1","20,15","35","99","494,0,694"
"0/1","12,11","23","99","345,0,336"
"0/1","13,16","29","99","536,0,406"
"0/1","15,7","22","99","185,0,488"
"0/1","19,16","35","99","492,0,645"
"0/1","17,14","31","99","427,0,525"
"0/1","27,7","34","99","147,0,989"
"0/1","27,7","34","99","147,0,949"
"0/1","27,7","34","99","147,0,996"
"0/1","23,21","44","99","620,0,620"
"0/1","11,12","23","99","374,0,361"
"0/1","11,11","22","99","384,0,365"
"0/1","15,19","34","99","581,0,508"
"0/1","14,18","32","99","535,0,445"
"0/1","8,9","17","99","277,0,277"
"0/1","7,11","18","99","333,0,224"
"0/1","6,4","10","99","136,0,179"
"0/1","7,13","20","99","418,0,223"
"0/1","13,15","28","99","519,0,452"
"0/1","15,15","30","99","507,0,498"
"0/1","7,13","20","99","409,0,222"
"0/1","14,18","32","99","519,0,406"
"0/1","24,11","35","99","262,0,694"
"0/1","22,22","44","99","712,0,678"
"0/1","15,15","30","99","482,0,372"
"0/1","18,14","33","99","396,0,443"
"0/1","17,18","35","99","542,0,473"
"0/1","13,12","25","99","346,0,437"
"0/1","26,14","40","99","421,0,872"
"0/1","17,15","32","99","476,0,539"
"0/1","17,14","31","99","466,0,586"
"0/1","24,11","38","99","332,0,842"
"0/1","10,15","25","99","512,0,290"
"0/1","17,16","33","99","540,0,539"
"0/1","11,18","29","99","609,0,313"
"0/1","14,16","30","99","403,0,482"
"0/1","11,12","23","99","373,0,380"
"0/1","24,11","35","99","306,0,824"
"0/1","14,10","24","99","329,0,455"
"0/1","13,10","24","99","275,0,442"
"0/1","21,13","34","99","375,0,651"
"0/1","19,16","35","99","498,0,521"
"0/1","12,7","23","99","173,0,198"
"0/1","2,12","14","50","208,0,50"
"0/1","17,9","26","99","288,0,581"
"0/1","25,23","48","99","727,0,838"
"0/1","22,12","34","99","333,0,754"
"0/1","9,5","14","99","157,0,284"
"0/1","6,10","16","99","358,0,199"
"0/1","9,11","20","99","384,0,307"
"0/1","17,5","22","54","54,0,493"
"0/1","10,21","31","99","698,0,283"
"0/1","9,7","16","99","230,0,322"
"0/1","8,15","23","99","510,0,263"
"0/1","13,7","20","99","189,0,441"
"0/1","10,10","20","99","308,0,305"
"0/1","12,7","19","99","183,0,422"
"0/1","12,11","23","99","337,0,420"
"0/1","15,13","28","99","446,0,484"
"0/1","11,16","27","99","495,0,327"
"0/1","14,15","29","99","500,0,452"
"0/1","6,11","17","99","358,0,198"
"0/1","5,11","16","99","401,0,134"
"0/1","8,12","20","99","421,0,189"
"0/1","7,10","17","99","284,0,240"
"0/1","4,13","17","99","468,0,103"
"0/1","7,15","22","99","455,0,216"
"0/1","8,9","17","99","314,0,272"
"0/1","6,12","18","99","399,0,198"
"0/1","21,15","36","99","479,0,595"
"0/1","14,17","31","99","560,0,438"
"0/1","10,15","25","99","432,0,266"
"0/1","17,13","30","99","417,0,589"
"0/1","22,18","40","99","602,0,751"
"0/1","22,10","32","99","310,0,640"
"0/1","11,22","33","99","642,0,343"
"0/1","14,12","26","99","417,0,418"
"0/1","24,18","42","99","571,0,814"
"0/1","12,21","33","99","694,0,333"
"0/1","8,12","20","99","337,0,228"
"0/1","12,11","23","99","366,0,367"
"0/1","20,17","37","99","562,0,582"
"0/1","20,10","31","99","304,0,650"
"0/1","9,7","16","99","207,0,212"
"0/1","13,12","25","99","344,0,441"
"0/1","15,9","24","99","278,0,508"
"0/1","8,22","30","99","727,0,190"
"0/1","20,12","32","99","349,0,702"
"0/1","10,3","13","74","74,0,318"
"0/1","15,5","20","96","96,0,528"
"0/1","16,4","21","83","83,0,567"
"0/1","13,11","24","99","314,0,440"
"0/1","17,15","32","99","445,0,546"
"1/1","0,16","18","45","581,45,0"
"1/1","1,35","36","76","1300,76,0"
"1/1","1,8","11","24","301,24,0"
"0/1","63,19","84","99","210,0,1826"
"0/1","10,18","28","99","583,0,308"
"0/1","20,20","40","99","624,0,683"
"0/1","20,16","36","99","541,0,646"
"0/1","18,14","32","99","476,0,543"
"0/1","17,17","35","99","592,0,540"
"0/1","22,12","34","99","242,0,584"
"0/1","13,5","18","99","143,0,462"
"0/1","17,22","39","99","584,0,426"
"0/0","33,0","33","96","0,96,1263"
"0/1","13,14","27","99","399,0,433"
"0/1","9,11","20","99","386,0,255"
"0/1","10,7","17","99","232,0,319"
"0/1","10,9","19","99","302,0,315"
"0/1","11,13","24","99","418,0,335"
"0/1","10,10","20","99","330,0,171"
"0/1","11,6","17","99","191,0,383"
"0/1","11,12","23","99","417,0,365"
"0/1","11,12","23","99","406,0,370"
"0/1","13,17","30","99","584,0,382"
"0/1","9,14","23","99","429,0,296"
"0/1","10,10","20","99","337,0,285"
"0/1","9,10","19","99","308,0,285"
"0/1","15,7","22","99","157,0,516"
"0/1","8,12","20","99","430,0,228"
"0/1","12,8","20","99","215,0,430"
"0/1","10,7","17","99","205,0,327"
"0/1","6,15","21","99","546,0,180"
"0/1","15,8","23","99","261,0,548"
"0/1","12,8","20","99","264,0,382"
"0/1","11,14","25","99","465,0,367"
"0/1","10,9","19","99","309,0,271"
"0/1","13,11","24","99","375,0,447"
"0/1","11,14","25","99","501,0,334"
"0/1","14,12","26","99","403,0,494"
"0/1","13,15","28","99","491,0,443"
"0/1","13,9","22","99","304,0,454"
"0/1","5,12","17","99","441,0,154"
"0/1","14,15","29","99","476,0,455"
"0/1","15,15","30","99","484,0,464"
"0/1","16,13","29","99","359,0,518"
"0/1","10,12","22","99","279,0,251"
"0/1","11,11","22","99","370,0,356"
"0/1","14,10","24","99","314,0,483"
"0/1","16,17","33","99","586,0,534"
"0/1","13,20","33","99","668,0,394"
"0/1","9,15","24","99","532,0,216"
"0/1","9,16","25","99","487,0,234"
"0/1","17,23","40","99","773,0,557"
"0/1","19,12","31","99","388,0,677"
"0/1","5,12","17","99","396,0,154"
"0/1","15,13","28","99","432,0,485"
"0/1","20,20","40","99","605,0,642"
"0/1","13,3","16","75","75,0,473"
"0/1","25,17","42","99","503,0,675"
"0/1","17,19","36","99","562,0,550"
"0/1","12,19","31","99","639,0,273"
"0/1","9,18","27","99","638,0,254"
"0/1","13,17","30","99","543,0,442"
"0/1","12,12","24","99","298,0,392"
"0/1","10,12","22","99","362,0,284"
"0/1","10,12","22","99","365,0,290"
"0/1","14,14","28","99","305,0,388"
"0/1","15,14","29","99","428,0,404"
"0/1","11,14","25","99","362,0,274"
"0/1","19,9","28","99","202,0,607"
"0/1","9,15","24","99","444,0,213"
"0/1","11,14","25","99","434,0,342"
"0/1","20,19","39","99","583,0,667"
"0/1","19,18","37","99","566,0,617"
"0/1","17,16","33","99","463,0,558"
"0/1","15,15","30","99","488,0,484"
"0/1","13,20","33","99","572,0,388"
"0/1","23,24","47","99","686,0,707"
"0/1","23,20","43","99","567,0,735"
"0/1","18,21","39","99","622,0,453"
"0/1","16,24","40","99","683,0,422"
"0/1","24,12","36","99","328,0,758"
"0/1","5,19","24","99","575,0,130"
"0/1","20,16","36","99","521,0,695"
"0/0","29,0","29","87","0,87,1176"
"0/1","17,22","39","99","653,0,546"
"0/1","13,14","28","99","442,0,393"
"0/1","11,16","27","99","514,0,343"
"0/1","7,15","22","99","483,0,185"
"0/1","8,12","20","99","416,0,251"
"0/1","17,9","26","99","204,0,544"
"0/1","21,11","34","99","323,0,589"
"0/1","17,14","31","99","474,0,551"
"0/1","16,19","35","99","559,0,517"
"0/1","19,18","37","99","581,0,573"
"0/1","11,11","22","99","340,0,355"
"0/1","12,12","24","99","380,0,379"
"0/1","17,7","24","99","192,0,600"
"0/0","6,0","9","18","0,18,238"
"0/1","10,8","18","99","142,0,346"
"0/1","6,9","15","99","270,0,109"
"0/0","21,0","22","45","0,45,593"
"0/1","16,16","32","99","504,0,379"
"0/1","10,14","24","99","411,0,323"
"0/0","17,0","17","45","0,45,586"
"0/0","18,0","18","45","0,45,584"
"0/0","17,0","18","45","0,45,567"
"0/0","19,0","21","49","0,49,642"
"0/0","20,0","22","49","0,49,613"
"0/1","15,12","27","99","394,0,488"
"0/1","15,8","23","99","261,0,506"
"0/1","13,14","27","99","464,0,437"
"0/1","20,18","38","99","605,0,660"
"0/1","15,18","33","99","555,0,424"
"0/1","20,5","25","99","131,0,649"
"0/1","19,5","24","99","137,0,580"
"0/1","13,9","22","99","297,0,390"
"0/1","7,19","26","99","648,0,162"
"0/1","16,19","35","99","562,0,495"
"0/1","12,14","26","99","337,0,308"
"0/1","12,12","24","99","387,0,383"
"0/1","19,16","35","99","510,0,615"
"0/1","7,12","19","99","411,0,219"
"0/1","9,15","24","99","471,0,266"
"0/1","8,10","18","99","333,0,258"
"0/1","12,12","24","99","404,0,381"
"0/1","16,11","27","99","329,0,498"
"0/1","15,14","29","99","459,0,465"
"0/1","15,8","23","99","250,0,533"
"0/1","9,13","22","99","416,0,304"
"0/1","11,12","23","99","260,0,369"
"0/1","10,7","17","99","226,0,335"
"1/1","2,19","21","54","684,54,0"
"0/1","15,9","24","99","283,0,454"
"0/1","12,13","25","99","455,0,343"
"0/1","24,20","44","99","634,0,744"
"0/1","17,16","33","99","549,0,582"
"0/1","11,18","29","99","583,0,312"
"0/1","16,8","24","99","250,0,564"
"0/1","28,3","31","11","11,0,681"
"0/1","40,4","44","30","30,0,1272"
"0/0","42,5","47","13","0,13,1355"
"0/1","36,4","41","39","39,0,1163"
"0/1","44,7","51","80","80,0,1425"
"0/1","44,13","57","99","288,0,1394"
"0/1","54,7","61","28","28,0,1766"
"0/1","53,7","60","56","56,0,1856"
"0/1","37,13","50","99","247,0,1246"
"0/0","32,1","33","64","0,64,1141"
"0/0","34,1","35","70","0,70,1221"
"0/0","35,1","36","76","0,76,1287"
"0/0","34,2","36","40","0,40,1202"
"0/0","33,2","35","37","0,37,1159"
"0/0","32,2","34","34","0,34,1096"
"0/0","31,2","33","34","0,34,1152"
"0/0","29,2","31","28","0,28,1063"
"0/0","29,2","31","22","0,22,974"
"0/0","26,2","30","13","0,13,851"
"0/0","29,2","32","22","0,22,966"
"0/0","28,2","31","19","0,19,933"
"0/0","30,1","31","52","0,52,1016"
"0/0","27,1","29","49","0,49,957"
"0/1","10,9","19","99","218,0,350"
"0/1","7,8","15","99","280,0,194"
"0/1","17,13","30","99","171,0,536"
"0/1","21,6","27","99","139,0,740"
"0/0","28,1","29","35","0,35,897"
"0/0","29,1","30","47","0,47,1062"
"0/0","27,1","28","38","0,38,969"
"0/1","9,17","26","99","554,0,292"
"0/0","24,0","24","63","0,63,802"
"0/1","15,18","33","99","549,0,477"
"0/1","11,15","26","99","502,0,338"
"0/1","6,7","13","99","246,0,170"
"0/1","10,19","29","99","598,0,292"
"0/1","10,17","27","99","600,0,282"
"0/1","13,10","23","99","333,0,461"
"0/1","15,14","29","99","433,0,475"
"0/1","11,12","23","99","417,0,255"
"0/1","6,16","22","99","456,0,159"
"0/1","8,12","20","99","390,0,259"
"0/1","16,10","26","99","319,0,529"
"0/1","12,15","27","99","479,0,379"
"0/1","14,15","29","99","477,0,425"
"0/1","19,15","34","99","422,0,634"
"0/1","13,10","23","99","322,0,434"
"0/1","20,17","37","99","562,0,635"
"0/1","15,17","32","99","579,0,461"
"0/1","10,9","19","99","262,0,155"
"0/1","24,17","41","99","537,0,742"
"0/1","26,17","43","99","474,0,861"
"0/1","16,17","33","99","571,0,516"
"0/1","17,18","35","99","605,0,496"
"0/1","19,21","40","99","656,0,627"
"0/1","15,11","26","99","350,0,521"
"0/1","13,10","23","99","287,0,388"
"0/1","12,16","28","99","360,0,414"
"0/1","15,16","31","99","483,0,511"
"0/1","14,13","27","99","370,0,362"
"0/1","11,12","23","99","373,0,321"
"0/1","18,10","28","99","268,0,616"
"0/1","12,18","30","99","448,0,252"
"0/1","15,11","27","99","250,0,398"
"0/1","7,4","13","47","47,0,135"
"0/1","17,16","33","99","521,0,415"
"1/1","0,28","28","78","992,78,0"
"0/1","19,11","30","99","356,0,548"
"0/1","13,15","28","99","513,0,376"
"0/1","11,8","19","99","270,0,379"
"0/1","13,13","26","99","449,0,405"
"0/1","8,19","27","99","646,0,246"
"0/1","7,7","14","99","213,0,238"
"0/1","9,10","19","99","350,0,312"
"0/1","11,6","17","99","187,0,357"
"0/1","10,9","19","99","273,0,353"
"0/1","13,4","17","80","80,0,446"
"0/1","12,5","17","99","151,0,409"
"0/1","10,6","16","99","160,0,367"
"0/1","12,12","24","99","370,0,411"
"0/1","13,10","23","99","322,0,457"
"0/1","11,13","24","99","444,0,331"
"0/1","13,11","24","99","333,0,417"
"0/1","7,17","24","99","489,0,214"
"0/1","12,11","23","99","337,0,423"
"0/1","19,10","29","99","256,0,633"
"0/1","16,9","25","99","174,0,475"
"0/1","19,12","31","99","342,0,602"
"0/1","14,11","25","99","280,0,478"
"0/1","19,13","32","99","412,0,575"
"0/1","11,17","28","99","531,0,348"
"0/1","21,16","37","99","521,0,594"
"0/1","18,10","28","99","271,0,570"
"0/1","19,20","39","99","610,0,537"
"0/1","9,15","24","99","455,0,282"
"0/1","4,9","13","99","328,0,121"
"0/1","31,4","35","58","58,0,959"
"0/1","22,15","37","99","362,0,684"
"0/1","12,14","26","99","439,0,393"
"0/1","12,10","22","99","289,0,424"
"0/1","14,7","21","99","153,0,509"
"0/1","8,15","23","99","439,0,259"
"0/1","14,7","21","99","220,0,407"
"0/1","5,13","18","99","356,0,159"
"0/1","9,13","22","99","231,0,310"
"0/1","13,11","24","99","330,0,450"
"0/1","20,4","24","25","25,0,640"
"0/1","22,4","26","14","14,0,710"
"0/1","27,14","41","99","462,0,774"
"0/1","11,10","21","99","322,0,311"
"0/1","9,18","27","99","609,0,274"
"1/1","1,15","16","39","452,39,0"
"0/1","18,4","24","99","102,0,569"
"0/1","11,9","20","99","306,0,363"
"0/1","17,7","26","99","166,0,503"
"0/1","13,10","24","99","300,0,273"
"0/1","6,7","13","99","231,0,203"
"0/1","14,22","36","99","716,0,445"
"0/1","10,12","22","99","379,0,309"
"0/1","10,13","23","99","416,0,282"
"0/1","9,6","16","99","192,0,270"
"0/1","13,4","17","13","13,0,258"
"0/1","25,9","34","99","141,0,758"
"0/1","24,10","34","99","176,0,669"
"0/1","24,10","34","99","175,0,683"
"0/1","9,9","18","99","312,0,257"
"0/1","11,12","23","99","334,0,179"
"0/1","22,7","35","99","121,0,622"
"0/1","37,14","51","99","329,0,1075"
"0/1","19,14","33","99","467,0,624"
"0/1","10,11","21","99","368,0,307"
"0/1","12,15","27","99","512,0,411"
"0/1","25,15","40","99","374,0,842"
"0/0","37,1","38","90","0,90,1164"
"0/1","16,18","34","99","550,0,476"
"0/1","10,11","21","99","342,0,329"
"0/1","9,10","19","99","328,0,276"
"0/1","7,23","30","99","772,0,161"
"0/1","7,22","29","99","721,0,188"
"0/1","9,12","21","99","423,0,295"
"0/1","12,9","21","99","306,0,378"
"0/1","11,9","20","99","301,0,374"
"0/1","9,12","21","99","384,0,291"
"0/1","18,15","33","99","506,0,558"
"0/1","20,17","37","99","531,0,640"
"0/1","5,13","18","99","475,0,145"
"0/1","22,19","42","99","576,0,685"
"0/1","17,21","39","99","630,0,484"
"0/1","19,14","33","99","347,0,683"
"0/1","17,20","37","99","575,0,503"
"0/1","15,19","34","99","556,0,461"
"0/1","20,17","38","99","573,0,690"
"0/1","20,15","36","99","509,0,678"
"0/1","14,13","27","99","391,0,474"
"0/1","18,12","30","99","403,0,606"
"0/1","17,18","35","99","583,0,576"
"0/1","22,15","37","99","453,0,736"
"0/1","13,14","27","99","465,0,416"
"0/1","14,13","27","99","432,0,456"
"0/1","14,19","33","99","592,0,468"
"0/1","15,20","35","99","659,0,476"
"0/1","13,11","24","99","357,0,422"
"0/0","22,1","29","51","0,51,693"
"0/0","26,1","28","48","0,48,652"
"0/0","26,1","27","39","0,39,529"
"0/1","10,13","24","99","416,0,330"
"0/1","14,16","30","99","446,0,390"
"0/1","14,12","26","99","271,0,384"
"0/1","17,25","42","99","816,0,503"
"0/1","17,17","35","99","505,0,403"
"0/0","26,0","26","78","0,78,1020"
"0/0","27,0","27","81","0,81,1050"
"0/0","27,0","27","81","0,81,1071"
"0/0","26,0","27","78","0,78,1034"
"0/0","27,0","27","81","0,81,1078"
"0/0","27,0","27","78","0,78,1026"
"0/0","27,0","27","78","0,78,1009"
"0/0","28,0","28","84","0,84,1100"
"0/0","28,0","28","78","0,78,1034"
"0/0","28,0","28","84","0,84,1112"
"0/0","28,0","28","81","0,81,1027"
"0/0","28,0","28","75","0,75,937"
"0/0","28,0","28","75","0,75,929"
"0/0","29,0","29","84","0,84,1065"
"0/0","29,0","29","84","0,84,1072"
"0/1","23,14","37","99","437,0,670"
"0/1","16,17","34","99","559,0,482"
"0/1","17,19","36","99","602,0,574"
"0/1","22,22","44","99","692,0,620"
"0/1","20,15","36","99","452,0,632"
"0/1","18,20","38","99","663,0,586"
"0/1","15,20","35","99","560,0,503"
"0/1","18,18","36","99","570,0,553"
"0/1","14,19","33","99","631,0,421"
"0/1","14,16","30","99","533,0,471"
"0/1","10,8","18","99","245,0,328"
"0/1","23,7","30","99","177,0,827"
"0/1","22,20","42","99","609,0,723"
"0/0","19,2","22","36","0,36,461"
"0/1","12,22","34","99","745,0,339"
"0/1","19,15","34","99","419,0,589"
"0/1","23,10","34","99","161,0,587"
"0/0","11,1","12","30","0,30,393"
"0/0","11,0","11","27","0,27,364"
"0/1","9,11","20","99","374,0,272"
"0/1","6,10","16","99","120,0,120"
"0/1","22,21","43","99","685,0,752"
"0/1","20,16","36","99","425,0,538"
"0/1","10,11","21","99","337,0,334"
"0/1","5,4","9","99","99,0,142"
"0/1","5,5","10","99","99,0,134"
"0/1","15,10","25","99","317,0,409"
"0/1","16,10","26","99","280,0,544"
"0/1","7,21","28","99","677,0,152"
"0/1","26,11","37","99","283,0,753"
"0/1","26,8","34","99","218,0,843"
"0/1","13,10","23","99","291,0,453"
"0/1","10,17","27","99","562,0,287"
"0/1","13,13","26","99","430,0,446"
"0/1","14,21","35","99","727,0,444"
"0/1","6,18","24","99","613,0,136"
"0/1","4,21","25","82","587,0,82"
"0/1","16,16","32","99","469,0,485"
"0/1","39,24","63","99","713,0,1315"
"0/1","60,12","72","99","113,0,2003"
"0/1","61,12","73","99","146,0,1956"
"0/1","12,20","32","99","718,0,395"
"0/1","14,8","22","99","223,0,501"
"0/1","18,11","29","99","326,0,580"
"0/1","21,23","44","99","766,0,654"
"0/1","16,13","29","99","431,0,481"
"0/1","34,8","42","99","114,0,1218"
"0/1","36,6","42","99","109,0,1230"
"0/1","29,14","43","99","394,0,905"
"0/1","14,12","26","99","391,0,405"
"1/1","0,30","30","78","1010,78,0"
"1/1","0,15","15","30","393,30,0"
"0/1","11,9","20","99","277,0,339"
"0/1","16,15","32","99","349,0,524"
"0/1","14,11","25","99","322,0,428"
"0/0","13,0","14","27","0,27,362"
"0/1","29,24","53","99","579,0,630"
"0/1","32,8","40","99","193,0,1081"
"0/1","32,9","41","99","230,0,1113"
"0/0","47,3","50","27","0,27,1623"
"0/0","47,3","50","29","0,29,1629"
"0/1","21,10","31","99","270,0,756"
"0/1","14,11","25","99","316,0,485"
"0/1","22,14","36","99","421,0,787"
"0/1","8,14","22","99","510,0,253"
"0/1","7,17","24","99","577,0,196"
"0/1","14,10","24","99","329,0,488"
"0/1","13,16","29","99","523,0,402"
"0/1","4,12","16","74","405,0,74"
"0/1","13,13","26","99","448,0,420"
"0/1","12,11","23","99","304,0,386"
"0/1","4,11","15","99","390,0,117"
"0/1","10,6","16","99","148,0,359"
"0/1","7,19","26","99","664,0,168"
"0/1","7,11","18","99","376,0,219"
"0/1","15,9","24","99","282,0,527"
"0/1","16,8","24","99","211,0,495"
"0/1","12,10","22","99","333,0,414"
"0/1","23,20","43","99","691,0,692"
"0/1","14,10","24","99","317,0,471"
"0/1","18,18","36","99","571,0,503"
"0/1","14,11","25","99","369,0,468"
"0/1","17,10","27","99","326,0,544"
"0/1","14,8","22","99","256,0,505"
"0/1","15,13","28","99","386,0,520"
"0/1","13,9","22","99","210,0,454"
"0/1","21,21","42","99","691,0,686"
"0/1","4,16","20","99","543,0,106"
"0/1","16,15","31","99","516,0,544"
"0/1","11,11","22","99","386,0,377"
"0/1","20,14","34","99","425,0,706"
"0/1","11,15","26","99","490,0,328"
"0/1","12,16","28","99","578,0,323"
"0/1","12,15","27","99","459,0,394"
"0/1","14,14","28","99","389,0,456"
"0/1","5,6","11","99","172,0,167"
"0/1","16,15","31","99","478,0,465"
"0/1","6,7","13","99","220,0,163"
"0/1","5,11","16","99","383,0,157"
"0/1","9,10","19","99","339,0,273"
"0/0","7,0","7","18","0,18,236"
"0/0","9,0","9","27","0,27,358"
"0/1","20,12","32","99","267,0,713"
"0/1","23,13","36","99","285,0,740"
"0/1","9,14","23","99","471,0,278"
"0/1","15,19","35","99","662,0,462"
"0/1","9,11","20","99","315,0,302"
"0/1","11,10","21","99","309,0,386"
"0/1","21,12","33","99","394,0,676"
"0/1","21,16","37","99","536,0,659"
"0/1","7,10","17","99","361,0,238"
"0/1","18,16","34","99","555,0,580"
"0/1","12,12","24","99","372,0,381"
"0/1","4,13","17","74","433,0,74"
"0/1","15,16","31","99","550,0,485"
"0/1","25,23","48","99","709,0,800"
"0/1","13,19","32","99","548,0,330"
"0/1","17,11","28","99","316,0,453"
"0/1","11,14","25","99","436,0,320"
"0/1","7,15","22","99","461,0,227"
"0/1","9,18","27","99","664,0,211"
"0/1","14,6","20","99","176,0,416"
"0/1","7,10","17","99","343,0,221"
"0/1","8,7","15","99","245,0,266"
"0/1","42,15","57","99","341,0,886"
"0/1","38,16","55","99","374,0,766"
"0/1","38,16","54","99","393,0,663"
"0/1","36,10","46","99","207,0,582"
"0/1","34,9","43","99","171,0,546"
"0/1","33,6","39","99","113,0,860"
"0/1","33,7","40","99","150,0,839"
"0/0","37,0","37","93","0,93,1145"
"0/1","15,9","24","99","247,0,519"
"0/1","9,22","31","99","716,0,259"
"0/0","13,1","14","24","0,24,278"
"0/1","18,13","31","99","410,0,403"
"0/1","8,15","23","99","524,0,254"
"0/1","13,14","27","99","444,0,398"
"0/1","12,19","31","99","614,0,352"
"0/1","47,7","54","99","114,0,1640"
"0/1","29,18","47","99","500,0,898"
"0/1","46,13","59","99","154,0,1526"
"0/1","19,24","43","99","835,0,489"
"0/1","9,10","19","99","307,0,313"
"0/1","15,9","24","99","244,0,523"
"1/1","0,23","23","63","854,63,0"
"0/1","38,23","61","99","742,0,1173"
"0/1","24,5","29","58","58,0,889"
"0/1","36,19","55","99","566,0,1249"
"0/1","17,15","32","99","486,0,560"
"0/1","18,16","34","99","523,0,588"
"0/1","20,17","37","99","548,0,703"
"0/1","38,16","54","99","462,0,1271"
"0/1","41,11","52","99","295,0,1387"
"0/1","32,12","44","99","326,0,1116"
"0/1","40,21","61","99","619,0,1416"
"0/1","45,20","65","99","585,0,1574"
"0/1","43,19","62","99","583,0,1496"
"0/1","32,28","60","99","784,0,1028"
"0/1","11,17","28","99","510,0,324"
"0/1","23,17","40","99","546,0,732"
"1/1","2,35","37","64","1355,64,0"
"1/1","0,32","32","93","1215,93,0"
"0/1","3,21","25","58","629,0,58"
"0/1","20,35","55","99","1011,0,425"
"0/1","30,10","40","99","218,0,1028"
"0/1","29,14","43","99","366,0,802"
"0/1","18,12","30","99","203,0,511"
"0/1","19,12","31","99","270,0,650"
"0/1","16,22","38","99","745,0,432"
"0/1","26,18","44","99","518,0,895"
"0/1","23,10","33","99","306,0,830"
"0/1","16,12","28","99","369,0,527"
"0/1","25,15","40","99","411,0,800"
"0/1","21,17","38","99","447,0,719"
"0/1","21,14","38","99","391,0,720"
"0/1","15,13","28","99","402,0,489"
"0/1","13,11","24","99","333,0,421"
"1/2","0,11,15","26","99","854,487,457,368,0,328"
"0/1","9,14","23","99","440,0,285"
"0/1","8,13","21","99","410,0,244"
"0/1","10,10","20","99","232,0,318"
"0/1","22,21","43","99","573,0,677"
"0/1","30,26","56","99","721,0,897"
"0/1","30,25","56","99","742,0,904"
"0/1","35,27","62","99","713,0,1109"
"0/1","34,29","63","99","921,0,969"
"0/1","29,28","57","99","794,0,914"
"0/1","41,24","65","99","766,0,1373"
"0/1","40,22","62","99","700,0,1342"
"0/1","30,21","51","99","675,0,1031"
"0/1","27,14","41","99","405,0,936"
"0/1","29,13","42","99","399,0,1027"
"0/1","25,17","42","99","553,0,881"
"0/1","30,18","48","99","573,0,1050"
"0/1","40,14","54","99","326,0,1363"
"0/1","39,13","52","99","332,0,1286"
"0/1","37,12","49","99","282,0,1178"
"0/1","32,13","45","99","331,0,1070"
"0/1","29,18","47","99","464,0,959"
"0/1","23,20","43","99","598,0,795"
"0/1","19,20","39","99","642,0,614"
"0/1","17,20","37","99","635,0,558"
"0/1","19,21","40","99","683,0,590"
"0/1","34,19","53","99","557,0,1075"
"0/1","34,17","51","99","511,0,1092"
"0/1","36,18","54","99","544,0,1171"
"0/1","28,24","52","99","691,0,893"
"0/1","27,23","50","99","771,0,858"
"0/1","27,24","51","99","769,0,930"
"0/1","30,25","55","99","801,0,996"
"0/1","30,22","52","99","700,0,971"
"0/1","28,25","53","99","744,0,880"
"0/1","28,23","51","99","658,0,910"
"0/1","30,24","54","99","681,0,981"
"0/1","27,29","56","99","922,0,918"
"0/1","22,32","54","99","1047,0,697"
"0/1","18,23","41","99","800,0,575"
"0/1","19,21","40","99","633,0,600"
"0/1","20,21","41","99","673,0,621"
"0/1","18,25","43","99","820,0,553"
"0/1","18,22","40","99","726,0,568"
"0/1","17,26","43","99","890,0,518"
"0/1","20,19","39","99","619,0,658"
"0/1","24,16","40","99","480,0,789"
"1/1","0,45","45","99","1748,132,0"
"0/1","28,18","46","99","513,0,1000"
"0/1","27,17","44","99","553,0,954"
"0/1","23,19","42","99","625,0,757"
"0/1","21,21","42","99","715,0,614"
"0/1","22,22","44","99","749,0,654"
"0/1","23,22","45","99","716,0,752"
"0/1","23,19","42","99","640,0,756"
"0/1","22,20","42","99","682,0,718"
"0/1","24,22","46","99","751,0,791"
"0/1","23,29","52","99","951,0,788"
"0/1","24,33","57","99","1104,0,812"
"0/1","21,15","36","99","496,0,701"
"0/1","15,23","38","99","780,0,505"
"0/1","36,18","54","99","457,0,1307"
"0/1","36,12","48","99","301,0,1258"
"0/1","34,12","46","99","339,0,1128"
"0/1","34,13","47","99","345,0,1134"
"0/1","32,14","47","99","378,0,1142"
"0/1","32,14","46","99","334,0,1170"
"0/1","30,10","40","99","238,0,1052"
"0/1","31,10","41","99","239,0,1018"
"0/1","30,9","39","99","215,0,1015"
"0/1","13,7","20","99","198,0,403"
"0/1","23,16","39","99","250,0,639"
"0/1","36,6","42","33","33,0,1182"
"0/1","23,16","39","99","388,0,609"
"0/1","25,14","39","99","329,0,797"
"0/1","22,5","27","8","8,0,731"
"0/1","22,9","31","99","118,0,685"
"0/1","22,9","31","99","112,0,740"
"0/1","14,18","32","99","339,0,392"
"0/1","12,17","29","99","262,0,345"
"0/1","13,16","29","99","222,0,384"
"0/1","13,16","29","99","220,0,381"
"0/1","11,13","24","99","190,0,291"
"0/1","15,16","31","99","369,0,441"
"0/1","18,20","38","99","508,0,506"
"0/1","17,20","37","99","505,0,508"
"0/1","18,22","40","99","481,0,561"
"0/1","22,22","44","99","494,0,738"
"0/1","20,15","35","99","357,0,617"
"0/1","21,10","31","99","242,0,670"
"0/1","20,10","30","99","241,0,644"
"0/1","18,8","26","99","169,0,507"
"0/1","17,8","25","99","164,0,507"
"0/1","24,21","45","99","585,0,685"
"0/1","28,23","51","99","664,0,796"
"0/1","28,23","51","99","680,0,823"
"0/1","27,19","46","99","569,0,857"
"0/1","25,17","42","99","497,0,781"
"0/1","30,21","51","99","705,0,1015"
"0/1","19,17","36","99","571,0,617"
"0/1","27,28","55","99","816,0,872"
"0/1","27,28","55","99","974,0,840"
"0/1","27,28","55","99","980,0,808"
"0/1","28,31","59","99","965,0,894"
"0/1","28,32","60","99","1015,0,817"
"0/1","29,32","61","99","1028,0,838"
"0/1","25,32","57","99","1027,0,780"
"0/1","23,25","48","99","792,0,773"
"0/1","32,17","49","99","538,0,1039"
"0/1","36,13","49","99","356,0,1278"
"0/1","33,22","55","99","663,0,1054"
"0/1","31,22","53","99","685,0,1022"
"0/1","31,21","52","99","595,0,1071"
"0/1","29,18","47","99","576,0,977"
"0/1","26,15","41","99","474,0,905"
"0/1","32,16","48","99","286,0,1002"
"0/1","30,16","46","99","349,0,795"
"0/1","28,17","45","99","355,0,708"
"0/1","25,12","37","99","212,0,655"
"0/1","12,15","27","99","446,0,334"
"0/0","31,0","31","81","0,81,1079"
"0/0","31,0","31","90","0,90,1183"
"0/0","28,0","28","81","0,81,1064"
"0/0","31,0","31","90","0,90,1149"
"0/0","44,0","44","99","0,129,1662"
"1/1","1,7","8","15","185,15,0"
"1/1","1,8","9","18","228,18,0"
"1/1","0,11","11","33","385,33,0"
"0/1","13,10","23","99","286,0,440"
"1/1","0,32","32","93","1189,93,0"
"1/2","0,19,14","33","99","1145,480,426,665,0,626"
"0/1","19,14","33","99","392,0,631"
"0/1","15,19","34","99","610,0,459"
"1/1","0,6","6","18","220,18,0"
"0/1","6,3","9","98","98,0,168"
"0/1","3,6","9","99","144,0,101"
"0/1","6,2","8","61","61,0,145"
"1/1","0,7","7","12","146,12,0"
"1/1","0,17","17","42","512,42,0"
"1/1","0,21","21","45","549,45,0"
"1/1","0,17","17","36","437,36,0"
"1/1","0,18","18","36","464,36,0"
"0/1","9,13","22","99","384,0,150"
"0/1","13,9","22","99","152,0,376"
"0/1","9,9","18","99","267,0,161"
"1/1","0,3","3","3","42,3,0"
"1/1","1,9","10","24","303,24,0"
"1/1","1,16","17","8","517,8,0"
"1/1","0,5","5","12","149,12,0"
"0/1","4,4","8","99","121,0,134"
"1/1","0,5","5","15","177,15,0"
"1/1","0,5","5","15","186,15,0"
"1/1","0,8","8","18","231,18,0"
"1/1","0,6","6","18","224,18,0"
"1/1","0,6","6","18","239,18,0"
"1/1","0,6","6","15","204,15,0"
"1/1","0,5","5","15","191,15,0"
"1/1","0,21","21","54","707,54,0"
"1/1","0,22","22","63","838,63,0"
"1/1","0,25","25","72","952,72,0"
"1/1","1,34","36","56","1208,56,0"
"0/1","5,3","8","99","99,0,135"
"1/1","0,45","45","99","1632,123,0"
"1/1","2,32","34","19","1087,19,0"
"0/1","19,7","26","99","147,0,333"
"0/1","18,7","25","99","153,0,290"
"0/1","13,7","21","96","96,0,206"
"0/1","3,5","8","25","116,0,25"
"0/1","6,5","11","84","84,0,142"
"0/1","23,10","33","59","59,0,693"
"0/1","27,14","41","99","148,0,817"
"0/1","31,12","43","99","136,0,938"
"0/1","14,13","27","99","326,0,249"
"0/1","9,17","31","99","469,0,148"
"0/1","46,8","54","78","78,0,1146"
"0/1","10,7","17","99","122,0,182"
"0/1","22,7","29","99","182,0,487"
"0/1","18,10","28","99","181,0,329"
"1/1","0,23","23","63","827,63,0"
"0/0","19,0","19","57","0,57,752"
"0/1","5,18","23","99","551,0,132"
"1/1","1,35","36","87","1102,87,0"
"0/0","29,0","29","60","0,60,760"
"0/1","20,22","42","99","679,0,567"
"0/0","31,2","33","72","0,72,936"
"0/0","20,4","24","29","0,29,696"
"0/0","21,4","25","1","0,1,641"
"0/0","29,5","34","2","0,2,1002"
"0/0","33,4","37","34","0,34,1115"
"0/0","29,3","32","22","0,22,961"
"0/1","18,16","34","99","474,0,508"
"0/1","8,10","18","99","275,0,200"
"1/1","0,18","18","54","677,54,0"
"0/1","25,33","58","99","653,0,574"
"0/1","26,21","47","99","264,0,514"
"0/1","24,25","49","99","496,0,604"
"0/1","20,31","51","99","871,0,362"
"0/1","24,26","50","99","767,0,621"
"0/1","23,25","48","99","744,0,621"
"0/1","21,24","45","99","639,0,588"
"0/1","22,21","43","99","567,0,641"
"1/1","0,4","4","9","113,9,0"
"1/1","0,14","14","33","431,33,0"
"1/1","0,6","6","15","174,15,0"
"1/1","0,6","6","15","173,15,0"
"1/1","1,14","15","36","451,36,0"
"1/1","1,14","15","36","461,36,0"
"1/1","0,16","16","42","536,42,0"
"1/1","0,24","24","51","664,51,0"
"1/1","0,8","8","18","240,18,0"
"0/1","4,1","5","22","22,0,73"
"1/1","0,17","17","48","585,48,0"
"1/1","0,2","2","3","40,3,0"
"0/1","1,8","9","16","212,0,16"
"0/1","9,6","15","73","182,0,73"
"0/1","15,10","25","99","280,0,249"
"0/1","10,13","23","99","249,0,292"
"1/1","0,14","14","36","462,36,0"
"0/1","6,6","12","93","166,0,93"
"0/1","11,7","18","99","152,0,171"
"0/1","30,11","41","99","226,0,734"
"0/1","32,12","44","99","286,0,751"
"0/1","22,12","34","99","284,0,497"
"0/1","19,12","31","99","288,0,409"
"0/1","20,11","31","99","267,0,446"
"0/1","12,6","18","99","104,0,297"
"0/1","6,11","17","76","244,0,76"
"0/1","5,13","18","39","276,0,39"
"0/1","7,10","18","99","181,0,107"
"0/1","5,11","16","45","239,0,45"
"0/1","5,11","16","45","237,0,45"
"0/1","7,9","16","96","204,0,96"
"0/1","9,6","15","77","77,0,206"
"0/1","6,9","15","80","186,0,80"
"0/1","14,5","19","98","98,0,219"
"0/1","16,5","21","95","95,0,259"
"0/1","14,52","66","99","1403,0,213"
"1/1","2,82","84","99","2857,193,0"
"1/1","0,77","77","99","2828,217,0"
"1/1","0,79","79","99","2795,214,0"
"1/2","2,33,28","63","99","1930,868,799,1043,0,1011"
"0/1","43,33","76","99","973,0,1167"
"0/1","43,32","75","99","838,0,1362"
"1/1","0,54","54","99","1991,156,0"
"0/1","30,27","57","99","781,0,889"
"0/1","61,13","74","99","143,0,2018"
"0/1","75,12","87","99","124,0,2592"
"0/1","60,22","82","99","217,0,1809"
"0/1","54,23","77","99","358,0,1546"
"0/1","60,21","81","99","340,0,1622"
"0/1","54,15","69","99","158,0,1460"
"0/1","55,13","68","99","157,0,1519"
"0/1","21,20","41","99","374,0,320"
"0/1","27,24","51","99","329,0,564"
"0/1","23,18","50","99","343,0,604"
"0/1","32,16","48","99","403,0,651"
"0/1","27,40","67","99","1292,0,834"
"0/1","36,19","55","99","548,0,1064"
"0/1","35,18","53","99","511,0,1032"
"0/1","26,9","35","99","194,0,861"
"0/1","27,9","36","99","161,0,892"
"0/1","26,11","37","99","246,0,763"
"0/1","21,11","32","99","285,0,676"
"0/1","15,8","23","99","157,0,456"
"1/1","0,23","23","66","814,66,0"
"1/1","0,20","20","60","752,60,0"
"1/1","0,20","20","57","730,57,0"
"1/1","1,8","9","24","294,24,0"
"1/1","0,25","25","69","877,69,0"
"1/1","0,12","12","21","280,21,0"
"1/1","0,20","20","45","578,45,0"
"1/1","0,17","17","45","566,45,0"
"0/1","9,7","16","99","220,0,261"
"0/1","9,7","16","99","221,0,271"
"0/1","6,6","12","91","130,0,91"
"0/1","2,6","8","56","171,0,56"
"1/1","0,19","19","57","751,57,0"
"1/1","0,7","7","21","280,21,0"
"0/0","7,0","7","21","0,21,268"
"1/1","0,25","25","66","875,66,0"
"1/1","0,8","8","24","331,24,0"
"1/1","0,4","4","12","159,12,0"
"1/1","0,10","10","27","363,27,0"
"1/1","0,12","12","27","375,27,0"
"1/1","0,16","16","42","546,42,0"
"1/1","0,6","6","15","197,15,0"
"1/1","0,5","5","12","163,12,0"
"1/1","0,11","11","30","385,30,0"
"1/1","0,12","12","33","417,33,0"
"1/1","0,15","15","42","560,42,0"
"1/1","1,21","22","29","720,29,0"
"1/1","1,16","17","5","499,5,0"
"1/1","1,16","17","11","576,11,0"
"1/1","0,6","6","12","136,12,0"
"1/1","1,6","7","15","162,15,0"
"1/1","0,17","17","48","596,48,0"
"1/1","0,13","13","36","453,36,0"
"1/1","0,14","14","36","470,36,0"
"1/1","0,11","11","24","294,24,0"
"1/1","0,11","11","24","301,24,0"
"1/1","0,2","2","6","72,6,0"
"1/1","0,5","5","12","151,12,0"
"1/1","0,20","20","54","726,54,0"
"1/1","0,20","20","54","712,54,0"
"1/1","0,15","15","36","452,36,0"
"1/1","0,9","9","15","196,15,0"
"1/1","0,16","16","33","419,33,0"
"1/1","0,18","18","36","463,36,0"
"0/1","3,14","18","51","270,0,51"
"1/1","0,15","15","39","473,39,0"
"1/1","0,13","13","36","437,36,0"
"0/1","1,14","15","1","376,0,1"
"0/0","19,0","21","54","0,54,695"
"0/1","28,20","48","99","614,0,839"
"0/1","42,13","56","99","288,0,1495"
"0/1","44,11","55","99","228,0,1505"
"0/1","43,8","51","37","37,0,1510"
"0/1","5,46","51","91","1175,0,91"
"0/1","19,15","34","99","405,0,638"
"0/1","26,13","39","99","396,0,742"
"0/1","23,18","41","99","240,0,669"
"1/1","1,52","53","71","1262,71,0"
"0/1","19,11","30","99","152,0,320"
"1/1","0,13","13","24","304,24,0"
"0/1","7,20","27","91","530,0,91"
"1/1","0,7","7","6","61,6,0"
"1/1","0,22","22","60","713,60,0"
"0/1","17,7","25","50","50,0,209"
"0/1","16,25","41","99","405,0,357"
"0/1","20,29","49","99","460,0,433"
"0/1","33,19","52","99","432,0,546"
"0/1","58,21","79","99","333,0,1397"
"1/2","0,32,47","79","99","1940,953,872,987,0,894"
"0/1","29,28","57","99","830,0,396"
"1/2","0,29,29","58","99","1497,585,507,912,0,855"
"0/1","18,15","33","99","481,0,620"
"0/1","41,33","74","99","991,0,1279"
"0/1","33,23","56","99","728,0,1076"
"1/1","0,8","9","21","263,21,0"
"0/1","8,55","63","82","1743,0,82"
"0/1","46,8","54","78","78,0,1399"
"0/1","48,8","56","41","41,0,1428"
"0/1","49,10","59","60","60,0,1441"
"0/1","17,26","52","99","539,0,500"
"0/1","38,15","53","94","94,0,981"
"0/1","30,6","36","99","127,0,1101"
"0/1","52,9","61","99","105,0,1652"
"0/1","39,21","60","99","519,0,1219"
"0/1","49,29","78","99","702,0,1386"
"0/1","56,30","86","99","771,0,1957"
"0/1","51,21","72","99","559,0,1658"
"0/1","49,18","67","99","454,0,1682"
"0/1","38,19","58","99","539,0,1341"
"0/1","42,20","62","99","517,0,1446"
"0/1","66,12","78","99","214,0,2242"
"0/1","21,6","27","99","172,0,705"
"0/0","16,0","16","33","0,33,406"
"0/1","40,14","54","99","334,0,1420"
"0/1","33,36","69","99","1105,0,1063"
"0/1","40,19","59","99","572,0,1387"
"0/1","15,46","62","99","1498,0,421"
"0/1","50,16","66","99","412,0,1583"
"0/1","46,12","58","99","179,0,1569"
"0/1","45,15","60","99","382,0,1590"
"0/1","51,16","67","99","417,0,1677"
"0/1","19,18","37","99","615,0,628"
"1/1","0,50","50","99","1919,144,0"
"0/1","27,23","50","99","757,0,901"
"0/1","24,23","47","99","728,0,775"
"0/1","42,29","71","99","862,0,1375"
"0/1","79,28","107","99","435,0,2181"
"0/1","48,8","56","99","156,0,1698"
"0/1","171,27","198","99","354,0,5341"
"0/0","68,6","74","99","0,147,2228"
"0/1","64,9","73","6","6,0,1733"
"0/1","68,25","93","99","378,0,2284"
"0/1","70,17","87","99","121,0,2066"
"0/1","27,7","34","99","183,0,999"
"0/1","31,13","45","99","367,0,1077"
"0/1","34,12","46","99","357,0,1236"
"0/1","12,34","46","99","1237,0,344"
"0/1","38,8","46","99","184,0,1393"
"0/1","23,24","47","99","798,0,751"
"0/1","27,12","39","99","333,0,968"
"0/1","37,11","48","99","270,0,1278"
"0/1","48,11","59","99","229,0,1662"
"0/1","42,22","64","99","609,0,1392"
"0/1","49,13","62","99","317,0,1613"
"0/1","54,16","70","99","391,0,1718"
"0/1","46,21","67","99","523,0,1521"
"0/1","47,22","69","99","684,0,1529"
"0/1","46,21","67","99","584,0,1478"
"0/1","52,20","72","99","550,0,1671"
"0/1","36,23","59","99","615,0,1243"
"0/1","43,19","63","99","489,0,1523"
"0/1","38,24","62","99","734,0,1254"
"0/1","33,29","63","99","900,0,1100"
"0/1","52,12","64","99","255,0,1781"
"0/1","28,18","46","99","545,0,925"
"0/1","26,6","32","99","160,0,838"
"0/1","50,11","62","99","221,0,1613"
"0/1","34,43","77","99","1409,0,1100"
"0/1","45,16","61","99","423,0,1575"
"0/1","36,17","53","99","529,0,1291"
"0/1","45,10","55","99","141,0,1531"
"0/1","24,15","39","99","463,0,810"
"0/1","23,10","35","99","311,0,798"
"0/1","15,24","39","99","813,0,448"
"0/1","12,7","22","99","155,0,175"
"0/1","17,7","24","99","159,0,567"
"0/1","29,12","41","99","318,0,994"
"0/1","33,10","43","99","276,0,1132"
"0/1","27,26","53","99","879,0,901"
"0/1","64,14","78","99","328,0,2187"
"0/1","31,35","66","99","1110,0,1010"
"0/1","35,38","73","99","1192,0,1168"
"0/1","47,19","66","99","569,0,1637"
"0/1","32,42","74","99","1368,0,924"
"0/1","52,14","66","99","355,0,1775"
"0/1","41,28","70","99","857,0,1331"
"0/1","32,11","43","99","281,0,1154"
"0/1","42,13","55","99","363,0,1471"
"0/1","38,23","61","99","664,0,1332"
"0/1","22,41","63","99","1355,0,631"
"0/1","15,54","69","99","1666,0,252"
"0/1","31,15","46","99","428,0,1041"
"0/1","25,20","45","99","674,0,854"
"0/1","63,20","83","99","471,0,2100"
"0/1","29,11","40","99","325,0,969"
"0/1","21,18","39","99","573,0,735"
"0/1","42,11","53","99","236,0,1423"
"0/1","50,29","79","99","837,0,1603"
"0/1","24,44","68","99","1412,0,729"
"0/1","51,10","61","99","151,0,1694"
"0/1","45,7","52","85","85,0,1613"
"0/1","48,15","63","99","314,0,1528"
"0/1","43,17","60","99","402,0,1411"
"0/1","32,18","50","99","472,0,1020"
"0/1","36,18","54","99","524,0,1135"
"0/1","38,15","53","99","432,0,1144"
"0/1","37,13","50","99","369,0,1054"
"0/1","37,12","49","99","336,0,1050"
"0/1","26,14","40","99","430,0,860"
"0/1","15,13","28","99","372,0,372"
"0/1","23,17","40","99","478,0,691"
"0/1","17,19","36","99","623,0,440"
"0/0","68,0","69","99","0,184,2306"
"0/0","60,0","60","99","0,144,1795"
"0/1","8,16","24","56","463,0,56"
"0/1","18,11","29","99","340,0,477"
"0/1","6,26","32","83","810,0,83"
"0/1","21,15","36","99","465,0,649"
"0/1","36,12","48","99","253,0,1128"
"0/1","27,8","35","99","126,0,922"
"0/1","28,8","36","99","126,0,928"
"0/1","16,16","32","99","545,0,550"
"0/1","13,17","30","99","580,0,405"
"0/1","17,15","32","99","509,0,548"
"0/1","15,20","35","99","683,0,488"
"0/1","18,20","38","99","676,0,607"
"0/1","17,16","33","99","487,0,488"
"0/1","10,10","20","99","338,0,352"
"0/1","19,24","43","99","786,0,575"
"0/1","11,10","21","99","308,0,183"
"0/1","11,12","23","99","352,0,319"
"0/1","22,13","35","99","368,0,738"
"0/1","18,5","23","99","133,0,644"
"0/1","11,9","20","99","289,0,353"
"0/1","7,11","18","99","393,0,221"
"0/1","12,10","22","99","325,0,393"
"0/1","18,16","34","99","465,0,378"
"0/1","56,8","64","99","139,0,1592"
"0/1","69,7","79","8","8,0,1541"
"0/1","12,4","16","90","90,0,221"
"0/1","14,8","23","99","153,0,284"
"0/1","22,11","33","99","254,0,453"
"0/1","18,12","30","99","362,0,518"
"0/1","22,14","36","99","408,0,577"
"0/1","8,14","22","99","505,0,256"
"0/1","11,11","22","99","378,0,326"
"0/1","4,9","13","99","293,0,126"
"0/1","4,11","15","99","399,0,122"
"0/1","10,11","21","99","369,0,344"
"0/1","10,9","19","99","301,0,347"
"0/1","10,9","19","99","312,0,342"
"0/1","5,9","14","99","324,0,163"
"0/1","12,13","25","99","449,0,382"
"0/1","16,16","32","99","553,0,535"
"0/1","18,10","28","99","326,0,557"
"0/1","8,10","19","99","294,0,169"
"0/1","9,8","17","99","215,0,252"
"0/1","10,16","26","99","542,0,279"
"0/1","14,12","26","99","374,0,472"
"0/1","20,15","35","99","499,0,696"
"0/1","18,15","33","99","503,0,602"
"0/1","20,18","38","99","568,0,686"
"0/1","16,9","25","99","272,0,555"
"0/1","8,16","24","99","552,0,217"
"0/1","15,13","28","99","415,0,476"
"0/1","10,22","32","99","707,0,317"
"0/1","14,9","23","99","291,0,145"
"0/1","26,17","43","99","526,0,911"
"0/1","13,16","29","99","481,0,412"
"0/1","12,23","35","99","749,0,328"
"0/1","7,12","19","99","336,0,203"
"0/1","16,21","37","99","668,0,529"
"0/1","22,20","42","99","670,0,684"
"0/1","13,16","29","99","493,0,382"
"0/1","17,14","32","99","432,0,512"
"0/1","10,17","27","99","515,0,328"
"0/1","25,15","40","99","453,0,750"
"0/1","19,15","34","99","382,0,532"
"0/1","16,16","32","99","502,0,479"
"0/1","21,17","38","99","546,0,724"
"0/1","15,19","34","99","556,0,300"
"0/1","10,5","15","99","160,0,352"
"0/1","15,10","25","99","327,0,497"
"0/1","11,15","26","99","453,0,367"
"0/1","9,8","17","99","274,0,307"
"0/1","10,7","17","99","229,0,341"
"0/1","15,12","27","99","377,0,481"
"0/1","16,15","31","99","466,0,553"
"0/1","11,5","16","99","148,0,404"
"0/1","8,7","15","99","174,0,252"
"0/1","12,11","23","99","355,0,360"
"0/1","8,8","16","99","271,0,267"
"0/1","10,6","16","99","147,0,356"
"0/1","13,7","20","99","219,0,468"
"0/1","16,16","32","99","525,0,523"
"0/1","19,6","25","99","174,0,606"
"0/1","8,10","18","99","300,0,268"
"0/1","16,15","31","99","502,0,496"
"0/1","21,25","46","99","820,0,668"
"0/1","12,11","23","99","346,0,414"
"0/1","7,13","20","99","446,0,225"
"0/0","7,0","7","21","0,21,258"
"0/1","9,9","18","99","290,0,302"
"0/1","7,16","23","99","578,0,180"
"0/1","12,22","34","99","739,0,358"
"0/1","20,11","31","99","328,0,680"
"0/1","16,9","25","99","290,0,524"
"0/1","5,12","17","99","396,0,154"
"0/1","21,23","44","99","727,0,643"
"0/1","7,33","40","99","1073,0,99"
"0/1","4,19","23","79","598,0,79"
"0/1","18,16","34","99","543,0,588"
"0/1","34,13","47","99","226,0,962"
"0/1","31,18","49","99","480,0,825"
"0/1","16,12","28","99","399,0,563"
"0/1","17,19","36","99","514,0,495"
"0/0","22,0","22","57","0,57,770"
"1/1","0,24","24","63","827,63,0"
"0/1","15,15","30","99","511,0,447"
"0/1","6,11","17","99","396,0,196"
"0/0","25,0","25","63","0,63,803"
"0/0","25,0","25","69","0,69,876"
"0/1","15,14","29","99","474,0,453"
"0/1","26,20","46","99","615,0,730"
"0/1","22,26","48","99","888,0,686"
"0/1","21,28","49","99","965,0,640"
"0/1","20,26","46","99","894,0,614"
"0/1","18,33","51","99","1123,0,480"
"0/1","24,32","56","99","1109,0,609"
"0/1","29,32","61","99","1055,0,940"
"0/1","33,40","73","99","1295,0,1046"
"0/1","33,44","77","99","1498,0,1058"
"0/1","10,12","22","99","421,0,338"
"1/1","1,24","25","32","836,32,0"
"0/1","13,10","23","99","338,0,448"
"0/0","33,0","33","96","0,96,1293"
"0/0","34,0","34","99","0,99,1323"
"0/1","17,23","40","99","730,0,527"
"0/1","11,17","28","99","540,0,325"
"0/1","15,8","23","99","254,0,544"
"0/0","16,0","16","42","0,42,545"
"0/0","18,0","18","48","0,48,628"
"0/0","18,0","18","48","0,48,624"
"0/0","18,0","18","48","0,48,609"
"0/0","18,0","18","45","0,45,586"
"0/0","18,0","18","48","0,48,617"
"0/0","18,0","18","48","0,48,627"
"0/0","18,0","18","48","0,48,630"
"0/0","21,0","21","54","0,54,698"
"0/0","21,0","21","57","0,57,704"
"0/0","21,0","21","57","0,57,704"
"0/0","19,0","19","48","0,48,607"
"0/0","17,0","17","45","0,45,567"
"0/1","16,20","36","99","637,0,527"
"0/1","32,14","47","99","366,0,1137"
"0/0","36,0","36","99","0,99,1345"
"0/1","15,10","25","99","293,0,495"
"0/1","10,18","28","99","588,0,252"
"0/0","26,3","31","7","0,7,889"
"0/0","28,3","31","7","0,7,895"
"0/0","37,6","43","24","0,24,1172"
"0/1","34,8","48","77","77,0,1123"
"0/1","35,15","50","99","263,0,1010"
"0/1","34,10","44","99","232,0,1158"
"0/1","52,22","74","99","592,0,1630"
"0/1","15,16","31","99","531,0,475"
"0/1","46,11","58","99","142,0,1292"
"0/1","9,11","20","99","373,0,297"
"0/1","11,13","24","99","455,0,366"
"0/1","20,16","36","99","453,0,645"
"0/0","34,0","34","93","0,93,1243"
"0/0","24,0","24","60","0,60,766"
"0/1","10,9","19","99","309,0,334"
"0/1","14,6","20","99","176,0,464"
"0/1","8,7","15","99","240,0,178"
"0/1","7,6","13","99","207,0,198"
"0/1","14,14","28","99","476,0,471"
"0/1","11,11","22","99","305,0,363"
"0/1","9,14","23","99","498,0,260"
"0/1","5,15","22","99","393,0,146"
"0/1","17,7","24","99","216,0,588"
"0/1","17,5","22","99","136,0,572"
"0/0","22,0","24","63","0,63,841"
"0/1","16,11","27","99","322,0,514"
"0/1","16,16","32","99","494,0,543"
"0/1","17,14","31","99","432,0,564"
"0/1","16,13","29","99","374,0,502"
"0/1","17,13","30","99","381,0,565"
"0/1","11,10","21","99","319,0,371"
"0/1","10,12","22","99","371,0,284"
"0/1","5,13","18","99","370,0,154"
"0/1","9,11","20","99","350,0,306"
"0/1","8,12","20","99","407,0,197"
"0/1","18,5","23","99","141,0,515"
"0/1","12,13","25","99","451,0,316"
"0/1","9,9","18","99","298,0,231"
"0/1","5,11","16","99","332,0,121"
"0/1","16,10","26","99","312,0,505"
"0/1","9,16","25","99","502,0,240"
"0/1","13,14","27","99","482,0,389"
"0/1","13,14","27","99","479,0,358"
"0/1","17,23","40","99","682,0,569"
"0/1","17,19","36","99","531,0,436"
"0/1","20,12","32","99","347,0,607"
"0/1","14,18","32","99","540,0,433"
"0/1","15,22","37","99","685,0,496"
"0/1","14,17","31","99","519,0,447"
"0/1","26,16","42","99","467,0,884"
"0/0","46,1","47","95","0,95,1674"
"0/1","24,10","35","99","217,0,684"
"0/1","24,9","33","99","227,0,693"
"0/1","26,12","38","99","204,0,837"
"0/1","30,12","42","99","212,0,913"
"0/1","30,14","44","99","353,0,931"
"0/1","24,11","35","99","324,0,720"
"0/1","25,12","37","99","327,0,731"
"0/1","24,13","37","99","364,0,723"
"0/1","26,14","40","99","433,0,807"
"0/1","43,19","62","99","442,0,1260"
"0/1","43,12","55","99","215,0,1409"
"0/1","12,33","45","99","1035,0,317"
"0/1","12,24","36","99","828,0,294"
"0/1","13,9","22","99","259,0,377"
"0/1","15,14","29","99","415,0,402"
"0/1","15,15","30","99","372,0,437"
"0/1","10,3","13","47","47,0,322"
"0/1","11,15","26","99","495,0,300"
"0/1","12,11","23","99","374,0,368"
"0/1","12,14","26","99","413,0,372"
"0/1","11,14","25","99","458,0,331"
"0/1","7,20","27","99","726,0,202"
"0/1","13,27","40","99","947,0,368"
"0/1","14,21","35","99","749,0,362"
"0/1","31,14","45","99","375,0,1114"
"0/1","11,34","45","99","1191,0,250"
"0/1","11,33","44","99","1159,0,290"
"0/1","10,33","43","99","1160,0,227"
"0/1","11,32","43","99","1105,0,226"
"0/1","8,31","39","99","1091,0,163"
"0/1","9,34","43","99","1224,0,165"
"0/1","16,32","48","99","1060,0,349"
"0/1","16,31","49","99","1053,0,392"
"0/1","15,33","50","99","1073,0,299"
"0/0","10,6","17","18","0,18,231"
"0/1","17,25","42","99","703,0,283"
"0/1","10,28","38","99","688,0,178"
"0/1","12,28","40","99","757,0,204"
"0/1","13,26","39","99","755,0,308"
"0/1","15,28","43","99","823,0,289"
"0/1","35,13","48","99","298,0,1030"
"0/1","18,33","51","99","1157,0,437"
"0/1","17,35","52","99","1123,0,366"
"0/0","20,0","20","36","0,36,413"
"0/0","21,1","22","45","0,45,528"
"0/1","21,38","59","99","1282,0,678"
"0/1","28,42","70","99","1308,0,848"
"0/1","28,43","71","99","1340,0,765"
"0/1","48,23","71","99","633,0,1539"
"0/1","15,28","43","99","915,0,392"
"0/1","28,13","41","99","412,0,856"
"0/1","12,33","45","99","1139,0,291"
"0/1","19,19","38","99","651,0,567"
"0/1","9,12","21","99","381,0,296"
"0/1","15,16","31","99","506,0,474"
"0/1","22,17","39","99","521,0,672"
"0/1","18,16","35","99","546,0,509"
"0/1","7,6","13","99","204,0,214"
"0/1","21,16","37","99","477,0,640"
"0/1","14,20","34","99","615,0,413"
"0/0","22,0","22","66","0,66,892"
"0/0","20,0","20","60","0,60,818"
"0/1","13,16","29","99","534,0,269"
"0/1","15,18","33","99","611,0,500"
"0/1","9,10","19","99","329,0,278"
"0/1","26,12","38","99","337,0,900"
"0/1","15,17","32","99","480,0,451"
"0/1","10,22","32","99","594,0,310"
"0/1","23,17","40","99","563,0,735"
"0/1","15,15","30","99","510,0,423"
"0/1","15,11","26","99","330,0,420"
"0/1","11,14","25","99","417,0,289"
"0/1","31,7","38","43","43,0,1033"
"0/1","31,7","38","85","85,0,999"
"0/1","11,11","22","99","377,0,379"
"0/1","9,12","21","99","423,0,301"
"0/1","12,22","34","99","693,0,305"
"0/1","9,9","18","99","246,0,124"
"0/1","15,18","33","99","628,0,477"
"0/0","21,0","21","51","0,51,643"
"0/1","12,15","27","99","466,0,350"
"0/1","17,22","39","99","733,0,516"
"0/1","20,21","41","99","716,0,584"
"0/0","33,1","34","99","0,99,1317"
"0/0","34,0","34","99","0,99,1304"
"0/1","12,9","21","99","296,0,391"
"0/1","5,9","14","99","276,0,127"
"0/0","21,0","21","42","0,42,530"
"0/1","13,21","34","99","702,0,376"
"0/1","17,18","35","99","602,0,544"
"0/1","18,17","35","99","473,0,513"
"0/1","10,11","21","99","366,0,339"
"0/1","12,12","24","99","409,0,429"
"0/1","8,18","26","99","377,0,148"
"0/1","6,13","19","99","432,0,186"
"0/1","22,5","27","51","51,0,757"
"0/1","19,15","34","99","490,0,579"
"0/1","17,21","38","99","642,0,581"
"0/1","8,14","22","99","472,0,185"
"0/1","9,10","19","99","307,0,305"
"0/1","16,15","31","99","474,0,517"
"0/1","22,11","33","99","324,0,699"
"0/1","17,17","34","99","510,0,547"
"0/1","12,12","24","99","408,0,400"
"0/1","12,17","29","99","437,0,404"
"0/1","13,14","27","99","435,0,414"
"0/1","9,5","14","99","160,0,327"
"0/1","12,6","18","99","183,0,417"
"0/1","14,14","28","99","459,0,468"
"0/1","16,17","33","99","582,0,506"
"0/1","9,9","18","99","312,0,312"
"0/1","9,6","15","99","200,0,283"
"0/1","9,16","25","99","516,0,292"
"0/1","8,20","28","99","700,0,241"
"0/1","13,15","28","99","433,0,453"
"0/1","8,6","14","99","200,0,283"
"0/1","14,11","25","99","365,0,484"
"0/1","10,16","26","99","498,0,298"
"0/1","10,15","25","99","488,0,335"
"0/1","18,7","25","99","213,0,621"
"0/1","14,15","29","99","499,0,482"
"0/1","18,21","39","99","715,0,522"
"0/1","12,9","21","99","301,0,418"
"0/1","10,5","15","99","158,0,354"
"0/1","23,11","34","99","357,0,779"
"0/1","19,20","39","99","629,0,603"
"0/1","13,19","32","99","660,0,433"
"0/1","11,10","21","99","345,0,347"
"0/1","8,7","15","99","169,0,283"
"0/1","11,11","22","99","375,0,323"
"0/1","18,12","30","99","374,0,621"
"0/1","17,10","27","99","314,0,566"
"0/1","20,12","32","99","352,0,703"
"0/1","14,10","24","99","335,0,451"
"0/1","8,13","21","99","376,0,266"
"0/1","10,16","26","99","524,0,320"
"0/1","11,14","25","99","383,0,333"
"0/1","15,24","39","99","740,0,487"
"0/1","11,16","27","99","521,0,350"
"0/1","9,16","25","99","551,0,288"
"0/1","13,21","35","99","619,0,377"
"0/1","15,16","31","99","533,0,436"
"0/1","13,16","29","99","548,0,400"
"0/1","14,18","32","99","619,0,376"
"0/1","9,20","29","99","709,0,268"
"0/1","15,18","33","99","576,0,489"
"0/1","20,16","36","99","498,0,703"
"0/1","13,19","32","99","647,0,390"
"0/1","16,13","29","99","405,0,491"
"0/1","12,11","23","99","386,0,344"
"1/1","0,25","25","69","936,69,0"
"0/1","10,7","17","99","230,0,353"
"0/0","25,0","26","75","0,75,997"
"0/1","5,19","24","99","662,0,118"
"0/1","16,8","24","99","240,0,581"
"0/1","11,8","19","99","261,0,386"
"0/1","9,9","18","99","315,0,309"
"0/1","12,8","20","99","254,0,418"
"0/1","9,17","26","99","588,0,251"
"0/1","14,11","25","99","372,0,485"
"0/1","10,10","20","99","339,0,339"
"0/1","8,15","23","99","469,0,225"
"0/1","9,13","22","99","419,0,255"
"0/1","9,12","21","99","428,0,300"
"0/1","11,18","29","99","593,0,312"
"0/1","16,10","26","99","316,0,538"
"0/1","13,17","30","99","604,0,371"
"0/1","19,11","30","99","306,0,682"
"0/1","23,16","39","99","419,0,725"
"0/1","10,8","19","99","275,0,356"
"0/1","19,12","31","99","398,0,561"
"0/1","8,10","18","99","344,0,265"
"0/1","14,9","23","99","298,0,495"
"0/1","8,10","18","99","346,0,258"
"0/1","11,6","17","99","186,0,387"
"0/1","12,9","21","99","257,0,426"
"0/1","7,11","18","99","365,0,167"
"0/1","14,15","29","99","437,0,471"
"0/1","16,17","33","99","508,0,560"
"0/0","27,0","27","81","0,81,1048"
"0/0","28,0","28","81","0,81,1071"
"0/0","28,0","28","75","0,75,977"
"0/0","25,0","26","72","0,72,925"
"0/1","11,12","23","99","373,0,341"
"0/1","16,22","38","99","731,0,470"
"0/1","16,23","39","99","760,0,460"
"0/1","17,13","30","99","420,0,505"
"0/1","14,20","34","99","678,0,426"
"0/1","13,27","40","99","889,0,415"
"0/1","14,15","29","99","499,0,471"
"0/1","20,17","37","99","383,0,612"
"0/1","15,21","36","99","659,0,474"
"0/1","17,19","36","99","568,0,474"
"0/1","21,16","37","99","530,0,648"
"0/1","17,12","29","99","311,0,551"
"0/1","16,14","30","99","457,0,540"
"0/1","8,18","26","99","609,0,207"
"0/1","23,18","41","99","602,0,684"
"0/0","25,0","25","66","0,66,880"
"0/1","10,13","23","99","423,0,330"
"0/1","10,13","23","99","383,0,329"
"0/1","13,12","25","99","420,0,371"
"0/1","7,7","14","99","242,0,201"
"0/1","9,9","18","99","298,0,309"
"0/1","17,16","33","99","532,0,537"
"0/1","17,13","30","99","418,0,557"
"0/1","10,4","14","99","117,0,360"
"0/1","18,25","43","99","822,0,558"
"0/1","16,18","34","99","583,0,458"
"0/1","18,23","41","99","748,0,532"
"0/1","15,8","23","99","244,0,473"
"0/1","10,17","27","99","572,0,307"
"0/1","10,12","22","99","387,0,346"
"0/1","12,12","24","99","403,0,377"
"0/1","18,20","38","99","691,0,573"
"0/1","9,16","25","99","577,0,237"
"0/1","7,9","17","99","308,0,187"
"0/1","10,6","16","99","199,0,355"
"0/0","33,0","33","96","0,96,1273"
"0/1","11,15","26","99","526,0,329"
"0/1","6,7","13","99","236,0,203"
"0/1","17,15","32","99","506,0,589"
"0/1","8,12","20","99","393,0,267"
"0/1","10,11","21","99","315,0,342"
"0/1","7,3","10","87","87,0,257"
"0/1","8,9","17","99","266,0,264"
"0/1","6,11","17","99","301,0,190"
"0/1","8,12","20","99","411,0,225"
"0/1","12,14","26","99","489,0,352"
"0/1","15,13","28","99","390,0,514"
"0/1","14,16","30","99","549,0,469"
"0/1","11,16","27","99","512,0,362"
"0/1","17,8","25","99","250,0,618"
"0/1","20,15","35","99","467,0,701"
"0/1","15,18","33","99","578,0,464"
"0/1","6,13","19","99","437,0,191"
"0/1","12,12","24","99","415,0,413"
"0/1","12,22","34","99","736,0,373"
"0/1","5,8","13","99","284,0,123"
"0/1","14,16","30","99","507,0,434"
"0/0","23,0","23","66","0,66,878"
"0/1","16,12","28","99","405,0,558"
"0/0","8,0","8","12","0,12,162"
"0/1","14,14","28","99","369,0,390"
"0/1","14,11","25","99","359,0,452"
"0/1","11,14","25","99","412,0,373"
"0/1","10,17","27","99","514,0,335"
"0/1","21,16","37","99","537,0,658"
"0/1","26,14","40","99","436,0,837"
"1/1","0,13","13","36","433,36,0"
"0/1","21,8","31","99","173,0,647"
"0/1","22,17","39","99","536,0,672"
"0/0","7,0","7","15","0,15,197"
"0/1","14,23","37","99","768,0,403"
"0/1","22,15","37","99","455,0,650"
"0/1","8,11","19","99","271,0,198"
"0/1","15,6","21","99","136,0,338"
"0/1","14,16","30","99","516,0,455"
"0/1","9,5","14","99","155,0,278"
"0/1","8,14","22","99","490,0,246"
"0/1","16,12","28","99","409,0,458"
"0/1","10,9","19","99","242,0,322"
"0/1","14,17","31","99","569,0,413"
"0/1","12,17","29","99","486,0,383"
"0/1","5,10","15","99","311,0,141"
"0/1","27,9","37","61","61,0,904"
"0/1","5,5","10","99","136,0,144"
"0/1","13,5","18","99","105,0,406"
"0/1","23,5","28","1","1,0,674"
"0/1","9,13","22","99","461,0,294"
"0/1","14,13","27","99","436,0,488"
"0/1","10,15","25","99","505,0,334"
"0/0","23,1","24","66","0,66,890"
"0/1","9,17","26","99","595,0,282"
"0/1","13,19","32","99","618,0,390"
"0/1","8,6","14","99","166,0,246"
"0/0","33,0","33","90","0,90,1226"
"0/1","18,15","33","99","445,0,565"
"0/1","20,19","39","99","599,0,657"
"0/1","19,16","36","99","533,0,537"
"0/1","10,12","23","99","384,0,283"
"0/1","9,9","18","99","293,0,260"
"0/1","17,5","23","82","82,0,176"
"0/1","16,4","20","79","79,0,200"
"0/0","27,1","28","38","0,38,900"
"0/0","27,1","28","38","0,38,899"
"0/0","26,1","27","35","0,35,862"
"0/0","27,1","28","38","0,38,899"
"0/0","26,1","28","35","0,35,885"
"0/0","27,1","28","72","0,72,928"
"0/0","27,1","28","72","0,72,936"
"0/1","14,15","29","99","479,0,452"
"0/1","15,10","25","99","300,0,535"
"0/1","10,18","28","99","533,0,296"
"0/1","11,13","24","99","437,0,369"
"0/1","13,16","29","99","238,0,181"
"0/0","14,0","15","39","0,39,499"
"0/1","9,11","20","99","304,0,114"
"0/1","8,37","45","99","1105,0,113"
"0/1","8,14","22","99","492,0,241"
"0/0","37,2","39","49","0,49,853"
"0/1","14,16","30","99","486,0,492"
"0/1","22,15","37","99","430,0,740"
"0/1","19,9","28","99","231,0,641"
"0/1","13,24","37","99","712,0,409"
"0/1","29,5","34","16","16,0,985"
"0/1","13,17","30","99","475,0,364"
"0/1","20,19","39","99","610,0,673"
"0/1","15,13","28","99","441,0,482"
"0/1","8,17","25","99","530,0,245"
"0/1","8,9","17","99","312,0,242"
"0/1","8,9","17","99","318,0,278"
"0/1","12,12","24","99","375,0,412"
"0/1","11,11","22","99","373,0,369"
"0/1","6,11","17","99","393,0,155"
"0/1","1,5","7","26","26,0,34"
"0/1","2,5","7","25","96,0,25"
"0/0","24,0","24","63","0,63,850"
"0/0","26,0","26","66","0,66,890"
"0/1","13,10","23","99","338,0,458"
"0/1","11,16","27","99","541,0,323"
"0/0","29,0","29","81","0,81,1054"
"0/0","22,0","23","57","0,57,698"
"0/1","4,9","14","61","179,0,61"
"0/1","15,14","30","99","349,0,387"
"0/1","18,14","32","99","448,0,591"
"0/1","9,7","16","99","214,0,317"
"0/1","11,7","18","99","192,0,372"
"0/1","22,8","30","99","198,0,697"
"0/1","13,10","23","99","216,0,454"
"0/1","30,5","35","82","82,0,836"
"0/1","27,5","33","51","51,0,866"
"0/1","26,6","32","49","49,0,833"
"0/1","15,13","28","99","446,0,514"
"0/1","16,15","31","99","511,0,546"
"0/1","9,12","21","99","371,0,304"
"0/1","9,11","20","99","390,0,306"
"0/1","35,5","40","46","46,0,1099"
"0/1","8,8","16","99","269,0,282"
"0/1","15,10","25","99","339,0,519"
"0/1","7,9","16","99","315,0,207"
"0/1","9,10","19","99","355,0,309"
"0/1","10,11","21","99","318,0,353"
"0/1","11,15","26","99","495,0,333"
"0/1","11,12","23","99","407,0,362"
"0/1","22,12","34","99","345,0,714"
"0/1","11,19","30","99","580,0,350"
"0/1","20,18","38","99","536,0,617"
"0/1","10,18","28","99","540,0,335"
"0/0","27,0","27","81","0,81,1057"
"0/1","27,13","40","99","260,0,778"
"0/1","36,5","42","3","3,0,1231"
"0/1","14,13","27","99","430,0,441"
"0/1","13,21","36","99","593,0,331"
"0/1","13,13","26","99","396,0,459"
"0/1","13,9","22","99","293,0,411"
"0/1","17,13","30","99","388,0,574"
"0/1","7,9","18","99","319,0,232"
"0/0","15,0","15","45","0,45,589"
"0/1","13,15","28","99","491,0,405"
"0/1","7,9","16","99","316,0,222"
"0/1","7,6","13","99","191,0,202"
"0/1","11,11","22","99","338,0,375"
"0/1","17,15","32","99","451,0,485"
"0/1","10,6","18","99","124,0,121"
"0/1","13,12","25","99","371,0,452"
"0/1","9,7","16","99","240,0,242"
"0/1","10,6","16","99","194,0,354"
"0/1","8,16","24","99","547,0,208"
"0/1","19,20","39","99","657,0,551"
"0/1","17,17","34","99","511,0,567"
"0/1","11,11","22","99","350,0,355"
"0/1","11,6","17","99","182,0,392"
"0/1","7,11","18","99","326,0,224"
"0/1","14,17","31","99","558,0,367"
"0/1","20,14","34","99","453,0,578"
"0/1","6,14","20","99","453,0,173"
"0/0","19,0","19","54","0,54,708"
"0/1","14,11","27","99","185,0,351"
"0/1","12,20","32","99","680,0,383"
"0/1","13,18","31","99","538,0,379"
"0/1","19,10","29","99","278,0,541"
"0/1","17,5","22","99","136,0,615"
"0/1","23,8","31","99","210,0,746"
"0/1","16,9","25","99","284,0,586"
"0/1","18,11","29","99","305,0,597"
"0/1","16,22","38","99","658,0,513"
"0/1","13,10","23","99","296,0,387"
"0/1","16,13","29","99","399,0,551"
"0/1","10,18","28","99","585,0,328"
"0/1","13,8","21","99","256,0,457"
"0/1","10,7","17","99","228,0,358"
"0/1","5,9","14","89","333,0,89"
"0/1","18,5","23","85","85,0,579"
"0/1","16,7","23","99","220,0,513"
"0/1","12,16","28","99","559,0,361"
"0/1","14,13","27","99","439,0,474"
"0/1","10,10","20","99","339,0,310"
"0/0","32,0","32","87","0,87,1139"
"0/0","33,1","34","50","0,50,1127"
"0/1","11,12","23","99","368,0,364"
"0/1","13,15","28","99","506,0,397"
"0/1","23,14","37","99","414,0,811"
"0/1","14,14","28","99","429,0,479"
"0/1","10,11","21","99","372,0,305"
"0/1","8,11","19","99","390,0,226"
"0/1","12,10","22","99","328,0,386"
"0/1","10,6","16","99","197,0,344"
"0/1","8,8","16","99","276,0,268"
"0/0","34,2","36","67","0,67,1219"
"0/0","34,2","36","67","0,67,1224"
"0/1","14,20","34","99","548,0,459"
"0/0","33,2","35","67","0,67,1210"
"0/0","32,2","34","61","0,61,1133"
"0/0","29,2","31","21","0,21,1024"
"0/0","27,2","29","15","0,15,953"
"0/0","20,1","21","26","0,26,737"
"0/0","21,1","22","26","0,26,742"
"0/1","8,8","16","99","269,0,253"
"0/1","11,8","19","99","260,0,384"
"0/1","21,24","45","99","724,0,677"
"1/1","0,23","23","66","886,66,0"
"0/1","5,5","11","87","114,0,87"
"0/1","18,11","29","99","350,0,629"
"0/1","18,11","29","99","341,0,633"
"0/0","37,0","37","99","0,108,1418"
"0/0","36,0","37","99","0,108,1436"
"0/1","15,16","31","99","299,0,434"
"0/1","5,10","15","34","269,0,34"
"0/1","9,10","19","99","272,0,256"
"0/1","14,12","26","99","400,0,479"
"0/1","21,12","33","99","333,0,654"
"0/1","15,14","29","99","487,0,473"
"0/1","21,17","38","99","543,0,692"
"0/1","11,15","26","99","461,0,319"
"0/1","18,17","35","99","582,0,530"
"0/1","16,13","29","99","349,0,546"
"0/1","18,16","34","99","523,0,487"
"0/0","8,0","8","18","0,18,227"
"0/0","8,0","8","18","0,18,234"
"0/0","8,0","8","18","0,18,231"
"0/0","16,0","16","42","0,42,579"
"0/1","15,7","22","99","179,0,509"
"0/1","12,7","19","99","196,0,372"
"0/1","15,7","22","99","182,0,478"
"0/1","15,8","23","99","177,0,493"
"0/1","15,8","23","99","172,0,495"
"0/1","14,8","22","99","178,0,509"
"0/1","17,6","23","99","181,0,578"
"0/0","8,0","9","15","0,15,186"
"0/0","11,0","11","30","0,30,391"
"0/0","11,0","11","30","0,30,376"
"0/0","12,0","12","33","0,33,425"
"0/1","11,18","29","99","535,0,313"
"0/1","18,14","32","99","258,0,289"
"0/1","19,12","31","99","346,0,627"
"0/1","10,16","26","99","563,0,313"
"0/0","19,0","19","54","0,54,726"
"0/1","15,21","36","99","653,0,418"
"0/1","8,16","24","99","559,0,247"
"0/1","21,6","27","99","170,0,711"
"0/1","11,15","26","99","538,0,326"
"0/1","16,13","29","99","396,0,483"
"0/1","14,15","29","99","403,0,423"
"0/1","8,5","13","99","163,0,278"
"0/1","12,15","27","99","479,0,370"
"0/1","20,18","38","99","574,0,631"
"0/1","11,13","24","99","443,0,321"
"0/0","28,0","28","81","0,81,1080"
"0/1","12,7","19","99","213,0,416"
"0/1","10,9","19","99","296,0,319"
"0/1","6,18","25","99","486,0,124"
"0/1","16,16","32","99","389,0,425"
"0/1","11,22","33","99","762,0,351"
"0/1","14,9","23","99","291,0,487"
"0/1","11,8","19","99","264,0,374"
"0/1","16,13","29","99","429,0,537"
"0/1","19,9","28","99","273,0,674"
"0/0","22,1","25","48","0,48,580"
"0/1","7,9","16","99","306,0,239"
"0/1","10,8","18","99","275,0,346"
"0/1","10,8","18","99","271,0,330"
"0/1","11,13","24","99","410,0,329"
"0/1","22,13","35","99","383,0,718"
"0/1","20,19","39","99","591,0,620"
"0/1","18,13","31","99","434,0,641"
"0/1","17,16","33","99","492,0,543"
"0/1","12,15","27","99","460,0,335"
"0/1","13,11","24","99","367,0,435"
"0/1","11,18","29","99","627,0,320"
"0/1","9,10","19","99","350,0,300"
"0/1","11,15","26","99","485,0,354"
"0/1","19,9","28","99","289,0,614"
"0/1","14,15","29","99","527,0,469"
"0/1","15,19","34","99","608,0,510"
"0/1","26,8","34","45","45,0,593"
"0/1","14,16","30","99","554,0,363"
"0/1","16,13","29","99","422,0,556"
"0/1","4,16","20","54","575,0,54"
"0/1","9,16","25","99","556,0,295"
"0/1","79,17","96","99","303,0,2767"
"0/1","11,9","20","99","273,0,377"
"0/1","7,8","15","99","257,0,232"
"0/1","14,9","23","99","264,0,474"
"0/1","14,24","38","99","799,0,448"
"0/1","12,13","26","99","384,0,411"
"0/1","18,12","30","99","372,0,632"
"0/1","17,8","25","99","242,0,608"
"0/1","10,10","20","99","346,0,345"
"0/1","7,11","18","99","347,0,232"
"0/1","8,17","25","99","598,0,245"
"0/1","6,6","12","99","205,0,163"
"0/1","6,9","15","99","322,0,151"
"0/1","7,10","17","99","317,0,234"
"0/1","5,9","14","99","328,0,114"
"0/1","5,10","15","99","361,0,140"
"0/1","9,5","14","99","160,0,282"
"0/1","7,6","13","99","186,0,246"
"0/1","15,15","30","99","440,0,523"
"0/1","13,11","24","99","318,0,400"
"0/1","19,14","33","99","453,0,615"
"0/1","14,9","23","99","292,0,486"
"0/1","15,14","30","99","405,0,467"
"0/1","10,11","21","99","376,0,340"
"0/1","4,13","17","69","385,0,69"
"0/1","10,9","19","99","307,0,314"
"0/1","15,9","24","99","302,0,542"
"0/1","9,11","20","99","350,0,291"
"0/1","13,7","20","99","225,0,436"
"0/1","101,22","123","99","413,0,2923"
"0/1","85,47","132","99","1282,0,2373"
"0/1","56,13","69","99","290,0,1718"
"0/1","15,20","35","99","602,0,447"
"0/1","21,20","42","99","617,0,680"
"0/1","19,10","29","99","288,0,597"
"0/0","45,2","47","52","0,52,1594"
"0/0","43,2","46","49","0,49,1536"
"0/1","44,10","54","99","219,0,1563"
"0/1","42,10","52","99","225,0,1520"
"0/1","35,11","46","99","279,0,1226"
"0/1","37,10","47","99","268,0,1331"
"0/1","32,10","42","99","281,0,1146"
"0/1","29,15","45","99","390,0,963"
"0/1","37,5","42","21","21,0,1338"
"0/1","35,5","40","40","40,0,1148"
"0/1","35,5","40","18","18,0,1153"
"0/1","21,4","25","11","11,0,778"
"0/0","15,0","15","24","0,24,286"
"0/0","37,2","39","50","0,50,1356"
"0/1","25,5","31","93","93,0,465"
"0/1","8,5","13","99","163,0,283"
"0/1","19,18","37","99","533,0,613"
"0/1","12,18","30","99","550,0,389"
"0/1","13,16","29","99","459,0,346"
"0/0","19,0","19","48","0,48,603"
"0/0","19,0","19","51","0,51,631"
"0/1","11,27","38","99","875,0,335"
"0/1","13,12","25","99","361,0,399"
"0/1","12,10","22","99","286,0,384"
"0/1","8,12","20","99","409,0,256"
"0/1","16,18","34","99","572,0,493"
"0/1","15,12","27","99","387,0,464"
"0/1","12,15","27","99","523,0,366"
"0/1","12,14","26","99","465,0,390"
"0/1","9,21","30","99","481,0,273"
"0/1","19,15","34","99","450,0,598"
"0/1","15,11","26","99","354,0,521"
"0/1","14,12","26","99","404,0,486"
"0/1","14,13","27","99","401,0,427"
"0/1","18,19","37","99","604,0,564"
"0/1","18,17","35","99","490,0,619"
"0/1","15,21","36","99","734,0,457"
"0/1","17,18","35","99","619,0,545"
"0/1","19,19","38","99","654,0,614"
"0/1","18,14","32","99","411,0,561"
"0/1","15,22","37","99","626,0,458"
"0/1","16,22","38","99","651,0,500"
"0/0","21,2","24","39","0,39,497"
"0/1","21,24","45","99","780,0,705"
"0/1","13,9","22","99","259,0,461"
"0/1","9,9","18","99","271,0,305"
"0/1","17,12","29","99","395,0,600"
"0/1","16,12","28","99","409,0,509"
"0/1","9,10","19","99","353,0,268"
"0/1","9,8","17","99","271,0,301"
"0/1","12,16","28","99","533,0,399"
"0/1","12,11","23","99","381,0,417"
"0/1","16,18","34","99","610,0,525"
"0/1","12,13","25","99","408,0,383"
"0/1","6,9","15","99","322,0,201"
"0/1","14,14","28","99","452,0,490"
"0/1","16,20","36","99","575,0,503"
"0/1","7,7","14","99","221,0,243"
"0/1","13,7","20","99","176,0,432"
"0/1","12,15","27","99","492,0,356"
"0/1","17,9","26","99","287,0,564"
"0/1","13,12","25","99","346,0,360"
"0/1","16,10","26","99","285,0,560"
"0/1","16,10","26","99","280,0,554"
"0/1","16,13","29","99","393,0,529"
"0/1","16,13","29","99","358,0,541"
"0/1","17,19","36","99","593,0,588"
"0/1","12,23","35","99","668,0,355"
"0/1","13,18","31","99","554,0,403"
"0/1","10,14","24","99","421,0,305"
"0/1","11,13","24","99","410,0,328"
"0/1","12,13","25","99","446,0,400"
"0/1","14,16","30","99","541,0,473"
"0/1","19,24","43","99","767,0,577"
"0/1","13,22","35","99","706,0,386"
"0/1","22,21","43","99","717,0,692"
"0/1","23,19","42","99","613,0,742"
"0/1","19,12","31","99","353,0,561"
"0/1","15,14","29","99","482,0,482"
"0/1","18,16","34","99","535,0,616"
"0/1","6,9","15","99","303,0,200"
"0/1","12,7","19","99","233,0,367"
"0/1","18,16","34","99","432,0,603"
"0/1","16,20","36","99","663,0,496"
"0/1","14,11","25","99","327,0,476"
"0/1","15,19","34","99","575,0,468"
"0/1","13,16","29","99","547,0,432"
"0/1","11,8","19","99","191,0,391"
"0/1","9,11","20","99","395,0,273"
"0/1","11,9","20","99","304,0,348"
"0/1","5,12","17","99","338,0,117"
"0/1","6,9","15","99","279,0,203"
"0/1","13,16","29","99","506,0,403"
"0/1","15,12","27","99","358,0,523"
"0/1","18,18","36","99","572,0,565"
"0/1","18,9","27","99","251,0,387"
"0/1","16,12","28","99","402,0,485"
"0/1","14,13","27","99","415,0,467"
"0/1","10,10","20","99","332,0,343"
"0/1","19,12","34","99","303,0,500"
"0/1","13,13","26","99","376,0,433"
"0/1","12,11","24","99","381,0,313"
"0/1","11,18","29","99","586,0,344"
"0/1","8,9","18","99","187,0,170"
"0/1","5,14","21","99","476,0,146"
"0/1","15,17","32","99","548,0,495"
"0/1","14,13","27","99","378,0,348"
"0/1","18,20","38","99","685,0,531"
"0/1","16,15","31","99","371,0,517"
"0/1","18,18","36","99","596,0,587"
"0/1","18,18","36","99","539,0,532"
"0/0","37,0","37","99","0,105,1374"
"0/1","9,5","14","99","151,0,325"
"0/0","40,1","41","99","0,117,1525"
"0/1","15,14","29","99","447,0,513"
"0/1","11,22","33","99","716,0,301"
"0/1","14,11","25","99","343,0,391"
"0/1","21,7","28","99","184,0,687"
"0/1","22,18","40","99","592,0,635"
"0/1","12,15","27","99","445,0,280"
"0/1","16,23","39","99","638,0,479"
"0/1","11,18","29","99","625,0,309"
"0/1","18,14","32","99","426,0,568"
"0/1","17,27","45","99","882,0,481"
"0/1","13,23","36","99","642,0,391"
"0/1","12,11","23","99","313,0,411"
"0/1","16,16","32","99","539,0,548"
"0/1","17,20","37","99","629,0,534"
"0/1","14,16","30","99","494,0,428"
"0/1","15,6","21","99","148,0,457"
"0/1","14,11","25","99","375,0,491"
"0/1","11,13","24","99","446,0,374"
"0/1","13,13","26","99","435,0,427"
"0/1","14,14","28","99","488,0,478"
"0/1","11,12","24","99","371,0,344"
"0/1","10,18","28","99","564,0,329"
"0/1","17,13","30","99","329,0,609"
"0/1","18,12","30","99","404,0,596"
"0/1","14,8","22","99","261,0,466"
"0/1","12,12","24","99","312,0,341"
"0/1","15,10","25","99","332,0,520"
"0/1","15,16","31","99","523,0,511"
"0/1","9,23","32","99","695,0,203"
"0/1","5,6","11","99","199,0,169"
"0/1","14,13","27","99","430,0,445"
"0/1","8,11","19","99","355,0,268"
"0/1","13,6","19","99","191,0,419"
"0/1","6,18","24","99","618,0,180"
"0/1","16,10","26","99","278,0,575"
"0/1","6,3","9","91","91,0,184"
"0/1","8,6","14","99","144,0,253"
"0/1","5,14","19","99","506,0,145"
"0/1","15,16","31","99","561,0,474"
"0/1","9,15","24","99","533,0,233"
"0/1","11,8","19","99","265,0,380"
"0/1","12,8","20","99","273,0,389"
"0/1","15,18","33","99","573,0,504"
"0/0","34,1","35","96","0,96,1261"
"0/0","32,1","33","90","0,90,1175"
"0/1","14,20","34","99","640,0,429"
"0/1","9,14","23","99","451,0,299"
"0/1","9,17","26","99","547,0,240"
"0/1","13,7","20","99","174,0,422"
"0/1","5,13","18","99","447,0,151"
"0/1","13,13","26","99","409,0,417"
"0/0","32,1","34","63","0,63,1197"
"0/0","32,1","33","63","0,63,1213"
"0/0","29,1","32","39","0,39,843"
"0/0","31,1","32","57","0,57,1121"
"0/0","32,1","33","60","0,60,1177"
"0/0","28,3","32","14","0,14,974"
"0/1","13,14","27","99","470,0,442"
"0/1","9,7","16","99","238,0,319"
"0/1","14,15","29","99","506,0,435"
"0/1","10,6","16","99","195,0,348"
"0/1","10,14","24","99","387,0,305"
"0/1","17,20","37","99","612,0,526"
"0/0","5,0","5","9","0,9,117"
"0/1","16,8","24","99","193,0,562"
"0/1","15,16","31","99","519,0,470"
"0/1","15,21","36","99","725,0,467"
"0/1","13,17","30","99","559,0,418"
"0/1","11,11","22","99","350,0,386"
"0/1","11,15","26","99","494,0,341"
"0/1","7,9","16","99","275,0,235"
"0/1","21,13","34","99","429,0,602"
"0/1","15,15","30","99","440,0,448"
"0/1","17,8","25","99","240,0,577"
"0/1","11,15","26","99","531,0,356"
"0/1","15,9","24","99","291,0,510"
"0/1","10,11","21","99","368,0,276"
"0/1","17,19","36","99","646,0,568"
"0/1","12,8","20","99","191,0,387"
"0/1","12,16","28","99","542,0,392"
"0/1","21,11","32","99","338,0,712"
"0/1","16,17","33","99","540,0,545"
"0/1","10,13","23","99","399,0,296"
"0/1","4,6","10","87","87,0,131"
"0/1","15,20","35","99","629,0,485"
"0/1","15,26","41","99","852,0,464"
"0/0","4,0","4","6","0,6,77"
"0/1","11,3","14","83","83,0,392"
"0/1","9,23","32","99","750,0,275"
"0/1","14,16","30","99","545,0,465"
"0/1","14,20","34","99","662,0,377"
"0/1","20,23","43","99","756,0,604"
"0/1","12,17","29","99","604,0,369"
"0/1","7,10","17","99","315,0,236"
"0/1","16,14","30","99","469,0,543"
"0/1","11,16","27","99","511,0,328"
"0/1","12,11","23","99","321,0,416"
"0/1","13,12","25","99","381,0,459"
"0/1","11,11","22","99","290,0,337"
"0/1","8,11","19","99","341,0,273"
"0/1","10,10","20","99","334,0,349"
"0/1","6,8","14","99","281,0,200"
"0/1","5,11","16","99","356,0,152"
"0/1","10,11","21","99","356,0,316"
"0/1","16,15","31","99","519,0,480"
"0/1","12,15","27","99","476,0,399"
"0/1","16,17","33","99","555,0,530"
"0/1","20,17","37","99","510,0,662"
"0/1","11,7","18","99","211,0,351"
"0/1","9,8","17","99","262,0,315"
"0/1","14,8","22","99","253,0,457"
"0/1","17,10","27","99","298,0,581"
"0/1","8,7","15","99","238,0,235"
"0/1","2,12","14","40","442,0,40"
"0/1","16,13","29","99","398,0,562"
"0/1","6,8","14","99","279,0,124"
"0/1","8,15","23","99","462,0,255"
"0/1","8,9","17","99","306,0,243"
"0/1","5,7","12","99","241,0,167"
"0/1","12,6","18","99","194,0,385"
"0/1","12,11","23","99","379,0,423"
"0/1","9,8","17","99","279,0,245"
"0/1","11,10","21","99","340,0,387"
"0/1","11,13","24","99","424,0,285"
"0/1","11,8","19","99","268,0,387"
"0/1","7,14","21","99","470,0,225"
"0/1","8,14","22","99","469,0,251"
"0/1","5,7","12","99","251,0,163"
"0/1","13,8","21","99","266,0,451"
"0/1","14,15","29","99","509,0,483"
"0/1","13,21","34","99","664,0,389"
"0/1","8,9","17","99","309,0,271"
"0/1","13,13","26","99","388,0,450"
"0/1","13,11","24","99","309,0,423"
"0/1","3,6","9","93","215,0,93"
"0/1","12,11","23","99","341,0,382"
"0/1","8,18","26","99","551,0,254"
"0/1","12,9","21","99","302,0,387"
"0/1","10,8","18","99","274,0,318"
"0/1","12,9","21","99","289,0,401"
"0/1","6,13","19","99","436,0,195"
"0/1","22,20","42","99","612,0,710"
"0/1","18,21","39","99","722,0,563"
"0/1","6,7","13","99","248,0,184"
"0/1","10,7","17","99","180,0,358"
"0/1","11,16","27","99","549,0,298"
"0/1","12,19","31","99","621,0,310"
"0/1","12,15","27","99","449,0,361"
"0/1","13,16","29","99","490,0,350"
"0/1","16,12","28","99","377,0,505"
"0/1","14,13","27","99","393,0,485"
"0/1","20,23","43","99","757,0,667"
"0/1","18,16","34","99","544,0,614"
"0/1","19,17","36","99","549,0,621"
"0/1","10,14","24","99","452,0,331"
"0/1","12,13","25","99","384,0,339"
"0/1","15,14","29","99","460,0,511"
"0/1","19,11","30","99","330,0,654"
"0/1","20,11","31","99","357,0,672"
"0/1","8,13","21","99","401,0,194"
"0/1","8,13","21","99","464,0,253"
"0/1","5,7","12","99","249,0,169"
"0/1","14,13","27","99","408,0,477"
"0/1","17,10","27","99","262,0,558"
"0/1","17,10","27","99","291,0,609"
"0/1","15,15","30","99","401,0,466"
"0/1","14,17","31","99","561,0,447"
"0/1","16,15","31","99","482,0,512"
"0/1","13,9","22","99","276,0,462"
"0/1","9,8","17","99","271,0,303"
"0/1","9,8","17","99","269,0,318"
"0/1","18,17","35","99","523,0,592"
"0/1","15,24","39","99","849,0,480"
"0/1","7,12","19","99","392,0,231"
"0/1","12,14","26","99","451,0,407"
"0/1","16,11","27","99","316,0,549"
"0/1","18,14","32","99","401,0,587"
"0/1","18,14","32","99","429,0,638"
"0/1","17,8","25","99","216,0,535"
"0/1","17,10","27","99","323,0,606"
"0/1","11,9","20","99","271,0,355"
"0/1","20,13","33","99","407,0,707"
"0/1","21,12","33","99","351,0,746"
"0/1","17,9","26","99","289,0,531"
"0/1","8,13","21","99","457,0,264"
"0/1","7,12","19","99","436,0,191"
"0/1","8,12","20","99","384,0,259"
"0/1","6,11","18","99","333,0,149"
"0/1","10,11","21","99","237,0,358"
"0/1","15,8","23","99","226,0,498"
"0/1","7,4","11","99","132,0,256"
"0/0","19,0","19","54","0,54,718"
"0/1","11,10","21","99","302,0,375"
"0/1","13,14","27","99","492,0,412"
"0/1","6,7","13","99","238,0,206"
"0/1","8,16","24","99","545,0,211"
"0/1","7,10","17","99","356,0,200"
"0/1","5,12","17","99","432,0,149"
"0/1","13,10","23","99","310,0,359"
"0/1","13,11","24","99","380,0,417"
"0/1","17,4","21","99","102,0,590"
"0/1","8,6","14","99","201,0,277"
"0/1","13,10","23","99","287,0,445"
"0/1","10,10","20","99","303,0,347"
"0/1","6,8","14","99","272,0,200"
"0/1","7,7","14","99","243,0,240"
"0/1","12,15","27","99","515,0,406"
"0/1","14,19","33","99","667,0,351"
"0/1","17,19","36","99","653,0,564"
"0/1","15,18","33","99","619,0,474"
"0/1","26,17","43","99","569,0,874"
"0/1","17,19","36","99","578,0,594"
"0/1","18,15","33","99","474,0,641"
"0/1","17,17","34","99","594,0,545"
"0/0","14,0","14","42","0,42,566"
"0/1","19,13","33","99","371,0,533"
"0/1","9,12","21","99","430,0,289"
"0/1","6,13","19","99","473,0,190"
"0/1","14,20","34","99","688,0,394"
"0/1","9,8","17","99","184,0,314"
"0/1","20,14","34","99","377,0,717"
"0/1","18,15","33","99","421,0,600"
"0/1","14,14","28","99","327,0,452"
"0/0","26,2","35","14","0,14,975"
"0/1","22,19","41","99","573,0,635"
"0/1","20,11","31","99","344,0,643"
"0/1","23,12","35","99","367,0,745"
"0/1","15,22","37","99","630,0,480"
"0/1","17,20","37","99","605,0,541"
"0/1","17,8","25","99","250,0,534"
"0/1","18,7","25","99","212,0,565"
"0/0","18,0","18","45","0,45,594"
"0/1","4,6","10","99","215,0,135"
"0/1","9,14","23","99","461,0,297"
"0/1","11,21","32","99","752,0,338"
"0/1","8,8","16","99","201,0,288"
"0/1","10,11","21","99","370,0,328"
"0/1","11,10","21","99","335,0,356"
"0/1","11,9","20","99","306,0,390"
"0/1","9,7","16","99","208,0,316"
"0/1","7,18","25","99","599,0,213"
"0/1","3,15","18","68","523,0,68"
"0/1","9,3","12","87","87,0,321"
"0/1","10,8","18","99","270,0,352"
"0/1","9,11","20","99","355,0,278"
"0/1","14,12","26","99","402,0,423"
"0/1","10,13","23","99","388,0,307"
"0/1","10,14","24","99","458,0,296"
"0/1","15,15","30","99","445,0,412"
"0/1","20,9","29","99","274,0,618"
"0/1","12,19","31","99","627,0,386"
"0/1","14,11","25","99","356,0,491"
"0/1","22,18","41","99","608,0,766"
"0/1","21,21","42","99","677,0,681"
"0/1","18,17","35","99","576,0,601"
"0/0","26,0","26","75","0,75,1022"
"0/1","15,15","30","99","498,0,461"
"0/1","11,10","22","99","330,0,362"
"0/1","15,5","20","99","148,0,440"
"0/1","15,5","20","99","149,0,429"
"0/1","14,9","23","99","306,0,426"
"0/1","13,5","18","99","146,0,476"
"0/1","19,11","30","99","357,0,700"
"0/1","21,8","29","99","199,0,731"
"0/1","8,7","15","99","219,0,280"
"0/1","6,17","23","99","521,0,177"
"0/1","25,22","47","99","730,0,840"
"0/1","20,26","46","99","857,0,557"
"0/1","16,15","31","99","496,0,501"
"0/1","17,13","30","99","439,0,532"
"0/1","12,12","24","99","381,0,368"
"0/1","11,10","21","99","302,0,384"
"0/1","11,11","22","99","383,0,347"
"0/1","12,11","23","99","372,0,417"
"0/1","9,5","14","99","160,0,332"
"0/1","7,7","14","99","228,0,248"
"0/1","13,14","27","99","412,0,411"
"0/1","13,8","21","99","266,0,457"
"0/1","9,10","19","99","310,0,308"
"0/1","9,16","25","99","538,0,212"
"0/1","20,16","36","99","500,0,664"
"0/1","22,12","34","99","373,0,725"
"0/0","36,0","36","96","0,96,1226"
"0/1","10,23","33","99","771,0,305"
"0/1","16,18","35","99","600,0,459"
"0/1","15,6","21","99","182,0,509"
"0/1","13,13","26","99","442,0,403"
"0/1","13,12","25","99","387,0,415"
"0/1","14,6","20","99","173,0,486"
"0/1","9,11","20","99","349,0,300"
"0/1","12,6","18","99","199,0,367"
"0/1","13,11","24","99","374,0,384"
"0/1","3,9","12","78","294,0,78"
"0/1","9,10","19","99","310,0,297"
"0/1","8,17","25","99","587,0,205"
"0/1","10,10","20","99","313,0,337"
"0/1","11,5","16","99","146,0,399"
"0/1","15,9","24","99","270,0,498"
"0/1","16,8","24","99","254,0,578"
"0/1","11,12","23","99","347,0,330"
"0/1","11,12","23","99","395,0,367"
"0/1","17,16","33","99","509,0,537"
"0/1","10,7","17","99","233,0,348"
"0/1","8,10","18","99","279,0,269"
"0/1","9,9","18","99","310,0,316"
"0/1","12,15","27","99","499,0,384"
"0/1","13,16","29","99","566,0,408"
"0/1","8,8","16","99","278,0,279"
"0/1","8,6","14","99","164,0,283"
"0/1","5,6","11","99","197,0,172"
"0/1","4,6","10","99","193,0,99"
"0/1","5,8","13","99","288,0,168"
"0/1","5,11","16","99","330,0,165"
"0/1","8,10","18","99","356,0,233"
"0/1","5,17","22","99","562,0,147"
"0/1","11,8","19","99","268,0,359"
"0/1","16,11","27","99","303,0,535"
"0/1","7,9","16","99","322,0,203"
"0/1","11,10","21","99","312,0,355"
"0/1","13,29","42","99","996,0,364"
"0/1","16,12","28","99","366,0,511"
"0/0","13,1","14","21","0,21,269"
"0/1","8,13","21","99","455,0,225"
"0/1","16,10","26","99","316,0,565"
"0/1","8,11","19","99","386,0,265"
"0/1","11,5","16","99","118,0,362"
"0/1","8,11","19","99","395,0,272"
"0/1","12,9","21","99","296,0,303"
"0/1","27,11","38","99","289,0,841"
"0/1","21,16","37","99","534,0,613"
"0/1","14,13","27","99","448,0,454"
"0/1","13,7","20","99","177,0,451"
"0/1","22,11","33","99","262,0,774"
"0/1","40,13","53","99","363,0,1385"
"0/1","57,15","73","99","345,0,1607"
"0/1","57,14","71","99","258,0,1701"
"0/1","45,15","60","99","251,0,1533"
"0/1","13,18","31","99","430,0,384"
"0/0","43,6","49","19","0,19,1227"
"0/1","12,11","23","99","339,0,375"
"0/1","9,16","25","99","560,0,269"
"0/1","8,13","21","99","455,0,266"
"0/1","21,11","32","99","315,0,693"
"0/1","13,16","29","99","560,0,388"
"0/1","15,20","35","99","677,0,478"
"0/1","16,12","28","99","403,0,552"
"0/1","6,7","13","99","235,0,201"
"0/1","20,10","30","99","288,0,715"
"0/1","9,24","33","99","680,0,207"
"0/1","15,18","33","99","552,0,515"
"0/1","13,14","27","99","464,0,417"
"0/1","14,8","22","99","264,0,411"
"0/1","5,15","20","99","506,0,140"
"0/1","8,13","21","99","364,0,223"
"0/1","3,13","16","67","474,0,67"
"0/1","5,10","15","99","328,0,126"
"0/1","14,22","36","99","657,0,340"
"0/1","7,10","17","99","309,0,177"
"0/1","5,7","13","99","244,0,123"
"0/1","10,12","22","99","359,0,288"
"0/1","13,17","30","99","505,0,326"
"0/1","7,11","18","99","383,0,220"
"0/1","14,10","24","99","273,0,396"
"0/1","13,15","28","99","437,0,388"
"0/1","8,9","17","99","309,0,238"
"0/1","12,17","29","99","604,0,404"
"0/1","23,13","36","99","375,0,819"
"0/1","12,15","27","99","504,0,350"
"0/1","16,23","39","99","755,0,525"
"0/1","6,8","14","99","233,0,203"
"0/1","12,16","28","99","523,0,410"
"0/1","15,17","32","99","521,0,452"
"0/1","14,17","31","99","561,0,442"
"0/1","12,7","19","99","192,0,356"
"0/0","18,0","20","18","0,18,229"
"0/0","28,0","28","69","0,69,843"
"0/0","28,0","28","69","0,69,844"
"0/0","29,0","29","75","0,75,943"
"0/0","29,0","29","69","0,69,891"
"0/0","29,0","29","72","0,72,920"
"0/0","29,0","29","75","0,75,959"
"0/0","29,0","29","75","0,75,970"
"0/0","29,0","29","78","0,78,998"
"0/0","28,0","29","75","0,75,963"
"0/0","27,0","29","75","0,75,936"
"0/0","29,0","29","72","0,72,944"
"0/0","29,0","29","72","0,72,927"
"0/0","29,0","29","78","0,78,959"
"0/0","29,0","29","72","0,72,870"
"0/1","11,12","23","99","147,0,293"
"0/0","29,0","30","81","0,81,1064"
"0/1","17,16","33","99","523,0,585"
"0/1","20,15","35","99","466,0,625"
"0/1","15,15","30","99","527,0,477"
"0/1","20,18","38","99","530,0,663"
"0/1","22,10","33","99","279,0,766"
"0/1","13,22","35","99","765,0,369"
"0/1","17,18","35","99","591,0,427"
"0/1","14,16","30","99","540,0,465"
"0/1","19,12","31","99","376,0,641"
"0/1","18,22","40","99","747,0,565"
"0/1","21,13","34","99","354,0,683"
"0/1","13,21","34","99","745,0,401"
"0/1","22,18","40","99","564,0,720"
"0/1","23,17","40","99","525,0,758"
"0/1","16,17","33","99","495,0,553"
"0/1","16,18","34","99","566,0,485"
"0/1","31,9","40","99","164,0,1106"
"0/1","33,12","45","99","268,0,1147"
"0/1","24,17","41","99","572,0,723"
"0/1","13,23","36","99","815,0,394"
"0/1","11,13","24","99","455,0,333"
"0/1","11,11","22","99","376,0,379"
"0/1","9,11","20","99","377,0,299"
"0/1","16,9","25","99","287,0,581"
"0/1","13,7","20","99","220,0,460"
"0/1","9,13","22","99","464,0,259"
"0/1","17,2","19","29","29,0,605"
"0/1","10,8","18","99","268,0,321"
"0/1","8,8","16","99","235,0,282"
"0/1","13,7","20","99","224,0,456"
"0/1","14,9","23","99","301,0,426"
"1/1","0,25","25","75","1022,75,0"
"0/1","19,10","29","99","291,0,601"
"0/1","9,12","21","99","392,0,297"
"0/1","8,11","19","99","392,0,269"
"0/1","22,21","45","99","436,0,495"
"0/1","15,13","28","99","449,0,491"
"0/0","18,0","18","54","0,54,714"
"0/1","10,5","15","99","164,0,355"
"0/0","16,0","16","48","0,48,650"
"0/0","16,0","16","48","0,48,654"
"0/0","15,0","15","45","0,45,613"
"0/0","14,0","14","42","0,42,565"
"0/0","10,0","10","30","0,30,411"
"0/0","10,0","10","30","0,30,408"
"0/0","14,0","14","42","0,42,568"
"0/0","18,0","18","54","0,54,728"
"0/0","17,0","17","51","0,51,698"
"0/0","17,0","17","51","0,51,680"
"0/0","18,0","18","54","0,54,724"
"1/1","0,20","20","60","823,60,0"
"0/0","14,1","15","5","0,5,526"
"0/0","14,1","15","5","0,5,523"
"0/1","16,20","36","99","675,0,506"
"0/1","16,6","22","99","170,0,522"
"0/1","8,9","17","99","313,0,264"
"0/1","12,13","25","99","399,0,391"
"0/1","6,11","17","99","351,0,168"
"0/1","7,12","19","99","373,0,226"
"0/1","13,19","32","99","641,0,441"
"0/1","17,14","31","99","436,0,510"
"0/1","16,8","25","99","166,0,562"
"0/1","2,22","24","29","450,0,29"
"0/1","14,13","27","99","441,0,486"
"0/1","14,12","26","99","365,0,454"
"0/1","17,8","25","99","145,0,603"
"0/1","7,5","12","99","166,0,212"
"0/1","15,14","29","99","464,0,489"
"0/1","16,8","24","99","216,0,540"
"0/1","24,20","44","99","622,0,763"
"0/1","10,10","20","99","307,0,273"
"0/1","20,13","33","99","175,0,606"
"0/1","16,15","31","99","501,0,535"
"0/1","9,16","25","99","444,0,259"
"0/1","5,13","18","99","426,0,152"
"0/1","11,7","18","99","203,0,362"
"0/1","8,7","15","99","169,0,291"
"0/1","17,3","20","65","65,0,596"
"0/1","9,9","18","99","296,0,298"
"0/1","12,7","19","99","232,0,422"
"0/0","15,0","15","45","0,45,610"
"0/1","9,10","19","99","353,0,267"
"0/1","15,9","24","99","294,0,494"
"0/1","12,10","22","99","331,0,391"
"0/1","15,15","30","99","460,0,523"
"0/1","8,22","30","99","680,0,212"
"0/1","10,12","23","99","379,0,307"
"0/1","15,8","23","99","261,0,485"
"0/1","13,15","28","99","481,0,416"
"0/1","12,12","24","99","370,0,386"
"0/1","13,17","30","99","563,0,337"
"0/1","14,14","28","99","475,0,442"
"0/1","10,15","25","99","509,0,259"
"0/1","16,22","39","99","720,0,366"
"0/1","10,12","22","99","411,0,322"
"0/1","19,19","38","99","640,0,595"
"0/0","37,0","37","99","0,102,1355"
"0/1","10,14","24","99","491,0,332"
"0/1","17,14","31","99","437,0,542"
"0/1","16,15","31","99","508,0,439"
"0/1","8,13","21","99","463,0,243"
"0/1","20,13","33","99","328,0,619"
"0/1","13,9","22","99","305,0,466"
"0/1","21,8","29","99","240,0,754"
"0/1","19,15","34","99","433,0,624"
"0/1","34,11","45","99","266,0,972"
"1/1","0,46","47","99","1693,132,0"
"0/1","33,15","48","99","417,0,1054"
"0/1","16,11","27","99","363,0,540"
"0/1","9,10","19","99","264,0,304"
"0/1","8,24","32","99","832,0,224"
"0/1","12,9","21","99","267,0,434"
"0/1","11,10","21","99","349,0,330"
"0/1","11,10","21","99","344,0,327"
"0/1","11,13","24","99","426,0,340"
"0/1","15,13","28","99","410,0,429"
"0/1","9,14","23","99","499,0,300"
"0/1","12,14","26","99","430,0,380"
"0/1","10,3","13","86","86,0,356"
"0/1","10,11","21","99","343,0,340"
"0/1","15,13","28","99","443,0,474"
"0/1","17,12","29","99","361,0,552"
"0/1","17,15","32","99","438,0,598"
"0/1","19,13","32","99","392,0,607"
"0/1","14,13","27","99","364,0,446"
"0/1","8,13","21","99","473,0,212"
"0/1","14,13","27","99","419,0,455"
"0/1","16,19","35","99","635,0,507"
"0/1","19,19","38","99","451,0,638"
"0/1","16,16","32","99","553,0,517"
"0/1","28,13","41","99","293,0,780"
"0/1","10,4","14","99","127,0,289"
"0/1","25,9","34","99","258,0,779"
"0/1","23,11","34","99","271,0,773"
"0/1","15,20","36","99","499,0,407"
"0/1","19,15","34","99","491,0,653"
"0/1","15,11","26","99","292,0,523"
"0/1","20,17","37","99","537,0,632"
"0/1","21,16","37","99","479,0,694"
"0/1","17,13","30","99","434,0,441"
"0/1","11,18","29","99","560,0,316"
"0/1","18,11","29","99","308,0,558"
"0/1","16,16","32","99","528,0,567"
"0/1","13,17","30","99","598,0,439"
"0/1","9,12","21","99","406,0,300"
"0/1","13,7","20","99","222,0,390"
"0/1","13,11","24","99","254,0,415"
"0/1","19,14","33","99","318,0,628"
"0/1","11,11","22","99","357,0,322"
"0/1","13,6","19","99","104,0,269"
"0/1","9,8","17","99","271,0,285"
"0/1","6,14","20","99","467,0,187"
"0/1","12,25","37","99","751,0,331"
"0/1","9,7","16","99","239,0,316"
"0/1","8,6","14","99","201,0,280"
"0/1","7,7","14","99","247,0,240"
"0/1","8,7","15","99","196,0,262"
"0/1","7,12","19","99","381,0,228"
"0/1","9,8","17","99","267,0,282"
"0/1","15,10","25","99","276,0,493"
"0/1","9,10","19","99","343,0,304"
"0/1","3,12","15","86","368,0,86"
"0/1","9,12","21","99","392,0,266"
"0/1","11,12","23","99","411,0,372"
"0/1","5,10","15","99","302,0,158"
"0/1","7,14","21","99","516,0,222"
"0/1","8,11","19","99","375,0,259"
"0/1","6,9","15","99","322,0,200"
"0/1","7,14","21","99","498,0,221"
"0/1","15,10","25","99","327,0,511"
"0/1","9,9","18","99","243,0,282"
"0/1","3,11","14","86","357,0,86"
"0/1","13,7","20","99","227,0,430"
"0/1","6,10","16","99","280,0,164"
"0/1","6,6","12","99","196,0,214"
"0/1","12,10","22","99","311,0,372"
"0/1","11,6","17","99","198,0,381"
"0/1","19,2","22","12","12,0,696"
"0/1","18,2","21","17","17,0,647"
"0/1","8,13","21","99","442,0,252"
"0/0","17,0","17","48","0,48,637"
"0/1","38,14","52","99","372,0,1088"
"0/1","15,20","35","99","607,0,503"
"0/1","16,23","39","99","666,0,523"
"0/1","20,17","37","99","528,0,592"
"0/1","19,17","36","99","525,0,519"
"0/1","7,16","23","99","503,0,187"
"0/1","18,11","29","99","326,0,498"
"0/1","17,31","48","99","1057,0,524"
"0/1","9,13","22","99","449,0,290"
"0/1","15,13","28","99","367,0,517"
"0/1","16,15","31","99","479,0,520"
"0/1","15,30","45","99","1028,0,436"
"0/1","11,19","30","99","614,0,357"
"0/1","11,19","30","99","651,0,310"
"0/1","16,10","26","99","322,0,545"
"0/1","15,9","24","99","294,0,467"
"0/1","10,8","18","99","237,0,305"
"0/1","10,9","19","99","279,0,353"
"0/1","7,8","15","99","271,0,235"
"1/1","0,12","12","36","478,36,0"
"0/1","6,7","13","99","241,0,203"
"0/1","9,11","20","99","378,0,242"
"0/0","16,0","16","45","0,45,610"
"0/1","9,9","18","99","244,0,319"
"0/1","10,21","31","99","693,0,310"
"0/1","14,13","27","99","453,0,471"
"0/1","11,15","26","99","518,0,321"
"0/1","14,9","23","99","273,0,393"
"0/1","17,18","35","99","625,0,566"
"0/1","18,17","35","99","537,0,532"
"0/1","15,17","33","99","496,0,471"
"0/1","19,16","35","99","526,0,648"
"0/1","16,18","34","99","612,0,536"
"0/1","19,21","40","99","708,0,637"
"0/1","14,14","28","99","482,0,477"
"0/1","17,17","34","99","492,0,514"
"0/1","19,18","37","99","553,0,595"
"0/1","17,11","28","99","332,0,578"
"0/1","8,11","19","99","359,0,273"
"0/0","18,0","18","51","0,51,682"
"0/1","14,17","31","99","545,0,473"
"0/1","9,16","25","99","530,0,294"
"0/1","44,9","54","99","108,0,1413"
"0/1","15,21","36","99","584,0,424"
"0/1","7,11","18","99","347,0,199"
"0/1","18,18","36","99","584,0,621"
"0/1","7,9","16","99","274,0,240"
"0/1","15,11","26","99","371,0,459"
"0/1","14,12","26","99","374,0,493"
"0/0","25,0","25","72","0,72,970"
"0/1","10,16","26","99","452,0,296"
"0/1","10,17","27","99","573,0,301"
"0/1","11,10","21","99","313,0,343"
"0/1","10,7","17","99","235,0,361"
"0/1","9,12","21","99","367,0,245"
"0/1","7,10","17","99","351,0,236"
"0/1","15,7","22","99","219,0,539"
"0/1","8,6","14","99","197,0,283"
"0/1","11,10","21","99","350,0,308"
"0/1","10,8","18","99","273,0,353"
"0/1","15,9","24","99","290,0,530"
"0/1","10,12","22","99","356,0,334"
"0/1","10,13","23","99","466,0,291"
"0/1","11,15","26","99","481,0,377"
"0/1","14,15","29","99","454,0,498"
"0/1","15,11","26","99","355,0,494"
"0/1","17,7","24","99","215,0,584"
"0/1","12,11","23","99","386,0,380"
"0/1","4,14","18","99","488,0,109"
"0/1","11,7","18","99","228,0,395"
"0/1","11,12","23","99","414,0,387"
"0/1","19,15","34","99","482,0,510"
"0/1","17,10","27","99","308,0,511"
"0/1","12,15","27","99","494,0,390"
"0/1","18,8","26","99","255,0,589"
"0/1","20,13","33","99","372,0,674"
"0/1","20,21","41","99","641,0,635"
"0/1","13,10","25","99","299,0,287"
"0/1","14,14","28","99","445,0,437"
"0/1","6,10","16","99","306,0,199"
"0/1","5,11","16","99","364,0,160"
"0/1","10,7","17","99","199,0,361"
"0/1","4,10","14","99","361,0,120"
"0/1","15,16","31","99","562,0,450"
"0/1","19,12","31","99","360,0,575"
"0/1","17,15","32","99","440,0,548"
"0/1","16,12","28","99","366,0,533"
"0/1","19,5","24","99","137,0,616"
"0/0","21,0","21","63","0,63,808"
"0/0","23,0","23","63","0,63,826"
"0/0","23,0","23","63","0,63,829"
"0/1","13,18","31","99","611,0,402"
"0/1","15,17","32","99","597,0,513"
"1/1","0,18","18","45","568,45,0"
"0/0","27,0","27","81","0,81,1081"
"0/1","25,27","52","99","922,0,709"
"0/1","7,11","18","99","390,0,230"
"0/0","14,0","14","39","0,39,521"
"0/1","11,10","21","99","316,0,349"
"0/1","13,14","27","99","372,0,446"
"0/1","11,3","14","81","81,0,226"
"0/1","15,15","30","99","444,0,493"
"0/1","12,11","23","99","350,0,368"
"0/1","7,11","18","99","390,0,216"
"0/1","17,13","30","99","437,0,532"
"0/1","9,9","19","99","313,0,310"
"0/1","9,10","19","99","311,0,315"
"0/1","9,7","16","99","237,0,281"
"0/1","3,10","13","80","362,0,80"
"0/1","15,5","20","99","143,0,532"
"0/1","11,13","24","99","457,0,363"
"0/1","8,13","21","99","463,0,259"
"0/1","9,16","25","99","501,0,266"
"0/1","9,9","18","99","307,0,311"
"0/1","7,13","20","99","462,0,220"
"0/1","9,13","22","99","469,0,266"
"0/1","11,9","20","99","273,0,348"
"0/1","15,10","25","99","314,0,496"
"0/1","6,5","11","99","170,0,210"
"0/1","5,10","16","99","210,0,115"
"0/1","10,13","23","99","423,0,297"
"0/1","16,15","31","99","513,0,517"
"0/1","5,9","14","99","232,0,126"
"0/1","10,7","17","99","231,0,321"
"0/1","20,10","30","99","321,0,661"
"0/1","9,21","30","99","554,0,277"
"0/1","12,16","28","99","513,0,346"
"0/1","19,7","26","99","211,0,479"
"0/1","8,19","27","99","482,0,213"
"0/0","26,2","28","16","0,16,899"
"0/0","27,2","29","16","0,16,906"
"0/1","12,17","29","99","541,0,273"
"0/1","17,12","29","99","274,0,595"
"0/1","17,13","30","99","216,0,554"
"0/1","10,18","28","99","585,0,317"
"0/1","23,12","35","99","336,0,758"
"0/1","13,15","28","99","455,0,432"
"0/1","17,17","34","99","537,0,545"
"0/1","12,13","25","99","428,0,385"
"0/1","12,9","21","99","226,0,316"
"0/1","12,9","21","99","231,0,316"
"0/1","12,14","26","99","483,0,367"
"0/1","20,19","40","99","610,0,696"
"0/1","18,11","29","99","365,0,612"
"0/1","6,9","15","99","302,0,191"
"0/1","8,7","15","99","183,0,271"
"0/1","7,12","19","99","392,0,221"
"0/1","9,13","22","99","421,0,300"
"0/1","14,13","27","99","412,0,478"
"0/1","10,12","22","99","410,0,302"
"0/1","11,22","33","99","749,0,269"
"0/1","18,13","31","99","399,0,598"
"0/1","14,24","38","99","764,0,430"
"0/1","9,13","22","99","448,0,291"
"0/1","18,20","38","99","563,0,571"
"0/1","10,6","16","99","158,0,343"
"0/1","8,5","14","99","169,0,249"
"0/1","12,20","32","99","643,0,397"
"0/1","11,16","27","99","533,0,359"
"0/0","18,0","18","51","0,51,678"
"0/1","8,9","17","99","319,0,274"
"0/1","4,3","7","99","101,0,142"
"0/1","15,13","29","99","435,0,499"
"0/1","9,13","22","99","426,0,300"
"0/1","10,11","21","99","363,0,344"
"0/1","10,11","21","99","319,0,349"
"0/1","12,13","25","99","425,0,414"
"0/1","14,5","19","99","154,0,410"
"0/1","4,10","14","99","368,0,123"
"0/1","16,11","27","99","371,0,554"
"0/1","17,12","29","99","399,0,603"
"0/1","15,10","25","99","303,0,498"
"0/1","7,8","15","99","284,0,235"
"0/1","7,13","20","99","471,0,185"
"0/1","12,9","21","99","292,0,390"
"0/1","10,9","19","99","296,0,301"
"0/1","6,13","19","99","433,0,176"
"0/1","10,14","24","99","397,0,331"
"0/1","11,12","23","99","383,0,349"
"0/1","9,12","21","99","423,0,303"
"0/1","19,18","37","99","592,0,619"
"0/1","11,10","21","99","307,0,313"
"0/1","19,11","30","99","357,0,650"
"0/1","12,15","27","99","532,0,369"
"0/1","8,2","10","43","43,0,280"
"0/1","12,7","19","99","209,0,348"
"0/1","12,15","27","99","522,0,403"
"0/1","14,11","25","99","361,0,472"
"0/1","12,14","26","99","491,0,323"
"0/1","7,13","20","99","430,0,210"
"0/1","13,8","21","99","222,0,428"
"0/1","17,12","29","99","400,0,533"
"0/1","14,8","22","99","259,0,497"
"0/1","6,7","13","99","251,0,164"
"0/1","10,5","15","99","154,0,343"
"0/1","11,17","28","99","592,0,363"
"0/1","10,7","17","99","192,0,356"
"0/1","7,16","23","99","503,0,224"
"0/1","16,7","23","99","226,0,503"
"0/1","11,12","23","99","430,0,338"
"0/1","11,13","24","99","455,0,340"
"0/1","10,12","22","99","381,0,339"
"0/1","9,10","19","99","337,0,274"
"0/1","14,9","23","99","303,0,466"
"0/1","9,17","26","99","545,0,252"
"0/1","10,12","22","99","355,0,338"
"0/1","11,11","22","99","380,0,373"
"0/1","11,13","24","99","424,0,374"
"0/1","11,11","22","99","375,0,362"
"0/1","13,13","26","99","443,0,442"
"0/1","8,11","19","99","315,0,279"
"0/1","10,4","14","99","123,0,362"
"0/1","13,10","23","99","331,0,377"
"0/1","10,16","26","99","535,0,311"
"0/1","18,16","34","99","481,0,570"
"0/1","25,18","43","99","603,0,842"
"0/1","12,17","29","99","538,0,356"
"0/1","7,13","20","99","473,0,222"
"0/1","9,23","32","99","803,0,230"
"0/1","15,14","29","99","471,0,441"
"0/1","15,13","28","99","431,0,444"
"0/1","26,10","36","99","287,0,850"
"1/1","1,11","12","30","389,30,0"
"0/1","22,11","33","99","320,0,727"
"0/1","11,5","16","99","152,0,381"
"0/1","8,12","20","99","427,0,254"
"0/1","2,4","6","61","139,0,61"
"0/1","9,14","23","99","484,0,254"
"0/1","16,17","33","99","601,0,451"
"0/1","17,14","31","99","470,0,516"
"0/0","25,1","26","40","0,40,771"
"0/1","19,12","32","99","295,0,583"
"0/1","18,10","28","99","274,0,638"
"0/1","7,12","21","99","422,0,220"
"0/1","12,5","17","99","157,0,397"
"0/1","11,6","17","99","196,0,380"
"0/1","20,5","25","99","128,0,725"
"0/1","23,23","46","99","615,0,745"
"0/1","20,18","38","99","496,0,633"
"0/1","15,17","32","99","580,0,496"
"0/1","17,16","33","99","540,0,537"
"0/1","18,17","35","99","562,0,571"
"0/1","9,14","23","99","419,0,297"
"0/1","14,18","32","99","642,0,458"
"0/1","14,14","28","99","446,0,449"
"0/1","10,5","15","99","162,0,356"
"0/0","17,0","17","51","0,51,676"
"0/1","16,12","29","99","403,0,533"
"0/1","8,7","15","99","121,0,286"
"0/1","8,4","12","25","25,0,295"
"0/1","14,9","23","99","156,0,503"
"0/1","13,8","22","99","160,0,472"
"0/1","13,10","23","99","159,0,474"
"0/1","34,10","44","99","152,0,1199"
"0/1","27,5","32","27","27,0,989"
"0/1","10,16","26","99","522,0,324"
"0/1","10,22","32","99","692,0,313"
"0/1","11,13","24","99","457,0,369"
"0/1","5,1","6","25","25,0,151"
"0/1","13,10","24","99","331,0,416"
"0/1","14,16","30","99","514,0,475"
"0/1","16,18","34","99","583,0,514"
"0/1","10,8","18","99","269,0,335"
"0/1","14,9","23","99","298,0,499"
"0/1","8,12","20","99","430,0,233"
"0/1","11,6","17","99","202,0,323"
"0/1","12,8","20","99","257,0,410"
"0/1","7,5","12","99","169,0,250"
"0/1","8,14","22","99","489,0,254"
"0/1","11,7","18","99","233,0,390"
"0/1","14,12","26","99","385,0,405"
"0/0","21,0","21","63","0,63,855"
"0/1","20,14","35","99","433,0,599"
"0/1","17,12","29","99","315,0,557"
"0/1","19,15","34","99","451,0,618"
"0/1","25,20","45","99","583,0,839"
"0/0","31,0","31","84","0,84,1125"
"0/0","29,0","29","72","0,72,929"
"0/1","16,21","37","99","723,0,460"
"0/0","27,0","34","78","0,78,1013"
"0/0","32,0","32","78","0,78,1017"
"0/0","44,0","44","99","0,111,1483"
"0/1","16,3","20","78","78,0,360"
"0/0","12,0","13","24","0,24,325"
"0/1","11,1","13","18","18,0,259"
"0/0","14,2","17","36","0,36,460"
"0/1","21,18","39","99","612,0,591"
"0/1","18,16","34","99","537,0,595"
"0/1","8,12","20","99","425,0,230"
"0/1","6,12","18","99","386,0,189"
"0/1","17,14","31","99","427,0,477"
"0/1","13,8","21","99","260,0,453"
"0/1","14,18","32","99","574,0,426"
"0/1","22,20","42","99","607,0,646"
"0/1","7,9","16","99","314,0,241"
"0/1","10,10","20","99","345,0,304"
"0/1","17,17","34","99","564,0,561"
"0/1","16,9","25","99","252,0,509"
"0/1","11,14","25","99","443,0,371"
"0/1","6,12","18","99","365,0,194"
"0/1","9,15","24","99","543,0,243"
"0/1","18,11","29","99","278,0,648"
"0/1","10,14","24","99","497,0,313"
"0/1","9,10","19","99","310,0,309"
"0/1","12,11","23","99","378,0,407"
"0/1","10,6","16","99","196,0,356"
"0/1","19,9","28","99","259,0,510"
"0/1","4,11","15","99","373,0,120"
"0/1","8,12","20","99","375,0,270"
"0/1","10,10","20","99","309,0,351"
"0/1","14,26","40","99","917,0,448"
"0/1","13,14","27","99","402,0,452"
"0/1","27,14","41","99","418,0,755"
"0/1","65,14","79","99","309,0,1683"
"0/1","66,10","76","54","54,0,2094"
"0/1","27,8","35","6","6,0,917"
"0/1","11,8","20","99","261,0,301"
"0/1","20,5","25","99","129,0,407"
"0/1","18,6","24","99","183,0,487"
"0/1","15,5","20","99","146,0,477"
"0/1","15,7","22","99","217,0,448"
"0/1","15,15","30","99","514,0,518"
"0/1","12,9","21","99","301,0,423"
"0/1","7,4","11","99","130,0,247"
"0/1","14,15","29","99","520,0,477"
"0/1","11,11","22","99","368,0,304"
"0/1","17,13","30","99","406,0,495"
"0/1","8,8","16","99","280,0,247"
"0/1","34,9","43","82","82,0,883"
"0/1","53,12","65","99","123,0,1326"
"0/1","53,19","72","99","490,0,1121"
"0/0","30,0","30","69","0,69,888"
"0/1","22,4","26","99","111,0,405"
"0/1","14,10","24","99","269,0,353"
"0/0","18,0","18","48","0,48,617"
"0/1","15,7","22","99","133,0,442"
"1/1","0,20","20","57","722,57,0"
"0/1","15,22","38","99","724,0,376"
"0/1","10,19","29","99","663,0,257"
"0/1","16,23","39","99","744,0,519"
"0/1","9,16","25","99","555,0,289"
"0/1","8,15","23","99","534,0,243"
"0/1","7,14","21","99","449,0,210"
"0/1","6,14","20","99","469,0,185"
"0/1","14,17","31","99","431,0,293"
"0/1","14,10","24","99","321,0,470"
"0/0","12,0","12","15","0,15,165"
"0/1","13,22","35","99","734,0,377"
"0/1","16,10","26","99","320,0,562"
"0/1","18,18","36","99","612,0,518"
"0/1","22,20","42","99","681,0,679"
"0/1","22,15","37","99","500,0,778"
"0/1","25,9","34","99","237,0,813"
"0/1","31,15","46","99","436,0,1021"
"0/1","40,16","56","99","403,0,1323"
"0/1","32,25","57","99","785,0,897"
"0/1","16,12","28","99","304,0,514"
"0/1","5,6","11","99","204,0,174"
"0/1","9,13","22","99","458,0,300"
"0/1","10,15","25","99","505,0,338"
"0/1","9,10","19","99","307,0,269"
"0/1","8,8","16","99","263,0,269"
"0/1","8,12","20","99","327,0,271"
"0/1","7,10","17","99","346,0,233"
"0/1","21,11","32","99","310,0,568"
"0/1","11,9","20","99","245,0,392"
"0/1","13,23","36","99","714,0,417"
"0/1","21,17","40","99","504,0,442"
"0/1","22,9","31","99","219,0,755"
"0/1","14,23","37","99","691,0,379"
"0/1","19,10","29","99","320,0,659"
"0/1","16,22","38","99","755,0,480"
"0/1","14,18","32","99","588,0,447"
"0/1","11,19","30","99","472,0,357"
"0/1","3,8","11","92","252,0,92"
"0/1","9,11","20","99","374,0,267"
"0/1","7,12","19","99","392,0,225"
"0/1","7,9","16","99","282,0,231"
"0/1","10,6","16","99","180,0,356"
"0/1","10,7","17","99","220,0,348"
"0/1","6,8","14","99","276,0,194"
"0/1","10,8","18","99","242,0,322"
"0/1","11,7","18","99","232,0,349"
"0/1","11,8","19","99","273,0,386"
"0/1","13,6","19","99","187,0,464"
"0/1","13,14","27","99","455,0,419"
"0/1","5,12","17","99","415,0,115"
"0/1","5,8","13","99","290,0,157"
"0/1","15,14","29","99","470,0,487"
"0/1","10,30","40","99","903,0,276"
"0/1","11,14","25","99","441,0,366"
"0/1","19,21","40","99","726,0,634"
"0/1","13,20","33","99","672,0,351"
"0/1","10,12","22","99","383,0,277"
"0/1","11,6","17","99","195,0,349"
"0/1","12,12","24","99","369,0,369"
"0/0","46,4","51","96","0,96,1174"
"0/0","15,0","15","45","0,45,579"
"0/1","13,12","25","99","403,0,412"
"0/0","22,2","24","4","0,4,808"
"0/1","17,8","25","99","208,0,559"
"0/1","12,12","24","99","414,0,291"
"0/1","17,24","41","99","828,0,522"
"0/1","25,18","43","99","561,0,821"
"0/1","7,10","18","16","224,0,16"
"0/1","19,12","32","99","352,0,463"
"0/1","60,13","73","99","342,0,1454"
"0/1","31,20","51","99","613,0,826"
"0/1","19,17","36","99","486,0,513"
"0/1","17,12","29","99","347,0,574"
"0/1","13,13","26","99","433,0,452"
"0/1","14,17","31","99","588,0,385"
"0/1","10,16","26","99","560,0,294"
"0/1","16,12","28","99","369,0,506"
"0/1","11,7","19","99","115,0,198"
"0/1","9,8","17","93","134,0,93"
"0/1","12,13","25","99","455,0,301"
"0/1","9,12","21","99","416,0,301"
"0/1","1,2","3","28","68,0,28"
"0/1","23,14","37","99","358,0,650"
"0/1","16,15","31","99","478,0,507"
"0/1","22,16","38","99","524,0,771"
"0/1","8,9","17","99","274,0,267"
"0/1","17,17","34","99","602,0,553"
"0/1","6,13","19","99","470,0,115"
"0/1","13,7","23","99","201,0,201"
"0/1","18,25","43","99","823,0,515"
"0/1","11,14","25","99","481,0,359"
"0/1","10,15","25","99","473,0,338"
"0/1","16,16","32","99","455,0,496"
"0/1","18,17","35","99","574,0,570"
"0/1","10,11","21","99","377,0,297"
"0/0","26,0","26","60","0,60,773"
"0/1","16,14","30","99","445,0,559"
"0/1","10,25","35","99","847,0,293"
"0/1","17,16","33","99","558,0,514"
"0/1","12,9","21","99","266,0,419"
"0/1","16,13","29","99","432,0,542"
"0/1","16,11","27","99","329,0,540"
"0/1","15,13","28","99","443,0,519"
"0/1","14,17","31","99","537,0,425"
"0/1","22,24","46","99","706,0,681"
"0/1","19,18","37","99","604,0,591"
"0/1","21,22","43","99","691,0,626"
"0/1","15,19","34","99","634,0,452"
"0/1","16,15","31","99","492,0,551"
"0/1","11,15","26","99","400,0,359"
"0/1","8,11","19","99","381,0,260"
"0/1","15,11","26","99","338,0,492"
"0/1","14,12","26","99","393,0,453"
"0/1","11,9","20","99","268,0,394"
"0/1","17,16","33","99","481,0,508"
"0/1","11,8","19","99","276,0,350"
"0/1","19,2","21","34","34,0,469"
"0/1","27,12","39","99","285,0,824"
"0/0","13,0","13","39","0,39,524"
"0/0","13,0","13","33","0,33,426"
"0/1","20,14","34","99","377,0,607"
"0/1","25,4","29","3","3,0,876"
"0/1","19,9","28","99","257,0,606"
"0/1","17,9","26","99","258,0,541"
"0/1","15,15","30","99","516,0,451"
"0/1","35,9","44","99","161,0,830"
"0/1","27,7","34","59","59,0,769"
"0/1","26,8","34","93","93,0,803"
"0/1","24,5","29","45","45,0,589"
"0/1","22,17","39","99","508,0,692"
"0/1","7,10","17","99","351,0,231"
"0/1","33,9","42","99","132,0,1019"
"0/1","27,5","32","94","94,0,829"
"0/0","20,0","20","45","0,45,603"
"0/1","17,19","36","99","613,0,481"
"0/1","31,6","37","31","31,0,1119"
"0/1","32,5","37","51","51,0,614"
"0/1","28,8","36","99","112,0,698"
"0/1","10,12","22","99","287,0,299"
"0/1","19,9","28","99","127,0,655"
"0/1","17,9","26","99","142,0,573"
"0/1","14,10","24","99","262,0,397"
"0/1","17,10","28","99","298,0,456"
"0/0","21,0","21","54","0,54,704"
"0/1","13,5","18","99","103,0,409"
"0/1","19,5","26","80","80,0,533"
"0/1","16,4","20","59","59,0,341"
"0/1","17,6","23","99","176,0,433"
"0/1","19,12","31","99","252,0,635"
"0/1","22,6","28","99","105,0,676"
"0/1","26,12","38","99","293,0,839"
"0/1","16,8","24","99","119,0,553"
"0/1","9,3","12","80","80,0,286"
"0/1","10,3","13","75","75,0,279"
"0/1","10,3","13","86","86,0,322"
"0/1","11,3","14","78","78,0,389"
"0/1","12,3","15","35","35,0,437"
"0/1","14,3","17","32","32,0,463"
"0/1","9,5","14","87","87,0,329"
"0/1","9,5","14","86","86,0,336"
"0/1","12,3","15","47","47,0,374"
"0/1","11,3","14","41","41,0,340"
"0/1","11,4","15","99","103,0,370"
"0/0","14,0","14","33","0,33,419"
"0/1","13,4","17","28","28,0,334"
"0/1","27,4","31","55","55,0,942"
"0/1","46,11","57","99","268,0,1472"
"0/1","47,12","59","99","211,0,1573"
"0/1","47,11","58","99","228,0,1535"
"0/1","53,12","66","99","264,0,1512"
"0/1","59,11","70","99","236,0,1829"
"0/1","57,14","71","99","168,0,1671"
"0/1","55,13","68","99","205,0,1517"
"0/0","63,1","64","99","0,156,2029"
"0/1","55,10","65","99","147,0,1491"
"0/1","57,7","64","41","41,0,1623"
"0/0","61,0","61","99","0,150,1936"
"0/0","60,0","60","99","0,141,1814"
"0/1","70,15","85","99","300,0,2232"
"0/1","80,8","88","88","88,0,2512"
"0/1","77,9","86","99","123,0,2462"
"0/0","93,9","102","1","0,1,3055"
"0/1","81,14","95","99","193,0,2789"
"0/0","82,0","82","99","0,211,2805"
"0/1","65,14","79","99","293,0,1959"
"0/1","61,16","77","99","360,0,1796"
"0/1","62,10","72","99","167,0,1994"
"0/1","71,13","84","99","265,0,2065"
"0/1","30,11","41","99","219,0,1036"
"0/1","28,11","39","99","225,0,967"
"0/1","23,8","31","99","202,0,788"
"0/1","57,15","73","99","322,0,1472"
"0/1","72,9","81","99","137,0,2282"
"0/1","68,11","79","99","164,0,2267"
"0/0","51,3","54","50","0,50,1807"
"0/1","47,13","60","99","236,0,1531"
"0/1","52,12","64","99","240,0,1478"
"0/1","27,4","32","76","76,0,722"
"0/1","23,5","30","91","91,0,598"
"0/1","31,13","44","99","401,0,1038"
"0/1","29,11","40","99","332,0,959"
"0/1","30,14","44","99","390,0,978"
"0/1","34,13","47","99","379,0,1117"
"0/1","36,9","45","99","228,0,1224"
"0/1","20,7","27","99","208,0,733"
"0/1","27,11","38","99","308,0,934"
"0/0","41,3","44","70","0,70,1401"
"0/0","40,2","42","70","0,70,1426"
"0/1","49,8","57","99","152,0,1725"
"0/1","27,15","42","99","448,0,965"
"0/1","27,15","42","99","455,0,961"
"0/1","28,17","45","99","520,0,983"
"0/1","30,17","47","99","509,0,1042"
"0/1","35,14","49","99","412,0,1219"
"0/1","36,7","43","99","117,0,1093"
"0/1","35,7","42","99","148,0,1025"
"0/1","35,7","42","99","171,0,1017"
"0/1","36,7","43","99","147,0,1172"
"0/0","47,0","48","99","0,135,1817"
"0/1","67,10","77","99","126,0,2292"
"0/1","63,12","75","99","192,0,2139"
"0/1","57,7","64","90","90,0,1894"
"0/1","62,6","68","54","54,0,2108"
"0/0","76,0","76","99","0,214,2796"
"0/1","52,8","60","71","71,0,1599"
"0/1","40,11","51","99","283,0,1259"
"0/1","58,19","77","99","489,0,1936"
"0/1","59,8","67","94","94,0,1957"
"0/1","46,9","56","99","209,0,1548"
"0/1","47,10","57","99","202,0,1645"
"0/1","41,12","53","99","284,0,1474"
"0/1","42,12","54","99","273,0,1506"
"0/1","37,12","49","99","280,0,1313"
"0/1","48,10","58","99","226,0,1703"
"0/1","44,11","55","99","245,0,1604"
"0/1","44,11","55","99","242,0,1571"
"0/1","37,12","49","99","296,0,1342"
"0/1","48,5","53","51","51,0,1731"
"0/1","49,7","56","83","83,0,1476"
"0/1","36,20","56","99","497,0,1229"
"0/1","23,12","35","99","325,0,808"
"0/1","40,23","63","99","689,0,1263"
"0/1","34,21","55","99","626,0,1074"
"0/1","39,13","52","99","354,0,1324"
"0/1","35,22","57","99","600,0,1181"
"0/1","23,9","33","99","259,0,771"
"0/1","25,10","36","99","289,0,873"
"0/1","24,7","31","99","190,0,819"
"0/1","24,7","31","99","192,0,785"
"0/1","29,8","37","99","213,0,959"
"0/1","25,13","38","99","416,0,854"
"0/1","26,14","40","99","447,0,864"
"0/1","26,14","40","99","453,0,896"
"0/1","32,13","45","99","403,0,1067"
"0/1","31,13","44","99","398,0,1031"
"0/1","29,12","41","99","355,0,980"
"0/1","36,9","45","99","228,0,1230"
"0/1","31,14","46","99","398,0,1092"
"0/1","33,14","47","99","347,0,1121"
"0/1","32,14","46","99","425,0,1111"
"0/1","27,14","41","99","438,0,979"
"0/1","26,13","39","99","416,0,858"
"0/1","31,12","43","99","301,0,1074"
"0/1","29,14","43","99","401,0,1031"
"0/1","26,15","41","99","443,0,896"
"0/1","26,15","41","99","469,0,894"
"0/1","27,14","41","99","439,0,931"
"0/1","24,12","36","99","327,0,820"
"0/1","19,20","39","99","680,0,600"
"0/1","18,19","37","99","629,0,531"
"0/1","21,18","39","99","620,0,660"
"0/1","19,17","37","99","589,0,623"
"0/1","21,18","39","99","607,0,662"
"0/1","24,21","45","99","671,0,773"
"0/1","25,15","40","99","495,0,803"
"0/1","25,15","40","99","454,0,790"
"0/1","27,17","44","99","514,0,919"
"0/1","36,26","62","99","780,0,1166"
"0/1","42,25","68","99","624,0,1329"
"0/0","73,0","73","99","0,178,2325"
"0/1","36,19","55","99","589,0,1267"
"0/1","33,19","52","99","585,0,1099"
"0/1","29,18","47","99","483,0,1037"
"0/1","29,14","43","99","398,0,1043"
"0/1","37,12","49","99","343,0,1274"
"0/1","32,17","49","99","534,0,1146"
"0/1","24,16","40","99","473,0,723"
"0/1","34,14","48","99","419,0,1042"
"0/1","28,15","43","99","470,0,946"
"0/1","26,14","40","99","452,0,829"
"0/1","29,17","46","99","478,0,955"
"0/1","17,8","25","99","142,0,547"
"0/1","16,11","27","99","324,0,495"
"0/1","34,12","46","99","318,0,1129"
"0/1","23,12","35","99","340,0,758"
"0/1","32,14","46","99","384,0,1022"
"0/1","32,14","46","99","401,0,1028"
"0/1","30,15","45","99","418,0,897"
"0/1","30,15","45","99","462,0,886"
"0/1","26,15","41","99","350,0,891"
"0/0","37,2","39","99","0,99,1330"
"0/0","38,2","40","99","0,102,1353"
"0/0","38,2","40","99","0,99,1319"
"0/1","29,11","40","99","248,0,887"
"0/1","30,8","38","99","141,0,873"
"0/0","26,0","26","66","0,66,862"
"0/1","24,13","37","99","335,0,822"
"0/1","24,13","37","99","335,0,845"
"0/1","19,25","44","99","833,0,622"
"0/1","20,25","45","99","826,0,653"
"0/1","20,26","46","99","899,0,673"
"0/1","25,22","47","99","720,0,791"
"0/1","25,21","46","99","682,0,783"
"0/1","25,18","43","99","554,0,779"
"0/1","23,21","44","99","665,0,745"
"0/1","25,19","44","99","603,0,834"
"0/1","28,17","45","99","507,0,884"
"0/1","29,17","46","99","523,0,953"
"0/1","32,14","46","99","430,0,1029"
"0/1","32,16","48","99","501,0,1076"
"0/1","30,16","46","99","503,0,1000"
"0/1","30,17","47","99","511,0,923"
"0/1","30,18","48","99","548,0,982"
"0/1","30,23","53","99","779,0,888"
"0/1","31,22","53","99","739,0,958"
"0/1","27,21","48","99","717,0,813"
"0/1","28,23","51","99","783,0,813"
"0/1","27,23","50","99","770,0,817"
"0/1","27,23","50","99","715,0,810"
"0/1","26,23","49","99","708,0,788"
"0/1","26,21","47","99","656,0,773"
"0/1","30,22","52","99","637,0,992"
"0/1","31,22","53","99","638,0,1004"
"0/1","37,13","50","99","378,0,1191"
"0/1","30,22","52","99","721,0,810"
"0/1","25,16","41","99","423,0,567"
"0/1","28,14","42","99","367,0,773"
"0/1","33,13","46","99","390,0,1148"
"0/1","34,11","45","99","307,0,1163"
"0/1","34,7","41","99","167,0,1191"
"0/1","46,10","56","99","118,0,1405"
"0/0","46,9","55","0","0,0,1353"
"0/1","33,13","46","99","346,0,1080"
"0/1","33,13","46","99","356,0,1070"
"0/1","48,6","54","42","42,0,1707"
"0/1","42,6","48","97","97,0,1488"
"0/1","37,9","46","99","227,0,1324"
"0/1","33,9","42","99","211,0,1093"
"0/1","33,9","42","99","214,0,1032"
"0/1","31,10","41","99","259,0,1012"
"0/1","57,13","70","99","321,0,1983"
"0/1","30,12","42","99","258,0,947"
"0/1","43,12","56","99","158,0,1438"
"0/1","30,18","48","99","523,0,889"
"0/1","29,19","49","99","457,0,969"
"0/1","48,12","60","99","308,0,1535"
"0/1","42,18","60","99","425,0,1288"
"0/1","41,17","58","99","362,0,1323"
"0/1","41,16","57","99","386,0,1294"
"0/1","42,16","58","99","348,0,1348"
"0/1","42,12","54","99","269,0,1360"
"0/1","26,10","36","99","228,0,840"
"0/1","34,8","42","99","149,0,1174"
"0/1","21,11","32","99","292,0,645"
"0/2","38,1,14","53","99","357,462,1761,0,1299,1260"
"0/1","37,10","47","99","228,0,1269"
"0/1","48,11","59","99","225,0,1603"
"1/1","0,74","74","99","2719,205,0"
"0/0","74,0","74","99","0,208,2744"
"1/1","0,62","62","99","2322,175,0"
"0/1","14,9","23","99","121,0,214"
"0/1","8,7","15","99","121,0,232"
"0/1","19,6","25","80","80,0,488"
"0/1","7,6","13","99","158,0,106"
"0/1","6,6","13","99","158,0,108"
"0/1","11,7","18","99","155,0,354"
"0/1","11,6","17","99","118,0,352"
"0/1","11,4","15","50","50,0,360"
"0/1","7,3","10","92","92,0,249"
"0/1","8,4","12","99","109,0,272"
"0/1","10,4","14","99","120,0,345"
"0/1","10,5","15","99","143,0,316"
"0/1","13,5","18","99","148,0,423"
"0/1","18,10","28","18","18,0,538"
"0/0","20,2","22","8","0,8,568"
"0/1","21,8","29","99","141,0,631"
"0/1","26,5","31","94","94,0,744"
"0/1","38,3","41","16","16,0,1001"
"0/1","24,8","33","99","228,0,715"
"0/1","11,7","18","99","190,0,349"
"0/1","13,4","18","99","114,0,394"
"0/1","12,2","14","1","1,0,408"
"0/1","31,10","41","2","2,0,950"
"0/1","20,11","31","99","246,0,686"
"0/0","20,0","20","60","0,60,787"
"0/0","19,0","19","57","0,57,753"
"0/1","14,6","20","99","104,0,450"
"0/1","13,7","20","99","144,0,398"
"0/1","15,9","24","99","108,0,498"
"0/1","13,7","20","99","111,0,467"
"0/1","12,7","19","78","78,0,441"
"0/1","7,12","19","78","418,0,78"
"0/1","14,9","23","80","80,0,515"
"0/1","15,8","23","99","127,0,507"
"1/1","3,20","23","45","595,45,0"
"1/2","0,18,7","25","99","696,257,220,440,0,419"
"0/1","9,18","27","99","481,0,284"
"0/1","10,6","16","99","146,0,346"
"0/1","11,3","14","83","83,0,329"
"0/1","3,11","14","68","367,0,68"
"0/1","5,12","17","99","398,0,127"
"0/1","13,5","18","99","134,0,419"
"0/1","12,6","18","99","164,0,362"
"0/1","7,13","20","99","378,0,192"
"0/1","6,12","18","99","358,0,171"
"0/1","7,12","19","99","356,0,204"
"0/1","7,12","19","99","355,0,208"
"0/1","7,12","19","99","361,0,198"
"1/1","0,14","14","39","508,39,0"
"1/1","0,13","13","39","527,39,0"
"1/1","0,15","15","42","550,42,0"
"0/0","8,0","8","24","0,24,327"
"0/0","10,1","11","6","0,6,345"
"0/1","1,4","5","9","145,0,9"
"0/1","1,4","5","9","141,0,9"
"0/1","2,12","14","25","413,0,25"
"0/1","12,2","14","25","25,0,406"
"0/1","11,2","13","29","29,0,370"
"0/1","6,8","14","99","275,0,203"
"0/1","6,6","12","99","198,0,211"
"0/0","3,0","3","9","0,9,122"
"0/1","3,8","11","89","297,0,89"
"0/1","8,3","11","89","89,0,289"
"0/1","9,5","14","99","157,0,313"
"0/1","6,5","11","99","175,0,177"
"1/2","0,10,9","19","99","638,333,309,304,0,277"
"1/2","0,14,17","31","99","1098,601,562,497,0,449"
"0/1","16,17","33","99","600,0,517"
"0/1","15,6","21","99","184,0,543"
"1/1","0,5","5","12","170,12,0"
"1/1","0,5","5","15","192,15,0"
"1/1","0,5","5","15","204,15,0"
"0/0","5,0","5","15","0,15,204"
"1/1","0,5","5","15","206,15,0"
"0/1","4,10","14","59","353,0,59"
"0/1","8,14","22","99","458,0,185"
"0/1","15,9","24","99","202,0,528"
"0/1","15,10","25","99","231,0,522"
"0/1","13,12","25","99","308,0,349"
"0/1","12,10","22","99","242,0,367"
"0/1","21,6","27","99","124,0,635"
"0/1","8,7","15","99","201,0,245"
"0/1","14,8","22","99","242,0,498"
"0/1","5,14","19","99","480,0,151"
"1/1","1,19","20","48","622,48,0"
"0/1","20,6","26","99","129,0,520"
"0/1","13,5","18","74","74,0,348"
"0/1","5,11","16","77","330,0,77"
"0/0","16,2","18","33","0,33,424"
"0/1","13,9","22","99","142,0,398"
"1/1","1,21","22","42","523,42,0"
"0/1","15,11","26","99","186,0,461"
"0/1","20,7","27","99","138,0,584"
"0/1","23,7","30","99","123,0,660"
"0/1","15,4","19","78","78,0,489"
"0/1","24,4","28","64","64,0,757"
"0/0","35,3","38","1","0,1,1138"
"0/1","16,4","20","98","98,0,499"
"0/1","14,3","17","81","81,0,391"
"0/1","9,4","13","99","129,0,274"
"0/1","8,4","12","99","132,0,234"
"0/1","7,5","12","99","135,0,209"
"0/1","16,8","24","99","137,0,528"
"0/1","25,9","34","99","210,0,765"
"0/0","18,2","20","11","0,11,389"
"0/1","9,6","15","99","134,0,289"
"0/1","8,4","12","78","78,0,260"
"0/0","18,1","19","16","0,16,562"
"0/1","17,9","26","99","253,0,399"
"0/1","31,6","37","99","134,0,1025"
"0/1","32,6","38","99","128,0,1075"
"0/1","32,12","44","99","320,0,1003"
"1/1","0,15","15","39","510,39,0"
"0/1","20,3","23","47","47,0,650"
"0/1","21,9","30","99","239,0,645"
"0/0","29,0","29","78","0,78,1011"
"0/1","39,10","49","99","143,0,1292"
"1/1","0,124","124","99","4355,334,0"
"1/1","0,124","124","99","4480,340,0"
"1/1","0,172","181","99","6039,457,0"
"1/1","0,103","103","99","3560,274,0"
"0/1","78,18","96","99","332,0,2422"
"0/1","65,14","79","99","247,0,2162"
"0/1","13,2","15","36","36,0,416"
"0/1","14,4","18","91","91,0,420"
"0/1","3,4","7","64","94,0,64"
"0/1","8,7","15","99","113,0,250"
"0/1","1,7","8","19","195,0,19"
"0/1","2,5","7","51","135,0,51"
"0/1","13,6","19","99","137,0,233"
"0/1","9,6","15","99","109,0,194"
"0/1","65,17","82","99","322,0,1930"
"0/1","77,14","91","99","290,0,2226"
"0/1","80,21","101","99","495,0,2193"
"0/1","58,14","72","99","266,0,1849"
"0/1","34,5","39","49","49,0,1127"
"0/1","33,12","45","99","279,0,998"
"0/1","10,8","18","99","177,0,344"
"0/0","8,0","8","24","0,24,309"
"0/1","43,12","56","99","109,0,1114"
"0/1","14,42","56","99","1153,0,179"
"0/1","40,13","54","99","128,0,1199"
"0/1","5,7","12","74","211,0,74"
"0/1","13,3","16","65","65,0,337"
"0/1","1,8","9","13","275,0,13"
"0/1","12,2","14","12","12,0,336"
"0/1","11,1","12","10","10,0,294"
"0/1","11,1","12","10","10,0,306"
"0/1","9,1","10","13","13,0,237"
"0/1","10,1","11","12","12,0,316"
"0/1","2,4","6","27","142,0,27"
"0/1","13,2","15","36","36,0,244"
"0/1","13,2","15","36","36,0,252"
"0/1","23,5","28","99","113,0,701"
"0/1","34,8","42","82","82,0,929"
"0/1","45,9","54","99","181,0,1400"
"0/1","47,9","56","99","180,0,1429"
"0/1","28,6","34","99","115,0,902"
"0/1","27,7","34","99","144,0,877"
"0/1","22,8","30","99","174,0,696"
"0/1","23,10","34","99","263,0,740"
"0/1","26,11","37","99","273,0,869"
"0/1","28,9","37","99","228,0,907"
"0/1","27,6","33","99","155,0,857"
"0/1","26,7","33","99","158,0,803"
"0/1","29,5","34","70","70,0,937"
"0/1","29,6","35","99","102,0,994"
"0/1","31,7","38","99","103,0,1086"
"0/1","31,6","37","85","85,0,1048"
"0/1","22,9","31","99","191,0,713"
"0/1","21,10","31","99","193,0,644"
"0/0","28,2","30","1","0,1,920"
"0/0","28,2","30","4","0,4,925"
"0/1","40,17","57","99","372,0,1226"
"0/0","22,2","24","8","0,8,643"
"0/1","26,12","38","99","279,0,856"
"0/1","47,19","66","99","462,0,1545"
"0/1","33,6","39","99","124,0,1138"
"0/1","32,5","37","75","75,0,1128"
"0/1","41,11","52","99","177,0,1222"
"0/1","32,6","38","99","108,0,1020"
"0/1","26,8","34","99","194,0,841"
"0/1","23,8","31","99","236,0,724"
"0/1","23,8","31","99","224,0,810"
"0/1","23,9","32","99","265,0,817"
"0/1","11,15","26","99","520,0,309"
"0/1","30,8","43","99","117,0,910"
"0/1","4,13","17","99","451,0,112"
"0/1","9,13","22","99","455,0,254"
"0/1","13,16","29","99","556,0,385"
"0/1","42,8","50","99","119,0,1440"
"0/1","48,11","59","99","151,0,1529"
"0/1","47,13","60","99","358,0,1315"
"0/1","50,9","59","99","140,0,1463"
"0/0","35,2","37","59","0,59,1260"
"0/1","33,22","55","99","744,0,885"
"0/1","27,25","52","99","607,0,904"
"0/1","35,17","52","99","317,0,1263"
"0/1","33,17","50","99","344,0,1157"
"0/1","33,16","49","99","306,0,1183"
"0/1","14,28","42","99","705,0,377"
"0/1","34,6","41","35","35,0,978"
"0/1","43,13","56","99","205,0,1509"
"0/1","37,7","44","28","28,0,1235"
"0/1","9,15","24","99","527,0,260"
"0/1","9,14","23","99","460,0,266"
"0/1","10,17","27","99","524,0,311"
"0/1","14,19","33","99","654,0,421"
"0/1","33,8","42","85","85,0,1090"
"0/1","48,11","59","99","158,0,1332"
"0/1","18,11","29","99","348,0,582"
"0/1","19,13","33","17","230,0,17"
"0/1","10,11","21","99","339,0,276"
"0/1","22,13","35","99","415,0,658"
"0/1","34,5","39","53","53,0,1069"
"0/1","35,5","40","50","50,0,1104"
"0/0","34,0","34","96","0,96,1219"
"0/0","36,5","41","9","0,9,1074"
"0/1","24,5","29","71","71,0,795"
"0/0","24,0","24","63","0,63,834"
"0/0","24,0","24","63","0,63,826"
"0/1","27,8","35","99","190,0,763"
"0/1","16,14","30","99","364,0,513"
"0/1","30,9","39","44","44,0,945"
"0/1","30,8","38","18","18,0,976"
"0/1","33,8","41","15","15,0,994"
"0/1","27,5","32","71","71,0,905"
"0/1","31,6","37","94","94,0,1122"
"0/1","30,7","37","99","124,0,1078"
"0/1","27,10","37","99","136,0,973"
"0/1","24,19","43","99","585,0,748"
"0/1","21,6","27","99","151,0,591"
"0/1","22,23","45","99","687,0,725"
"0/1","11,13","24","99","429,0,369"
"0/1","22,7","29","99","195,0,773"
"0/1","12,13","25","99","415,0,381"
"0/1","11,8","19","99","228,0,387"
"0/1","15,9","24","99","296,0,459"
"0/1","21,8","29","59","59,0,447"
"0/1","11,15","26","99","511,0,366"
"0/1","6,10","17","99","347,0,194"
"0/1","7,7","14","99","243,0,208"
"0/1","15,18","33","99","653,0,405"
"0/1","16,9","25","99","272,0,547"
"0/1","11,17","28","99","595,0,237"
"0/1","14,14","29","99","371,0,348"
"0/1","7,18","25","99","617,0,210"
"0/1","15,10","25","99","250,0,518"
"0/1","18,14","32","99","421,0,512"
"0/1","14,15","29","99","526,0,452"
"0/1","15,8","23","99","236,0,488"
"0/1","18,9","27","99","241,0,611"
"0/1","11,15","26","99","461,0,310"
"0/1","11,13","25","35","400,0,35"
"0/1","17,11","28","99","278,0,553"
"0/1","12,14","26","99","400,0,404"
"0/1","13,21","34","99","745,0,379"
"0/0","32,0","32","90","0,90,1166"
"0/1","33,3","36","44","44,0,819"
"0/1","13,14","27","99","481,0,422"
"0/1","19,20","39","99","573,0,639"
"0/1","13,14","27","99","441,0,399"
"0/1","14,14","28","99","415,0,433"
"0/1","16,14","30","99","457,0,445"
"0/1","7,7","15","99","212,0,133"
"0/1","14,6","24","99","192,0,292"
"0/1","12,5","21","99","150,0,297"
"0/1","9,12","21","99","322,0,297"
"0/1","15,20","35","99","555,0,469"
"0/1","23,10","33","99","304,0,752"
"0/1","13,17","30","99","546,0,389"
"0/1","13,15","28","99","470,0,352"
"0/1","18,15","33","99","500,0,529"
"0/1","9,12","21","99","421,0,298"
"0/1","14,13","27","99","391,0,492"
"0/1","18,17","35","99","577,0,521"
"0/1","12,15","27","99","504,0,358"
"0/1","17,15","32","99","400,0,536"
"0/1","19,20","39","99","638,0,610"
"0/1","15,8","23","99","158,0,401"
"0/1","16,14","30","99","442,0,384"
"0/1","18,20","38","99","541,0,559"
"0/0","28,0","28","81","0,81,1084"
"0/0","35,0","35","96","0,96,1258"
"0/1","10,11","21","99","289,0,329"
"0/1","14,19","33","99","540,0,338"
"0/1","14,10","24","99","267,0,458"
"0/1","16,16","32","99","512,0,496"
"0/1","18,18","36","99","496,0,533"
"0/1","16,12","30","99","391,0,404"
"0/1","13,18","31","99","592,0,390"
"0/1","21,15","36","99","475,0,668"
"0/1","22,16","38","99","529,0,730"
"0/1","11,10","21","99","237,0,378"
"0/1","12,16","28","99","496,0,362"
"0/0","28,0","28","78","0,78,1034"
"0/1","7,20","27","99","716,0,200"
"0/1","17,11","28","99","317,0,543"
"0/1","8,23","31","99","825,0,180"
"0/1","23,21","44","99","708,0,710"
"0/1","23,27","50","99","851,0,732"
"0/1","23,15","38","99","413,0,790"
"0/1","17,21","39","99","720,0,560"
"0/1","10,9","19","99","292,0,333"
"0/1","9,17","26","99","502,0,295"
"0/1","14,8","22","99","248,0,453"
"0/1","9,10","19","99","309,0,315"
"0/1","5,7","12","99","212,0,169"
"0/1","9,7","16","99","247,0,227"
"0/1","8,10","18","99","353,0,270"
"0/1","10,10","20","99","344,0,351"
"0/1","12,11","23","99","374,0,406"
"0/1","17,11","28","99","354,0,600"
"0/1","13,17","30","99","583,0,388"
"0/1","17,11","28","99","363,0,534"
"0/1","12,10","22","99","330,0,424"
"0/1","10,13","23","99","360,0,340"
"0/1","8,6","14","99","205,0,250"
"0/1","12,9","21","99","278,0,383"
"0/1","14,15","29","99","334,0,366"
"0/1","18,21","39","99","576,0,566"
"0/1","16,22","38","99","632,0,478"
"0/1","18,24","42","99","728,0,581"
"0/1","9,8","17","99","228,0,297"
"0/1","17,9","26","99","267,0,553"
"0/1","15,19","34","99","616,0,453"
"0/1","18,15","33","99","460,0,605"
"0/1","16,13","29","99","367,0,452"
"0/1","16,16","32","99","542,0,466"
"0/1","12,4","16","99","114,0,431"
"0/1","11,19","30","99","611,0,351"
"0/1","13,18","31","99","596,0,429"
"0/0","8,0","8","15","0,15,179"
"0/1","17,3","20","31","31,0,436"
"0/1","13,23","37","99","747,0,400"
"0/1","16,15","31","99","445,0,457"
"0/1","16,10","26","99","315,0,463"
"0/1","16,12","28","99","381,0,463"
"0/1","11,8","19","99","258,0,325"
"0/0","26,3","29","53","0,53,963"
"0/1","8,11","19","99","375,0,265"
"0/1","12,10","22","99","326,0,418"
"0/1","21,11","33","99","184,0,590"
"0/1","22,12","34","99","160,0,562"
"0/1","23,13","36","99","133,0,573"
"0/1","25,13","38","99","217,0,641"
"0/1","27,12","39","99","174,0,613"
"0/1","30,12","42","99","130,0,758"
"0/1","31,12","43","99","145,0,710"
"0/1","29,12","41","99","129,0,739"
"0/1","32,13","45","99","111,0,772"
"0/0","22,0","22","54","0,54,669"
"0/1","2,9","13","34","323,0,34"
"0/1","14,12","26","99","373,0,488"
"1/1","1,11","12","30","400,30,0"
"0/1","6,9","15","85","218,0,85"
"0/1","3,11","14","77","254,0,77"
"0/1","11,10","21","99","314,0,370"
"0/1","8,11","19","99","379,0,234"
"0/1","12,12","24","99","365,0,356"
"0/1","15,6","21","99","181,0,470"
"0/1","10,13","23","99","447,0,321"
"0/1","12,16","28","99","455,0,340"
"0/1","18,15","33","99","499,0,532"
"0/1","15,16","31","99","536,0,476"
"0/1","22,18","41","99","559,0,565"
"0/1","9,16","25","99","492,0,284"
"0/1","11,7","18","99","226,0,387"
"0/1","19,11","30","99","325,0,601"
"0/1","15,15","30","99","482,0,446"
"0/1","10,14","24","99","390,0,337"
"0/1","14,8","22","99","251,0,500"
"0/1","20,6","26","99","171,0,738"
"0/1","10,23","33","99","786,0,298"
"0/1","12,12","24","99","384,0,352"
"0/1","4,21","25","44","296,0,44"
"0/1","19,24","44","99","701,0,614"
"0/1","19,22","41","99","663,0,559"
"0/1","13,17","30","99","580,0,436"
"0/1","30,14","44","99","437,0,1013"
"0/1","11,10","21","99","256,0,314"
"0/1","15,17","32","99","552,0,491"
"0/1","19,21","40","99","697,0,605"
"0/1","12,21","33","99","741,0,385"
"0/1","15,14","29","99","440,0,507"
"0/1","13,15","28","99","503,0,434"
"0/1","12,4","16","77","77,0,437"
"0/1","6,12","18","99","367,0,177"
"0/1","15,25","40","99","808,0,414"
"0/1","14,22","36","99","716,0,380"
"0/1","19,16","35","99","516,0,583"
"0/1","26,21","47","99","669,0,784"
"0/1","18,12","30","99","385,0,589"
"0/1","10,10","20","99","344,0,345"
"0/1","9,13","22","99","407,0,299"
"0/1","19,8","27","99","227,0,622"
"0/1","9,14","23","99","494,0,224"
"0/1","19,11","30","99","323,0,654"
"0/1","18,16","34","99","511,0,578"
"0/1","9,13","22","99","457,0,261"
"0/1","12,13","25","99","405,0,389"
"0/1","17,11","28","99","294,0,540"
"0/1","19,6","25","99","156,0,664"
"0/1","6,10","16","99","307,0,191"
"0/1","17,14","31","99","439,0,584"
"0/1","11,16","27","99","513,0,328"
"0/1","19,10","29","99","281,0,589"
"0/1","13,12","26","99","323,0,270"
"0/1","12,8","20","99","251,0,423"
"0/0","16,0","17","48","0,48,620"
"0/0","17,1","18","51","0,51,655"
"0/1","24,14","38","99","447,0,797"
"0/1","25,12","37","99","369,0,834"
"0/1","25,11","36","99","336,0,827"
"0/1","26,11","37","99","332,0,865"
"0/1","25,12","37","99","363,0,842"
"0/1","12,12","24","99","378,0,342"
"0/1","9,11","20","99","388,0,262"
"0/1","13,10","23","99","309,0,421"
"0/1","12,14","26","99","428,0,291"
"0/1","20,14","34","99","399,0,644"
"0/1","15,17","32","99","463,0,310"
"0/1","4,14","18","52","240,0,52"
"0/1","16,12","28","99","390,0,560"
"0/1","20,12","32","99","308,0,640"
"0/1","10,16","26","99","516,0,280"
"0/1","8,11","19","99","341,0,237"
"0/1","18,15","33","99","510,0,589"
"0/1","12,19","31","99","675,0,393"
"0/1","15,11","26","99","365,0,421"
"0/1","15,11","26","99","367,0,405"
"0/0","31,0","31","90","0,90,1135"
"0/1","18,22","40","99","729,0,524"
"0/1","13,21","34","99","608,0,440"
"0/1","11,19","30","99","605,0,290"
"0/1","11,7","18","99","225,0,402"
"0/1","16,15","31","99","474,0,544"
"0/1","9,14","23","99","476,0,250"
"0/1","15,15","31","99","434,0,444"
"0/1","11,18","29","99","620,0,359"
"0/1","6,9","15","99","312,0,195"
"0/1","13,9","22","99","302,0,385"
"0/1","11,7","18","99","197,0,349"
"0/0","21,0","21","63","0,63,826"
"0/1","14,12","26","99","403,0,451"
"0/1","13,14","27","99","449,0,366"
"0/1","11,23","34","99","739,0,308"
"0/1","15,11","26","99","362,0,531"
"0/1","13,7","20","99","144,0,400"
"0/1","4,16","21","99","440,0,108"
"0/1","10,4","14","93","93,0,157"
"0/0","30,0","30","75","0,75,946"
"0/0","27,0","27","78","0,78,1022"
"0/1","5,9","14","99","277,0,166"
"0/0","31,0","31","90","0,90,1098"
"0/0","34,0","34","99","0,99,1290"
"0/0","35,0","35","99","0,99,1296"
"0/0","36,0","36","99","0,102,1339"
"0/0","35,0","35","93","0,93,1224"
"0/0","36,0","36","96","0,96,1268"
"0/1","17,19","36","99","589,0,462"
"0/1","18,10","28","99","324,0,601"
"0/1","17,19","36","99","651,0,559"
"0/1","13,13","26","99","439,0,428"
"0/1","12,14","26","99","489,0,351"
"0/1","19,18","37","99","577,0,609"
"0/1","15,11","26","99","350,0,479"
"0/1","23,10","35","99","269,0,799"
"0/1","17,13","30","99","429,0,566"
"0/1","12,9","21","99","303,0,428"
"0/1","7,7","14","99","233,0,244"
"0/1","9,12","21","99","387,0,303"
"0/1","17,10","27","99","330,0,526"
"0/1","8,13","21","99","439,0,199"
"0/1","11,15","26","99","532,0,358"
"0/1","14,8","22","99","174,0,504"
"0/1","11,19","30","99","687,0,340"
"0/1","21,8","29","99","178,0,673"
"0/1","24,6","30","99","112,0,710"
"0/1","18,11","29","99","327,0,546"
"0/1","8,14","22","99","468,0,259"
"0/1","12,13","25","99","442,0,409"
"0/1","8,13","21","99","287,0,177"
"0/1","13,15","28","99","509,0,401"
"0/1","20,20","40","99","377,0,512"
"0/1","13,14","27","99","456,0,422"
"0/1","6,10","16","99","364,0,185"
"0/0","24,3","30","48","0,48,536"
"0/1","5,8","13","99","283,0,163"
"0/1","12,13","25","99","449,0,409"
"0/1","19,31","50","99","814,0,609"
"0/1","21,9","30","99","273,0,697"
"0/1","10,11","21","99","384,0,282"
"0/1","9,8","17","99","273,0,311"
"0/0","10,0","10","30","0,30,385"
"0/0","11,0","11","33","0,33,411"
"0/0","11,0","11","30","0,30,375"
"0/0","12,0","12","36","0,36,450"
"0/0","13,0","13","39","0,39,496"
"0/0","12,0","12","36","0,36,471"
"0/0","11,0","11","33","0,33,429"
"0/0","11,0","11","33","0,33,434"
"0/0","11,0","11","33","0,33,438"
"0/1","4,7","11","98","209,0,98"
"0/0","11,0","11","30","0,30,394"
"0/0","11,0","11","30","0,30,388"
"0/0","10,0","10","24","0,24,312"
"0/0","9,0","9","24","0,24,316"
"0/0","9,0","9","24","0,24,323"
"0/0","9,0","9","24","0,24,326"
"0/0","9,0","9","24","0,24,324"
"0/0","9,0","9","24","0,24,323"
"0/0","9,0","9","24","0,24,323"
"0/0","9,0","9","24","0,24,319"
"0/0","9,0","9","24","0,24,323"
"0/0","9,0","9","24","0,24,321"
"0/0","11,0","11","27","0,27,363"
"0/1","10,9","19","99","304,0,349"
"0/1","10,13","23","99","449,0,325"
"0/1","11,15","26","99","535,0,378"
"0/1","6,12","18","99","402,0,194"
"0/1","11,11","22","99","377,0,350"
"0/1","11,16","27","99","526,0,319"
"0/1","12,9","21","99","301,0,382"
"0/1","12,17","29","99","415,0,386"
"0/1","22,19","41","99","638,0,736"
"0/1","20,17","37","99","530,0,614"
"0/1","21,22","43","99","752,0,675"
"0/1","15,15","30","99","518,0,502"
"0/1","16,14","30","99","446,0,566"
"0/1","16,12","28","99","397,0,465"
"0/1","16,19","35","99","628,0,467"
"0/1","14,21","35","99","706,0,448"
"0/1","14,18","32","99","594,0,465"
"0/1","17,14","31","99","469,0,517"
"0/1","14,16","30","99","482,0,429"
"0/1","20,10","30","99","279,0,642"
"0/1","9,12","21","99","386,0,294"
"0/1","9,14","23","99","458,0,299"
"0/1","8,7","15","99","222,0,284"
"0/1","8,7","15","99","237,0,274"
"0/1","10,15","25","99","488,0,335"
"0/1","14,12","26","99","406,0,474"
"0/1","11,13","24","99","460,0,368"
"0/1","16,18","34","99","624,0,549"
"0/1","16,19","35","99","592,0,471"
"0/1","18,12","30","99","400,0,600"
"0/1","19,14","33","99","454,0,576"
"0/1","11,12","23","99","264,0,301"
"0/1","7,13","21","99","123,0,183"
"0/1","7,11","18","99","389,0,228"
"0/0","10,0","10","27","0,27,343"
"0/1","17,23","40","99","729,0,490"
"0/1","18,10","28","99","308,0,607"
"0/1","11,13","24","99","425,0,378"
"0/1","10,12","22","99","390,0,346"
"0/1","8,9","17","99","312,0,257"
"0/1","8,6","14","99","197,0,265"
"0/1","12,8","20","99","252,0,421"
"0/1","14,12","26","99","347,0,449"
"0/1","8,11","19","99","303,0,239"
"0/1","17,6","23","99","170,0,550"
"0/1","19,20","39","99","531,0,451"
"0/1","25,18","43","99","604,0,788"
"0/1","3,14","17","52","223,0,52"
"0/1","19,13","32","99","404,0,661"
"0/1","11,16","27","99","526,0,356"
"0/1","14,22","36","99","726,0,412"
"0/1","12,20","32","99","681,0,357"
"0/1","14,19","33","99","620,0,463"
"0/1","17,14","31","99","355,0,471"
"0/1","17,19","36","99","593,0,508"
"0/1","21,16","37","99","442,0,622"
"0/1","17,23","40","99","492,0,492"
"0/1","16,11","27","99","376,0,533"
"0/1","12,17","29","99","529,0,334"
"0/1","9,8","17","99","149,0,176"
"0/1","17,11","28","99","272,0,468"
"0/1","19,19","38","99","554,0,596"
"0/1","8,9","17","99","201,0,191"
"0/0","11,0","12","21","0,21,267"
"0/1","15,13","28","99","379,0,520"
"0/1","13,15","28","99","366,0,396"
"0/1","20,13","33","69","69,0,399"
"0/1","15,12","27","99","325,0,516"
"0/1","10,20","30","99","677,0,305"
"0/1","20,18","38","99","509,0,669"
"0/1","11,19","30","99","610,0,344"
"0/1","10,8","18","99","266,0,340"
"0/1","20,10","30","99","248,0,659"
"0/1","18,15","33","99","426,0,515"
"0/1","14,22","36","99","763,0,380"
"0/1","6,5","13","68","68,0,204"
"0/1","13,17","30","99","586,0,409"
"0/1","13,14","27","99","436,0,357"
"0/1","14,9","24","99","286,0,394"
"0/1","12,18","31","99","583,0,405"
"0/1","19,12","31","99","319,0,628"
"0/1","13,16","29","99","573,0,370"
"0/1","13,10","23","99","317,0,434"
"0/1","18,10","28","99","297,0,607"
"0/1","19,10","29","99","329,0,653"
"0/1","12,10","22","99","301,0,383"
"0/1","8,7","15","99","169,0,231"
"0/1","6,12","18","99","402,0,191"
"0/0","14,0","14","12","0,12,136"
"0/1","14,12","26","99","406,0,461"
"0/0","25,0","25","72","0,72,950"
"0/1","13,24","37","99","805,0,410"
"0/1","14,18","32","99","584,0,446"
"0/1","14,20","34","99","699,0,443"
"0/1","17,15","32","99","437,0,579"
"0/1","15,10","25","99","332,0,517"
"0/1","23,19","42","99","561,0,689"
"0/1","16,15","32","99","380,0,149"
"0/0","13,0","13","36","0,36,471"
"0/0","15,0","15","39","0,39,506"
"0/0","15,0","15","42","0,42,551"
"0/0","15,0","15","42","0,42,539"
"0/0","18,0","18","51","0,51,647"
"0/0","18,0","18","51","0,51,663"
"0/0","18,0","18","51","0,51,657"
"0/0","18,0","18","51","0,51,665"
"0/0","19,0","19","54","0,54,708"
"0/0","19,0","19","51","0,51,659"
"0/0","19,0","19","54","0,54,695"
"0/0","19,0","19","54","0,54,700"
"0/0","20,0","20","57","0,57,739"
"0/0","20,0","20","57","0,57,737"
"0/0","20,0","20","54","0,54,724"
"0/0","20,0","20","54","0,54,728"
"0/1","8,17","25","99","527,0,216"
"0/1","17,20","37","99","614,0,502"
"0/1","10,16","27","99","548,0,288"
"0/1","7,4","12","99","133,0,204"
"0/0","13,1","14","36","0,36,489"
"0/1","9,1","10","15","15,0,295"
"0/1","6,13","19","99","432,0,193"
"0/1","34,5","39","4","4,0,1132"
"0/0","39,0","39","99","0,108,1458"
"0/0","35,0","35","99","0,99,1335"
"0/0","34,1","35","99","0,99,1315"
"0/0","34,0","34","99","0,99,1280"
"0/0","29,0","29","87","0,87,1146"
"0/0","35,0","35","99","0,105,1350"
"0/0","36,0","36","99","0,108,1403"
"0/0","34,0","34","99","0,99,1274"
"0/0","38,0","38","99","0,108,1413"
"0/1","30,9","39","99","175,0,830"
"0/1","18,5","23","99","102,0,532"
"0/0","27,0","27","78","0,78,1065"
"0/1","14,9","23","99","284,0,453"
"0/1","10,13","23","99","454,0,341"
"0/1","12,14","26","99","416,0,381"
"0/1","14,16","30","99","476,0,448"
"0/1","17,11","28","99","355,0,588"
"0/1","14,18","32","99","617,0,434"
"0/1","16,9","25","99","268,0,558"
"0/1","28,27","55","99","785,0,958"
"0/1","16,12","28","99","322,0,497"
"0/1","10,12","22","99","406,0,336"
"0/1","11,16","27","99","526,0,337"
"0/1","16,19","35","99","623,0,537"
"0/1","20,23","43","99","631,0,517"
"0/1","26,15","42","99","322,0,788"
"1/1","0,21","21","63","843,63,0"
"0/1","14,7","21","99","222,0,449"
"0/1","17,20","37","99","621,0,457"
"0/1","21,14","35","99","462,0,735"
"0/1","16,13","30","99","267,0,274"
"0/0","41,0","41","99","0,108,1405"
"0/1","10,15","25","99","455,0,317"
"0/1","8,16","25","99","566,0,239"
"0/1","18,13","31","99","416,0,609"
"0/1","15,17","32","99","567,0,489"
"0/1","9,11","20","99","393,0,224"
"0/1","8,10","18","99","359,0,224"
"0/0","7,0","7","18","0,18,247"
"0/1","13,9","22","99","281,0,441"
"0/1","12,9","21","99","303,0,380"
"0/0","36,0","36","99","0,105,1399"
"0/1","19,10","29","99","281,0,671"
"0/1","49,18","67","99","153,0,1082"
"0/1","23,11","34","99","272,0,484"
"0/1","11,15","26","99","525,0,164"
"0/1","14,15","29","99","485,0,472"
"0/1","10,12","22","99","426,0,298"
"0/1","14,12","26","99","362,0,443"
"0/1","10,22","32","99","743,0,311"
"0/0","41,0","41","99","0,120,1586"
"0/1","19,16","35","99","535,0,588"
"0/1","10,13","23","99","447,0,325"
"0/1","11,10","21","99","346,0,347"
"0/1","8,7","15","99","235,0,279"
"0/1","19,11","30","99","357,0,635"
"0/1","7,13","20","99","438,0,225"
"0/1","10,11","21","99","392,0,295"
"0/0","22,0","22","57","0,57,739"
"0/0","15,0","16","39","0,39,501"
"0/0","17,1","18","45","0,45,578"
"0/1","13,14","27","99","434,0,396"
"0/1","9,10","19","99","351,0,279"
"0/1","18,17","35","99","575,0,531"
"0/1","17,9","26","99","257,0,536"
"0/1","11,8","20","99","239,0,288"
"0/1","21,17","38","99","550,0,695"
"0/1","15,12","27","99","391,0,511"
"0/1","14,7","21","99","221,0,509"
"0/1","8,6","14","99","166,0,290"
"0/1","11,9","20","99","276,0,353"
"0/1","8,17","25","99","602,0,232"
"0/1","10,11","21","99","338,0,316"
"0/1","14,12","26","99","348,0,440"
"0/1","39,25","64","99","779,0,1274"
"0/1","29,29","58","99","878,0,1008"
"0/1","30,26","56","99","809,0,1028"
"0/1","34,33","67","99","1051,0,1185"
"0/1","33,25","58","99","812,0,1096"
"0/1","45,6","51","86","86,0,1609"
"0/1","35,38","73","99","1232,0,1128"
"0/1","31,29","60","99","918,0,1042"
"0/1","16,19","35","99","654,0,532"
"0/1","23,5","30","99","108,0,586"
"0/1","41,12","53","99","180,0,1114"
"0/1","35,14","49","99","269,0,1038"
"0/1","42,14","56","99","258,0,1200"
"0/1","21,8","29","99","215,0,660"
"0/1","29,8","37","99","184,0,977"
"0/1","28,8","36","99","178,0,971"
"0/1","26,6","32","99","131,0,937"
"0/1","21,18","39","99","623,0,631"
"0/1","26,7","33","99","145,0,934"
"0/1","37,5","42","80","80,0,1217"
"0/1","34,6","40","91","91,0,1134"
"0/1","35,7","42","99","143,0,1281"
"0/1","42,6","48","99","116,0,1304"
"0/1","43,6","49","81","81,0,1333"
"0/1","31,8","39","67","67,0,930"
"0/1","16,18","34","99","587,0,401"
"0/1","14,18","32","99","608,0,445"
"0/1","14,12","26","99","396,0,397"
"0/1","14,13","27","99","399,0,386"
"0/1","14,6","20","99","171,0,395"
"0/1","10,11","21","99","351,0,205"
"0/1","11,10","21","99","270,0,369"
"0/1","15,14","29","99","376,0,442"
"0/1","18,12","30","99","388,0,513"
"0/0","37,0","37","90","0,90,1172"
"0/1","22,15","37","99","425,0,589"
"0/1","24,15","39","99","457,0,610"
"0/1","22,14","36","99","410,0,652"
"0/1","20,24","44","99","674,0,655"
"0/1","22,11","33","99","304,0,707"
"0/1","20,11","31","99","292,0,628"
"0/1","15,8","23","99","104,0,491"
"0/1","73,15","88","99","260,0,2578"
"0/1","20,21,14","55","99","674,0,619,203,154,840"
"0/1","45,9","54","99","214,0,1513"
"0/1","46,9","55","99","204,0,1515"
"0/1","47,14","61","99","348,0,1567"
"0/1","42,15","57","99","372,0,1444"
"0/1","42,14","56","99","304,0,1417"
"0/1","39,14","53","99","358,0,1219"
"0/1","48,8","56","99","163,0,1612"
"0/1","46,8","54","99","178,0,1504"
"0/1","42,15","57","99","406,0,1382"
"0/1","42,14","56","99","404,0,1372"
"0/1","45,6","51","91","91,0,1568"
"0/1","7,39","46","99","1331,0,155"
"0/1","11,53","64","99","1669,0,280"
"0/1","17,21","38","99","676,0,493"
"0/1","12,14","26","99","496,0,363"
"0/1","15,18","33","99","574,0,508"
"0/1","14,16","30","99","514,0,477"
"0/0","29,7","36","21","0,21,954"
"0/1","16,13","29","99","414,0,510"
"0/1","11,14","25","99","467,0,365"
"0/1","15,22","37","99","646,0,470"
"0/1","15,21","36","99","701,0,503"
"0/1","22,11","33","99","348,0,571"
"0/1","13,11","24","99","319,0,396"
"0/1","72,13","85","99","270,0,2271"
"0/1","74,18","92","99","412,0,2367"
"0/1","19,12","31","99","378,0,670"
"0/1","15,11","26","99","368,0,523"
"0/0","18,0","18","45","0,45,606"
"0/1","9,9","18","99","313,0,301"
"0/1","11,14","25","99","455,0,341"
"0/1","20,18","38","99","614,0,697"
"0/1","11,9","20","99","301,0,380"
"0/1","9,10","19","99","343,0,291"
"0/1","12,17","29","99","401,0,404"
"0/1","17,17","34","99","576,0,533"
"0/1","10,15","25","99","525,0,321"
"0/1","13,17","31","99","603,0,429"
"0/1","30,15","45","99","456,0,1027"
"0/1","16,13","29","99","427,0,473"
"0/1","12,12","24","99","337,0,374"
"0/1","14,5","19","99","149,0,478"
"0/1","16,27","43","99","923,0,417"
"0/1","11,9","21","99","292,0,330"
"0/1","11,28","39","99","863,0,313"
"0/1","10,9","19","99","309,0,311"
"0/1","19,5","24","99","101,0,664"
"0/1","7,13","20","99","473,0,222"
"0/1","15,9","24","99","244,0,460"
"0/1","2,7","9","21","207,0,21"
"0/1","3,20","24","13","193,0,13"
"0/1","16,8","24","99","232,0,474"
"0/1","11,13","24","99","455,0,384"
"0/1","15,6","21","99","153,0,464"
"0/1","21,12","33","99","356,0,742"
"0/1","20,15","35","99","441,0,671"
"0/1","19,16","35","99","501,0,575"
"0/1","8,13","21","99","470,0,266"
"0/1","11,10","21","99","346,0,378"
"0/1","12,9","21","99","270,0,436"
"0/1","9,9","18","99","308,0,311"
"0/1","9,12","21","99","391,0,271"
"0/1","9,12","21","99","390,0,273"
"0/1","10,12","22","99","408,0,264"
"0/1","26,16","42","99","519,0,891"
"0/1","12,11","23","99","301,0,414"
"1/1","0,17","17","42","571,42,0"
"0/1","10,11","21","99","380,0,310"
"0/1","12,12","24","99","375,0,369"
"0/1","24,14","38","99","455,0,797"
"0/1","10,13","23","99","443,0,336"
"0/1","20,10","30","99","233,0,605"
"0/1","5,11","16","99","392,0,117"
"0/1","14,3","17","72","72,0,498"
"0/1","7,8","15","99","250,0,211"
"0/0","20,0","21","51","0,51,665"
"0/0","31,0","31","93","0,93,1247"
"0/1","12,19","31","99","632,0,388"
"0/1","14,12","26","99","394,0,447"
"0/1","16,17","33","99","510,0,551"
"0/1","11,16","27","99","547,0,371"
"0/1","11,5","16","99","155,0,355"
"0/1","14,7","21","99","229,0,451"
"0/1","13,20","33","99","648,0,367"
"0/1","7,10","17","99","325,0,232"
"0/1","20,22","42","99","645,0,581"
"0/1","16,18","34","99","566,0,491"
"0/1","27,11","46","99","186,0,777"
"0/1","37,7","46","77","77,0,1106"
"0/1","40,10","50","34","34,0,1257"
"0/1","41,12","53","99","171,0,1279"
"0/1","40,5","46","69","69,0,1144"
"0/1","12,10","22","99","334,0,306"
"0/1","11,14","25","99","460,0,380"
"0/1","19,17","36","99","541,0,588"
"0/0","26,0","26","69","0,69,926"
"0/1","18,23","41","99","707,0,478"
"0/1","33,14","47","99","147,0,1115"
"0/2","57,16,29","102","99","733,438,2218,0,1368,1744"
"1/1","0,24","24","66","903,66,0"
"1/1","0,16","16","45","619,45,0"
"0/1","9,16","25","99","534,0,289"
"0/1","14,13","27","99","440,0,451"
"0/1","9,12","21","99","423,0,272"
"0/1","15,11","26","99","359,0,535"
"1/1","0,16","16","48","632,48,0"
"0/1","2,10","12","47","371,0,47"
"0/1","10,14","24","99","493,0,329"
"0/0","19,0","19","48","0,48,646"
"0/0","22,0","22","63","0,63,819"
"0/1","16,24","40","99","714,0,525"
"0/1","13,12","25","99","400,0,449"
"0/1","11,9","20","99","232,0,300"
"0/1","16,9","25","99","284,0,526"
"0/1","27,21","48","99","638,0,832"
"0/1","30,19","49","99","628,0,982"
"0/1","28,13","41","99","316,0,995"
"0/1","10,10","20","99","344,0,339"
"0/1","7,5","12","99","103,0,172"
"0/1","9,15","24","99","535,0,266"
"0/1","10,9","19","99","315,0,315"
"0/1","6,11","17","99","367,0,197"
"0/1","11,10","21","99","328,0,330"
"0/1","10,19","29","99","623,0,310"
"0/1","12,18","30","99","404,0,297"
"0/1","14,11","25","99","320,0,469"
"0/1","15,16","31","99","551,0,513"
"0/1","12,13","25","99","413,0,378"
"0/0","36,0","36","99","0,102,1328"
"0/0","19,0","19","57","0,57,759"
"0/1","23,19","42","99","562,0,737"
"0/1","20,22","42","99","705,0,599"
"0/1","19,20","39","99","688,0,642"
"0/1","20,23","43","99","784,0,622"
"0/1","13,17","30","99","580,0,437"
"0/1","15,20","35","99","632,0,497"
"0/1","25,17","42","99","519,0,793"
"0/1","16,23","39","99","761,0,506"
"0/1","16,27","43","99","892,0,514"
"0/1","6,11","17","99","384,0,192"
"0/1","8,6","14","99","191,0,283"
"0/1","12,10","22","99","343,0,421"
"0/1","10,14","24","99","443,0,331"
"0/1","15,17","32","99","529,0,509"
"0/1","17,15","32","99","506,0,587"
"0/1","19,15","34","99","505,0,660"
"0/1","23,21","44","99","632,0,793"
"0/1","17,19","36","99","598,0,492"
"0/1","19,19","38","99","648,0,576"
"0/1","15,21","36","99","681,0,423"
"0/1","12,21","33","99","686,0,348"
"0/1","13,18","31","99","571,0,275"
"0/1","11,14","25","99","454,0,335"
"0/1","11,9","20","99","276,0,349"
"0/1","7,8","15","99","287,0,205"
"0/1","8,9","17","99","311,0,276"
"0/1","11,11","22","99","381,0,356"
"0/1","9,13","22","99","463,0,293"
"0/1","8,13","21","99","466,0,267"
"0/1","9,13","22","99","470,0,303"
"0/1","14,11","25","99","372,0,465"
"0/1","12,13","25","99","415,0,414"
"0/1","7,9","16","99","275,0,225"
"0/1","8,10","18","99","349,0,268"
"0/1","8,21","29","99","724,0,246"
"0/1","13,17","30","99","603,0,440"
"0/1","15,6","21","99","185,0,517"
"0/1","4,15","19","99","543,0,105"
"0/1","3,13","16","74","475,0,74"
"0/1","9,13","22","99","458,0,233"
"0/1","8,23","32","84","608,0,84"
"0/1","13,17","30","99","549,0,430"
"0/1","20,19","39","99","593,0,649"
"0/1","22,17","40","99","359,0,440"
"0/1","15,13","29","99","351,0,149"
"0/1","11,6","17","99","199,0,361"
"0/1","12,14","26","99","482,0,406"
"0/1","18,14","32","99","417,0,557"
"0/1","11,23","34","99","707,0,305"
"0/1","13,19","32","99","584,0,418"
"0/1","15,11","26","99","369,0,519"
"0/1","12,18","30","99","590,0,363"
"0/1","7,9","16","99","291,0,171"
"0/1","14,13","27","99","448,0,437"
"0/1","15,13","28","99","442,0,478"
"0/1","14,14","28","99","454,0,428"
"0/1","11,16","27","99","509,0,351"
"0/1","13,12","25","99","402,0,427"
"0/1","10,9","19","99","309,0,291"
"0/1","11,10","21","99","331,0,357"
"0/1","12,8","20","99","265,0,402"
"0/1","15,2","17","29","29,0,542"
"0/1","15,2","17","26","26,0,542"
"0/1","14,2","16","35","35,0,470"
"0/1","13,10","23","99","334,0,460"
"0/1","13,9","22","99","301,0,470"
"0/1","8,9","17","99","272,0,232"
"0/1","7,11","18","99","321,0,195"
"0/1","14,6","20","99","114,0,497"
"0/1","14,6","20","99","148,0,492"
"0/1","13,9","22","99","296,0,405"
"0/1","8,7","15","99","195,0,287"
"0/1","8,8","16","99","228,0,275"
"0/1","8,8","16","99","241,0,275"
"0/1","6,12","18","99","422,0,186"
"0/1","6,11","17","99","396,0,145"
"0/1","4,10","14","99","361,0,108"
"0/1","9,11","20","99","379,0,309"
"0/1","12,10","22","99","331,0,417"
"0/1","11,5","16","99","151,0,398"
"0/1","7,5","12","99","146,0,239"
"0/1","6,6","12","99","206,0,204"
"0/1","5,8","13","99","290,0,166"
"0/1","5,8","13","99","291,0,168"
"0/1","5,8","13","99","290,0,161"
"0/1","5,8","13","99","291,0,168"
"0/1","8,9","17","99","309,0,260"
"0/1","8,8","16","99","273,0,267"
"0/1","8,7","15","99","242,0,279"
"0/1","9,7","16","99","238,0,309"
"0/1","11,5","16","99","151,0,363"
"0/1","11,5","16","99","151,0,387"
"0/1","11,11","22","99","366,0,373"
"0/1","10,10","20","99","344,0,339"
"0/1","9,11","20","99","356,0,267"
"0/1","15,8","23","99","262,0,459"
"0/1","16,5","21","99","147,0,517"
"0/1","11,10","21","99","338,0,347"
"0/1","12,10","22","99","343,0,384"
"0/1","10,11","21","99","344,0,341"
"0/1","12,11","23","99","313,0,392"
"0/1","8,11","19","99","350,0,265"
"0/1","7,7","14","99","206,0,212"
"0/1","9,6","15","99","192,0,288"
"0/1","8,10","18","99","329,0,257"
"0/1","5,9","14","99","311,0,155"
"0/1","5,9","14","99","317,0,158"
"0/1","6,16","22","99","509,0,179"
"0/1","17,6","23","99","180,0,497"
"0/1","6,16","22","99","470,0,180"
"0/1","7,15","22","99","503,0,217"
"0/1","6,13","19","99","421,0,189"
"0/1","5,11","16","99","384,0,159"
"0/1","8,2","10","47","47,0,290"
"0/1","10,6","16","99","198,0,346"
"0/1","10,7","17","99","232,0,350"
"0/1","13,9","22","99","306,0,461"
"0/1","11,8","19","99","275,0,393"
"0/1","7,10","17","99","355,0,230"
"0/1","7,9","16","99","322,0,239"
"0/1","8,9","17","99","312,0,278"
"0/1","8,7","15","99","234,0,280"
"0/1","7,10","17","99","350,0,234"
"0/1","6,8","14","99","274,0,205"
"0/1","5,13","18","99","450,0,136"
"0/1","8,18","26","99","603,0,251"
"0/1","12,19","31","99","619,0,379"
"0/1","10,15","25","99","494,0,335"
"0/1","10,15","25","99","501,0,279"
"0/1","10,15","25","99","529,0,292"
"0/1","10,14","24","99","492,0,330"
"0/1","8,12","20","99","427,0,226"
"0/1","10,10","20","99","307,0,350"
"0/1","15,12","27","99","403,0,470"
"0/1","13,12","25","99","411,0,448"
"0/1","15,12","27","99","397,0,443"
"0/1","13,10","23","99","331,0,418"
"0/1","13,9","22","99","303,0,430"
"0/1","19,8","27","99","243,0,624"
"0/1","21,7","28","99","162,0,722"
"0/1","22,13","35","99","387,0,745"
"0/1","20,13","33","99","399,0,684"
"0/1","18,15","33","99","509,0,603"
"0/1","19,16","35","99","515,0,609"
"0/1","20,18","38","99","575,0,681"
"0/1","25,18","43","99","515,0,854"
"0/1","23,14","38","99","421,0,793"
"0/1","24,15","39","99","453,0,770"
"0/1","23,12","35","99","394,0,651"
"0/1","19,11","30","99","353,0,559"
"0/1","11,15","27","99","494,0,331"
"0/1","10,17","27","99","514,0,329"
"0/1","16,15","31","99","447,0,561"
"0/1","20,15","35","99","465,0,703"
"0/1","19,16","35","99","497,0,576"
"0/1","22,19","42","99","587,0,580"
"0/1","19,20","39","99","650,0,586"
"0/1","21,22","43","99","755,0,600"
"0/1","21,16","37","99","496,0,717"
"0/1","22,15","37","99","483,0,748"
"0/1","20,21","41","99","665,0,536"
"0/1","20,21","41","99","698,0,564"
"0/1","20,21","41","99","681,0,580"
"0/1","22,13","35","99","383,0,761"
"0/1","23,15","38","99","454,0,765"
"0/1","20,14","34","99","467,0,677"
"0/1","18,17","35","99","568,0,584"
"0/1","22,21","43","99","683,0,723"
"0/1","17,17","34","99","552,0,527"
"0/1","17,16","33","99","481,0,552"
"0/1","8,16","24","99","540,0,250"
"0/1","9,18","27","99","566,0,267"
"0/1","9,16","25","99","542,0,284"
"0/1","10,16","26","99","545,0,281"
"0/1","11,14","25","99","505,0,274"
"0/1","12,13","26","99","464,0,343"
"0/1","11,14","25","99","493,0,328"
"0/1","9,14","23","99","500,0,260"
"0/1","10,14","24","99","471,0,296"
"0/1","13,12","25","99","397,0,437"
"0/1","15,13","28","99","435,0,504"
"0/1","17,13","30","99","447,0,556"
"0/1","21,16","37","99","520,0,660"
"0/1","19,13","32","99","367,0,668"
"0/1","11,11","22","99","344,0,384"
"0/1","10,10","20","99","329,0,347"
"0/1","10,12","22","99","326,0,350"
"0/1","9,8","17","99","239,0,321"
"0/1","11,8","19","99","256,0,380"
"0/1","10,7","17","99","224,0,301"
"0/1","14,9","23","99","293,0,445"
"0/1","14,5","19","99","150,0,456"
"0/1","13,6","19","99","189,0,401"
"0/1","13,4","17","99","114,0,435"
"0/1","12,7","19","99","227,0,427"
"0/1","6,11","17","99","365,0,196"
"0/1","11,12","23","99","372,0,372"
"0/1","11,13","24","99","392,0,344"
"0/1","12,5","17","99","149,0,399"
"0/1","4,12","16","99","398,0,117"
"0/1","13,4","17","99","112,0,432"
"0/1","9,11","20","99","352,0,293"
"0/1","19,17","36","99","518,0,624"
"0/1","19,17","36","99","546,0,622"
"0/1","18,16","34","99","488,0,610"
"0/1","19,17","36","99","496,0,647"
"0/1","16,14","30","99","427,0,551"
"0/1","18,14","32","99","445,0,586"
"0/1","20,19","39","99","655,0,610"
"0/1","6,35","41","99","1222,0,120"
"0/1","17,19","36","99","589,0,561"
"0/1","14,18","32","99","488,0,475"
"0/1","16,21","37","99","719,0,511"
"0/1","12,13","25","99","411,0,410"
"0/1","6,10","16","99","359,0,190"
"0/1","6,10","16","99","354,0,182"
"0/1","8,10","18","99","332,0,275"
"0/1","10,10","20","99","339,0,323"
"0/1","9,6","15","99","192,0,321"
"0/1","9,5","14","99","162,0,310"
"0/1","9,5","14","99","165,0,301"
"0/1","7,11","18","99","347,0,222"
"0/1","6,11","17","99","381,0,192"
"0/1","10,10","20","99","296,0,355"
"0/1","12,11","23","99","338,0,417"
"0/1","11,12","23","99","341,0,384"
"0/1","14,11","25","99","340,0,494"
"0/1","14,14","28","99","443,0,483"
"0/1","11,14","26","99","378,0,363"
"0/1","9,16","25","99","498,0,255"
"0/1","9,16","25","99","487,0,248"
"0/1","8,19","27","99","616,0,246"
"0/1","10,15","25","99","529,0,321"
"0/1","11,14","25","99","475,0,365"
"0/1","11,12","23","99","405,0,337"
"0/1","10,24","34","99","861,0,222"
"0/1","16,14","30","99","464,0,559"
"0/1","14,17","31","99","514,0,400"
"0/1","14,19","33","99","645,0,397"
"0/1","14,22","36","99","730,0,376"
"0/1","20,23","43","99","766,0,594"
"0/1","12,20","32","99","683,0,371"
"0/1","12,20","32","99","650,0,372"
"0/1","11,18","29","99","609,0,311"
"0/1","10,15","25","99","500,0,314"
"0/1","8,13","21","99","429,0,244"
"0/1","15,8","23","99","260,0,497"
"0/1","16,7","23","99","185,0,502"
"0/1","19,8","27","99","258,0,544"
"0/1","20,9","29","99","285,0,581"
"0/1","11,17","28","99","556,0,363"
"0/1","11,17","28","99","555,0,365"
"0/1","10,17","27","99","560,0,329"
"0/1","9,11","20","99","389,0,306"
"0/1","10,9","19","99","309,0,339"
"0/1","8,9","17","99","312,0,270"
"0/1","8,9","17","99","310,0,266"
"0/1","11,11","22","99","343,0,385"
"0/1","12,8","20","99","262,0,429"
"0/1","14,7","21","99","226,0,460"
"0/1","14,8","22","99","261,0,471"
"0/1","14,8","22","99","255,0,466"
"0/1","13,8","21","99","264,0,453"
"0/1","8,8","16","99","267,0,232"
"0/1","11,10","21","99","342,0,388"
"0/1","12,14","26","99","463,0,345"
"0/1","11,16","27","99","558,0,332"
"0/1","14,16","30","99","530,0,429"
"0/1","11,13","24","99","377,0,386"
"0/1","12,14","26","99","423,0,383"
"0/1","13,14","27","99","425,0,392"
"0/1","12,14","26","99","417,0,358"
"0/1","13,10","23","99","300,0,413"
"0/1","13,10","23","99","309,0,415"
"0/1","13,12","25","99","367,0,410"
"0/1","17,12","29","99","335,0,579"
"0/1","12,12","24","99","415,0,407"
"0/1","11,14","25","99","426,0,368"
"0/1","12,13","25","99","463,0,309"
"0/1","14,14","28","99","476,0,445"
"0/1","11,12","23","99","428,0,330"
"0/1","16,16","33","99","431,0,465"
"0/1","20,17","37","99","541,0,694"
"0/0","29,0","29","75","0,75,898"
"0/1","16,25","41","99","826,0,516"
"0/1","9,9","18","99","318,0,284"
"0/1","13,10","23","99","314,0,356"
"0/1","9,9","18","99","311,0,308"
"0/1","9,11","20","99","392,0,286"
"0/1","11,10","21","99","346,0,343"
"0/1","10,12","22","99","420,0,305"
"0/1","15,8","23","99","217,0,514"
"0/1","15,10","25","99","330,0,497"
"0/1","14,14","28","99","403,0,477"
"0/1","20,17","37","99","469,0,587"
"0/1","15,9","24","99","290,0,497"
"0/1","12,18","30","99","530,0,400"
"0/1","9,18","27","99","544,0,258"
"0/1","10,13","23","99","459,0,296"
"0/1","10,14","24","99","454,0,335"
"0/1","9,9","18","99","282,0,315"
"0/1","10,12","22","99","426,0,324"
"0/1","16,14","30","99","440,0,551"
"0/1","13,16","29","99","563,0,442"
"0/0","27,0","28","72","0,72,931"
"0/1","11,8","19","99","268,0,374"
"0/1","18,15","33","99","499,0,611"
"0/1","7,6","13","99","204,0,250"
"0/1","19,8","27","99","240,0,670"
"0/1","10,14","24","99","498,0,332"
"0/1","20,10","30","99","253,0,675"
"0/1","11,9","20","99","283,0,369"
"0/1","11,6","17","99","154,0,371"
"0/1","19,10","29","99","292,0,598"
"0/1","17,10","27","99","298,0,537"
"0/1","12,11","23","99","378,0,420"
"0/1","14,5","19","99","146,0,504"
"0/1","11,11","22","99","373,0,377"
"0/1","17,23","40","99","817,0,532"
"0/1","14,12","26","99","414,0,440"
"0/1","7,16","23","99","491,0,219"
"0/1","17,5","22","99","145,0,543"
"0/1","13,10","23","99","296,0,400"
"0/1","10,13","23","99","366,0,327"
"0/1","6,15","21","99","514,0,149"
"0/1","12,14","26","99","484,0,383"
"0/1","19,17","36","99","586,0,583"
"0/1","11,16","27","99","545,0,366"
"0/1","14,19","33","99","632,0,466"
"0/1","8,8","16","99","279,0,275"
"0/1","11,10","22","99","273,0,351"
"0/1","12,13","25","99","415,0,375"
"0/1","21,14","35","99","454,0,699"
"0/1","19,18","37","99","581,0,641"
"0/1","10,11","22","99","386,0,305"
"0/1","13,15","28","99","526,0,359"
"0/1","21,20","41","99","682,0,658"
"0/1","10,10","20","99","316,0,352"
"0/1","10,13","23","99","420,0,345"
"0/0","44,1","45","89","0,89,1617"
"0/0","26,1","27","48","0,48,1000"
"1/1","0,23","23","69","908,69,0"
"0/1","28,9","38","99","124,0,500"
"0/1","36,11","47","99","294,0,1187"
"0/1","46,18","64","99","360,0,1473"
"0/1","24,21","45","99","694,0,692"
"0/1","10,8","18","99","274,0,309"
"0/1","16,7","23","99","187,0,550"
"0/1","13,19","32","99","668,0,347"
"0/1","16,3","20","68","68,0,560"
"0/1","10,15","25","99","498,0,329"
"0/1","15,10","25","99","298,0,539"
"0/1","9,11","20","99","347,0,274"
"0/1","14,13","27","99","408,0,365"
"0/1","14,17","31","99","591,0,440"
"0/1","12,9","21","99","296,0,421"
"0/1","12,12","24","99","415,0,395"
"0/1","14,12","26","99","390,0,441"
"0/1","14,8","22","99","256,0,430"
"0/1","12,12","24","99","399,0,408"
"0/0","10,3","15","18","0,18,214"
"0/1","9,6","18","99","121,0,155"
"0/1","13,22","35","99","736,0,417"
"0/1","18,13","31","99","415,0,624"
"0/1","17,12","29","99","379,0,512"
"0/1","11,9","20","99","292,0,377"
"0/1","10,7","17","99","233,0,359"
"0/1","14,7","21","99","215,0,474"
"0/1","8,13","21","99","459,0,263"
"0/1","10,6","16","99","197,0,362"
"0/1","8,8","16","99","275,0,264"
"0/1","10,16","26","99","568,0,321"
"0/1","12,12","24","99","372,0,419"
"0/1","17,16","33","99","549,0,544"
"0/1","19,14","33","99","437,0,646"
"0/1","6,16","22","99","550,0,174"
"0/1","8,16","24","99","525,0,248"
"0/1","15,13","28","99","449,0,463"
"0/1","16,18","34","99","605,0,544"
"0/1","19,13","32","99","390,0,555"
"0/1","16,5","21","99","139,0,594"
"0/1","13,14","27","99","450,0,363"
"0/1","11,8","19","99","268,0,355"
"0/1","20,15","35","99","468,0,703"
"0/1","14,11","25","99","335,0,437"
"0/1","12,6","18","99","195,0,435"
"0/1","14,5","19","99","146,0,466"
"0/1","22,23","45","99","747,0,730"
"0/1","16,17","33","99","545,0,487"
"0/1","21,18","39","99","582,0,667"
"0/1","8,12","20","99","361,0,229"
"0/1","10,14","24","99","470,0,321"
"0/1","7,13","20","99","421,0,227"
"0/1","9,10","19","99","316,0,310"
"0/1","9,6","15","99","199,0,324"
"0/1","5,5","10","99","141,0,172"
"0/1","18,12","30","99","356,0,558"
"0/1","7,9","16","99","285,0,244"
"0/1","14,7","21","99","215,0,480"
"0/0","16,0","16","45","0,45,570"
"1/1","0,19","19","48","620,48,0"
"0/1","20,7","27","99","201,0,742"
"0/1","13,12","25","99","405,0,376"
"0/1","20,9","29","99","234,0,537"
"0/1","20,7","28","98","98,0,584"
"0/1","21,20","41","99","621,0,675"
"0/1","15,10","25","99","319,0,497"
"0/1","18,6","24","99","170,0,636"
"0/1","26,14","40","99","445,0,884"
"0/1","17,18","35","99","558,0,573"
"0/1","16,21","37","99","673,0,475"
"0/1","6,6","12","99","207,0,192"
"0/1","6,6","12","99","189,0,206"
"0/1","13,6","19","99","192,0,387"
"0/1","10,10","20","99","341,0,347"
"0/1","6,7","13","99","178,0,207"
"0/1","10,17","27","99","539,0,328"
"0/1","9,16","25","99","535,0,277"
"0/1","8,9","17","99","318,0,276"
"0/0","16,0","16","45","0,45,596"
"0/1","6,11","17","99","346,0,197"
"0/1","13,13","26","99","423,0,409"
"0/1","13,4","17","99","114,0,475"
"0/1","16,19","35","99","643,0,516"
"0/1","16,12","28","99","355,0,494"
"0/1","19,19","39","99","640,0,640"
"0/1","26,19","45","99","636,0,778"
"0/1","25,17","42","99","513,0,712"
"0/1","16,23","39","99","732,0,480"
"0/1","11,17","28","99","577,0,297"
"0/1","14,18","32","99","585,0,455"
"0/1","11,9","20","99","226,0,381"
"0/1","11,14","25","99","423,0,377"
"0/1","15,13","28","99","426,0,486"
"0/1","18,23","41","99","724,0,606"
"0/1","20,21","41","99","651,0,617"
"0/1","21,15","37","99","323,0,659"
"0/1","14,20","34","99","661,0,448"
"0/1","14,16","30","99","522,0,440"
"0/1","10,6","16","99","197,0,358"
"0/1","9,11","20","99","343,0,305"
"0/1","9,12","21","99","390,0,268"
"0/0","31,5","36","19","0,19,1158"
"0/1","15,32","47","99","1160,0,330"
"0/1","32,9","41","99","150,0,1151"
"0/1","49,13","62","99","236,0,1722"
"0/1","12,14","26","99","488,0,397"
"0/1","6,11","17","99","374,0,183"
"0/1","10,12","22","99","420,0,331"
"0/1","14,7","21","99","228,0,445"
"0/1","16,17","33","99","565,0,369"
"0/1","13,11","24","99","377,0,437"
"0/1","18,19","37","99","575,0,550"
"0/1","12,8","20","99","275,0,321"
"0/1","15,13","28","99","386,0,466"
"0/1","11,9","20","99","307,0,379"
"0/1","10,9","19","99","308,0,355"
"0/1","11,6","17","99","169,0,345"
"0/1","8,6","14","99","185,0,282"
"1/2","1,16,10","27","99","917,353,327,548,0,538"
"0/1","20,15","35","99","432,0,575"
"0/1","18,8","26","99","192,0,581"
"0/1","17,16","33","99","452,0,500"
"0/1","17,13","30","99","428,0,607"
"0/1","16,17","33","99","589,0,503"
"0/0","36,0","36","99","0,105,1410"
"0/1","13,11","24","99","296,0,418"
"0/0","17,1","19","8","0,8,520"
"0/1","14,12","26","99","399,0,479"
"0/1","11,13","24","99","454,0,367"
"0/1","11,15","26","99","497,0,366"
"0/1","8,7","15","99","190,0,285"
"0/1","14,11","25","99","335,0,496"
"0/1","14,17","31","99","546,0,436"
"0/1","9,11","20","99","387,0,291"
"0/1","16,17","33","99","556,0,518"
"0/1","11,17","28","99","540,0,286"
"0/1","14,8","22","99","244,0,423"
"0/1","15,13","28","99","388,0,516"
"0/1","9,6","15","99","191,0,317"
"0/1","10,20","30","99","668,0,315"
"0/1","7,12","19","99","427,0,211"
"0/1","12,11","23","99","371,0,420"
"0/1","17,14","31","99","431,0,571"
"0/1","12,20","32","99","625,0,392"
"0/1","17,16","33","99","479,0,515"
"0/1","20,13","33","99","385,0,676"
"0/1","13,5","18","81","81,0,376"
"0/1","12,10","22","99","344,0,415"
"0/1","20,6","26","99","167,0,702"
"0/1","4,4","8","99","136,0,121"
"0/1","11,13","24","99","403,0,328"
"0/1","15,11","26","99","374,0,455"
"0/1","12,6","18","99","191,0,401"
"0/1","17,11","28","99","331,0,609"
"0/1","8,6","14","99","203,0,281"
"0/1","9,7","20","99","198,0,188"
"0/1","19,10","29","99","288,0,516"
"0/1","18,15","33","99","414,0,474"
"0/1","19,12","31","99","369,0,509"
"0/1","11,12","23","99","397,0,300"
"0/1","15,16","31","99","513,0,455"
"0/1","15,8","23","99","260,0,534"
"0/1","13,14","27","99","485,0,375"
"0/1","10,21","31","99","673,0,158"
"0/1","18,11","29","99","310,0,632"
"0/1","14,13","27","99","393,0,423"
"1/1","0,1","1","3","40,3,0"
"0/1","15,17","32","99","415,0,496"
"0/1","18,17","35","99","548,0,590"
"0/1","13,22","35","99","669,0,436"
"0/1","25,23","48","99","712,0,794"
"0/1","21,14","35","99","459,0,745"
"0/1","11,6","17","99","192,0,362"
"0/1","11,13","24","99","417,0,351"
"0/1","14,8","22","99","220,0,364"
"0/1","17,15","32","99","413,0,546"
"0/1","13,11","24","99","360,0,439"
"0/1","15,14","29","99","464,0,494"
"0/1","12,9","21","99","302,0,390"
"0/1","5,8","13","99","293,0,166"
"0/1","9,22","31","99","776,0,254"
"0/1","13,17","30","99","554,0,429"
"0/1","13,7","20","99","220,0,469"
"0/1","16,10","26","99","265,0,543"
"0/1","7,15","23","99","506,0,149"
"0/1","9,13","22","99","453,0,187"
"0/1","13,10","23","99","330,0,408"
"0/1","9,18","27","99","611,0,289"
"0/1","13,9","22","99","282,0,465"
"0/1","11,9","20","99","301,0,378"
"0/1","12,7","19","99","230,0,423"
"0/1","9,4","13","99","118,0,314"
"0/1","33,18","51","99","487,0,1069"
"0/1","26,28","54","99","832,0,845"
"0/1","13,12","25","99","408,0,454"
"0/1","14,11","25","99","301,0,467"
"0/1","15,14","29","99","477,0,529"
"0/1","14,6","20","99","192,0,480"
"0/1","5,12","17","99","404,0,123"
"0/1","11,9","20","99","310,0,384"
"0/1","27,14","42","99","149,0,777"
"0/1","16,14","30","99","236,0,512"
"0/1","10,8","18","99","276,0,303"
"0/1","10,14","24","99","467,0,311"
"0/1","9,9","18","99","293,0,307"
"0/1","8,11","19","99","380,0,259"
"0/1","10,23","33","99","751,0,291"
"0/1","11,7","18","99","205,0,330"
"0/1","8,8","16","99","285,0,242"
"0/1","10,10","20","99","303,0,251"
"0/1","9,10","20","99","331,0,277"
"0/1","10,9","19","99","278,0,305"
"0/1","12,8","20","99","235,0,405"
"0/1","3,11","14","10","198,0,10"
"0/1","22,16","38","99","499,0,712"
"0/1","16,8","24","99","245,0,576"
"0/1","10,11","21","99","371,0,329"
"0/1","23,15","38","99","506,0,733"
"0/1","11,13","24","99","416,0,317"
"0/1","11,8","19","99","265,0,350"
"0/1","9,26","35","99","860,0,264"
"0/1","14,8","22","99","250,0,484"
"0/1","22,20","42","99","665,0,742"
"0/1","16,16","32","99","495,0,514"
"0/1","13,15","28","99","496,0,440"
"0/1","11,10","21","99","339,0,383"
"0/1","8,9","17","99","313,0,261"
"0/1","10,7","17","99","239,0,312"
"0/1","10,11","21","99","343,0,338"
"0/1","7,9","16","99","309,0,228"
"0/1","10,12","22","99","416,0,344"
"0/1","19,20","39","99","695,0,471"
"0/1","15,18","33","99","549,0,498"
"0/1","9,9","18","99","310,0,300"
"0/1","8,18","26","99","498,0,214"
"0/1","11,9","20","99","255,0,344"
"0/1","13,9","22","99","303,0,432"
"0/1","13,17","30","99","601,0,426"
"0/1","21,16","37","99","502,0,691"
"0/1","14,11","25","99","320,0,455"
"0/1","5,10","15","99","334,0,123"
"0/1","11,13","24","99","425,0,380"
"0/1","20,9","29","99","287,0,685"
"0/1","23,7","30","99","200,0,803"
"0/1","24,7","31","99","197,0,838"
"0/1","18,3","21","60","60,0,657"
"0/1","9,10","19","99","287,0,311"
"0/1","12,8","20","99","269,0,373"
"0/1","12,9","21","99","197,0,403"
"0/1","14,11","25","99","302,0,410"
"0/1","16,8","24","99","216,0,442"
"0/1","9,10","19","99","359,0,230"
"0/1","9,8","17","99","268,0,307"
"0/1","14,6","20","99","181,0,438"
"0/1","15,10","25","99","262,0,533"
"0/1","6,3","9","61","61,0,187"
"0/1","12,10","22","99","337,0,319"
"0/1","12,11","23","99","365,0,319"
"0/1","20,16","36","99","501,0,637"
"0/1","11,11","22","99","312,0,240"
"0/1","3,14","17","72","484,0,72"
"0/1","6,11","17","99","351,0,158"
"0/1","8,20","28","99","673,0,236"
"0/1","13,9","22","99","254,0,423"
"0/1","18,9","27","99","273,0,573"
"0/1","20,12","32","99","386,0,727"
"0/1","15,15","30","99","502,0,449"
"0/1","12,11","23","99","380,0,417"
"0/1","4,8","12","99","234,0,127"
"0/1","7,9","16","99","228,0,235"
"0/1","16,15","31","99","507,0,542"
"0/1","16,20","36","99","639,0,499"
"0/1","24,12","36","99","332,0,749"
"0/1","12,18","30","99","610,0,362"
"0/1","15,14","29","99","467,0,509"
"0/1","15,14","29","99","477,0,488"
"0/1","11,10","21","99","344,0,343"
"0/1","8,11","19","99","386,0,263"
"0/1","15,16","31","99","508,0,510"
"0/1","22,12","34","99","375,0,681"
"0/0","14,0","14","33","0,33,371"
"0/1","12,7","19","99","231,0,390"
"0/1","23,14","37","99","441,0,744"
"0/1","12,14","26","99","325,0,354"
"0/1","13,9","22","99","313,0,265"
"0/1","3,4","7","98","124,0,98"
"0/1","30,15","46","99","314,0,733"
"0/1","17,15","32","90","90,0,497"
"0/1","8,10","18","99","293,0,127"
"0/1","42,6","48","91","91,0,898"
"0/1","17,10","37","99","269,0,496"
"0/0","39,3","43","21","0,21,1049"
"0/1","18,9","27","99","190,0,368"
"0/1","12,10","22","99","231,0,305"
"0/1","26,8","34","99","209,0,692"
"0/1","38,13","51","99","377,0,584"
"0/1","44,11","55","99","291,0,818"
"0/1","12,15","27","99","403,0,268"
"0/1","7,13","20","99","404,0,199"
"1/1","1,18","19","17","627,17,0"
"0/1","11,18","29","99","572,0,322"
"0/1","12,19","31","99","639,0,396"
"0/1","6,15","21","99","548,0,182"
"0/1","17,17","34","99","546,0,533"
"0/1","17,18","35","99","540,0,555"
"0/1","14,14","28","99","413,0,443"
"0/1","16,10","26","99","330,0,529"
"0/1","21,14","35","99","451,0,699"
"0/1","13,8","21","99","171,0,471"
"0/1","19,19","38","99","619,0,584"
"0/1","19,11","30","99","346,0,578"
"0/1","15,17","32","99","591,0,510"
"1/1","0,19","19","54","728,54,0"
"0/1","19,12","31","99","352,0,659"
"0/1","14,12","26","99","378,0,433"
"0/1","18,13","31","99","405,0,646"
"0/1","9,9","18","99","308,0,308"
"0/1","14,18","32","99","601,0,463"
"0/1","19,17","36","99","578,0,650"
"0/1","18,8","26","99","245,0,649"
"0/1","15,13","28","99","428,0,511"
"0/1","10,9","19","99","310,0,313"
"0/1","6,11","17","99","398,0,155"
"0/1","16,21","37","99","551,0,434"
"0/1","15,20","35","99","606,0,293"
"0/1","17,14","31","99","367,0,454"
"0/1","17,9","26","99","294,0,514"
"0/0","14,1","15","0","0,0,478"
"0/1","13,10","23","99","314,0,368"
"0/1","25,8","34","99","235,0,343"
"0/1","11,5","16","99","161,0,399"
"0/1","22,16","38","99","536,0,674"
"0/0","15,1","16","45","0,45,583"
"0/0","15,1","16","45","0,45,593"
"0/1","12,6","18","99","186,0,417"
"0/1","11,9","20","99","300,0,384"
"0/1","11,15","26","99","498,0,334"
"0/1","22,16","38","99","490,0,765"
"0/1","16,20","36","99","565,0,481"
"0/1","12,14","26","99","477,0,387"
"0/1","8,11","19","99","403,0,226"
"0/1","7,8","15","99","284,0,244"
"0/1","10,9","19","99","299,0,339"
"0/1","13,6","19","99","175,0,466"
"0/1","18,15","33","99","398,0,578"
"0/1","10,9","19","99","269,0,350"
"0/1","8,17","25","99","581,0,218"
"0/1","14,11","25","99","319,0,485"
"0/0","10,0","10","27","0,27,320"
"0/1","22,18","40","99","594,0,753"
"0/1","9,15","24","99","508,0,297"
"0/1","26,15","41","99","371,0,933"
"0/1","19,17","36","99","571,0,610"
"0/1","19,22","41","99","599,0,584"
"0/0","14,2","17","36","0,36,407"
"0/1","10,14","24","99","481,0,312"
"0/1","28,13","42","52","52,0,627"
"0/1","30,12","45","73","73,0,716"
"0/1","8,8","16","99","262,0,270"
"0/1","20,14","34","99","436,0,675"
"0/1","20,16","36","99","477,0,700"
"0/1","10,22","32","99","754,0,243"
"0/1","21,22","43","99","696,0,624"
"0/1","12,15","27","99","526,0,368"
"0/1","20,15","35","99","497,0,628"
"0/1","17,12","29","99","381,0,586"
"0/1","8,15","23","99","492,0,244"
"0/1","16,10","26","99","327,0,484"
"0/1","16,20","36","99","662,0,494"
"0/1","16,15","31","99","434,0,528"
"0/1","14,15","29","99","491,0,440"
"0/1","17,16","33","99","528,0,534"
"0/1","18,12","30","99","382,0,579"
"0/0","25,0","25","72","0,72,955"
"0/0","23,0","23","69","0,69,927"
"0/1","16,15","31","99","435,0,532"
"0/1","15,14","29","99","417,0,446"
"0/1","5,9","14","99","310,0,129"
"0/1","10,9","19","99","310,0,344"
"0/1","13,15","28","99","467,0,383"
"0/1","17,17","34","99","427,0,536"
"0/1","7,10","17","99","264,0,242"
"0/1","4,10","14","99","317,0,120"
"0/1","16,12","28","99","376,0,560"
"0/1","4,6","10","42","209,0,42"
"0/1","6,2","8","28","28,0,87"
"0/0","7,0","7","21","0,21,286"
"0/1","14,10","24","99","286,0,464"
"0/1","41,10","53","99","150,0,1216"
"0/1","53,15","68","99","206,0,1620"
"0/1","52,15","67","99","234,0,1635"
"0/1","54,14","68","99","217,0,1700"
"0/1","51,12","63","99","142,0,1554"
"0/1","15,19","34","99","659,0,434"
"0/1","12,14","26","99","436,0,387"
"0/1","9,9","18","99","136,0,183"
"0/1","15,12","27","99","408,0,486"
"0/1","19,14","34","99","447,0,535"
"0/1","13,10","23","99","332,0,443"
"0/1","10,13","23","99","457,0,334"
"0/1","9,15","24","99","534,0,297"
"0/1","11,12","23","99","387,0,337"
"0/1","10,7","17","99","194,0,362"
"0/1","8,11","19","99","349,0,242"
"0/1","8,9","17","99","319,0,200"
"0/1","10,6","16","99","195,0,280"
"0/1","7,14","21","99","500,0,205"
"0/1","21,7","28","99","196,0,752"
"0/0","20,0","20","57","0,57,769"
"0/1","21,15","36","99","512,0,685"
"0/1","14,12","26","99","389,0,429"
"0/0","31,0","31","78","0,78,1027"
"0/1","8,13","21","99","432,0,259"
"0/0","22,0","22","63","0,63,840"
"0/1","14,12","26","99","383,0,456"
"0/1","12,10","22","99","341,0,421"
"0/1","15,9","24","99","306,0,469"
"0/1","11,12","23","99","379,0,380"
"0/1","15,21","36","99","746,0,433"
"0/1","7,11","18","99","360,0,222"
"0/1","11,15","26","99","473,0,299"
"0/1","10,8","18","99","267,0,360"
"0/1","18,4","22","28","28,0,516"
"0/1","17,4","21","96","96,0,494"
"0/1","13,4","17","99","108,0,473"
"0/1","9,14","23","99","411,0,263"
"0/1","13,7","20","99","236,0,327"
"0/1","12,12","24","99","381,0,335"
"0/1","16,7","23","99","226,0,339"
"0/1","10,12","22","99","277,0,274"
"1/1","0,5","5","12","164,12,0"
"0/1","10,4","14","99","128,0,206"
"0/1","4,9","13","99","240,0,126"
"0/1","6,6","12","99","186,0,133"
"0/1","7,9","16","99","235,0,166"
"0/1","12,20","32","99","609,0,392"
"0/1","17,10","27","99","241,0,569"
"0/1","18,7","25","99","211,0,620"
"0/1","25,11","36","99","225,0,752"
"0/1","29,11","40","99","325,0,816"
"0/1","19,23","42","99","710,0,553"
"0/1","34,12","46","99","350,0,972"
"0/1","44,9","53","99","172,0,1285"
"0/1","11,20","31","99","602,0,363"
"0/1","33,11","44","93","93,0,1077"
"0/1","18,28","46","99","801,0,523"
"0/1","14,17","31","99","564,0,339"
"0/1","16,13","29","99","368,0,553"
"0/1","16,10","26","99","296,0,511"
"0/1","19,10","29","99","305,0,682"
"0/1","11,18","29","99","619,0,345"
"0/1","11,18","29","99","611,0,318"
"0/1","17,11","28","99","318,0,587"
"0/1","15,12","27","99","340,0,485"
"0/1","18,11","29","99","324,0,610"
"0/1","18,10","29","99","305,0,634"
"0/1","13,12","25","99","352,0,440"
"0/1","23,13","36","99","415,0,711"
"0/1","25,16","41","99","461,0,808"
"0/1","24,15","39","99","498,0,774"
"0/1","26,13","39","99","350,0,850"
"0/1","9,23","32","99","770,0,243"
"0/1","19,20","39","99","665,0,593"
"0/1","11,30","41","99","1057,0,319"
"0/1","11,9","20","99","306,0,340"
"0/1","9,10","19","99","313,0,266"
"0/1","8,10","18","99","353,0,276"
"0/1","8,11","19","99","384,0,259"
"0/1","12,10","22","99","267,0,380"
"0/1","11,12","23","99","431,0,306"
"0/1","12,10","22","99","306,0,373"
"0/1","10,11","21","99","347,0,310"
"0/1","15,12","27","99","406,0,447"
"0/1","13,11","24","99","375,0,376"
"0/1","9,8","17","99","239,0,315"
"0/1","10,22","32","99","783,0,300"
"0/1","6,13","19","99","448,0,182"
"0/1","8,6","14","99","204,0,235"
"0/1","9,15","24","99","520,0,253"
"0/1","14,12","26","99","397,0,439"
"0/1","8,12","20","99","392,0,219"
"0/1","12,11","23","99","385,0,381"
"0/1","13,9","22","99","291,0,429"
"0/1","13,8","21","99","257,0,426"
"0/1","11,11","22","99","384,0,341"
"0/1","9,12","21","99","429,0,300"
"0/1","14,21","35","99","709,0,399"
"0/1","18,14","32","99","442,0,586"
"0/1","18,15","33","99","492,0,619"
"0/1","12,20","32","99","690,0,388"
"0/1","10,16","26","99","507,0,298"
"0/1","22,21","43","99","622,0,717"
"0/1","17,19","36","99","648,0,567"
"0/1","14,20","34","99","643,0,437"
"0/1","9,14","23","99","398,0,307"
"0/1","20,14","34","99","380,0,689"
"0/1","17,21","38","99","647,0,503"
"0/1","12,16","30","99","457,0,259"
"0/1","13,16","29","99","476,0,370"
"0/1","21,14","35","99","357,0,749"
"0/1","19,11","30","99","349,0,656"
"0/1","37,11","49","99","194,0,1113"
"0/1","14,19","33","99","659,0,376"
"0/1","16,24","40","99","753,0,486"
"0/1","15,23","38","99","679,0,490"
"0/1","24,11","35","99","286,0,820"
"0/1","11,7","19","99","114,0,139"
"0/1","13,10","23","99","332,0,460"
"0/1","15,10","26","99","335,0,492"
"0/1","20,14","34","99","352,0,585"
"0/1","19,22","41","99","725,0,548"
"0/1","21,11","32","99","341,0,741"
"0/1","7,11","18","99","393,0,231"
"0/1","10,8","18","99","276,0,319"
"0/1","19,13","32","99","411,0,687"
"0/1","17,13","30","99","367,0,606"
"0/1","16,10","26","99","334,0,498"
"0/1","12,12","24","99","417,0,390"
"0/1","12,13","25","99","445,0,336"
"0/1","17,18","35","99","485,0,578"
"0/1","16,25","41","99","828,0,508"
"0/1","17,23","40","99","748,0,550"
"0/1","12,13","25","99","442,0,401"
"0/1","10,11","21","99","337,0,343"
"0/1","16,20","36","99","672,0,537"
"0/1","26,15","41","99","377,0,908"
"0/1","19,19","38","99","558,0,658"
"0/1","8,10","18","99","313,0,275"
"0/1","12,8","20","99","238,0,398"
"0/1","16,11","27","99","258,0,572"
"0/1","11,16","27","99","481,0,334"
"0/1","9,14","23","99","484,0,289"
"0/1","15,5","20","99","147,0,551"
"0/1","9,15","24","99","537,0,287"
"0/1","12,7","19","99","143,0,387"
"0/1","7,11","18","99","354,0,153"
"0/1","12,9","21","99","294,0,423"
"0/1","15,13","28","99","402,0,494"
"0/1","12,12","24","99","363,0,385"
"0/1","10,12","22","99","347,0,338"
"0/1","16,8","24","99","216,0,514"
"0/1","10,9","28","99","310,0,328"
"0/1","17,10","27","99","221,0,577"
"0/1","16,11","27","99","255,0,562"
"0/1","12,12","24","99","381,0,335"
"0/1","10,15","25","99","534,0,322"
"0/1","18,11","29","99","221,0,643"
"0/1","8,11","19","99","397,0,254"
"0/1","12,10","22","99","347,0,379"
"0/1","15,10","25","99","341,0,414"
"0/1","8,8","16","99","264,0,274"
"0/1","11,8","19","99","265,0,381"
"0/1","11,8","19","99","261,0,355"
"0/1","7,15","22","99","519,0,209"
"0/1","6,9","15","99","314,0,192"
"0/1","12,13","25","99","461,0,418"
"0/1","15,15","30","99","439,0,499"
"0/1","17,14","31","99","474,0,589"
"0/1","13,14","33","99","439,0,437"
"0/1","16,18","34","99","495,0,460"
"0/1","20,12","32","99","393,0,537"
"0/1","15,23","38","99","576,0,465"
"0/1","24,8","32","99","240,0,677"
"0/1","27,13","40","99","406,0,658"
"0/1","11,12","23","99","308,0,311"
"0/1","7,13","20","99","341,0,211"
"0/1","14,19","33","99","540,0,381"
"0/1","12,16","28","99","506,0,352"
"0/1","11,15","26","99","433,0,308"
"0/1","20,7","27","99","186,0,643"
"0/1","7,18","25","99","550,0,200"
"0/1","31,21","52","99","572,0,943"
"0/1","16,18","34","99","379,0,513"
"0/1","23,15","38","99","457,0,701"
"0/1","16,8","24","99","256,0,446"
"0/1","13,11","24","99","357,0,445"
"0/1","15,7","22","99","182,0,491"
"0/1","9,16","25","99","468,0,294"
"0/1","15,7","22","99","176,0,529"
"0/1","7,10","17","99","352,0,234"
"0/1","12,6","18","99","183,0,432"
"0/1","16,21","37","99","660,0,463"
"0/1","20,21","41","99","684,0,617"
"0/1","13,16","29","99","526,0,406"
"0/1","18,19","37","99","645,0,538"
"0/1","12,21","33","99","662,0,355"
"0/1","10,15","25","99","429,0,288"
"0/1","17,8","25","99","219,0,452"
"0/1","15,12","27","99","370,0,407"
"0/1","17,6","23","99","136,0,617"
"0/1","12,13","26","99","434,0,357"
"0/1","13,11","24","99","317,0,433"
"0/1","20,15","35","99","491,0,683"
"0/1","14,16","30","99","550,0,462"
"0/1","23,16","39","99","472,0,699"
"0/1","18,21","39","99","710,0,586"
"0/1","13,16","29","99","527,0,417"
"0/1","11,18","29","99","629,0,329"
"0/1","13,10","23","99","336,0,431"
"0/1","14,11","25","99","340,0,479"
"0/1","12,7","19","99","191,0,435"
"0/1","6,13","19","99","440,0,190"
"0/1","7,9","16","99","296,0,242"
"0/1","9,3","12","81","81,0,328"
"0/1","9,3","12","81","81,0,331"
"0/1","10,10","20","99","300,0,349"
"0/1","7,10","17","99","309,0,232"
"0/1","6,6","12","99","212,0,172"
"0/1","14,15","29","99","491,0,450"
"0/1","13,8","21","99","263,0,456"
"0/1","10,15","25","99","491,0,327"
"0/1","20,19","39","99","602,0,686"
"0/1","18,23","41","99","735,0,539"
"0/1","19,16","35","99","459,0,622"
"0/1","12,18","30","99","486,0,386"
"0/1","14,10","24","99","327,0,458"
"0/1","16,12","28","99","395,0,513"
"0/1","11,16","27","99","558,0,357"
"0/1","9,15","24","99","487,0,255"
"0/1","10,14","24","99","436,0,330"
"0/1","11,9","20","99","301,0,379"
"0/1","9,8","17","99","265,0,293"
"0/1","7,11","18","99","320,0,194"
"0/1","8,10","18","99","340,0,261"
"0/1","8,19","27","99","653,0,233"
"0/1","17,9","26","99","222,0,480"
"0/1","11,19","30","99","677,0,359"
"0/1","15,16","31","99","499,0,484"
"0/1","15,14","29","99","424,0,471"
"0/1","20,9","29","99","232,0,662"
"0/1","17,17","35","99","521,0,466"
"0/1","12,23","35","99","751,0,358"
"0/1","15,5","20","99","102,0,389"
"0/1","11,15","26","99","488,0,369"
"0/1","14,12","26","99","408,0,446"
"0/1","11,13","24","99","440,0,372"
"0/0","31,0","31","90","0,90,1203"
"0/0","30,0","30","84","0,84,1133"
"0/1","14,13","27","99","393,0,471"
"0/1","12,11","23","99","342,0,325"
"0/1","12,15","27","99","520,0,312"
"0/1","22,13","35","99","344,0,684"
"0/1","12,16","28","99","566,0,386"
"0/1","6,7","13","99","177,0,178"
"0/1","4,11","15","99","323,0,124"
"0/1","12,8","20","99","160,0,371"
"0/1","8,2","10","49","49,0,275"
"0/1","15,11","26","99","378,0,425"
"0/1","6,8","14","99","268,0,190"
"0/1","12,7","19","99","213,0,347"
"0/1","15,12","27","99","371,0,518"
"0/1","12,10","22","99","338,0,425"
"0/1","17,10","27","99","344,0,505"
"0/1","9,10","19","99","302,0,313"
"0/1","7,12","19","99","390,0,231"
"0/1","8,14","22","99","463,0,260"
"0/1","13,12","25","99","378,0,443"
"0/1","13,8","21","99","251,0,429"
"0/1","14,8","22","99","261,0,504"
"0/1","10,7","17","99","202,0,312"
"0/1","13,7","20","99","220,0,414"
"0/1","11,9","20","99","302,0,390"
"0/1","7,10","17","99","356,0,233"
"0/1","13,7","20","99","210,0,457"
"0/1","9,12","21","99","379,0,304"
"0/1","6,8","14","99","288,0,131"
"0/1","13,9","22","99","181,0,430"
"0/1","14,8","22","99","181,0,411"
"0/1","6,15","21","99","540,0,153"
"0/1","17,26","43","99","767,0,472"
"0/1","15,21","36","99","604,0,451"
"0/1","11,13","24","99","454,0,351"
"0/1","15,13","28","99","360,0,477"
"0/1","12,16","28","99","473,0,312"
"0/1","11,13","24","99","412,0,330"
"0/1","14,17","31","99","555,0,429"
"0/1","17,18","35","99","602,0,512"
"0/1","18,16","34","99","459,0,568"
"0/1","16,14","30","99","381,0,508"
"0/1","26,17","43","99","517,0,825"
"0/0","45,0","45","99","0,123,1564"
"0/1","21,20","41","99","419,0,607"
"0/1","21,21","42","99","392,0,658"
"0/1","21,20","41","99","487,0,672"
"0/1","21,18","39","99","462,0,668"
"0/1","17,15","32","99","384,0,532"
"0/1","10,7","17","99","229,0,317"
"0/1","8,9","17","99","269,0,279"
"0/1","6,21","27","99","692,0,162"
"0/1","4,5","9","99","178,0,136"
"0/1","9,14","23","99","480,0,296"
"0/1","5,10","15","99","341,0,114"
"0/1","7,11","18","99","353,0,227"
"0/1","10,12","22","99","390,0,305"
"0/1","9,13","22","99","416,0,304"
"0/1","17,14","32","99","439,0,575"
"0/1","16,21","37","99","646,0,549"
"0/1","9,14","23","99","482,0,290"
"0/1","12,14","26","99","463,0,320"
"0/1","14,9","23","99","281,0,345"
"0/1","17,7","24","99","171,0,547"
"0/1","9,9","18","99","254,0,309"
"0/1","12,4","16","99","118,0,407"
"0/1","12,6","18","99","130,0,126"
"0/1","19,19","38","99","561,0,599"
"0/1","13,10","23","99","246,0,411"
"0/1","11,15","26","99","503,0,317"
"0/1","8,13","21","99","376,0,270"
"0/1","13,10","23","99","288,0,412"
"0/1","10,15","25","99","334,0,296"
"0/1","17,12","29","99","402,0,509"
"0/1","6,9","15","99","324,0,165"
"0/1","14,7","21","99","229,0,479"
"0/1","15,8","23","99","256,0,503"
"0/1","6,8","14","99","254,0,161"
"0/1","11,15","26","99","505,0,315"
"0/1","16,8","24","99","256,0,541"
"0/1","10,13","23","99","412,0,338"
"0/1","18,17","35","99","485,0,519"
"0/1","15,17","32","99","539,0,508"
"0/1","17,22","39","99","714,0,483"
"0/1","11,13","24","99","376,0,323"
"0/1","16,9","25","99","274,0,513"
"0/1","15,11","26","99","301,0,470"
"0/1","12,20","32","99","616,0,386"
"0/1","11,18","29","99","551,0,311"
"0/1","13,17","30","99","511,0,413"
"0/1","18,22","40","99","667,0,520"
"0/1","22,19","41","99","570,0,670"
"0/1","19,17","36","99","541,0,605"
"0/1","12,9","21","99","294,0,389"
"0/1","6,8","14","99","288,0,201"
"0/1","6,5","11","99","171,0,204"
"0/1","8,9","17","99","294,0,236"
"0/1","5,9","14","99","330,0,167"
"0/1","14,13","27","99","411,0,490"
"0/1","9,12","21","99","428,0,291"
"0/1","19,13","32","99","402,0,604"
"0/1","8,8","16","99","272,0,229"
"1/1","0,23","24","63","846,63,0"
"0/1","15,12","27","99","408,0,489"
"0/1","9,14","23","99","408,0,147"
"0/1","14,8","22","99","262,0,172"
"0/1","32,8","40","99","148,0,428"
"0/1","13,16","29","99","508,0,375"
"0/1","11,12","23","99","387,0,357"
"0/1","18,19","37","99","595,0,570"
"0/1","12,16","28","99","413,0,361"
"0/1","23,16","39","99","445,0,580"
"0/1","27,13","40","99","407,0,757"
"0/1","15,16","31","99","397,0,418"
"0/1","13,17","30","99","483,0,389"
"0/1","11,19","30","99","517,0,318"
"0/1","14,24","38","99","665,0,379"
"0/0","30,5","35","50","0,50,1007"
"0/0","29,6","35","15","0,15,1001"
"0/1","12,14","26","99","322,0,364"
"0/1","14,6","21","99","177,0,391"
"0/1","17,10","27","99","292,0,583"
"0/1","17,12","29","99","272,0,528"
"0/1","12,16","28","99","422,0,352"
"0/1","14,14","28","99","400,0,360"
"0/1","17,17","34","99","543,0,545"
"0/1","17,15","32","99","395,0,560"
"0/1","15,17","32","99","573,0,416"
"0/1","14,11","25","99","378,0,401"
"0/1","6,5","13","52","52,0,93"
"0/1","11,7","18","69","69,0,359"
"0/1","13,9","22","99","142,0,418"
"0/1","16,12","28","99","366,0,508"
"0/1","16,16","32","99","433,0,517"
"0/1","13,12","25","99","370,0,421"
"0/1","20,10","30","99","296,0,658"
"0/1","14,15","30","99","367,0,336"
"0/1","19,18","37","99","564,0,549"
"0/1","24,15","39","99","340,0,719"
"0/1","24,15","39","99","462,0,749"
"0/1","15,13","28","99","309,0,418"
"0/1","30,10","40","99","245,0,859"
"0/1","18,24","42","99","676,0,530"
"0/1","18,23","41","99","641,0,577"
"0/1","8,15","23","99","440,0,246"
"0/1","17,16","33","99","482,0,482"
"0/1","23,11","35","99","267,0,650"
"0/1","27,9","36","99","209,0,718"
"0/1","25,32","57","99","621,0,720"
"0/1","21,22","43","99","688,0,452"
"0/1","12,10","22","99","251,0,371"
"0/1","7,17","24","99","509,0,202"
"0/1","9,14","23","99","417,0,282"
"0/1","11,15","26","99","451,0,341"
"0/1","10,15","25","99","463,0,200"
"0/1","7,12","19","99","412,0,148"
"0/1","7,13","20","99","412,0,218"
"0/1","15,12","27","99","378,0,474"
"0/1","14,12","26","99","380,0,448"
"0/1","18,10","28","99","286,0,535"
"0/1","14,20","34","99","568,0,374"
"0/1","23,10","33","99","283,0,617"
"0/1","14,22","36","99","662,0,363"
"0/1","13,22","35","99","692,0,343"
"0/0","28,0","28","78","0,78,995"
"0/1","13,19","32","99","564,0,374"
"0/1","13,13","26","99","409,0,390"
"0/1","19,23","42","99","577,0,535"
"0/1","19,22","41","99","564,0,500"
"0/1","17,24","41","99","682,0,496"
"0/1","14,16","32","99","340,0,255"
"0/1","15,7","22","99","173,0,448"
"0/1","11,5","16","99","152,0,377"
"0/1","9,11","20","99","375,0,299"
"0/1","10,18","28","99","595,0,326"
"0/1","16,11","27","99","368,0,569"
"0/1","18,9","27","99","213,0,553"
"0/1","8,19","27","99","504,0,234"
"0/1","7,21","28","99","619,0,145"
"0/1","9,22","31","99","705,0,193"
"0/1","14,18","32","99","537,0,364"
"0/1","13,8","21","99","262,0,422"
"0/1","13,11","24","99","328,0,452"
"0/1","17,16","33","99","400,0,539"
"0/1","13,13","26","99","389,0,434"
"1/1","0,25","25","72","993,72,0"
"0/1","10,12","22","99","390,0,310"
"0/1","16,13","29","99","409,0,558"
"0/1","8,8","16","99","271,0,275"
"0/1","11,9","20","99","307,0,387"
"0/1","3,8","11","87","286,0,87"
"0/1","10,6","16","99","197,0,354"
"0/1","11,2","13","47","47,0,371"
"0/1","11,8","19","99","265,0,346"
"0/1","11,7","18","99","232,0,395"
"0/1","6,6","12","99","213,0,171"
"0/1","8,6","14","99","198,0,281"
"0/1","12,8","20","99","269,0,345"
"0/1","10,9","19","99","311,0,292"
"0/1","11,16","27","99","568,0,318"
"0/1","10,11","21","99","378,0,312"
"0/1","6,7","13","99","251,0,163"
"0/1","10,13","23","99","389,0,324"
"0/1","11,13","24","99","384,0,365"
"0/1","13,13","26","99","449,0,404"
"0/1","12,13","25","99","455,0,377"
"0/1","11,10","21","99","302,0,390"
"0/1","20,9","29","99","274,0,651"
"0/1","18,13","31","99","386,0,587"
"0/1","14,16","30","99","534,0,437"
"0/1","19,14","33","99","425,0,638"
"0/1","20,17","37","99","567,0,585"
"0/1","19,16","35","99","500,0,619"
"0/1","18,12","30","99","391,0,561"
"0/1","11,19","30","99","515,0,369"
"0/1","19,8","27","99","248,0,528"
"0/1","9,16","25","99","501,0,275"
"0/1","16,10","26","99","291,0,565"
"0/1","18,9","27","99","246,0,623"
"0/1","19,17","36","99","510,0,576"
"0/1","15,19","34","99","542,0,489"
"0/1","14,21","35","99","633,0,460"
"0/1","15,17","32","99","551,0,461"
"0/1","10,12","22","99","345,0,299"
"0/1","11,11","22","99","320,0,344"
"0/1","15,20","35","99","636,0,493"
"0/1","20,11","31","99","275,0,659"
"0/1","22,9","31","99","267,0,693"
"0/1","21,17","38","99","561,0,642"
"0/1","16,8","24","99","211,0,544"
"0/1","15,9","24","99","291,0,521"
"0/1","11,7","18","99","231,0,350"
"0/1","12,9","21","99","264,0,428"
"0/1","19,11","30","99","320,0,649"
"0/1","16,23","39","99","752,0,459"
"0/1","17,12","29","99","390,0,601"
"0/1","7,15","22","99","457,0,180"
"0/1","14,23","37","99","736,0,348"
"0/1","13,23","36","99","744,0,389"
"0/1","18,24","42","99","591,0,528"
"0/1","11,17","28","99","531,0,295"
"0/1","4,17","21","99","544,0,105"
"0/1","10,11","21","99","363,0,346"
"0/1","9,7","16","99","207,0,278"
"0/1","6,9","15","99","315,0,200"
"0/1","12,17","29","99","540,0,336"
"0/1","9,9","18","99","316,0,271"
"0/1","10,9","19","99","298,0,350"
"0/1","16,21","37","99","640,0,442"
"0/1","17,16","33","99","496,0,560"
"0/1","18,8","26","99","245,0,575"
"0/1","16,19","36","99","653,0,536"
"0/1","12,17","29","99","548,0,395"
"0/1","23,22","45","99","676,0,722"
"0/1","19,12","31","99","359,0,619"
"0/1","18,13","31","99","363,0,576"
"0/1","15,13","28","99","380,0,479"
"0/1","12,10","22","99","342,0,371"
"0/1","12,9","21","99","304,0,429"
"0/1","5,8","13","99","280,0,161"
"0/1","15,21","36","99","666,0,491"
"0/1","23,15","38","99","487,0,731"
"0/1","27,19","46","99","544,0,855"
"0/1","26,19","45","99","544,0,798"
"0/1","17,15","32","99","512,0,350"
"0/1","17,21","38","99","463,0,518"
"0/1","17,13","36","99","409,0,481"
"0/1","18,24","42","99","666,0,515"
"0/1","20,19","39","99","563,0,609"
"0/1","14,16","30","99","492,0,408"
"0/1","16,16","32","99","535,0,464"
"0/1","22,17","39","99","505,0,583"
"0/1","16,14","30","99","378,0,469"
"0/1","17,12","29","99","351,0,487"
"0/1","13,15","28","99","432,0,397"
"0/1","14,21","35","99","610,0,462"
"0/1","11,33","44","99","985,0,291"
"0/1","11,20","31","99","551,0,338"
"0/1","6,11","17","99","309,0,166"
"0/1","6,13","19","99","399,0,171"
"0/1","9,7","17","99","218,0,297"
"0/1","13,7","20","99","200,0,379"
"0/1","14,8","22","99","216,0,436"
"0/1","10,11","21","99","326,0,322"
"0/1","12,7","19","99","233,0,417"
"0/1","2,15","17","0","494,0,0"
"0/1","10,4","14","69","69,0,350"
"0/1","6,11","17","93","366,0,93"
"0/1","18,10","28","99","321,0,582"
"0/1","19,8","27","99","245,0,668"
"0/1","13,10","23","99","332,0,426"
"0/1","5,9","14","99","249,0,164"
"0/1","10,9","19","99","261,0,324"
"0/1","11,16","27","99","466,0,331"
"0/1","13,16","29","99","466,0,356"
"0/1","11,12","23","99","363,0,292"
"0/1","12,11","23","99","323,0,335"
"0/1","9,12","21","99","403,0,263"
"0/1","11,16","27","99","482,0,364"
"0/1","13,11","24","99","368,0,400"
"0/1","8,22","30","99","734,0,195"
"0/1","13,14","27","99","400,0,341"
"0/1","14,19","33","99","619,0,416"
"0/1","16,18","34","99","591,0,474"
"0/1","15,11","26","99","358,0,519"
"0/1","12,15","27","99","527,0,398"
"0/1","12,9","22","99","293,0,415"
"0/1","12,18","30","99","611,0,356"
"0/1","14,9","23","99","259,0,469"
"0/1","22,10","32","99","305,0,731"
"0/1","18,12","30","99","351,0,594"
"0/1","18,18","36","99","579,0,589"
"0/1","17,20","37","99","581,0,459"
"0/1","13,13","26","99","452,0,443"
"0/1","14,13","27","99","406,0,486"
"0/1","10,7","17","99","194,0,350"
"0/1","11,21","32","99","624,0,332"
"0/1","13,23","37","99","772,0,376"
"0/1","15,12","27","99","291,0,518"
"0/1","16,12","28","99","366,0,568"
"0/1","8,8","16","99","266,0,271"
"0/1","15,18","33","99","614,0,399"
"0/1","23,23","46","99","763,0,767"
"0/1","12,12","24","99","406,0,381"
"0/1","6,17","23","99","557,0,179"
"0/1","10,10","20","99","312,0,321"
"0/1","12,12","24","99","421,0,383"
"0/1","11,10","21","99","337,0,350"
"0/1","15,13","28","99","407,0,482"
"0/1","14,13","27","99","361,0,427"
"0/1","12,17","29","99","533,0,358"
"0/1","11,12","23","99","353,0,315"
"0/1","19,23","42","99","598,0,555"
"0/1","16,11","27","99","294,0,513"
"0/1","11,8","19","99","232,0,279"
"1/1","1,27","28","38","887,38,0"
"0/1","18,8","26","99","240,0,539"
"0/1","14,12","26","99","395,0,405"
"0/1","9,14","23","99","422,0,265"
"0/1","13,19","32","99","654,0,351"
"0/1","12,14","31","99","432,0,355"
"0/1","14,16","30","99","489,0,396"
"0/1","13,16","29","99","477,0,337"
"0/1","8,9","17","99","283,0,229"
"0/1","14,9","23","99","299,0,365"
"0/1","9,13","22","99","426,0,270"
"0/1","19,25","44","99","695,0,466"
"0/1","21,18","39","99","579,0,651"
"0/1","18,13","31","99","423,0,577"
"0/1","16,10","26","99","311,0,558"
"0/1","17,12","29","99","382,0,595"
"0/1","19,19","38","99","646,0,607"
"0/1","17,9","26","99","285,0,498"
"0/1","16,19","35","99","514,0,472"
"0/1","19,16","35","99","463,0,526"
"0/1","21,20","41","99","661,0,560"
"0/1","10,16","26","99","499,0,280"
"0/1","14,10","24","99","298,0,408"
"0/1","13,12","25","99","400,0,390"
"0/1","12,6","18","99","186,0,420"
"0/1","19,7","26","99","174,0,647"
"0/1","14,14","28","99","442,0,402"
"0/1","14,10","24","99","325,0,430"
"0/1","12,11","23","99","356,0,368"
"0/1","21,18","39","99","445,0,449"
"0/1","19,19","39","99","470,0,408"
"0/1","15,11","26","99","321,0,508"
"0/1","11,19","30","99","475,0,274"
"0/1","9,12","21","99","384,0,300"
"0/1","12,18","30","99","620,0,382"
"0/1","18,17","35","99","542,0,568"
"0/1","20,20","40","99","630,0,670"
"0/1","16,24","40","99","772,0,485"
"0/1","21,11","32","99","314,0,737"
"0/1","13,11","24","99","374,0,442"
"0/1","21,12","33","99","402,0,611"
"0/0","39,3","42","5","0,5,1405"
"0/0","41,3","44","22","0,22,1487"
"0/1","35,7","42","99","162,0,1203"
"0/1","16,13","29","99","371,0,535"
"0/1","24,8","32","99","148,0,777"
"0/1","12,5","17","99","102,0,444"
"0/1","12,4","16","99","105,0,422"
"0/0","21,2","23","10","0,10,670"
"0/1","10,14","24","99","437,0,293"
"0/1","13,16","29","99","511,0,393"
"0/1","13,15","28","99","507,0,396"
"0/1","14,19","33","99","665,0,388"
"0/1","9,15","25","99","494,0,262"
"0/1","14,11","25","99","366,0,451"
"0/1","21,11","32","99","319,0,720"
"0/1","15,10","25","99","286,0,541"
"0/1","14,13","27","99","408,0,480"
"0/1","10,10","20","99","282,0,350"
"0/1","14,11","25","99","362,0,477"
"0/1","6,10","16","99","347,0,193"
"0/1","21,15","36","99","486,0,660"
"0/1","20,21","41","99","715,0,682"
"0/1","17,7","25","99","200,0,557"
"0/1","48,20","73","99","264,0,1194"
"0/1","41,18","59","99","182,0,945"
"0/1","15,18","33","99","615,0,497"
"0/1","10,18","28","99","612,0,318"
"0/1","10,17","27","99","568,0,327"
"0/1","9,10","19","99","266,0,313"
"0/1","13,8","21","99","200,0,387"
"0/1","10,11","21","99","333,0,316"
"0/1","7,11","18","99","387,0,229"
"0/1","7,12","19","99","354,0,234"
"0/1","22,14","36","99","417,0,709"
"0/1","19,11","30","99","314,0,643"
"0/1","22,11","33","99","321,0,745"
"0/1","34,10","44","99","237,0,874"
"0/1","20,27","47","99","642,0,642"
"0/1","30,16","46","99","523,0,756"
"0/1","11,12","23","99","429,0,258"
"0/1","12,16","28","99","461,0,262"
"0/1","12,19","31","99","579,0,340"
"0/1","12,15","27","99","416,0,316"
"0/1","15,11","26","99","310,0,483"
"0/1","15,10","25","99","268,0,520"
"0/1","15,10","25","99","291,0,521"
"0/1","20,17","37","99","514,0,638"
"0/1","12,11","23","99","359,0,378"
"0/1","14,11","25","99","336,0,414"
"0/1","13,10","23","99","333,0,442"
"0/1","5,6","11","99","205,0,130"
"0/1","10,11","23","99","361,0,310"
"0/1","6,17","23","99","579,0,140"
"0/1","23,16","39","99","436,0,764"
"0/1","19,16","35","99","484,0,570"
"0/1","16,21","37","99","629,0,506"
"0/1","10,22","32","99","673,0,295"
"0/1","13,18","31","99","573,0,432"
"0/1","20,15","35","99","413,0,622"
"0/1","19,20","39","99","632,0,573"
"0/1","22,21","43","99","654,0,622"
"0/1","8,21","31","99","632,0,194"
"0/1","9,24","34","99","776,0,251"
"0/1","14,24","38","99","748,0,453"
"0/1","16,27","43","99","882,0,470"
"0/1","13,17","30","99","515,0,385"
"0/1","13,7","20","99","209,0,332"
"0/1","13,11","24","99","325,0,417"
"0/1","11,11","22","99","338,0,302"
"0/1","15,15","30","99","512,0,472"
"0/1","9,11","20","99","372,0,309"
"0/1","10,10","20","99","347,0,332"
"0/1","11,12","23","99","402,0,381"
"0/1","10,14","24","99","488,0,262"
"0/1","9,24","35","99","786,0,234"
"0/1","13,23","36","99","700,0,330"
"0/1","28,16","46","99","475,0,959"
"0/1","12,11","23","99","286,0,371"
"0/1","19,15","34","99","463,0,639"
"0/1","8,11","19","99","380,0,270"
"0/1","16,17","33","99","598,0,471"
"0/1","11,13","24","99","449,0,344"
"0/1","10,7","17","99","229,0,353"
"0/1","9,10","19","99","344,0,305"
"0/1","8,15","23","99","502,0,254"
"0/1","9,8","17","99","241,0,316"
"0/1","9,17","26","99","581,0,286"
"0/1","14,11","25","99","373,0,458"
"0/1","7,14","21","99","493,0,216"
"0/1","9,9","18","99","247,0,319"
"0/1","19,21","40","99","623,0,557"
"0/1","23,7","30","99","194,0,676"
"0/1","21,18","39","99","572,0,705"
"0/1","9,15","24","99","525,0,279"
"0/1","12,17","29","99","545,0,403"
"0/1","22,15","37","99","477,0,698"
"0/1","17,13","30","99","401,0,555"
"0/1","9,16","25","99","498,0,259"
"0/1","15,6","21","99","181,0,533"
"0/1","14,11","25","99","279,0,434"
"0/1","5,10","15","99","315,0,148"
"0/1","9,10","19","99","331,0,300"
"0/1","13,11","24","99","339,0,407"
"0/1","11,11","22","99","383,0,378"
"0/1","11,11","22","99","376,0,373"
"0/1","10,16","26","99","514,0,334"
"0/1","5,9","14","99","310,0,161"
"0/1","16,12","28","99","401,0,531"
"0/1","11,13","24","99","400,0,377"
"0/1","10,9","19","99","315,0,318"
"0/1","17,23","40","99","669,0,437"
"0/1","21,16","37","99","467,0,672"
"0/1","15,22","37","99","699,0,486"
"0/1","16,14","30","99","401,0,505"
"0/1","15,18","33","99","589,0,465"
"0/1","16,14","30","99","391,0,510"
"0/1","13,4","17","99","120,0,401"
"0/1","16,12","28","99","334,0,533"
"0/1","16,15","31","99","423,0,502"
"0/1","16,32","48","99","986,0,433"
"0/1","24,14","38","99","367,0,754"
"0/1","9,21","30","99","698,0,270"
"0/1","22,12","34","99","260,0,718"
"0/1","12,21","33","99","689,0,271"
"0/1","17,16","33","99","462,0,524"
"0/1","12,18","30","99","531,0,395"
"0/1","16,13","29","99","366,0,469"
"0/1","10,4","14","99","123,0,316"
"0/1","5,9","14","99","330,0,163"
"0/1","6,12","18","99","399,0,152"
"0/1","8,15","23","99","461,0,225"
"0/1","5,14","19","99","473,0,153"
"0/1","16,12","28","99","361,0,525"
"0/1","6,13","19","99","404,0,152"
"0/1","8,14","22","99","474,0,266"
"0/1","9,13","22","99","432,0,296"
"0/1","12,17","29","99","555,0,397"
"0/1","12,16","28","99","538,0,411"
"0/1","5,11","16","99","399,0,156"
"0/1","10,12","22","99","328,0,305"
"0/1","9,8","17","99","274,0,313"
"0/1","9,5","14","99","157,0,322"
"0/1","7,14","21","99","461,0,186"
"0/1","9,10","19","99","318,0,313"
"0/1","11,2","13","43","43,0,407"
"0/1","13,5","18","99","151,0,401"
"0/1","7,7","14","99","206,0,238"
"0/1","11,5","16","99","160,0,331"
"0/1","4,5","9","99","175,0,102"
"1/1","0,20","20","45","588,45,0"
"0/1","10,10","21","99","354,0,334"
"0/1","20,18","38","99","613,0,591"
"0/1","9,11","20","99","348,0,271"
"0/1","6,14","20","99","485,0,182"
"0/1","10,9","19","99","268,0,343"
"0/1","7,11","18","99","385,0,225"
"0/1","9,11","20","99","321,0,281"
"0/1","18,10","28","99","319,0,581"
"0/1","17,11","28","99","332,0,544"
"0/1","9,9","18","99","313,0,310"
"0/1","21,12","33","99","383,0,739"
"0/1","9,19","28","99","682,0,281"
"0/1","8,12","20","99","416,0,264"
"0/1","12,8","20","99","260,0,417"
"0/1","15,6","21","99","178,0,479"
"0/1","19,9","28","99","280,0,613"
"0/1","17,18","35","99","631,0,570"
"0/1","23,20","43","99","667,0,755"
"0/1","18,22","40","99","732,0,538"
"0/1","18,24","42","99","778,0,542"
"0/1","26,17","43","99","530,0,887"
"0/1","8,8","16","99","260,0,236"
"0/1","11,5","16","99","155,0,333"
"0/1","8,10","19","99","319,0,223"
"0/1","14,19","33","99","637,0,387"
"0/1","21,11","32","99","292,0,724"
"0/1","16,23","39","99","750,0,516"
"0/1","11,22","34","99","718,0,304"
"0/1","16,5","21","47","47,0,428"
"0/1","20,17","37","99","414,0,659"
"0/1","31,7","38","99","120,0,874"
"0/1","30,9","39","99","158,0,810"
"0/1","31,9","40","99","153,0,848"
"0/1","33,9","42","99","155,0,828"
"0/1","31,9","40","99","158,0,822"
"0/1","31,9","40","99","160,0,691"
"0/1","29,8","37","99","119,0,806"
"0/1","19,10","29","99","313,0,640"
"0/1","21,24","45","99","772,0,663"
"0/1","14,17","31","99","541,0,473"
"0/1","17,18","36","99","520,0,547"
"0/1","16,16","32","99","476,0,466"
"0/1","17,11","28","99","366,0,553"
"0/1","20,12","32","99","386,0,677"
"0/1","19,17","36","99","539,0,594"
"0/1","13,17","30","99","559,0,383"
"0/1","15,14","29","99","435,0,460"
"0/1","21,20","41","99","518,0,608"
"0/1","10,5","15","99","161,0,167"
"0/0","18,1","19","29","0,29,660"
"0/1","26,18","44","99","560,0,751"
"0/1","18,11","29","99","355,0,552"
"0/1","12,17","29","99","588,0,380"
"0/1","11,11","22","99","327,0,383"
"0/0","13,0","14","30","0,30,385"
"0/1","14,11","25","99","289,0,463"
"0/1","7,10","17","99","286,0,200"
"0/1","10,11","21","99","386,0,273"
"0/1","15,6","21","99","182,0,453"
"0/1","7,10","17","99","260,0,145"
"0/1","18,17","35","99","564,0,606"
"0/1","14,22","36","99","768,0,457"
"0/1","19,29","48","99","971,0,552"
"0/1","13,16","29","99","503,0,373"
"0/1","17,12","29","99","402,0,537"
"0/1","9,11","20","99","299,0,204"
"0/1","7,10","18","99","356,0,194"
"0/1","9,7","16","99","226,0,304"
"0/1","6,15","21","99","508,0,145"
"0/1","13,11","24","99","323,0,458"
"0/1","17,12","29","99","371,0,601"
"0/1","10,17","27","99","564,0,313"
"0/1","17,6","23","99","140,0,571"
"0/1","11,12","23","99","427,0,339"
"0/1","13,14","27","99","494,0,363"
"0/1","9,13","22","99","451,0,264"
"0/1","11,10","21","99","312,0,392"
"0/1","16,9","25","99","253,0,561"
"0/1","11,16","27","99","552,0,355"
"0/1","8,22","30","99","772,0,237"
"0/1","19,8","27","99","239,0,655"
"0/1","12,8","20","99","257,0,387"
"0/1","11,13","24","99","437,0,370"
"0/1","11,12","23","99","404,0,332"
"0/1","9,7","16","99","231,0,319"
"0/1","13,19","32","99","634,0,436"
"0/1","7,7","14","99","232,0,230"
"0/1","11,5","16","99","160,0,367"
"0/1","12,7","19","99","225,0,412"
"0/1","6,12","18","99","362,0,199"
"0/1","13,12","25","99","387,0,436"
"0/1","9,13","22","99","455,0,278"
"0/1","12,11","23","99","332,0,416"
"0/1","21,17","38","99","570,0,713"
"0/1","17,17","34","99","509,0,526"
"0/1","13,18","31","99","594,0,430"
"0/1","22,12","35","99","379,0,749"
"0/1","6,8","14","99","253,0,199"
"0/1","7,6","13","99","203,0,231"
"0/1","12,15","27","99","508,0,364"
"0/1","14,6","20","99","180,0,511"
"0/1","17,9","26","99","283,0,535"
"0/1","16,12","28","99","353,0,562"
"0/1","9,14","23","99","388,0,291"
"0/1","9,3","12","86","86,0,322"
"0/1","12,13","25","99","455,0,377"
"0/1","8,14","22","99","394,0,259"
"0/1","10,23","33","99","752,0,290"
"0/1","14,13","27","99","410,0,488"
"0/1","10,15","25","99","499,0,334"
"0/1","17,15","32","99","477,0,529"
"0/1","20,11","31","99","349,0,721"
"0/1","12,12","24","99","382,0,376"
"0/1","11,10","21","99","305,0,379"
"0/1","13,4","17","99","109,0,479"
"0/1","12,6","18","99","185,0,437"
"0/1","9,9","18","99","274,0,316"
"0/1","10,9","19","99","298,0,311"
"0/1","7,6","13","99","203,0,237"
"0/1","10,3","13","86","86,0,360"
"0/1","10,4","14","99","115,0,316"
"0/1","10,7","17","99","200,0,358"
"0/1","14,16","30","99","515,0,456"
"0/1","4,13","17","74","467,0,74"
"0/1","13,11","24","99","347,0,392"
"0/1","12,14","26","99","475,0,409"
"0/1","6,14","20","99","488,0,177"
"0/1","15,19","34","99","602,0,461"
"0/1","9,19","28","99","641,0,277"
"0/1","12,6","18","99","190,0,432"
"0/1","12,14","26","99","395,0,269"
"0/1","15,14","29","99","387,0,426"
"0/1","14,15","29","99","475,0,482"
"0/1","23,12","35","99","329,0,575"
"0/1","17,18","35","99","592,0,525"
"0/1","13,15","28","99","454,0,418"
"0/1","13,9","22","99","215,0,467"
"0/1","10,3","13","78","78,0,365"
"0/1","7,11","18","99","363,0,228"
"0/1","10,12","22","99","389,0,295"
"0/1","8,6","14","99","127,0,289"
"0/1","30,7","37","93","93,0,1028"
"0/1","42,11","53","99","126,0,1388"
"0/1","15,16","31","99","524,0,425"
"0/1","20,15","35","99","417,0,652"
"0/1","13,17","30","99","552,0,416"
"0/1","15,10","25","99","290,0,438"
"0/1","12,19","31","99","620,0,341"
"0/1","22,20","42","99","650,0,681"
"0/1","21,20","41","99","550,0,667"
"0/1","12,11","23","99","367,0,339"
"0/1","38,10","49","99","322,0,635"
"0/1","48,9","57","99","206,0,913"
"0/1","12,26","43","99","634,0,354"
"0/1","23,10","33","99","294,0,573"
"0/1","5,6","11","99","131,0,176"
"0/1","3,6","9","93","212,0,93"
"0/0","17,0","17","42","0,42,567"
"0/0","23,0","23","63","0,63,836"
"0/1","17,13","30","99","436,0,526"
"0/1","14,6","21","99","188,0,385"
"1/1","0,13","13","33","451,33,0"
"0/1","19,12","31","99","347,0,320"
"1/1","0,22","22","66","885,66,0"
"0/1","2,7","9","55","226,0,55"
"0/1","13,11","24","99","318,0,242"
"0/1","26,8","34","99","184,0,557"
"0/1","7,15","22","99","532,0,211"
"0/1","12,12","24","99","371,0,370"
"0/1","15,10","25","99","280,0,455"
"0/1","16,21","37","99","655,0,467"
"0/1","16,11","28","99","362,0,464"
"0/1","22,22","44","99","586,0,703"
"0/1","15,21","36","99","716,0,428"
"0/1","16,25","41","99","756,0,446"
"0/1","10,18","28","99","527,0,248"
"0/1","11,18","29","99","535,0,317"
"0/1","17,21","38","99","647,0,465"
"0/1","16,22","38","99","767,0,377"
"0/1","12,21","33","99","608,0,387"
"0/1","8,24","32","99","688,0,234"
"0/1","9,9","18","99","271,0,316"
"0/1","10,12","22","99","420,0,338"
"0/1","15,14","29","99","443,0,491"
"0/1","15,15","30","99","449,0,480"
"0/1","6,17","23","99","422,0,151"
"0/1","17,15","32","99","483,0,592"
"0/1","19,13","32","99","433,0,669"
"0/1","11,9","20","99","294,0,361"
"0/1","15,10","25","99","281,0,468"
"0/1","17,16","33","99","496,0,579"
"0/1","14,19","33","99","622,0,421"
"0/1","18,15","33","99","432,0,589"
"0/1","16,13","29","99","406,0,530"
"0/1","17,15","32","99","461,0,586"
"0/1","8,13","21","99","463,0,253"
"0/1","8,11","19","99","361,0,261"
"0/1","12,11","23","99","372,0,414"
"0/1","20,8","28","99","236,0,734"
"0/1","11,11","22","99","344,0,341"
"0/1","20,11","31","99","347,0,468"
"0/1","18,11","29","99","372,0,450"
"0/1","23,8","31","99","217,0,699"
"0/1","7,21","28","99","662,0,171"
"0/1","16,6","22","99","150,0,538"
"0/1","14,24","38","99","809,0,410"
"0/1","38,16","54","99","447,0,992"
"0/1","28,17","45","99","495,0,693"
"0/1","40,13","53","99","266,0,510"
"0/1","28,7","35","99","156,0,878"
"0/1","10,21","31","99","696,0,268"
"0/1","10,12","22","99","382,0,294"
"0/1","10,11","21","99","377,0,283"
"0/1","10,11","21","99","380,0,293"
"0/1","13,15","28","99","447,0,378"
"0/1","11,8","19","99","282,0,280"
"0/1","14,10","24","99","319,0,452"
"0/1","6,11","17","99","383,0,194"
"0/1","10,17","27","99","541,0,294"
"0/1","21,14","35","99","404,0,652"
"0/1","15,17","32","99","437,0,420"
"0/1","16,12","28","99","351,0,478"
"0/1","14,22","36","99","720,0,454"
"0/1","24,13","37","99","373,0,771"
"0/1","14,21","35","99","644,0,463"
"0/1","15,15","30","99","476,0,518"
"0/1","13,14","27","99","447,0,418"
"0/1","20,12","32","99","353,0,649"
"0/1","16,10","26","99","322,0,570"
"0/1","17,12","29","99","400,0,595"
"0/1","19,10","29","99","285,0,629"
"0/1","15,11","26","99","326,0,488"
"0/1","8,6","14","99","200,0,280"
"0/1","5,13","18","99","474,0,148"
"0/1","10,10","20","99","340,0,310"
"0/1","11,28","39","99","886,0,256"
"0/1","33,5","38","92","92,0,1088"
"0/1","33,5","38","99","112,0,1002"
"0/1","10,3","13","78","78,0,364"
"0/1","10,12","22","99","392,0,302"
"0/1","8,18","26","99","648,0,246"
"0/1","9,11","20","99","306,0,315"
"0/1","3,14","17","78","455,0,78"
"0/1","8,15","23","99","492,0,249"
"0/1","7,11","18","99","395,0,225"
"0/1","16,14","30","99","476,0,553"
"0/1","19,9","28","99","268,0,679"
"0/1","18,20","38","99","656,0,586"
"0/1","7,10","17","99","342,0,231"
"0/1","6,8","14","99","278,0,197"
"0/1","5,10","16","99","355,0,160"
"0/1","10,12","22","99","419,0,309"
"0/1","6,14","20","99","475,0,153"
"0/1","13,13","26","99","443,0,307"
"0/1","7,11","18","99","379,0,233"
"0/1","9,8","17","99","197,0,302"
"0/1","11,13","24","99","420,0,304"
"0/1","13,12","25","99","402,0,424"
"0/1","4,12","16","99","407,0,114"
"0/1","6,4","10","99","133,0,217"
"0/1","22,4","26","43","43,0,757"
"0/1","5,14","19","99","498,0,152"
"0/1","7,19","26","99","662,0,168"
"0/1","13,5","18","99","117,0,399"
"0/1","9,11","20","99","378,0,300"
"0/1","10,11","21","99","349,0,306"
"0/1","19,12","31","99","355,0,605"
"0/1","15,12","27","99","390,0,523"
"0/1","18,13","31","99","407,0,594"
"0/1","15,12","27","99","388,0,464"
"0/1","18,10","28","99","295,0,640"
"0/1","9,9","18","99","293,0,306"
"0/1","14,13","27","99","405,0,485"
"0/1","14,13","28","99","363,0,483"
"0/1","13,6","19","99","188,0,460"
"0/1","10,8","18","99","266,0,355"
"0/1","7,10","17","99","353,0,235"
"0/1","15,10","25","99","338,0,495"
"0/1","14,8","22","99","251,0,503"
"0/1","8,11","19","99","332,0,262"
"0/1","12,7","19","99","226,0,339"
"0/1","12,15","27","99","528,0,364"
"0/1","5,7","12","99","241,0,168"
"0/1","6,6","12","99","198,0,204"
"0/1","9,11","20","99","335,0,234"
"0/1","7,14","21","99","445,0,191"
"0/1","8,7","15","99","245,0,237"
"0/1","7,9","16","99","244,0,239"
"0/1","10,11","21","99","384,0,290"
"0/1","7,15","22","99","550,0,218"
"0/1","12,10","22","99","340,0,305"
"0/1","11,14","25","99","492,0,298"
"0/1","13,10","23","99","335,0,458"
"0/1","14,13","27","99","445,0,444"
"0/1","14,12","26","99","379,0,489"
"0/1","12,13","25","99","446,0,333"
"0/1","14,13","27","99","444,0,483"
"0/1","15,14","29","99","412,0,519"
"0/1","13,14","27","99","441,0,433"
"0/1","5,11","16","99","322,0,153"
"0/1","15,12","27","99","404,0,491"
"0/1","11,14","25","99","501,0,364"
"0/1","20,15","35","99","437,0,679"
"0/1","26,12","38","99","378,0,768"
"0/1","10,15","25","99","500,0,298"
"0/1","17,11","28","99","318,0,591"
"0/1","13,22","35","99","732,0,356"
"0/1","16,14","30","99","476,0,527"
"0/1","14,12","26","99","371,0,496"
"0/1","14,13","27","99","421,0,468"
"0/1","12,13","26","99","449,0,360"
"0/1","10,10","20","99","346,0,307"
"0/1","2,6","8","58","223,0,58"
"0/1","5,2","7","61","61,0,182"
"0/1","4,7","11","99","220,0,127"
"0/1","7,11","18","99","353,0,228"
"0/1","8,11","19","99","390,0,267"
"0/1","9,8","17","99","245,0,267"
"0/1","7,10","17","99","360,0,163"
"0/1","9,11","20","99","273,0,302"
"0/1","14,12","26","99","340,0,405"
"0/1","16,5","21","99","128,0,551"
"0/1","12,5","17","99","155,0,389"
"0/1","15,17","32","99","552,0,502"
"0/1","15,15","30","99","488,0,448"
"0/1","15,17","32","99","589,0,443"
"0/1","9,18","27","99","556,0,275"
"0/1","14,14","28","99","454,0,485"
"0/1","8,16","24","99","541,0,261"
"0/1","13,11","24","99","322,0,449"
"0/1","14,15","29","99","424,0,458"
"0/1","14,14","28","99","444,0,436"
"0/1","12,7","19","99","220,0,425"
"0/1","6,11","17","99","403,0,152"
"0/1","6,11","17","99","394,0,160"
"0/1","12,16","28","99","560,0,356"
"0/1","13,8","21","99","228,0,341"
"0/1","7,17","24","99","580,0,197"
"0/1","16,7","23","99","207,0,581"
"0/1","15,8","23","99","233,0,505"
"0/1","13,8","21","99","265,0,387"
"0/1","13,18","31","99","553,0,436"
"0/1","4,9","13","99","289,0,123"
"0/1","11,8","19","99","273,0,350"
"0/1","11,10","21","99","327,0,307"
"0/1","12,10","22","99","348,0,411"
"0/1","13,13","26","99","415,0,451"
"0/1","18,12","30","99","377,0,517"
"0/1","13,19","32","99","680,0,426"
"0/1","12,11","23","99","378,0,368"
"0/1","11,15","26","99","521,0,369"
"0/1","13,14","27","99","454,0,408"
"0/1","10,11","21","99","368,0,217"
"0/1","15,10","25","99","330,0,492"
"0/1","16,8","24","99","172,0,542"
"0/1","8,9","17","99","275,0,269"
"0/1","6,12","18","99","367,0,165"
"0/1","9,12","21","99","417,0,260"
"0/1","10,13","23","99","377,0,338"
"0/1","11,13","24","99","375,0,369"
"0/1","12,7","19","99","189,0,427"
"0/1","13,7","20","99","227,0,437"
"0/1","7,6","13","99","195,0,239"
"0/1","10,8","18","99","276,0,311"
"0/0","32,0","32","87","0,87,1184"
"0/1","12,12","24","99","315,0,253"
"0/1","61,9","70","83","83,0,1232"
"0/1","31,14","45","99","233,0,636"
"0/1","23,7","30","99","211,0,378"
"0/1","51,15","66","99","249,0,953"
"0/1","55,13","68","99","211,0,1010"
"0/1","46,10","56","99","279,0,640"
"0/1","5,12","17","99","286,0,163"
"0/1","17,12","29","99","362,0,598"
"0/1","11,14","25","99","474,0,362"
"0/1","8,8","16","99","226,0,261"
"0/1","11,11","22","99","384,0,364"
"0/1","19,11","30","99","339,0,611"
"0/1","15,14","29","99","481,0,485"
"0/1","14,18","32","99","609,0,455"
"0/1","13,17","30","99","410,0,314"
"0/1","18,10","28","99","237,0,513"
"0/1","11,9","20","99","194,0,359"
"0/1","22,9","31","99","124,0,499"
"0/1","16,9","25","99","225,0,382"
"0/1","16,11","28","99","294,0,393"
"0/1","15,13","28","99","320,0,229"
"0/1","6,17","23","99","418,0,124"
"0/1","16,10","26","99","236,0,516"
"0/1","23,15","38","99","465,0,681"
"0/1","24,13","37","99","392,0,730"
"0/1","19,13","32","99","421,0,548"
"0/1","9,14","23","99","488,0,245"
"0/1","6,11","17","99","391,0,152"
"0/1","9,10","19","99","291,0,248"
"0/1","11,8","19","99","214,0,327"
"0/1","9,7","16","99","240,0,190"
"0/1","9,10","20","99","343,0,253"
"0/1","11,12","23","99","381,0,323"
"0/1","10,8","18","99","205,0,319"
"0/1","7,14","21","99","460,0,155"
"0/1","9,18","27","99","566,0,248"
"0/1","17,7","24","99","202,0,529"
"0/1","15,7","22","99","187,0,465"
"0/1","14,15","29","99","359,0,437"
"0/1","13,19","32","99","566,0,386"
"0/1","21,8","29","99","192,0,402"
"0/1","13,13","26","99","405,0,441"
"0/1","3,6","9","95","205,0,95"
"0/1","3,4","7","99","127,0,101"
"0/1","5,6","11","99","197,0,135"
"0/1","13,19","32","99","653,0,396"
"0/1","7,13","20","99","430,0,232"
"0/1","16,20","36","99","662,0,512"
"0/1","7,2","9","50","50,0,262"
"0/1","9,14","23","99","494,0,292"
"0/1","8,11","19","99","390,0,258"
"0/1","11,21,0","32","99","706,0,318,739,381,1120"
"0/1","15,12","27","99","367,0,358"
"0/1","9,11","20","99","389,0,263"
"0/1","9,11","20","99","378,0,268"
"0/1","20,8","28","99","115,0,625"
"0/1","10,17","27","99","568,0,285"
"0/1","17,16","33","99","493,0,553"
"0/1","14,13","27","99","412,0,477"
"0/1","16,13","29","99","417,0,515"
"0/1","9,8","17","99","244,0,285"
"0/1","17,14","31","99","329,0,534"
"0/1","19,15","34","99","456,0,578"
"0/1","8,14","22","99","452,0,214"
"0/1","19,11","30","99","269,0,517"
"0/1","29,11","40","99","273,0,605"
"0/1","8,10","18","99","299,0,239"
"0/1","12,7","19","99","228,0,392"
"0/1","13,17","30","99","586,0,426"
"0/1","13,20","33","99","615,0,357"
"0/1","15,14","29","99","442,0,440"
"0/1","11,12","23","99","411,0,366"
"0/1","11,13","24","99","334,0,368"
"0/1","9,6","15","99","186,0,307"
"0/1","12,10","22","99","272,0,350"
"0/1","13,11","24","99","349,0,171"
"0/1","12,13","25","99","434,0,294"
"0/1","16,16","32","99","488,0,433"
"0/1","16,12","28","99","399,0,478"
"0/1","23,16","39","99","533,0,493"
"0/1","19,20","39","99","637,0,469"
"0/1","22,17","39","99","592,0,589"
"0/1","17,7","24","99","139,0,618"
"0/1","8,9","17","99","328,0,240"
"0/1","10,6","16","99","197,0,321"
"0/1","12,10","22","99","342,0,329"
"0/1","17,7","24","99","202,0,542"
"0/1","16,6","22","99","174,0,516"
"0/1","16,6","22","99","179,0,511"
"0/1","8,10","18","99","346,0,273"
"0/1","6,10","16","99","352,0,163"
"0/1","6,13","19","99","458,0,142"
"1/2","0,5,8","13","99","467,292,277,175,0,151"
"0/1","9,4","13","99","123,0,283"
"0/1","15,11","26","99","322,0,534"
"0/1","10,12","22","99","371,0,336"
"0/1","8,13","21","99","418,0,267"
"0/1","10,16","26","99","532,0,334"
"0/1","9,12","21","99","419,0,301"
"0/1","9,11","20","99","376,0,304"
"0/1","7,9","16","99","311,0,238"
"0/1","10,11","21","99","377,0,304"
"0/1","11,5","16","99","152,0,404"
"0/1","16,10","26","99","316,0,565"
"0/1","18,10","28","99","318,0,579"
"0/1","10,13","24","99","397,0,309"
"0/1","14,16","30","99","562,0,440"
"0/1","8,10","18","99","355,0,275"
"0/1","7,5","12","99","166,0,249"
"0/1","15,14","29","99","482,0,512"
"0/1","9,12","21","99","426,0,259"
"0/1","10,18","28","99","631,0,280"
"0/1","19,10","29","99","320,0,513"
"0/1","14,11","25","99","365,0,371"
"0/1","11,13","24","99","341,0,370"
"0/1","10,13","23","99","463,0,226"
"0/1","14,15","29","99","490,0,478"
"0/1","11,14","25","99","493,0,354"
"0/1","13,15","28","99","491,0,443"
"0/1","10,16","26","99","569,0,316"
"0/1","13,5","18","99","151,0,466"
"0/1","9,8","17","99","266,0,296"
"0/1","17,12","29","99","374,0,569"
"0/1","12,16","28","99","559,0,398"
"0/1","12,10","22","99","331,0,371"
"0/1","9,12","21","99","390,0,222"
"0/1","6,8","14","99","279,0,203"
"0/1","18,8","26","99","224,0,621"
"0/1","15,11","26","99","354,0,524"
"0/1","8,13","21","99","382,0,223"
"0/0","22,0","22","60","0,60,805"
"0/1","12,15","27","99","514,0,393"
"0/1","12,15","27","99","525,0,390"
"0/1","13,13","26","99","372,0,457"
"0/1","10,12","22","99","416,0,320"
"0/1","13,8","21","99","255,0,422"
"0/1","8,14","22","99","453,0,220"
"0/1","7,8","15","99","275,0,220"
"0/1","6,9","15","99","277,0,193"
"0/1","11,14","25","99","452,0,282"
"0/0","37,1","38","75","0,75,1000"
"0/1","7,15","22","99","408,0,189"
"0/0","24,1","25","36","0,36,858"
"0/1","20,14","34","99","376,0,623"
"0/1","21,15","36","99","499,0,691"
"0/1","14,15","29","99","519,0,473"
"0/0","31,0","31","93","0,93,1237"
"0/1","13,6","19","99","176,0,431"
"0/1","7,8","15","99","280,0,204"
"0/1","8,8","16","99","233,0,277"
"0/1","11,7","18","99","189,0,359"
"0/1","7,8","15","99","180,0,254"
"0/1","11,5","16","99","161,0,393"
"0/1","19,10","29","99","309,0,557"
"0/1","15,20","35","99","653,0,460"
"0/1","15,11","26","99","354,0,515"
"1/1","0,23","23","69","937,69,0"
"0/1","18,6","24","99","165,0,624"
"0/1","13,11","24","99","377,0,443"
"0/1","11,11","22","99","386,0,380"
"0/1","9,8","17","99","199,0,318"
"0/1","8,10","18","99","345,0,226"
"0/1","4,13","17","99","470,0,111"
"0/1","20,10","31","99","308,0,720"
"0/1","17,12","29","99","317,0,617"
"0/1","7,12","19","99","360,0,225"
"0/1","17,20","37","99","656,0,547"
"0/1","13,20","33","99","636,0,347"
"0/1","19,13","33","99","345,0,670"
"0/1","17,10","27","99","284,0,517"
"0/1","22,20","42","99","674,0,631"
"0/1","19,21","40","99","716,0,541"
"0/1","17,13","30","99","441,0,585"
"0/1","13,11","25","99","276,0,399"
"0/1","14,13","27","99","379,0,427"
"0/1","21,20","41","99","637,0,620"
"0/1","17,19","36","99","611,0,554"
"0/1","13,17","30","99","555,0,441"
"0/1","12,14","26","99","446,0,402"
"0/1","13,12","25","99","405,0,398"
"0/1","15,14","29","99","456,0,436"
"0/1","14,10","24","99","335,0,445"
"0/1","10,11","21","99","342,0,333"
"0/1","16,20","36","99","570,0,461"
"0/1","20,17","37","99","563,0,604"
"0/1","17,17","34","99","502,0,478"
"0/1","13,14","27","99","451,0,409"
"0/1","12,9","21","99","299,0,389"
"0/1","9,11","20","99","389,0,302"
"0/1","7,14","21","99","495,0,221"
"0/1","8,14","22","99","460,0,266"
"0/1","14,10","24","99","331,0,493"
"0/1","12,8","20","99","274,0,313"
"0/1","14,25","39","99","811,0,405"
"0/1","9,24","33","99","786,0,269"
"0/1","12,12","24","99","378,0,380"
"0/1","11,12","23","99","369,0,371"
"0/1","12,20","32","99","584,0,388"
"0/1","14,20","34","99","632,0,429"
"0/1","18,15","33","99","465,0,601"
"0/1","9,22","31","99","679,0,243"
"0/1","22,18","41","99","580,0,739"
"0/1","10,11","21","99","379,0,336"
"0/1","6,13","19","99","432,0,185"
"0/1","13,6","19","99","183,0,466"
"0/1","12,10","22","99","352,0,319"
"0/1","10,10","22","99","346,0,332"
"0/1","12,10","22","99","270,0,397"
"0/1","10,17","27","99","563,0,251"
"0/1","18,10","28","99","288,0,572"
"0/1","17,19","36","99","570,0,530"
"0/1","17,17","34","99","572,0,547"
"0/1","15,16","31","99","525,0,437"
"0/1","13,5","18","99","149,0,435"
"0/1","7,12","19","99","396,0,176"
"0/1","3,10","13","83","373,0,83"
"0/1","23,7","34","50","50,0,806"
"0/1","32,9","41","99","146,0,812"
"0/1","66,12","78","99","204,0,1925"
"0/1","85,17","102","99","223,0,2487"
"0/1","10,7","17","99","204,0,287"
"0/1","6,7","13","99","246,0,129"
"0/1","16,19","35","99","619,0,465"
"0/1","20,11","31","99","357,0,633"
"0/1","11,10","21","99","314,0,265"
"0/1","11,15","26","99","490,0,328"
"0/1","18,12","30","99","391,0,528"
"0/1","13,14","27","99","495,0,400"
"0/1","36,14","50","99","148,0,821"
"0/1","24,15","39","99","289,0,747"
"0/1","13,41","57","73","982,0,73"
"0/1","27,16","43","99","201,0,566"
"0/1","10,10","20","99","331,0,287"
"0/1","14,10","24","99","334,0,437"
"0/1","17,22","39","99","597,0,551"
"0/1","14,16","30","99","479,0,473"
"0/1","13,16","29","99","519,0,438"
"0/1","6,12","18","99","383,0,189"
"0/1","15,8","23","99","245,0,534"
"0/1","13,12","25","99","385,0,416"
"0/1","7,8","15","99","287,0,205"
"0/1","6,5","11","99","154,0,206"
"0/1","13,21","34","99","705,0,425"
"0/1","11,13","24","99","372,0,377"
"0/1","10,11","21","99","382,0,268"
"0/1","11,20","31","99","611,0,315"
"0/1","8,12","20","99","427,0,267"
"0/1","16,4","20","99","109,0,523"
"0/1","15,5","21","99","112,0,481"
"0/1","12,10","22","99","306,0,403"
"0/1","8,12","20","99","395,0,250"
"0/1","9,9","18","99","266,0,281"
"0/1","7,9","16","99","301,0,230"
"0/1","7,10","17","99","297,0,234"
"0/1","9,7","16","99","217,0,279"
"0/1","14,10","24","99","311,0,432"
"0/1","11,11","23","99","373,0,369"
"0/1","12,11","23","99","381,0,380"
"0/1","16,11","27","99","372,0,494"
"0/1","21,12","33","99","369,0,708"
"0/1","15,18","33","99","590,0,469"
"0/1","17,17","34","99","540,0,550"
"0/1","15,17","32","99","585,0,500"
"0/1","14,15","29","99","516,0,476"
"0/1","13,13","26","99","444,0,386"
"0/1","13,6","19","99","185,0,457"
"0/1","10,15","25","99","522,0,291"
"0/1","12,14","26","99","442,0,289"
"0/1","20,21","41","99","713,0,641"
"0/1","13,15","28","99","461,0,387"
"0/1","3,12","15","78","442,0,78"
"0/1","12,12","24","99","417,0,349"
"0/1","14,5","19","99","145,0,499"
"0/1","6,15","21","99","512,0,180"
"0/1","4,9","13","99","328,0,123"
"0/1","13,6","19","99","186,0,430"
"0/1","11,12","23","99","406,0,349"
"0/1","18,13","31","99","425,0,567"
"0/1","18,12","30","99","344,0,626"
"0/1","11,21","32","99","533,0,273"
"0/1","18,9","27","99","193,0,513"
"0/1","17,9","26","99","214,0,482"
"0/1","16,20","36","99","611,0,385"
"0/1","14,15","29","99","470,0,485"
"0/1","8,15","23","99","517,0,211"
"0/1","14,12","26","99","346,0,374"
"0/1","12,12","24","99","344,0,295"
"0/1","11,7","18","99","237,0,318"
"0/1","18,17","35","99","587,0,591"
"0/1","18,19","37","99","612,0,580"
"0/1","14,16","30","99","522,0,413"
"0/1","13,14","27","99","402,0,404"
"0/1","16,13","29","99","318,0,568"
"0/1","26,17","43","99","467,0,621"
"0/1","19,21","40","99","709,0,548"
"0/1","9,13","22","99","377,0,307"
"0/1","9,12","21","99","401,0,301"
"0/1","16,12","28","99","359,0,491"
"0/1","10,10","20","99","353,0,278"
"0/1","23,9","32","99","298,0,484"
"0/1","30,7","37","45","45,0,882"
"0/1","15,11","26","99","368,0,363"
"0/1","13,11","24","99","352,0,248"
"0/1","3,14","17","71","508,0,71"
"0/1","3,9","12","90","284,0,90"
"0/1","11,7","18","99","184,0,297"
"0/1","7,9","16","99","295,0,142"
"0/1","7,4","11","48","48,0,245"
"0/1","10,9","19","99","144,0,352"
"0/1","13,10","23","99","233,0,436"
"0/1","6,4","11","99","129,0,184"
"0/1","8,7","15","99","200,0,283"
"0/1","6,9","15","87","291,0,87"
"0/1","9,10","19","99","365,0,121"
"0/1","11,10","21","99","301,0,228"
"0/1","8,5","15","99","174,0,155"
"0/1","4,7","11","99","246,0,123"
"0/1","11,9","20","99","259,0,387"
"0/1","12,9","21","99","242,0,413"
"0/1","14,6","20","99","143,0,451"
"0/1","21,7","28","99","197,0,686"
"0/1","11,16","27","99","455,0,223"
"0/1","10,13","23","99","382,0,338"
"0/1","14,16","30","99","543,0,441"
"0/1","13,12","25","99","404,0,400"
"0/1","12,15","27","99","473,0,390"
"0/1","19,12","31","99","378,0,629"
"0/1","15,10","25","99","319,0,509"
"0/1","19,15","34","99","437,0,636"
"1/1","0,26","26","75","996,75,0"
"0/1","14,12","26","99","411,0,439"
"0/1","10,11","21","99","330,0,346"
"0/1","19,9","28","99","225,0,599"
"0/1","19,13","32","99","428,0,622"
"0/1","17,21","38","99","708,0,541"
"0/1","12,15","27","99","444,0,366"
"0/1","15,16","31","99","502,0,443"
"0/1","16,10","26","99","155,0,540"
"0/1","13,19","32","99","552,0,372"
"0/1","12,16","28","99","500,0,354"
"0/1","16,12","28","99","340,0,516"
"0/1","14,9","23","99","288,0,424"
"0/1","11,13","24","99","182,0,119"
"0/1","8,26","34","99","713,0,215"
"0/1","17,10","27","99","282,0,519"
"0/1","11,17","28","99","514,0,304"
"0/1","11,12","23","99","394,0,284"
"0/1","14,16","30","99","412,0,398"
"0/1","13,8","21","99","202,0,449"
"0/1","9,13","22","99","438,0,257"
"0/1","19,14","33","99","473,0,652"
"0/1","9,16","25","99","529,0,226"
"0/1","19,13","32","99","378,0,586"
"0/1","20,18","38","99","577,0,682"
"0/1","18,17","35","99","561,0,621"
"0/1","20,19","39","99","633,0,624"
"0/1","19,13","32","99","417,0,631"
"0/1","11,13","24","99","449,0,374"
"0/1","14,9","23","99","287,0,467"
"0/1","9,17","26","99","505,0,264"
"0/1","7,15","22","99","468,0,227"
"0/1","9,13","22","99","404,0,263"
"0/1","14,11","26","99","344,0,409"
"0/1","9,17","26","99","524,0,281"
"0/1","17,14","31","99","404,0,512"
"0/1","11,13","24","99","448,0,346"
"0/1","9,11","20","99","383,0,273"
"0/1","16,10","26","99","337,0,483"
"0/1","5,9","14","99","328,0,120"
"0/1","5,9","14","99","320,0,158"
"0/1","7,11","18","99","389,0,231"
"0/1","19,13","32","99","434,0,602"
"0/1","11,12","23","99","405,0,370"
"0/1","14,17","31","99","556,0,446"
"0/1","7,7","14","99","237,0,239"
"0/1","9,9","18","99","306,0,242"
"0/1","9,7","16","99","225,0,298"
"0/1","14,7","21","99","227,0,468"
"0/1","6,13","19","99","459,0,148"
"0/1","7,8","15","99","277,0,233"
"0/1","7,6","13","99","208,0,250"
"0/1","5,18","23","26","615,0,26"
"0/1","18,7","25","99","197,0,601"
"0/1","9,20","29","99","688,0,266"
"0/1","12,19","31","99","641,0,391"
"0/1","12,15","27","99","520,0,374"
"0/1","19,13","32","99","448,0,375"
"0/1","12,13","25","99","418,0,353"
"0/1","9,12","21","99","389,0,289"
"0/1","8,11","19","99","387,0,260"
"0/1","15,10","25","99","293,0,484"
"0/1","16,13","29","99","411,0,463"
"0/1","21,19","40","99","656,0,692"
"0/1","23,25","48","99","854,0,743"
"0/1","22,24","46","99","755,0,713"
"0/1","12,17","29","99","532,0,392"
"0/1","10,14","24","99","501,0,306"
"0/1","14,10","24","99","306,0,497"
"0/1","8,18","26","99","619,0,252"
"0/1","16,6","22","99","145,0,535"
"0/1","22,10","32","99","271,0,701"
"0/1","15,10","25","99","335,0,449"
"0/1","12,9","21","99","307,0,393"
"0/1","14,11","26","99","307,0,479"
"0/1","18,22","40","99","753,0,517"
"0/1","17,14","31","99","479,0,446"
"0/1","8,10","18","99","312,0,266"
"0/1","13,16","29","99","536,0,403"
"0/1","21,9","30","99","283,0,610"
"0/1","11,14","27","99","460,0,360"
"0/1","6,7","13","99","246,0,132"
"0/1","13,10","23","99","344,0,380"
"0/1","7,5","12","99","169,0,246"
"0/1","15,16","32","99","461,0,481"
"0/0","8,0","8","15","0,15,197"
"0/1","15,13","28","99","372,0,528"
"0/1","14,11","25","99","351,0,460"
"0/1","11,14","26","99","422,0,268"
"1/1","3,11","14","21","228,21,0"
"0/1","21,10","31","99","241,0,656"
"0/1","17,15","32","99","406,0,531"
"0/1","15,14","29","99","470,0,356"
"0/1","8,18","27","99","240,0,120"
"0/1","12,10","22","99","304,0,357"
"0/0","6,0","6","12","0,12,157"
"0/1","17,16","33","99","531,0,541"
"0/1","14,10","24","99","328,0,476"
"0/1","19,20","39","99","657,0,630"
"0/1","8,22","30","99","736,0,188"
"0/1","22,22","45","99","659,0,701"
"0/0","26,0","26","69","0,69,918"
"0/0","24,0","25","66","0,66,784"
"0/0","24,0","25","66","0,66,828"
"0/0","25,0","25","72","0,72,950"
"0/0","24,1","25","69","0,69,940"
"0/0","25,0","25","66","0,66,863"
"0/0","24,0","24","66","0,66,875"
"0/0","25,0","25","69","0,69,941"
"0/0","24,0","24","66","0,66,891"
"0/1","15,8","23","99","240,0,498"
"0/1","10,14","24","99","481,0,296"
"0/1","17,13","30","99","425,0,565"
"0/1","18,20","38","99","624,0,558"
"0/1","19,16","35","99","506,0,596"
"0/1","11,16","27","99","515,0,338"
"0/0","12,0","12","36","0,36,471"
"0/1","15,14","29","99","443,0,508"
"0/0","40,0","40","99","0,108,1441"
"0/1","11,3","15","46","46,0,407"
"0/1","11,4","15","83","83,0,404"
"0/1","13,19","32","99","602,0,339"
"0/1","11,19","30","99","693,0,350"
"0/1","15,10","25","99","314,0,524"
"0/1","4,8","12","99","240,0,130"
"0/1","10,13","23","99","384,0,344"
"0/1","10,14","25","99","443,0,338"
"0/1","16,22","38","99","710,0,496"
"0/1","8,2","11","22","22,0,148"
"0/1","18,4","23","90","90,0,564"
"0/1","7,19","26","99","646,0,199"
"0/1","11,12","23","99","368,0,370"
"0/1","7,22","29","99","710,0,193"
"0/0","28,0","28","81","0,81,1063"
"0/1","13,17","30","99","527,0,417"
"0/1","20,12","32","99","228,0,705"
"0/1","11,17","28","99","522,0,305"
"0/1","11,23","34","99","697,0,222"
"0/1","13,14","27","99","412,0,414"
"0/1","13,9","22","99","291,0,424"
"0/1","14,14","28","99","427,0,414"
"0/1","13,16","29","99","512,0,434"
"0/1","13,11","24","99","369,0,378"
"0/1","13,14","27","99","381,0,459"
"0/1","7,11","18","99","327,0,238"
"0/1","16,6","22","99","142,0,571"
"0/1","8,10","18","99","358,0,261"
"0/1","10,13","23","99","408,0,333"
"0/1","23,20","43","99","599,0,667"
"0/1","14,13","27","99","445,0,478"
"0/1","24,11","35","99","240,0,862"
"0/1","4,10","14","99","354,0,123"
"0/1","9,6","15","99","202,0,319"
"0/1","10,5","15","99","157,0,369"
"0/1","8,1","9","18","18,0,269"
"0/1","12,13","25","99","396,0,410"
"0/1","14,18","32","99","562,0,476"
"0/1","5,11","16","99","316,0,152"
"0/1","12,8","20","99","220,0,435"
"0/0","9,0","9","21","0,21,267"
"0/1","19,15","34","99","495,0,574"
"0/1","15,11","26","99","330,0,477"
"0/1","12,16","29","99","522,0,388"
"0/1","5,10","15","99","296,0,124"
"0/1","11,11","22","99","310,0,366"
"0/1","18,16","34","99","484,0,620"
"0/1","18,17","35","99","520,0,614"
"0/1","11,6","17","99","150,0,327"
"0/0","2,2","4","3","0,3,31"
"0/1","11,8","19","99","229,0,324"
"0/1","7,6","13","99","206,0,247"
"0/1","16,18","34","99","592,0,500"
"0/1","8,23","31","99","778,0,235"
"0/1","6,8","14","99","278,0,198"
"0/1","10,14","24","99","481,0,328"
"0/1","11,11","22","99","363,0,361"
"0/1","9,7","16","99","223,0,321"
"0/1","3,9","12","89","296,0,89"
"0/1","18,6","24","99","136,0,664"
"0/1","10,9","19","99","301,0,341"
"0/1","16,4","20","97","97,0,577"
"0/1","9,10","19","99","348,0,298"
"0/1","15,17","32","99","515,0,394"
"0/1","14,13","27","99","369,0,405"
"0/1","19,16","35","99","548,0,660"
"0/1","16,11","27","99","291,0,467"
"0/1","7,13","20","99","417,0,225"
"0/1","11,15","26","99","504,0,364"
"0/1","13,13","26","99","405,0,447"
"0/1","7,12","20","99","390,0,230"
"0/1","10,8","18","99","268,0,314"
"0/1","22,12","34","99","339,0,716"
"0/1","14,21","35","99","669,0,445"
"0/1","13,17","30","99","486,0,349"
"0/1","14,7","21","99","220,0,461"
"0/1","11,12","23","99","367,0,340"
"0/1","12,24","36","99","823,0,364"
"0/1","15,16","31","99","470,0,475"
"0/1","5,15","20","99","486,0,145"
"0/1","6,9","15","99","321,0,200"
"0/1","13,9","22","99","290,0,432"
"0/1","11,18","29","99","641,0,356"
"0/1","16,13","29","99","358,0,560"
"0/1","14,19","33","99","619,0,446"
"0/1","18,14","32","99","442,0,632"
"0/0","32,0","32","90","0,90,1217"
"0/1","16,14","30","99","462,0,546"
"0/1","14,20","34","99","670,0,426"
"0/1","13,19","32","99","555,0,401"
"0/1","24,15","39","99","438,0,811"
"0/1","11,14","25","99","446,0,371"
"0/1","13,11","24","99","314,0,383"
"0/1","15,12","27","99","386,0,474"
"0/1","11,12","23","99","420,0,378"
"0/1","18,10","28","99","325,0,587"
"0/1","21,16","37","99","525,0,691"
"0/1","19,19","38","99","648,0,611"
"0/1","10,19","29","99","608,0,283"
"0/1","8,14","22","99","431,0,255"
"0/1","7,14","21","99","426,0,225"
"0/1","12,7","19","99","235,0,395"
"0/1","10,12","22","99","331,0,344"
"0/1","12,10","22","99","338,0,385"
"0/1","11,14","25","99","442,0,360"
"0/1","18,22","40","99","704,0,601"
"0/1","20,15","35","99","500,0,643"
"0/1","17,20","37","99","629,0,572"
"0/1","15,17","32","99","576,0,499"
"0/1","13,14","27","99","421,0,438"
"0/1","11,9","20","99","300,0,384"
"0/1","14,8","22","99","249,0,495"
"0/1","19,17","36","99","539,0,670"
"0/1","16,9","25","99","283,0,525"
"0/1","12,19","31","99","580,0,363"
"0/1","10,13","23","99","454,0,332"
"0/1","19,9","28","99","218,0,566"
"0/1","23,18","41","99","538,0,796"
"0/1","17,15","32","99","491,0,555"
"0/1","24,19","43","99","563,0,738"
"0/1","11,17","28","99","603,0,350"
"0/1","16,10","26","99","312,0,564"
"0/1","12,18","30","99","607,0,388"
"0/1","19,22","41","99","775,0,601"
"0/1","16,12","28","99","357,0,499"
"0/1","11,7","18","99","196,0,331"
"0/1","7,11","18","99","348,0,238"
"0/1","8,7","15","99","206,0,244"
"0/1","14,17","31","99","574,0,455"
"0/1","7,13","20","99","472,0,223"
"0/1","13,24","37","99","640,0,273"
"0/1","20,23","43","99","759,0,589"
"0/1","14,15","29","99","465,0,456"
"0/1","17,12","29","99","395,0,426"
"0/1","12,14","26","99","457,0,407"
"0/1","10,14","24","99","471,0,289"
"0/1","10,8","18","99","208,0,226"
"0/1","18,11","29","99","335,0,553"
"0/1","13,17","30","99","574,0,422"
"0/1","14,14","28","99","431,0,450"
"0/1","10,18","28","99","629,0,316"
"0/1","18,17","35","99","492,0,590"
"0/0","14,0","14","24","0,24,290"
"0/0","14,1","15","24","0,24,311"
"0/0","24,0","24","63","0,63,808"
"0/1","19,12","31","99","348,0,676"
"0/1","4,8","12","38","166,0,38"
"0/1","8,8","16","99","235,0,269"
"0/1","7,12","19","99","424,0,232"
"0/1","24,15","39","99","477,0,801"
"0/0","17,0","17","45","0,45,611"
"0/0","27,0","27","63","0,63,853"
"0/1","10,7","17","99","230,0,352"
"0/1","7,9","16","99","321,0,229"
"0/0","3,0","3","6","0,6,64"
"0/1","18,17","35","99","495,0,589"
"0/1","22,13","35","99","417,0,741"
"0/1","10,12","22","99","324,0,283"
"0/0","9,3","13","18","0,18,213"
"0/1","15,15","30","99","397,0,461"
"0/1","14,15","29","99","432,0,477"
"0/1","18,9","28","18","18,0,217"
"0/1","5,7","12","50","233,0,50"
"0/1","17,11","29","99","357,0,555"
"0/1","13,2","15","40","40,0,408"
"0/1","14,7","21","99","216,0,506"
"0/1","14,17","31","99","568,0,388"
"0/1","11,11","22","99","309,0,348"
"0/1","29,3","32","22","22,0,1051"
"0/1","32,3","35","16","16,0,1128"
"0/1","33,3","36","18","18,0,1127"
"0/1","23,2","25","11","11,0,832"
"0/1","22,5","27","87","87,0,568"
"0/1","21,5","27","87","87,0,589"
"0/1","24,5","29","86","86,0,634"
"0/1","24,5","29","88","88,0,682"
"0/1","23,6","29","99","119,0,619"
"0/1","12,13","25","99","457,0,377"
"0/1","25,6","31","99","128,0,443"
"0/1","13,10","23","99","332,0,376"
"0/1","8,14","22","99","466,0,250"
"0/1","17,14","31","99","471,0,579"
"0/1","15,14","29","99","340,0,408"
"0/0","20,0","20","57","0,57,727"
"0/0","20,0","20","60","0,60,775"
"0/0","20,0","20","57","0,57,729"
"0/0","20,0","20","51","0,51,671"
"0/0","22,0","22","63","0,63,811"
"0/0","23,0","23","63","0,63,843"
"0/1","7,7","14","99","232,0,245"
"0/1","10,14","24","99","439,0,302"
"0/1","18,17","35","99","479,0,550"
"0/1","11,10","21","99","310,0,306"
"0/1","15,7","22","99","170,0,486"
"0/0","29,0","29","84","0,84,1125"
"0/1","26,23","49","99","600,0,562"
"0/1","13,16","29","99","538,0,431"
"0/1","6,8","14","99","272,0,200"
"0/1","12,8","20","99","275,0,361"
"0/1","7,13","20","99","461,0,219"
"0/1","11,8","19","99","270,0,380"
"0/1","13,10","23","99","347,0,320"
"0/1","12,14","26","99","496,0,406"
"0/1","15,12","27","99","370,0,455"
"0/1","16,8","24","99","214,0,497"
"0/1","11,13","24","99","409,0,375"
"0/1","13,7","20","99","200,0,471"
"0/1","7,8","15","99","262,0,239"
"0/1","7,10","17","99","346,0,233"
"0/1","10,6","16","99","129,0,262"
"0/1","6,7","13","99","241,0,188"
"0/1","4,6","10","99","213,0,135"
"0/1","16,17","33","99","555,0,486"
"1/2","0,12,16","28","99","867,511,478,356,0,311"
"0/1","17,24","41","99","799,0,566"
"0/1","14,10","24","99","242,0,358"
"0/0","13,0","13","24","0,24,294"
"0/0","13,0","13","24","0,24,306"
"0/1","12,3","15","55","55,0,228"
"0/1","26,19","45","99","578,0,689"
"0/1","16,19","35","99","565,0,501"
"0/1","17,19","36","99","665,0,573"
"0/1","16,6","22","99","171,0,554"
"0/1","19,8","27","99","229,0,695"
"0/1","13,14","27","99","476,0,387"
"0/1","20,13","33","99","430,0,664"
"0/1","10,10","20","99","342,0,335"
"0/1","10,11","21","99","376,0,336"
"0/1","9,13","22","99","449,0,293"
"0/1","7,21","28","99","699,0,209"
"0/1","14,10","24","99","291,0,447"
"0/1","12,8","21","99","272,0,381"
"0/0","22,4","26","32","0,32,815"
"0/0","22,4","26","29","0,29,767"
"0/1","15,12","27","99","382,0,475"
"0/1","12,6","18","99","186,0,328"
"0/1","12,14","26","99","382,0,373"
"0/1","14,12","26","99","374,0,455"
"0/1","14,6","20","99","178,0,455"
"0/0","14,0","15","30","0,30,404"
"0/1","17,26","43","99","773,0,519"
"0/1","17,15","32","99","460,0,532"
"0/1","20,16","36","99","416,0,523"
"0/1","17,8","35","99","122,0,416"
"0/1","19,19","38","99","521,0,607"
"0/1","13,12","25","99","378,0,450"
"0/1","8,8","16","99","270,0,243"
"0/1","6,12","18","99","386,0,162"
"0/1","4,5","9","99","180,0,136"
"0/1","7,13","21","99","430,0,227"
"0/1","11,9","20","99","224,0,353"
"0/1","13,9","22","99","293,0,458"
"0/1","11,16","27","99","522,0,351"
"0/1","9,17","26","99","531,0,214"
"0/1","13,12","25","99","372,0,451"
"0/1","22,19","41","99","551,0,735"
"0/1","22,16","38","99","539,0,688"
"0/1","13,19","32","99","669,0,426"
"0/1","14,1","15","4","4,0,398"
"0/1","4,9","13","37","285,0,37"
"0/1","15,9","24","99","289,0,537"
"0/1","9,8","17","99","236,0,281"
"0/1","9,14","23","99","449,0,296"
"1/1","0,21","21","63","846,63,0"
"0/0","11,0","11","24","0,24,300"
"0/1","12,4","16","99","121,0,373"
"0/1","6,8","14","99","280,0,161"
"0/1","32,9","41","45","45,0,558"
"0/1","23,5","28","7","7,0,620"
"0/1","26,10","36","85","85,0,672"
"0/1","21,4","25","66","66,0,333"
"0/1","14,11","25","99","358,0,405"
"0/1","14,10","24","99","336,0,404"
"0/0","24,0","24","57","0,57,728"
"0/1","12,11","23","99","313,0,387"
"0/1","17,11","28","99","368,0,610"
"0/1","16,16","32","99","479,0,542"
"0/1","12,12","24","99","390,0,405"
"0/1","14,13","27","99","433,0,470"
"0/1","19,21","40","99","674,0,537"
"0/0","26,0","26","66","0,66,836"
"0/1","15,12","27","99","364,0,477"
"0/1","14,13","27","99","446,0,420"
"0/1","13,5","18","99","123,0,359"
"0/1","6,6","12","99","204,0,173"
"0/1","11,11","22","99","281,0,352"
"0/1","4,9","13","99","274,0,118"
"0/1","14,10","24","99","327,0,454"
"0/1","7,9","18","99","115,0,252"
"0/1","16,17","33","99","461,0,422"
"0/1","9,7","16","99","231,0,304"
"0/1","7,11","18","99","381,0,226"
"0/1","12,10","22","99","292,0,404"
"0/1","6,17","24","99","611,0,139"
"0/1","9,12","21","99","417,0,235"
"0/1","11,9","20","99","309,0,338"
"0/1","7,7","14","99","238,0,211"
"0/1","17,7","24","99","151,0,545"
"0/1","16,5","21","88","88,0,504"
"0/1","16,5","21","88","88,0,525"
"0/1","16,5","21","88","88,0,491"
"0/1","17,5","22","87","87,0,450"
"0/1","13,14","27","99","460,0,433"
"0/1","17,19","36","99","637,0,540"
"0/1","31,8","39","99","147,0,886"
"0/1","12,16","28","99","509,0,340"
"0/0","19,0","19","54","0,54,727"
"0/1","14,14","30","99","260,0,240"
"0/1","12,13","28","99","255,0,208"
"0/1","10,19","29","99","672,0,278"
"0/1","7,17","24","99","569,0,206"
"0/1","12,11","23","99","347,0,389"
"0/1","6,4","10","99","137,0,212"
"0/1","15,18","33","99","539,0,437"
"0/1","21,16","37","99","533,0,654"
"0/1","20,11","31","99","359,0,665"
"0/1","11,12","23","99","420,0,370"
"0/1","11,18","29","99","640,0,352"
"0/1","16,13","29","99","398,0,478"
"0/1","15,13","28","99","421,0,486"
"0/1","17,12","29","99","313,0,551"
"0/1","22,17","39","99","511,0,648"
"0/1","21,14","35","99","348,0,697"
"0/1","17,13","30","99","322,0,503"
"0/1","12,11","23","99","337,0,386"
"0/1","16,15","31","99","450,0,474"
"0/1","11,9","20","99","299,0,377"
"0/1","17,9","26","99","243,0,582"
"0/1","6,10","16","99","316,0,192"
"0/1","25,16","41","99","472,0,828"
"0/1","15,10","25","99","283,0,455"
"0/1","17,8","25","99","240,0,559"
"0/1","21,16","37","99","503,0,707"
"0/1","26,21","47","99","570,0,770"
"0/1","8,19","27","99","640,0,209"
"0/1","15,14","29","99","438,0,514"
"0/1","21,7","28","6","6,0,197"
"0/1","17,19","36","99","588,0,493"
"0/1","9,14","23","99","488,0,264"
"0/1","9,5","14","99","154,0,322"
"0/1","8,13","21","99","407,0,260"
"0/1","9,19","28","99","652,0,276"
"0/1","7,11","18","99","385,0,229"
"0/1","17,13","30","99","382,0,511"
"0/1","9,4","13","87","87,0,328"
"0/1","16,12","28","99","365,0,521"
"0/1","8,10","18","99","306,0,258"
"0/1","12,15","27","99","505,0,402"
"0/1","7,8","15","99","290,0,205"
"0/1","8,6","14","99","141,0,124"
"0/1","18,14","32","99","436,0,630"
"0/1","15,10","25","99","341,0,458"
"0/1","9,14","23","99","466,0,291"
"0/1","14,6","20","99","183,0,478"
"0/1","15,22","37","99","741,0,457"
"0/1","25,18","43","99","589,0,810"
"0/1","12,12","24","99","365,0,415"
"0/1","6,4","10","99","133,0,165"
"0/1","6,12","18","99","433,0,195"
"0/1","10,10","20","99","352,0,301"
"0/1","6,13","19","99","355,0,198"
"0/1","6,14","20","99","420,0,186"
"0/1","11,10","21","99","316,0,362"
"0/1","11,5","16","99","161,0,336"
"0/1","23,14","37","99","451,0,759"
"0/1","2,3","5","28","68,0,28"
"0/1","5,7","12","99","205,0,163"
"0/1","11,10","21","99","260,0,383"
"0/1","10,8","18","99","260,0,355"
"0/1","13,19","32","99","620,0,418"
"0/1","25,16","41","99","461,0,808"
"0/1","4,3","8","30","30,0,102"
"0/1","8,18","26","99","566,0,245"
"0/1","14,19","33","99","607,0,456"
"0/1","12,16","28","99","514,0,406"
"0/0","27,8","35","1","0,1,944"
"0/1","41,13","54","99","245,0,1198"
"0/1","7,12","19","99","388,0,228"
"0/1","13,15","28","99","463,0,415"
"0/1","16,12","28","99","407,0,451"
"0/1","15,18","33","99","611,0,453"
"0/1","23,7","31","99","166,0,572"
"0/1","4,18","22","99","603,0,102"
"0/1","10,17","27","99","590,0,317"
"0/1","14,13","27","99","388,0,411"
"0/0","12,0","13","24","0,24,287"
"0/1","15,17","32","99","558,0,440"
"0/1","5,12","17","99","389,0,155"
"0/1","13,18","31","99","601,0,427"
"0/1","7,9","16","99","276,0,234"
"0/1","7,18","25","99","565,0,196"
"0/1","18,7","28","99","133,0,572"
"0/1","28,14","42","99","429,0,785"
"0/1","17,26","43","99","763,0,464"
"0/1","24,25","49","99","762,0,704"
"0/1","30,19","49","99","595,0,948"
"1/1","0,42","42","99","1521,114,0"
"0/1","23,23","46","99","739,0,715"
"0/1","25,24","49","99","770,0,737"
"1/1","5,41","46","16","1186,16,0"
"0/1","29,14","43","99","454,0,792"
"0/1","17,17","34","99","561,0,531"
"0/1","22,13","35","99","390,0,778"
"0/1","12,13","25","99","399,0,397"
"0/1","19,17","36","99","468,0,458"
"0/1","9,14","23","99","439,0,266"
"0/1","6,16","22","99","584,0,142"
"0/1","11,18","29","99","481,0,347"
"0/1","9,9","18","99","250,0,282"
"1/1","3,24","27","63","830,63,0"
"1/1","2,28","30","41","963,41,0"
"0/1","11,11","22","99","383,0,378"
"0/1","16,19","35","99","595,0,542"
"0/1","16,14","30","99","471,0,510"
"0/1","18,10","28","99","320,0,574"
"0/1","12,9","21","99","297,0,381"
"0/1","10,13","23","99","470,0,301"
"0/1","8,17","25","99","544,0,256"
"0/1","20,15","35","99","494,0,687"
"0/1","15,9","24","99","283,0,500"
"0/1","19,12","31","99","373,0,672"
"0/1","20,12","32","99","381,0,669"
"0/1","15,23","38","99","751,0,500"
"0/1","13,13","26","99","447,0,441"
"0/1","12,16","28","99","525,0,406"
"0/1","7,14","21","99","503,0,212"
"0/1","6,10","16","99","354,0,161"
"0/1","7,11","18","99","387,0,222"
"0/1","7,8","15","99","280,0,200"
"0/1","14,9","23","99","300,0,458"
"0/1","8,10","18","99","351,0,271"
"0/1","7,9","16","99","303,0,203"
"0/1","12,14","26","99","497,0,333"
"0/1","9,12","21","99","414,0,304"
"0/1","12,13","25","99","418,0,383"
"0/1","20,13","33","99","367,0,629"
"0/1","16,14","30","99","442,0,562"
"0/1","7,24","31","99","796,0,195"
"0/1","13,6","19","99","186,0,438"
"0/1","20,14","36","99","396,0,538"
"0/1","12,14","26","99","457,0,328"
"0/1","18,18","36","99","598,0,547"
"0/1","5,13","18","97","469,0,97"
"0/1","9,8","17","99","232,0,316"
"0/1","16,10","26","99","327,0,562"
"0/1","5,13","18","99","478,0,149"
"0/1","15,11","26","99","335,0,471"
"0/1","12,9","21","99","306,0,421"
"0/1","12,10","22","99","346,0,386"
"0/1","12,12","24","99","407,0,412"
"0/1","26,13","39","99","405,0,811"
"0/1","11,15","26","74","457,0,74"
"0/1","17,17","34","99","536,0,506"
"0/1","7,6","15","99","99,0,187"
"1/1","0,16","16","45","575,45,0"
"0/1","10,10","20","99","332,0,347"
"0/1","18,11","29","99","322,0,606"
"0/1","8,12","20","99","397,0,260"
"0/1","10,19","29","99","611,0,331"
"0/1","13,23","36","99","789,0,338"
"0/1","8,13","21","99","426,0,246"
"0/1","10,7","17","99","217,0,340"
"0/1","10,11","21","99","366,0,339"
"0/1","11,13","24","99","461,0,364"
"0/1","11,16","27","99","560,0,368"
"0/1","15,11","26","99","361,0,496"
"0/1","8,19","27","99","681,0,243"
"0/1","15,19","34","99","663,0,478"
"0/1","16,9","25","99","295,0,572"
"0/1","14,17","31","99","559,0,428"
"0/1","13,19","33","99","420,0,406"
"0/1","17,24","41","99","802,0,519"
"0/1","6,15","21","99","495,0,172"
"0/1","5,10","15","99","359,0,112"
"0/1","10,3","13","13","13,0,292"
"0/1","11,3","14","22","22,0,254"
"0/1","11,4","15","15","15,0,294"
"0/1","11,10","21","99","290,0,371"
"0/1","7,13","20","99","442,0,223"
"0/1","13,17","30","99","548,0,385"
"0/1","15,15","30","99","470,0,508"
"0/1","10,12","22","99","380,0,307"
"0/1","13,17","30","99","561,0,438"
"0/1","18,19","37","99","604,0,579"
"0/1","14,12","26","99","410,0,425"
"0/1","17,11","28","99","354,0,528"
"0/1","21,11","32","99","351,0,600"
"0/1","12,17","29","99","601,0,400"
"0/1","9,12","21","99","240,0,289"
"0/0","35,2","37","28","0,28,1224"
"0/1","11,14","25","99","467,0,374"
"0/1","17,13","30","99","446,0,474"
"0/1","12,7","19","99","214,0,424"
"0/1","15,9","24","99","253,0,539"
"0/1","18,18","36","99","523,0,613"
"0/1","19,15","34","99","440,0,596"
"0/1","16,15","31","99","512,0,468"
"0/1","13,12","25","99","402,0,448"
"0/1","11,9","20","99","269,0,342"
"0/1","13,16","29","99","559,0,397"
"0/1","12,27","39","99","930,0,368"
"0/1","19,18","37","99","583,0,579"
"0/1","10,15","25","99","528,0,326"
"0/1","13,16","29","99","557,0,434"
"0/1","16,17","33","99","580,0,463"
"0/1","18,11","29","99","350,0,562"
"0/1","7,10","17","99","251,0,174"
"0/1","9,6","17","80","143,0,80"
"0/1","10,6","17","83","83,0,120"
"0/1","20,14","34","99","440,0,681"
"0/1","14,6","20","99","185,0,477"
"0/1","14,11","25","99","288,0,498"
"0/1","17,15","32","99","482,0,566"
"0/1","17,9","26","99","279,0,593"
"0/1","18,8","26","99","254,0,642"
"0/1","19,18","37","99","507,0,647"
"0/1","7,14","21","99","496,0,216"
"0/1","12,12","24","99","361,0,408"
"0/1","20,23","43","99","762,0,631"
"0/1","16,9","25","99","258,0,582"
"0/1","11,12","23","99","417,0,323"
"0/1","13,9","22","99","258,0,461"
"0/1","8,15","23","99","507,0,214"
"0/1","13,10","23","99","302,0,421"
"0/1","11,16","27","99","570,0,325"
"0/1","11,13","24","99","415,0,381"
"0/1","12,24","36","99","673,0,343"
"0/1","9,12","21","99","414,0,288"
"0/1","9,8","17","99","275,0,316"
"0/1","21,16","37","99","374,0,587"
"0/1","12,14","26","99","477,0,350"
"0/1","12,17","29","99","583,0,345"
"0/1","12,7","19","99","182,0,312"
"0/1","15,8","23","99","255,0,507"
"0/1","10,13","23","99","456,0,323"
"0/1","9,8","17","99","276,0,316"
"0/1","16,12","28","99","360,0,498"
"0/1","14,19","33","99","684,0,473"
"0/1","11,7","18","99","226,0,385"
"0/1","13,7","20","56","56,0,463"
"0/1","4,10","14","99","357,0,115"
"0/1","14,20","34","99","676,0,443"
"0/1","42,10","52","49","49,0,1272"
"0/1","30,8","38","99","172,0,914"
"0/1","38,5","44","77","77,0,1095"
"0/1","24,17","41","99","543,0,706"
"0/1","8,5","13","99","166,0,280"
"0/1","10,13","23","99","467,0,335"
"0/1","8,10","18","99","352,0,270"
"0/1","15,10","25","99","266,0,510"
"0/1","6,12","18","99","409,0,193"
"0/1","10,12","22","99","402,0,348"
"0/1","15,5","20","99","147,0,543"
"0/1","9,14","23","99","432,0,287"
"0/1","16,14","30","99","483,0,487"
"0/1","19,15","34","99","427,0,620"
"0/1","18,13","31","99","401,0,531"
"0/1","18,11","29","99","353,0,641"
"0/1","10,12","22","99","379,0,339"
"0/1","9,8","18","99","256,0,311"
"0/1","15,8","23","99","221,0,490"
"0/1","10,11","21","99","350,0,345"
"0/1","8,8","16","99","276,0,282"
"0/0","7,0","7","18","0,18,224"
"0/1","13,17","30","99","537,0,408"
"0/1","15,8","23","99","222,0,495"
"0/0","37,0","37","99","0,108,1397"
"0/1","16,15","31","99","510,0,543"
"0/1","8,13","21","99","464,0,260"
"0/1","16,20","36","99","616,0,551"
"0/1","11,12","23","99","400,0,304"
"0/1","10,11","21","99","381,0,305"
"0/1","16,14","30","99","393,0,569"
"0/1","21,8","30","99","198,0,536"
"0/1","7,5","12","99","130,0,247"
"0/1","13,9","22","99","291,0,429"
"0/1","9,12","21","99","425,0,302"
"0/1","4,15","19","99","476,0,102"
"0/1","18,8","26","99","237,0,607"
"0/1","8,7","15","99","166,0,279"
"0/1","20,10","30","99","320,0,712"
"0/1","10,11","21","99","344,0,340"
"0/1","6,17","23","99","534,0,169"
"0/1","13,13","26","99","420,0,420"
"0/1","13,15","28","99","449,0,418"
"0/1","13,14","27","99","475,0,435"
"0/1","13,14","27","99","466,0,453"
"0/1","18,6","24","99","165,0,649"
"0/0","20,0","20","57","0,57,783"
"0/1","12,7","19","99","224,0,432"
"1/1","1,18","19","48","651,48,0"
"0/0","27,1","28","39","0,39,927"
"0/1","15,15","30","99","429,0,483"
"0/1","11,13","24","99","382,0,332"
"0/1","12,11","23","99","331,0,300"
"0/1","17,18","35","99","595,0,521"
"0/1","10,12","22","99","343,0,346"
"0/1","11,5","16","99","162,0,372"
"0/1","21,10","31","99","289,0,705"
"0/1","10,13","23","99","435,0,324"
"0/1","17,14","31","99","432,0,420"
"0/1","19,13","32","99","433,0,567"
"0/1","14,26","40","99","900,0,432"
"0/0","24,0","24","60","0,60,773"
"0/1","14,16","30","99","480,0,427"
"0/1","14,7","21","99","222,0,447"
"0/1","8,10","18","99","297,0,237"
"0/1","9,14","23","99","503,0,274"
"0/1","9,11","20","99","377,0,295"
"0/1","14,17","32","99","505,0,413"
"0/1","4,7","11","99","253,0,130"
"0/1","14,14","28","99","475,0,476"
"0/1","13,11","24","99","321,0,410"
"0/1","9,8","17","99","267,0,269"
"0/1","9,9","18","99","267,0,306"
"0/1","13,17","30","99","606,0,397"
"0/1","12,16","28","99","575,0,372"
"0/1","14,9","23","99","260,0,504"
"0/1","14,13","27","99","404,0,457"
"0/1","16,11","27","99","331,0,550"
"0/1","17,20","37","99","650,0,547"
"0/1","8,10","18","99","337,0,267"
"0/1","13,15","28","99","485,0,438"
"0/1","10,9","19","99","268,0,358"
"0/1","13,10","23","99","306,0,455"
"0/1","15,12","27","99","344,0,502"
"0/1","11,11","22","99","383,0,340"
"0/1","3,14","17","75","436,0,75"
"0/1","6,15","21","99","495,0,177"
"0/1","15,11","26","99","341,0,430"
"0/1","2,13","15","38","453,0,38"
"0/1","2,12","14","41","413,0,41"
"0/1","7,13","20","99","425,0,229"
"0/1","4,13","17","99","466,0,112"
"0/1","16,20","36","99","652,0,503"
"0/1","17,20","37","99","614,0,509"
"0/1","6,5","11","99","170,0,208"
"0/1","14,11","25","99","359,0,446"
"0/1","9,10","19","99","347,0,258"
"0/1","25,17","42","99","564,0,805"
"0/1","18,9","28","99","249,0,637"
"0/1","5,9","14","99","322,0,158"
"0/1","10,11","21","99","377,0,346"
"0/1","10,16","26","99","525,0,322"
"0/1","14,6","20","99","185,0,459"
"0/1","8,9","17","99","319,0,256"
"0/1","16,9","25","99","286,0,565"
"0/1","12,16","28","99","562,0,361"
"0/1","10,9","19","99","312,0,326"
"0/1","12,10","22","99","321,0,428"
"0/1","8,10","18","99","349,0,268"
"0/1","5,15","20","99","546,0,136"
"0/1","19,13","32","99","370,0,597"
"0/1","9,14","23","99","506,0,267"
"0/1","10,10","20","99","344,0,338"
"0/1","11,17","28","99","521,0,311"
"0/1","14,5","19","99","154,0,426"
"0/1","18,18","36","99","575,0,553"
"0/1","23,11","34","99","348,0,797"
"0/1","11,15","26","99","482,0,361"
"0/1","12,9","21","99","265,0,392"
"0/1","18,17","35","99","564,0,609"
"0/0","28,1","30","69","0,69,892"
"0/1","17,15","32","99","454,0,502"
"0/1","12,13","25","99","410,0,353"
"0/1","11,11","22","99","381,0,340"
"0/1","9,11","20","99","381,0,258"
"0/1","18,15","33","99","500,0,637"
"0/1","19,14","33","99","463,0,579"
"0/1","20,21","41","99","656,0,516"
"0/1","16,16","32","99","481,0,530"
"0/1","8,20","28","99","692,0,211"
"0/1","17,11","28","99","335,0,520"
"0/1","8,15","23","99","486,0,256"
"0/1","13,12","25","99","378,0,417"
"0/1","10,19","29","99","643,0,281"
"0/1","11,9","20","99","307,0,352"
"0/1","7,13","20","99","451,0,220"
"0/1","9,14","23","99","459,0,298"
"0/1","4,11","15","99","370,0,120"
"0/1","15,5","20","99","142,0,557"
"0/1","24,17","41","99","524,0,782"
"0/1","16,15","31","99","421,0,533"
"0/1","5,7","13","99","183,0,160"
"0/1","13,19","32","99","650,0,433"
"0/1","14,11","25","99","291,0,480"
"0/1","23,15","38","99","331,0,740"
"0/1","22,19","41","99","602,0,728"
"0/1","11,18","29","99","546,0,357"
"0/1","14,10","24","99","341,0,408"
"0/1","18,15","33","99","466,0,600"
"0/1","49,6","56","10","10,0,1623"
"0/1","50,8","58","47","47,0,1606"
"0/1","24,13","37","99","279,0,712"
"0/1","33,9","43","99","102,0,1090"
"0/1","5,12","17","99","423,0,109"
"0/1","25,16","41","99","295,0,710"
"0/1","38,4","42","21","21,0,1072"
"0/1","15,8","23","99","261,0,475"
"0/1","14,12","26","99","359,0,464"
"0/1","23,7","30","99","190,0,152"
"0/1","19,3","24","78","78,0,182"
"0/1","11,10","21","99","260,0,322"
"0/1","23,6","29","99","110,0,632"
"0/0","35,1","36","67","0,67,1120"
"0/1","13,7","20","99","232,0,458"
"0/1","10,9","20","82","82,0,176"
"0/1","5,11","16","99","383,0,152"
"0/1","4,17","21","71","523,0,71"
"0/1","6,14","20","99","446,0,146"
"0/1","9,13","22","99","449,0,291"
"0/1","15,21","36","99","705,0,443"
"0/1","22,18","40","99","563,0,776"
"0/1","14,8","22","99","261,0,496"
"0/1","9,17","26","99","553,0,294"
"0/1","61,18","79","99","306,0,1695"
"0/1","62,14","76","71","71,0,1929"
"0/1","68,11","79","90","90,0,1995"
"0/1","49,16","65","99","282,0,1432"
"0/1","32,10","42","99","227,0,1051"
"0/0","39,1","40","99","0,108,1368"
"0/1","34,11","46","99","256,0,791"
"0/1","20,10","30","99","265,0,649"
"0/1","23,11","34","99","249,0,774"
"0/1","16,16","32","99","504,0,383"
"0/1","22,13","35","99","392,0,578"
"0/0","23,4","27","30","0,30,889"
"0/0","14,3","17","5","0,5,523"
"0/0","13,3","16","2","0,2,489"
"1/1","2,17","19","51","681,51,0"
"0/1","13,7","20","99","241,0,266"
"1/1","2,23","25","29","845,29,0"
"0/1","12,10","22","99","341,0,411"
"0/1","13,13","26","99","455,0,376"
"0/1","12,11","23","99","332,0,398"
"0/1","9,5","14","99","168,0,294"
"0/1","13,7","20","99","220,0,467"
"0/1","17,9","26","99","151,0,499"
"0/0","22,2","24","54","0,54,698"
"0/0","22,0","23","54","0,54,699"
"0/0","30,1","33","56","0,56,970"
"0/0","32,1","33","62","0,62,1039"
"0/0","42,2","49","40","0,40,1258"
"0/1","13,13","26","99","433,0,415"
"0/1","4,11","15","99","389,0,115"
"0/1","7,17","24","99","586,0,152"
"0/0","3,0","3","9","0,9,114"
"0/0","3,0","3","6","0,6,64"
"0/1","39,11","54","99","131,0,1093"
"0/1","33,8","41","44","44,0,1041"
"0/1","7,18","26","99","232,0,143"
"0/1","17,10","27","99","280,0,501"
"0/1","14,13","27","99","437,0,488"
"0/1","8,8","16","99","251,0,275"
"0/1","6,13","19","99","359,0,184"
"0/1","15,13","28","99","390,0,426"
"0/1","7,12","19","99","439,0,225"
"0/1","21,17","38","99","580,0,692"
"0/1","10,6","16","99","192,0,334"
"0/1","17,19","36","99","629,0,550"
"0/1","9,13","22","99","421,0,301"
"0/1","11,20","31","99","642,0,349"
"0/1","15,21","36","99","626,0,474"
"0/1","31,10","41","99","187,0,940"
"0/1","63,16","90","99","158,0,1312"
"0/1","61,17","86","99","179,0,1353"
"0/1","18,11","30","99","307,0,518"
"0/1","20,11","31","99","265,0,603"
"0/1","19,11","30","99","320,0,585"
"0/1","8,4","12","99","129,0,276"
"0/1","11,9","20","99","309,0,384"
"0/1","11,9","20","99","294,0,356"
"0/1","12,9","21","99","306,0,417"
"0/1","19,15","34","99","500,0,669"
"0/1","15,9","24","99","294,0,505"
"0/1","10,15","25","99","528,0,321"
"0/1","13,15","28","99","485,0,404"
"0/1","18,13","31","99","324,0,513"
"0/1","25,13","38","99","417,0,848"
"0/1","23,8","32","99","176,0,556"
"0/1","52,9","61","99","169,0,1612"
"0/1","19,4","23","52","52,0,639"
"0/1","17,17","34","99","501,0,538"
"0/1","8,7","15","99","242,0,275"
"0/0","2,1","3","6","0,6,77"
"0/0","5,0","6","12","0,12,137"
"0/1","12,9","21","99","301,0,340"
"0/1","18,4","23","82","82,0,620"
"0/1","14,20","34","99","702,0,348"
"0/1","16,21","38","99","698,0,486"
"0/1","14,7","21","32","32,0,389"
"0/1","18,7","25","40","40,0,623"
"0/1","21,5","27","86","86,0,215"
"0/1","21,17","38","99","554,0,708"
"0/0","24,2","26","15","0,15,882"
"0/1","25,3","29","17","17,0,874"
"0/1","19,9","28","99","189,0,666"
"0/1","10,6","16","99","160,0,324"
"0/1","21,20","41","99","577,0,714"
"0/1","27,20","50","99","579,0,823"
"0/1","31,16","47","99","468,0,918"
"0/1","15,16","31","99","551,0,502"
"0/1","17,21","38","99","727,0,465"
"0/1","17,16","33","99","462,0,563"
"0/1","23,15","38","99","444,0,714"
"0/1","11,20","31","99","613,0,297"
"0/1","17,11","28","99","353,0,537"
"0/1","12,10","22","99","343,0,420"
"0/1","21,11","32","99","254,0,546"
"0/1","17,10","27","99","320,0,571"
"0/1","17,8","25","99","208,0,540"
"0/1","21,8","29","99","230,0,673"
"0/1","20,10","30","99","325,0,626"
"0/1","11,9","20","99","278,0,353"
"0/1","7,6","13","99","193,0,240"
"0/1","21,7","28","99","180,0,742"
"0/1","12,13","25","99","450,0,406"
"0/1","14,15","29","99","446,0,451"
"0/1","13,20","33","99","711,0,422"
"0/1","19,18","37","99","528,0,625"
"0/1","18,20","38","99","641,0,557"
"0/1","5,15","20","99","540,0,140"
"0/1","12,14","26","99","482,0,397"
"0/1","13,15","29","99","524,0,406"
"0/1","12,18","30","99","471,0,364"
"0/1","15,20","35","99","654,0,390"
"0/1","21,5","26","90","90,0,719"
"0/1","12,10","22","99","305,0,359"
"0/1","15,17","32","99","562,0,464"
"0/1","13,9","22","99","260,0,292"
"0/1","6,2","8","62","62,0,101"
"0/1","14,12","26","99","317,0,488"
"0/1","30,31","61","99","773,0,751"
"0/0","28,0","28","78","0,78,1035"
"1/1","0,29","29","75","1013,75,0"
"0/0","21,0","21","60","0,60,816"
"1/1","5,29","35","28","750,28,0"
"0/1","21,8","29","96","96,0,539"
"0/1","18,10","30","99","106,0,419"
"0/1","17,10","28","99","121,0,369"
"0/1","20,11","31","99","148,0,453"
"0/0","24,0","24","69","0,69,901"
"0/0","3,0","4","9","0,9,103"
"0/0","3,0","4","9","0,9,103"
"0/1","15,19","34","99","644,0,438"
"0/1","7,8","15","99","278,0,234"
"0/1","8,19","27","99","632,0,211"
"0/1","21,19","40","99","597,0,675"
"0/1","17,9","26","99","288,0,608"
"0/1","21,14","35","99","434,0,692"
"0/1","21,11","32","99","335,0,708"
"0/1","13,27","40","99","776,0,387"
"0/1","18,7","25","99","164,0,577"
"0/1","15,11","26","99","322,0,498"
"1/1","1,23","24","60","755,60,0"
"0/0","33,3","36","81","0,81,1036"
"0/1","14,18","32","99","589,0,380"
"0/1","15,15","31","99","394,0,413"
"0/1","10,17","27","99","591,0,319"
"0/1","14,14","28","99","465,0,474"
"0/1","17,15","33","99","480,0,511"
"0/1","16,6","22","99","156,0,558"
"0/0","21,0","21","42","0,42,545"
"0/0","21,1","22","51","0,51,647"
"0/1","12,9","21","99","205,0,406"
"0/0","20,0","20","57","0,57,773"
"0/0","20,0","20","60","0,60,807"
"0/0","29,0","29","84","0,84,1133"
"0/1","8,4","12","87","87,0,286"
"0/1","8,3","11","56","56,0,265"
"0/1","16,12","28","99","366,0,497"
"0/1","20,13","33","99","398,0,660"
"0/1","8,12","20","99","282,0,267"
"0/1","10,14","24","99","489,0,301"
"0/1","14,11","25","99","311,0,494"
"0/1","10,13","23","99","458,0,297"
"0/1","9,11","20","99","394,0,299"
"0/1","9,7","16","99","236,0,309"
"0/1","14,20","34","99","639,0,455"
"0/0","10,0","10","30","0,30,382"
"0/0","11,0","11","33","0,33,425"
"0/1","14,13","27","99","384,0,457"
"0/1","11,6","17","99","194,0,383"
"0/1","10,9","19","99","276,0,343"
"0/1","9,12","21","99","360,0,282"
"0/1","27,19","46","99","634,0,783"
"0/1","12,15","27","99","528,0,371"
"0/1","14,12","26","99","397,0,445"
"0/1","15,11","26","99","368,0,521"
"0/1","5,5","10","99","169,0,177"
"0/1","7,10","17","99","346,0,195"
"0/1","2,21","23","8","745,0,8"
"0/1","14,8","22","99","257,0,449"
"0/1","20,23","44","99","721,0,623"
"0/1","28,19","47","99","587,0,885"
"1/1","0,26","26","57","727,57,0"
"0/0","36,0","36","99","0,108,1407"
"0/1","15,23","38","99","771,0,435"
"0/0","21,0","21","60","0,60,782"
"0/1","20,16","36","99","392,0,601"
"0/1","10,15","25","99","483,0,243"
"0/1","16,16","32","99","551,0,519"
"0/1","43,8","51","52","52,0,1438"
"0/1","30,12","42","99","268,0,960"
"0/1","12,13","25","99","415,0,407"
"0/1","18,15","33","99","469,0,559"
"0/1","11,18","29","99","566,0,349"
"0/1","19,2","21","20","20,0,716"
"0/1","9,7","16","99","187,0,307"
"0/1","15,14","29","99","450,0,477"
"0/1","15,17","32","99","536,0,468"
"0/1","29,14","43","99","155,0,880"
"0/1","29,17","46","99","154,0,896"
"0/1","29,18","47","99","152,0,888"
"0/0","29,2","31","16","0,16,806"
"0/1","20,5","25","99","127,0,683"
"0/0","14,2","16","18","0,18,544"
"0/0","15,2","17","5","0,5,536"
"0/1","9,9","18","99","311,0,279"
"0/1","18,2","20","9","9,0,644"
"0/1","16,10","26","99","334,0,494"
"0/1","12,14","26","99","465,0,313"
"0/1","24,2","26","4","4,0,878"
"0/1","19,2","21","6","6,0,697"
"0/1","15,21","36","99","698,0,465"
"0/1","7,19","26","99","609,0,171"
"0/1","9,17","26","99","556,0,271"
"0/1","23,23","46","99","753,0,658"
"0/1","19,24","43","99","860,0,463"
"0/1","24,24","48","99","787,0,624"
"0/1","20,17","37","99","539,0,648"
"0/1","13,10","23","99","322,0,448"
"0/1","14,8","22","99","256,0,488"
"0/1","18,10","28","99","316,0,637"
"0/1","22,14","36","99","382,0,697"
"0/1","14,9","23","99","229,0,496"
"0/1","11,8","19","99","231,0,380"
"0/1","17,14","31","99","435,0,496"
"0/1","19,14","33","99","392,0,613"
"0/1","14,12","26","99","405,0,450"
"0/1","14,17","31","99","607,0,400"
"0/1","10,20","30","99","616,0,288"
"0/1","12,16","28","99","516,0,369"
"0/1","17,8","25","99","254,0,530"
"0/1","7,19","26","99","582,0,204"
"0/1","27,3","30","21","21,0,937"
"0/0","27,2","29","47","0,47,1044"
"0/1","37,10","47","99","177,0,1315"
"0/1","32,5","37","90","90,0,1114"
"0/1","32,5","37","95","95,0,1131"
"0/1","33,10","43","99","234,0,1179"
"0/1","30,11","41","99","243,0,1107"
"0/1","26,20","46","99","614,0,789"
"0/1","19,20","39","99","591,0,619"
"0/1","37,7","44","99","105,0,1346"
"0/1","16,7","24","99","148,0,550"
"0/1","18,13","31","99","313,0,592"
"0/1","19,3","22","47","47,0,675"
"0/1","18,4","22","90","90,0,641"
"0/1","18,7","25","99","146,0,563"
"0/1","18,7","25","99","151,0,575"
"0/0","24,1","25","32","0,32,872"
"0/1","10,15","25","99","489,0,326"
"0/1","61,14","75","99","254,0,1904"
"0/1","52,8","61","62","62,0,1719"
"0/1","49,11","60","99","194,0,1370"
"0/1","45,13","58","99","342,0,1060"
"0/1","14,28","42","99","710,0,369"
"0/1","23,11","34","99","343,0,781"
"0/1","21,11","32","99","335,0,676"
"0/1","24,10","34","99","290,0,787"
"0/1","10,16","26","99","563,0,296"
"0/1","12,14","26","99","422,0,325"
"0/1","12,16","28","99","411,0,393"
"0/1","17,17","34","99","466,0,530"
"0/1","20,20","40","99","589,0,584"
"0/1","11,11","22","99","322,0,339"
"0/1","17,7","24","99","156,0,597"
"0/1","20,10","30","99","238,0,533"
"0/1","17,10","27","99","247,0,428"
"0/1","13,11","24","99","350,0,451"
"0/1","13,8","21","99","214,0,449"
"0/1","10,5","15","99","150,0,344"
"0/1","14,3","19","69","69,0,426"
"0/1","40,12","52","99","297,0,1186"
"0/1","34,13","47","99","319,0,966"
"0/1","12,31","46","99","928,0,264"
"0/0","44,0","44","99","0,111,1452"
"0/1","34,11","45","99","223,0,1022"
"0/1","11,14","26","99","439,0,364"
"0/1","11,10","21","99","297,0,366"
"0/1","11,8","19","99","254,0,377"
"0/1","20,13","33","99","418,0,659"
"0/1","18,14","32","99","437,0,582"
"0/1","16,13","29","99","385,0,540"
"0/1","16,14","30","99","427,0,543"
"0/1","12,10","22","99","293,0,422"
"0/1","20,9","29","99","265,0,667"
"0/1","15,11","26","99","365,0,471"
"0/0","28,0","28","81","0,81,1057"
"0/1","8,13","21","99","442,0,225"
"0/1","8,13","21","99","388,0,254"
"0/1","17,21","38","99","666,0,571"
"0/1","17,22","39","99","690,0,568"
"0/1","23,16","39","99","484,0,784"
"0/1","16,11","27","99","278,0,500"
"0/1","11,10","21","99","324,0,325"
"0/1","10,13","24","99","337,0,297"
"0/1","17,15","32","99","437,0,570"
"0/1","15,15","30","99","434,0,465"
"0/0","21,2","23","63","0,63,844"
"0/1","30,9","39","99","135,0,1003"
"0/1","29,8","37","99","140,0,994"
"0/1","30,8","38","99","137,0,1043"
"0/1","31,10","41","99","216,0,1127"
"0/1","51,16","67","99","341,0,1481"
"0/1","29,5","34","99","110,0,949"
"0/1","33,6","39","99","101,0,1073"
"0/1","21,23","44","99","767,0,448"
"0/1","21,18","39","99","527,0,727"
"0/1","19,15","34","99","489,0,467"
"0/1","9,21","31","99","729,0,213"
"0/1","17,16","34","99","480,0,573"
"0/1","14,13","27","99","367,0,410"
"0/1","14,22","36","99","561,0,457"
"0/1","10,22","32","99","761,0,296"
"0/1","12,12","24","99","395,0,358"
"0/1","14,15","29","99","525,0,479"
"0/1","15,11","26","99","365,0,525"
"0/1","14,14","28","99","492,0,443"
"0/1","14,11","25","99","370,0,433"
"0/1","14,13","27","99","382,0,491"
"0/1","9,11","20","99","366,0,260"
"0/1","19,24","43","99","708,0,531"
"0/1","11,6","17","99","191,0,392"
"0/1","14,15","29","99","511,0,448"
"0/1","39,4","43","38","38,0,1334"
"0/1","40,8","48","99","174,0,1330"
"0/1","16,27","53","99","852,0,269"
"0/1","44,16","62","99","357,0,1124"
"0/1","21,5","26","34","34,0,459"
"0/1","19,5","24","32","32,0,435"
"0/1","18,5","23","52","52,0,267"
"0/1","35,10","46","99","142,0,938"
"0/1","25,5","30","62","62,0,812"
"0/0","33,5","39","30","0,30,1051"
"0/1","24,7","31","96","96,0,797"
"0/0","37,3","40","27","0,27,1300"
"0/1","13,17","30","99","528,0,368"
"0/1","33,11","44","99","227,0,1190"
"0/1","30,7","37","99","155,0,998"
"0/1","34,6","40","84","84,0,1177"
"0/1","36,6","42","99","107,0,1236"
"0/1","15,24","39","99","736,0,448"
"0/1","15,18","33","99","616,0,417"
"0/1","17,16","33","99","461,0,530"
"0/1","34,3","37","12","12,0,1175"
"0/1","12,11","23","99","377,0,406"
"0/1","15,10","25","99","325,0,529"
"0/1","16,20","36","99","642,0,498"
"0/1","12,11","23","99","383,0,384"
"0/0","18,3","21","11","0,11,572"
"0/1","12,6","18","99","151,0,389"
"0/1","19,8","27","99","184,0,695"
"0/1","21,8","29","99","197,0,732"
"0/1","21,8","30","99","196,0,765"
"0/1","32,4","36","40","40,0,1175"
"0/1","31,4","35","58","58,0,1045"
"0/1","31,4","35","43","43,0,1115"
"0/1","21,4","25","43","43,0,773"
"0/1","20,4","24","46","46,0,704"
"0/1","12,12","24","99","373,0,409"
"0/1","22,7","29","99","190,0,796"
"0/1","23,6","29","99","155,0,803"
"0/1","23,7","30","99","192,0,798"
"0/1","25,6","31","99","128,0,892"
"0/1","25,3","28","35","35,0,864"
"0/1","20,5","26","76","76,0,678"
"0/1","20,3","23","3","3,0,698"
"0/1","20,3","23","3","3,0,691"
"0/1","16,21","37","99","691,0,480"
"0/1","24,7","31","99","170,0,829"
"0/1","23,11","34","99","270,0,764"
"0/1","39,11","50","99","182,0,1302"
"0/1","40,11","51","99","187,0,1332"
"0/1","24,13","37","99","381,0,666"
"0/0","39,0","39","99","0,105,1427"
"0/0","40,0","40","99","0,117,1554"
"0/0","47,0","47","99","0,123,1613"
"0/0","40,0","41","99","0,114,1499"
"0/1","10,35","45","99","1028,0,269"
"0/1","48,8","56","13","13,0,1678"
"0/1","48,8","56","17","17,0,1592"
"0/0","38,0","39","99","0,99,1331"
"0/1","6,15","21","99","485,0,129"
"0/1","15,12","27","99","394,0,356"
"0/1","13,8","21","99","264,0,413"
"0/0","20,1","21","21","0,21,765"
"0/1","9,16","25","99","563,0,284"
"0/1","52,14","66","99","335,0,1854"
"0/1","37,7","44","99","146,0,1327"
"0/1","11,20","31","99","641,0,359"
"0/1","16,9","25","99","280,0,529"
"0/1","13,8","21","99","255,0,419"
"0/1","11,10","21","99","294,0,387"
"0/1","9,14","23","99","491,0,295"
"0/1","9,9","18","99","306,0,274"
"0/1","10,10","20","99","347,0,282"
"0/1","9,12","21","99","341,0,271"
"0/1","11,11","22","99","376,0,381"
"0/1","16,13","29","99","431,0,553"
"0/1","17,12","29","99","392,0,525"
"0/1","23,9","32","99","280,0,699"
"0/1","22,9","31","99","275,0,719"
"0/1","19,12","31","99","388,0,614"
"0/1","21,11","32","99","344,0,686"
"0/1","9,5","14","38","38,0,329"
"0/1","4,1","5","25","25,0,133"
"0/1","14,20","34","99","520,0,229"
"0/1","72,21","94","99","539,0,2191"
"0/1","133,22","155","99","413,0,4357"
"0/1","67,21","88","99","601,0,2187"
"0/1","51,11","66","99","241,0,1690"
"0/1","43,10","53","99","206,0,1322"
"0/1","67,16","83","99","241,0,2124"
"0/1","4,12","16","46","377,0,46"
"0/1","15,6","21","99","186,0,421"
"0/1","15,15","30","99","395,0,471"
"0/1","13,9","22","99","270,0,462"
"0/1","14,10","24","99","306,0,428"
"0/1","12,9","21","99","304,0,394"
"0/1","11,13","24","99","384,0,363"
"0/1","12,22","34","99","742,0,377"
"0/1","14,24","38","99","586,0,424"
"0/1","8,17","33","99","411,0,185"
"0/1","25,7","33","86","86,0,743"
"0/1","18,15","33","99","247,0,504"
"0/1","19,11","30","99","200,0,643"
"0/1","20,11","31","99","227,0,613"
"0/1","19,11","30","99","199,0,620"
"0/1","19,5","24","91","91,0,536"
"0/1","11,5","16","30","30,0,375"
"0/1","15,3","18","1","1,0,425"
"0/1","7,8","15","18","18,0,252"
"0/0","18,0","18","39","0,39,485"
"0/1","22,16","40","99","247,0,617"
"0/1","88,16","104","99","192,0,2206"
"0/1","11,17","29","99","453,0,241"
"0/1","13,14","27","99","400,0,369"
"0/1","19,17","36","99","354,0,525"
"0/1","16,17","33","99","336,0,428"
"0/1","11,14","25","99","463,0,336"
"0/1","15,15","30","99","496,0,502"
"0/1","17,17","34","99","527,0,527"
"0/1","18,13","31","99","422,0,552"
"0/1","18,13","31","99","425,0,551"
"0/1","25,18","43","99","516,0,849"
"0/1","25,20","45","99","597,0,848"
"0/1","18,15","33","99","505,0,588"
"0/1","21,12","33","99","371,0,663"
"0/1","16,12","29","99","392,0,523"
"0/1","14,16","30","99","531,0,463"
"0/1","16,18","34","99","563,0,464"
"0/1","15,22","37","99","692,0,386"
"0/1","9,20","29","99","681,0,228"
"0/1","8,16","25","57","466,0,57"
"0/1","13,14","27","99","453,0,350"
"0/1","13,14","27","99","417,0,352"
"0/1","12,16","28","99","446,0,362"
"0/1","10,18","28","99","585,0,284"
"0/1","14,18","32","99","623,0,365"
"0/1","14,9","23","99","249,0,453"
"0/1","9,8","17","99","237,0,259"
"0/1","19,12","31","99","295,0,614"
"0/1","17,11","28","99","274,0,582"
"0/1","17,12","29","99","296,0,565"
"0/1","22,9","31","99","232,0,767"
"0/1","19,11","30","99","321,0,543"
"0/0","39,3","42","36","0,36,1240"
"0/1","27,13","40","99","343,0,865"
"0/1","22,11","34","99","292,0,640"
"0/1","16,12","28","99","365,0,502"
"0/0","30,0","30","84","0,84,1076"
"0/1","17,7","27","99","166,0,571"
"0/1","23,6","29","99","136,0,781"
"0/1","23,6","29","99","109,0,793"
"0/1","21,11","32","99","322,0,594"
"0/1","19,16","35","99","444,0,569"
"0/1","18,16","34","99","468,0,571"
"0/1","18,16","34","99","479,0,546"
"0/1","18,18","36","99","443,0,595"
"0/1","17,13","30","99","341,0,573"
"0/1","16,13","29","99","389,0,533"
"0/1","16,13","29","99","388,0,501"
"0/1","14,10","24","99","292,0,474"
"0/1","15,13","28","99","361,0,510"
"0/1","13,13","26","99","425,0,356"
"0/1","9,4","14","99","111,0,224"
"0/1","13,9","22","99","284,0,342"
"0/1","12,7","19","99","186,0,359"
"0/1","11,13","24","99","367,0,360"
"0/1","10,10","20","99","288,0,340"
"0/1","15,10","25","99","331,0,474"
"0/1","18,11","29","99","352,0,591"
"0/1","19,8","27","99","236,0,628"
"0/1","19,8","27","99","244,0,611"
"0/1","22,10","32","99","313,0,648"
"0/1","22,10","32","99","274,0,748"
"0/1","23,8","31","99","128,0,731"
"0/1","20,10","30","99","279,0,604"
"0/1","21,10","31","99","304,0,585"
"0/1","22,15","37","99","447,0,744"
"0/1","19,16","35","99","487,0,608"
"0/1","22,14","36","99","374,0,742"
"0/1","19,10","29","99","281,0,632"
"0/1","20,9","29","99","273,0,654"
"0/1","19,11","30","99","334,0,650"
"0/1","17,14","31","99","457,0,570"
"0/1","16,15","31","99","456,0,533"
"0/1","15,16","31","99","551,0,441"
"0/1","17,18","35","99","545,0,552"
"0/1","14,16","30","99","478,0,429"
"0/1","11,17","28","99","519,0,339"
"0/1","14,14","28","99","414,0,448"
"0/1","11,9","20","99","297,0,371"
"0/1","13,9","22","99","305,0,372"
"0/1","15,9","24","99","293,0,494"
"0/1","10,16","26","99","510,0,302"
"0/1","17,11","28","99","310,0,520"
"0/1","16,18","34","99","565,0,499"
"0/1","17,7","24","99","208,0,615"
"0/1","15,7","22","99","221,0,499"
"0/1","18,8","26","99","246,0,618"
"0/1","10,20","33","99","594,0,264"
"0/1","11,15","26","99","504,0,315"
"0/1","12,15","27","99","458,0,351"
"0/1","14,18","32","99","568,0,447"
"0/1","12,16","28","99","483,0,366"
"0/1","11,16","27","99","433,0,265"
"0/1","17,15","32","99","509,0,453"
"0/1","23,15","38","99","470,0,664"
"0/1","20,14","34","99","412,0,571"
"0/1","13,13","26","99","380,0,446"
"0/1","16,10","26","99","322,0,531"
"0/1","13,15","28","99","505,0,398"
"0/1","14,15","29","99","499,0,456"
"0/1","7,10","17","99","359,0,189"
"0/1","14,10","24","99","334,0,479"
"0/1","18,14","32","99","460,0,628"
"0/1","24,7","31","99","182,0,819"
"0/1","10,15","25","99","525,0,276"
"0/1","9,15","24","99","502,0,292"
"0/1","9,15","24","99","519,0,289"
"0/1","9,14","23","99","442,0,296"
"0/1","11,12","23","99","405,0,378"
"0/1","14,18","32","99","548,0,394"
"0/1","15,15","30","99","480,0,461"
"0/1","13,19","32","99","629,0,425"
"0/1","13,20","33","99","606,0,390"
"0/1","19,19","38","99","631,0,606"
"0/1","30,16","46","99","495,0,893"
"0/1","44,16","60","99","363,0,1405"
"0/1","25,13","38","99","364,0,719"
"0/1","24,12","36","99","344,0,672"
"0/1","29,14","43","99","251,0,1001"
"0/1","28,14","42","99","257,0,971"
"0/1","22,14","37","99","387,0,658"
"0/1","13,14","27","99","371,0,361"
"0/1","13,11","24","99","191,0,387"
"0/1","8,23","32","99","602,0,189"
"0/1","57,12","69","99","176,0,1637"
"0/0","66,5","71","40","0,40,2010"
"0/1","12,53","66","99","1494,0,180"
"0/1","20,35","55","99","946,0,406"
"0/1","16,35","51","99","1136,0,370"
"0/1","14,29","43","99","925,0,399"
"0/1","17,23","40","99","725,0,567"
"0/1","17,21","38","99","703,0,551"
"0/1","18,24","42","99","812,0,577"
"0/1","15,21","36","99","713,0,460"
"0/1","16,24","40","99","845,0,498"
"0/1","19,23","42","99","674,0,559"
"0/1","10,10","20","99","352,0,350"
"0/1","16,12","28","99","379,0,476"
"0/1","13,11","24","99","351,0,446"
"0/1","13,11","24","99","335,0,465"
"0/1","12,12","24","99","397,0,421"
"0/1","10,10","20","99","332,0,350"
"0/1","11,20","31","99","681,0,332"
"0/1","12,20","32","99","654,0,357"
"0/1","8,11","19","99","353,0,271"
"0/1","9,10","19","99","300,0,303"
"0/1","15,14","29","99","487,0,517"
"0/1","13,14","27","99","497,0,451"
"0/1","17,7","24","99","198,0,616"
"0/1","15,7","22","99","204,0,541"
"0/1","22,6","28","99","165,0,726"
"0/1","17,8","25","99","253,0,538"
"0/1","17,8","25","99","248,0,580"
"0/1","15,6","21","99","153,0,515"
"0/1","13,9","22","99","293,0,461"
"0/1","15,10","25","99","323,0,534"
"0/1","14,11","25","99","349,0,494"
"0/1","16,10","26","99","291,0,569"
"0/1","16,11","27","99","363,0,553"
"0/1","16,11","27","99","362,0,566"
"0/1","17,6","23","99","166,0,620"
"0/1","17,7","24","99","209,0,612"
"0/1","14,8","22","99","261,0,474"
"0/1","16,11","27","99","319,0,566"
"0/1","13,12","25","99","400,0,451"
"0/1","15,13","28","99","443,0,489"
"0/1","16,8","24","99","255,0,543"
"0/1","15,7","22","99","224,0,509"
"0/1","11,7","18","99","233,0,393"
"0/1","13,7","20","99","225,0,464"
"0/1","11,8","19","99","258,0,386"
"0/1","13,7","20","99","225,0,464"
"0/1","16,9","25","99","215,0,566"
"0/1","13,9","22","99","236,0,418"
"0/1","15,9","24","99","264,0,464"
"0/1","13,10","23","99","303,0,385"
"0/1","14,9","23","99","249,0,412"
"0/1","13,9","22","99","304,0,427"
"0/1","13,9","22","99","302,0,429"
"0/1","11,12","23","99","404,0,371"
"0/1","11,12","23","99","389,0,344"
"0/1","14,14","29","99","451,0,457"
"0/1","18,14","32","99","399,0,566"
"0/1","11,17","28","99","508,0,369"
"0/1","15,10","25","99","333,0,453"
"0/1","14,11","25","99","374,0,428"
"0/1","13,10","23","99","303,0,465"
"0/1","13,11","24","99","299,0,462"
"0/1","14,13","27","99","449,0,461"
"0/1","14,13","27","99","448,0,461"
"0/1","11,16","27","99","526,0,332"
"0/1","13,11","24","99","310,0,434"
"0/1","15,7","22","99","216,0,535"
"0/1","13,12","25","99","414,0,454"
"0/1","14,13","27","99","409,0,490"
"0/1","14,14","28","99","456,0,486"
"0/1","13,11","24","99","344,0,417"
"0/1","8,15","23","99","423,0,269"
"0/1","11,14","25","99","426,0,367"
"0/1","9,16","25","99","533,0,295"
"0/1","7,14","21","99","467,0,227"
"0/1","7,11","18","99","348,0,217"
"0/1","8,10","18","99","332,0,248"
"0/1","8,13","21","99","453,0,257"
"0/1","8,11","19","99","381,0,264"
"0/1","14,9","23","99","272,0,412"
"0/1","23,17","40","99","516,0,733"
"0/1","23,16","39","99","505,0,772"
"0/1","18,13","31","99","348,0,629"
"0/1","18,13","31","99","416,0,612"
"0/1","16,14","30","99","453,0,538"
"0/1","19,10","29","99","309,0,635"
"0/1","20,14","34","99","454,0,676"
"0/1","16,17","33","99","581,0,498"
"0/1","15,21","36","99","694,0,485"
"0/1","16,18","34","99","614,0,518"
"0/1","19,21","40","99","685,0,632"
"0/1","18,21","40","99","658,0,590"
"0/1","17,16","33","99","528,0,546"
"0/1","16,17","33","99","539,0,510"
"0/1","12,17","29","99","576,0,400"
"0/1","14,21","35","99","722,0,430"
"0/1","13,19","32","99","619,0,428"
"0/1","16,22","38","99","727,0,536"
"0/1","15,24","39","99","761,0,490"
"0/1","15,24","39","99","802,0,482"
"0/1","15,20","35","99","695,0,497"
"0/1","15,18","33","99","590,0,498"
"0/1","15,15","30","99","459,0,499"
"0/1","15,13","28","99","408,0,486"
"0/1","18,12","31","99","373,0,592"
"0/1","22,16","38","99","488,0,644"
"0/1","16,9","25","99","228,0,556"
"0/1","17,17","34","99","519,0,548"
"0/1","17,16","33","99","514,0,503"
"0/1","17,16","33","99","507,0,534"
"0/1","14,16","30","99","520,0,472"
"0/1","16,16","32","99","518,0,535"
"0/1","14,16","30","99","532,0,467"
"0/1","15,17","32","99","539,0,513"
"0/1","16,17","33","99","559,0,549"
"0/1","18,13","31","99","337,0,631"
"0/1","16,10","26","99","280,0,429"
"0/1","10,12","22","99","378,0,322"
"0/1","10,12","22","99","380,0,327"
"0/1","11,14","25","99","401,0,331"
"0/1","15,9","24","99","134,0,512"
"0/1","12,16","28","99","402,0,321"
"0/1","14,20","34","99","521,0,423"
"0/1","14,12","26","99","264,0,409"
"0/1","19,14","33","99","322,0,563"
"0/1","16,15","31","99","270,0,514"
"0/1","12,20","33","99","548,0,358"
"0/1","43,9","52","99","206,0,1234"
"0/1","20,36","56","99","1067,0,552"
"0/1","18,24","42","99","655,0,525"
"0/1","25,4","29","41","41,0,768"
"0/1","17,14","31","99","286,0,526"
"0/1","38,6","45","99","135,0,770"
"0/1","38,6","44","99","134,0,781"
"0/1","30,9","39","99","143,0,736"
"0/1","28,9","37","99","145,0,685"
"0/1","29,13","42","99","329,0,773"
"0/1","19,9","28","99","103,0,555"
"0/1","21,11","32","99","165,0,644"
"0/1","36,9","46","88","88,0,1166"
"0/1","18,14","32","99","249,0,540"
"0/1","18,17","35","99","275,0,540"
"0/1","23,16","41","99","379,0,674"
"0/1","24,15","39","99","375,0,693"
"0/1","23,28","51","99","383,0,522"
"0/1","25,30","55","99","656,0,605"
"0/1","23,28","51","99","650,0,694"
"0/1","29,23","53","99","547,0,682"
"0/1","25,5","35","55","55,0,759"
"0/0","18,1","19","12","0,12,614"
"0/1","15,5","20","99","133,0,487"
"0/1","17,6","23","99","158,0,477"
"0/0","12,1","13","33","0,33,434"
"0/1","13,8","21","99","125,0,347"
"0/1","12,3","15","75","75,0,424"
"0/1","13,4","17","99","112,0,398"
"0/1","14,4","18","99","109,0,457"
"0/1","17,16","33","99","458,0,470"
"0/1","14,5","19","95","95,0,473"
"0/1","11,8","19","99","215,0,389"
"0/1","11,8","19","99","215,0,389"
"0/1","17,8","25","99","164,0,559"
"0/1","17,8","25","99","161,0,612"
"0/1","17,8","25","99","164,0,601"
"0/1","12,6","19","99","117,0,424"
"0/1","13,6","19","99","114,0,479"
"0/1","12,6","18","99","114,0,428"
"0/1","12,6","18","99","103,0,423"
"0/1","13,9","22","99","223,0,451"
"0/1","9,7","16","99","199,0,305"
"0/1","9,7","16","99","198,0,314"
"0/1","8,6","14","99","164,0,288"
"0/1","18,6","24","99","106,0,590"
"0/1","16,8","24","99","149,0,543"
"0/1","13,9","22","99","184,0,444"
"0/1","18,9","27","99","162,0,583"
"0/1","18,9","27","99","170,0,566"
"0/1","18,10","28","99","159,0,611"
"0/1","13,7","20","94","94,0,440"
"0/0","24,1","25","60","0,60,773"
"0/1","12,4","16","99","114,0,438"
"0/1","11,4","15","99","118,0,397"
"0/1","13,5","18","99","150,0,432"
"0/1","13,4","17","99","109,0,441"
"0/1","11,3","14","67","67,0,399"
"0/1","12,3","15","67","67,0,403"
"0/1","11,4","15","99","101,0,370"
"0/1","11,3","14","67","67,0,373"
"0/1","12,3","15","70","70,0,444"
"0/1","12,3","15","43","43,0,396"
"0/1","12,3","15","40","40,0,442"
"0/1","12,3","15","40","40,0,442"
"0/1","14,4","18","32","32,0,483"
"0/1","14,4","18","60","60,0,509"
"0/1","13,4","17","72","72,0,481"
"0/1","13,4","17","69","69,0,479"
"0/1","13,5","18","99","109,0,467"
"0/1","15,5","20","99","105,0,532"
"0/1","17,5","22","99","106,0,547"
"0/1","18,5","23","99","142,0,559"
"0/1","17,8","25","99","203,0,520"
"0/1","16,8","24","99","220,0,483"
"0/1","16,8","24","99","219,0,522"
"0/1","18,6","24","99","138,0,630"
"0/1","21,7","28","88","88,0,766"
"0/1","17,5","23","63","63,0,619"
"0/1","16,6","22","95","95,0,592"
"0/1","15,6","21","69","69,0,552"
"0/1","16,6","22","93","93,0,569"
"0/1","15,6","21","69","69,0,552"
"0/1","14,6","20","99","109,0,509"
"0/1","13,5","18","69","69,0,478"
"0/1","15,5","20","31","31,0,541"
"0/1","11,3","14","43","43,0,399"
"0/1","11,3","14","32","32,0,363"
"0/1","13,3","16","37","37,0,461"
"0/1","14,3","17","31","31,0,501"
"0/1","12,5","17","99","104,0,358"
"0/1","14,6","20","99","101,0,459"
"0/1","12,6","18","99","101,0,383"
"0/1","12,7","19","99","137,0,396"
"0/1","14,7","21","99","122,0,463"
"0/1","6,2","8","16","16,0,204"
"0/1","14,5","19","99","148,0,475"
"0/1","13,4","17","99","114,0,437"
"0/1","12,5","17","99","155,0,385"
"0/1","13,6","19","99","173,0,430"
"0/1","14,5","19","99","108,0,470"
"0/1","12,7","19","99","192,0,395"
"0/1","11,6","17","99","190,0,355"
"0/1","10,6","16","99","198,0,325"
"0/1","8,6","14","99","198,0,278"
"0/1","9,6","15","99","198,0,273"
"0/1","12,10","22","99","340,0,374"
"0/1","11,9","20","99","313,0,324"
"0/1","11,9","20","99","311,0,326"
"0/1","11,8","19","99","271,0,362"
"0/1","11,9","20","99","304,0,357"
"0/1","12,6","18","99","194,0,393"
"0/1","12,6","18","99","192,0,402"
"0/1","13,6","19","99","187,0,433"
"0/1","11,5","16","99","152,0,391"
"0/1","10,6","16","99","207,0,283"
"0/1","10,6","16","99","196,0,344"
"0/1","13,6","19","99","190,0,469"
"0/1","14,6","20","99","184,0,500"
"0/1","14,8","22","99","258,0,486"
"0/1","13,9","22","99","275,0,437"
"0/1","15,9","24","99","263,0,513"
"0/1","15,8","23","99","219,0,538"
"0/1","15,8","23","99","212,0,548"
"0/1","16,9","25","99","289,0,581"
"0/1","17,6","23","99","168,0,622"
"0/1","16,6","22","99","179,0,542"
"0/1","19,6","25","99","165,0,616"
"0/1","19,7","26","99","195,0,613"
"0/1","18,6","24","99","164,0,584"
"0/1","17,5","22","99","127,0,555"
"0/1","15,6","21","99","157,0,439"
"0/1","13,8","21","99","244,0,388"
"0/1","12,9","21","99","282,0,392"
"0/1","12,9","21","99","285,0,350"
"0/1","12,9","21","99","282,0,390"
"0/1","12,9","21","99","284,0,377"
"0/1","12,12","24","99","354,0,386"
"0/1","12,12","24","99","365,0,384"
"0/1","11,13","24","99","385,0,339"
"0/1","11,13","24","99","400,0,346"
"0/1","8,13","21","99","418,0,267"
"0/1","8,13","21","99","429,0,264"
"0/1","5,12","17","99","374,0,159"
"0/1","5,12","17","99","334,0,162"
"0/1","6,12","18","99","354,0,196"
"0/1","8,14","22","99","415,0,260"
"0/1","10,15","25","99","447,0,323"
"0/1","11,12","23","99","360,0,383"
"0/1","11,11","22","99","327,0,380"
"0/1","11,11","22","99","277,0,380"
"0/1","11,12","23","99","359,0,383"
"0/1","11,12","23","99","364,0,378"
"0/1","9,11","20","99","321,0,298"
"0/1","7,9","16","99","259,0,231"
"0/1","7,9","16","99","258,0,225"
"0/1","6,7","13","99","194,0,203"
"0/1","5,7","12","99","227,0,159"
"0/1","5,5","10","99","166,0,172"
"0/1","5,5","10","99","167,0,164"
"0/1","5,5","10","99","135,0,175"
"0/1","6,5","11","99","170,0,208"
"0/1","6,9","15","99","279,0,203"
"0/1","9,8","18","99","266,0,291"
"0/1","7,9","16","99","318,0,237"
"0/0","10,0","10","27","0,27,357"
"0/1","13,8","21","99","258,0,383"
"0/1","14,9","23","99","282,0,427"
"0/1","13,7","20","99","220,0,406"
"0/1","13,7","20","99","226,0,404"
"0/1","13,10","23","99","326,0,394"
"0/1","13,10","23","99","333,0,395"
"0/1","14,10","24","99","293,0,428"
"0/1","12,9","21","99","256,0,431"
"0/1","12,9","21","99","291,0,408"
"0/1","9,7","16","99","229,0,265"
"0/1","10,5","15","99","163,0,278"
"0/1","9,4","13","99","129,0,271"
"0/1","9,4","13","99","124,0,267"
"0/1","9,5","14","99","126,0,240"
"0/1","9,5","14","99","127,0,258"
"0/1","9,5","14","99","130,0,219"
"0/1","8,9","17","99","244,0,194"
"0/0","16,0","16","39","0,39,516"
"0/1","14,15","29","99","258,0,458"
"0/1","13,15","28","99","365,0,430"
"0/1","12,15","27","99","373,0,405"
"0/1","21,9","30","99","253,0,622"
"0/1","17,16","33","99","435,0,522"
"0/1","14,11","25","99","350,0,396"
"0/1","14,11","25","99","327,0,478"
"0/1","13,11","24","99","353,0,440"
"0/1","11,13","24","99","431,0,372"
"0/1","11,4","15","99","127,0,282"
"0/1","6,3","9","99","102,0,105"
"0/1","8,12","20","80","344,0,80"
"0/1","2,11","15","10","292,0,10"
"0/1","5,15","20","99","498,0,142"
"0/1","7,11","18","99","356,0,195"
"0/1","7,10","17","99","345,0,161"
"0/1","5,7","12","99","203,0,172"
"0/1","5,7","12","99","206,0,167"
"0/1","4,10","14","99","278,0,124"
"0/1","8,12","20","99","345,0,265"
"0/1","6,5","11","99","153,0,216"
"0/1","7,6","13","99","189,0,240"
"0/1","6,8","14","99","270,0,205"
"0/1","7,8","15","99","274,0,239"
"0/1","8,9","17","99","316,0,272"
"0/1","12,22","34","99","765,0,353"
"0/1","12,18","31","99","614,0,391"
"0/1","12,12","24","99","419,0,325"
"0/0","23,3","26","32","0,32,846"
"0/1","8,9","17","99","311,0,234"
"0/1","25,4","29","13","13,0,760"
"0/1","22,5","27","10","10,0,784"
"0/1","7,12","19","99","359,0,220"
"0/1","8,6","14","99","182,0,249"
"0/1","21,5","26","93","93,0,671"
"0/1","25,6","31","83","83,0,843"
"0/1","26,7","33","99","153,0,884"
"0/1","10,20","30","99","640,0,308"
"0/1","9,22","31","99","731,0,258"
"0/1","17,16,1","35","99","206,0,293,237,298,691"
"0/0","30,0","30","69","0,69,857"
"0/1","12,8","21","99","184,0,295"
"0/1","10,15","25","99","507,0,287"
"0/1","11,16","27","99","517,0,307"
"0/1","17,14","31","99","380,0,561"
"0/1","13,10","23","99","281,0,385"
"0/1","11,13","24","99","445,0,330"
"0/1","11,12","23","99","404,0,330"
"0/1","19,16","35","99","452,0,648"
"0/1","9,17","26","99","518,0,249"
"0/1","18,3","21","60","60,0,675"
"0/1","11,7","18","99","228,0,387"
"0/1","10,13","23","99","448,0,311"
"0/1","13,9","22","99","297,0,430"
"0/1","8,14","22","99","389,0,140"
"0/1","8,13","21","99","389,0,186"
"0/1","8,17","25","99","595,0,204"
"0/1","10,21","32","99","686,0,238"
"0/0","11,0","13","30","0,30,383"
"0/0","12,0","14","30","0,30,391"
"0/0","14,0","15","33","0,33,417"
"0/0","15,0","16","33","0,33,414"
"0/0","17,0","18","39","0,39,514"
"0/1","10,12","22","99","403,0,306"
"0/1","17,21","38","99","678,0,555"
"0/1","16,9","25","99","286,0,479"
"0/1","13,20","33","99","663,0,426"
"0/1","13,8","21","99","242,0,412"
"0/1","13,10","23","99","270,0,434"
"0/1","11,10","21","99","292,0,376"
"0/1","14,9","23","99","279,0,477"
"0/1","13,19","32","99","519,0,391"
"0/1","14,17","31","99","588,0,429"
"0/1","16,14","31","99","440,0,470"
"0/1","17,15","32","99","371,0,546"
"0/1","12,16","30","99","453,0,305"
"0/1","17,13","30","99","408,0,547"
"0/1","26,16","43","99","227,0,716"
"0/0","10,0","12","24","0,24,321"
"0/1","11,14","25","99","467,0,291"
"0/1","10,14","24","99","482,0,296"
"0/1","14,15","29","99","493,0,418"
"0/1","8,6","14","99","160,0,282"
"0/1","22,16","38","99","479,0,638"
"0/1","12,23","35","99","708,0,221"
"0/1","21,17","38","99","524,0,660"
"0/1","21,15","36","99","399,0,657"
"0/1","15,17","32","99","531,0,373"
"0/1","21,20","41","99","658,0,638"
"0/1","17,21","38","99","714,0,474"
"0/1","28,15","43","99","472,0,850"
"0/1","15,7","22","99","214,0,541"
"0/1","12,14","26","99","456,0,340"
"0/1","16,8","24","99","254,0,406"
"0/1","19,10","30","99","231,0,497"
"0/0","31,3","34","10","0,10,949"
"0/1","10,16","26","99","532,0,337"
"0/1","7,7","14","99","240,0,235"
"0/1","11,11","22","99","360,0,321"
"0/1","6,5","16","68","68,0,203"
"0/1","25,18","43","99","578,0,811"
"0/1","8,12","20","99","413,0,251"
"0/1","17,21","38","99","605,0,534"
"0/0","38,7","46","81","0,81,1040"
"0/1","16,17","33","99","494,0,481"
"0/1","14,13","27","99","402,0,400"
"0/1","14,23","37","99","691,0,376"
"0/1","10,13","23","99","148,0,271"
"0/1","8,7","15","99","209,0,276"
"0/1","10,19","29","99","603,0,242"
"0/1","8,13","21","99","401,0,246"
"0/1","12,15","27","99","429,0,336"
"0/1","13,19","32","99","572,0,386"
"0/1","15,16","31","99","551,0,508"
"0/1","17,14","31","99","479,0,542"
"0/1","27,18","45","99","574,0,859"
"0/1","68,10","80","99","109,0,741"
"0/1","19,14","33","99","453,0,577"
"0/1","13,15","28","99","469,0,391"
"0/1","13,18","31","99","594,0,404"
"0/1","16,12","28","99","348,0,556"
"0/1","10,17","27","99","472,0,322"
"0/1","7,24","31","99","780,0,151"
"0/1","17,14","31","99","385,0,505"
"0/1","21,14","35","99","458,0,683"
"0/1","10,8","18","99","265,0,348"
"0/1","13,16","29","99","501,0,428"
"0/1","10,17","27","99","497,0,264"
"0/1","8,17","25","99","587,0,205"
"0/1","10,9","19","99","313,0,274"
"0/1","9,10","20","99","196,0,268"
"0/1","13,9","22","99","301,0,461"
"0/1","12,3","15","78","78,0,420"
"0/1","9,18","27","99","613,0,292"
"0/1","9,5","14","99","163,0,330"
"0/1","11,9","20","99","301,0,390"
"0/1","6,9","15","99","310,0,197"
"0/1","7,13","20","99","461,0,224"
"0/1","11,12","23","99","387,0,381"
"0/1","11,11","22","99","350,0,350"
"0/1","4,9","13","99","316,0,121"
"0/1","16,6","22","99","186,0,523"
"0/1","13,22","35","99","704,0,373"
"0/1","12,8","20","99","266,0,431"
"0/1","10,8","18","99","265,0,340"
"0/1","11,10","21","99","349,0,374"
"0/1","9,11","20","99","366,0,290"
"0/1","14,9","23","99","255,0,463"
"0/1","8,11","19","99","361,0,190"
"0/1","14,11","25","99","370,0,457"
"0/1","19,10","29","99","270,0,646"
"0/1","11,16","27","99","549,0,306"
"0/1","9,7","16","99","232,0,319"
"0/1","11,19","30","99","605,0,335"
"0/0","31,0","31","90","0,90,1211"
"0/1","16,13","29","99","443,0,554"
"0/1","12,14","26","99","481,0,404"
"0/1","15,13","28","99","442,0,494"
"0/1","6,6","12","99","169,0,212"
"0/1","10,7","17","99","239,0,346"
"0/1","10,11","21","99","343,0,347"
"0/1","13,6","19","99","191,0,426"
"0/1","10,8","18","99","262,0,360"
"0/1","9,8","17","99","275,0,318"
"0/1","8,15","23","99","529,0,213"
"0/1","16,13","29","99","406,0,523"
"0/1","6,8","14","99","240,0,204"
"0/1","10,5","15","99","163,0,247"
"0/1","7,10","17","99","335,0,234"
"0/1","17,13","30","99","400,0,599"
"0/1","12,12","24","99","400,0,398"
"0/1","18,15","33","99","516,0,548"
"0/1","16,13","29","99","448,0,532"
"0/1","15,17","32","99","582,0,513"
"0/1","16,18","34","99","602,0,536"
"0/1","7,12","19","99","389,0,228"
"0/1","7,7","14","99","245,0,245"
"0/1","10,15","25","99","464,0,271"
"0/1","15,12","27","99","365,0,472"
"0/1","9,13","22","99","417,0,304"
"0/1","11,9","20","99","306,0,378"
"0/1","14,13","27","99","408,0,477"
"0/1","17,14","31","99","447,0,544"
"0/1","16,14","30","99","466,0,544"
"0/1","22,17","39","99","557,0,761"
"0/1","16,25","41","99","852,0,519"
"0/1","23,15","38","99","424,0,757"
"0/1","21,16","37","99","449,0,713"
"0/1","15,17","32","99","539,0,511"
"0/1","12,23","35","99","787,0,358"
"0/1","8,22","30","99","780,0,227"
"0/1","14,25","39","99","826,0,411"
"0/1","12,15","27","99","366,0,328"
"0/1","52,7","60","99","197,0,834"
"0/1","7,26","33","99","390,0,147"
"0/1","19,18","37","99","457,0,622"
"0/1","12,12","25","99","356,0,404"
"0/1","15,14","29","99","432,0,500"
"0/1","15,13","28","99","440,0,510"
"0/1","12,10","22","99","331,0,423"
"0/1","10,18","28","99","552,0,334"
"0/1","10,16","26","99","495,0,331"
"0/1","10,22","32","99","790,0,308"
"0/1","11,18","29","99","505,0,286"
"0/1","26,3","29","8","8,0,736"
"0/1","13,16","30","99","426,0,357"
"0/1","11,11","22","99","379,0,365"
"0/1","10,12","22","99","326,0,309"
"0/1","14,16","30","99","498,0,408"
"0/1","21,16","37","99","511,0,597"
"0/1","10,13","23","99","386,0,336"
"0/1","10,15","25","99","485,0,322"
"0/1","22,21","43","99","686,0,661"
"0/1","10,20","30","99","605,0,284"
"0/1","12,10","22","99","254,0,230"
"0/1","10,12","22","99","414,0,333"
"0/1","16,21","37","99","674,0,422"
"0/1","9,5","14","99","146,0,318"
"0/1","10,8","18","99","273,0,344"
"0/1","12,18","30","99","566,0,400"
"0/1","9,15","24","99","429,0,300"
"0/1","15,13","28","99","365,0,509"
"0/1","7,11","18","99","359,0,192"
"0/1","12,16","28","99","566,0,366"
"0/1","19,16","35","99","533,0,615"
"0/1","10,15","25","99","478,0,309"
"0/1","7,15","23","99","532,0,208"
"0/1","5,23","28","56","625,0,56"
"0/1","14,14","28","99","470,0,420"
"0/1","9,6","15","99","203,0,284"
"0/1","12,10","22","99","339,0,389"
"0/1","8,15","23","99","503,0,233"
"0/1","18,20","38","99","690,0,532"
"0/1","18,16","34","99","548,0,567"
"0/1","17,15","32","99","425,0,544"
"0/1","16,27","43","99","793,0,509"
"0/1","9,23","32","99","835,0,232"
"0/1","9,12","21","99","348,0,288"
"0/1","18,11","29","99","358,0,561"
"0/1","15,13","28","99","427,0,487"
"0/1","8,9","17","99","258,0,268"
"0/1","7,10","17","99","340,0,234"
"0/1","25,16","41","99","465,0,833"
"0/1","29,17","47","99","156,0,376"
"0/1","14,19","33","99","617,0,414"
"0/1","11,14","26","99","348,0,258"
"0/1","11,9","20","99","304,0,376"
"0/1","27,10","45","95","95,0,379"
"0/1","14,16","30","99","496,0,471"
"0/1","27,16","43","99","467,0,885"
"0/1","17,20","37","99","599,0,577"
"0/1","22,12","34","99","337,0,656"
"0/1","15,13","28","99","403,0,334"
"1/1","0,26","26","69","899,69,0"
"0/0","26,0","26","69","0,69,859"
"1/1","0,24","24","63","815,63,0"
"0/1","12,13","25","99","353,0,363"
"0/1","11,12","23","99","402,0,332"
"0/1","11,13","24","99","446,0,254"
"0/1","15,8","23","99","218,0,417"
"1/1","0,37","37","96","1243,96,0"
"0/1","14,32","46","99","1125,0,382"
"0/1","20,20","41","99","671,0,417"
"0/1","16,12","28","99","356,0,515"
"0/1","15,9","24","99","277,0,528"
"0/1","15,20","35","99","681,0,421"
"0/1","6,7","13","99","248,0,181"
"0/1","13,13","26","99","366,0,364"
"0/1","15,11","27","99","371,0,528"
"0/1","18,14","32","99","432,0,558"
"0/1","10,7","17","99","204,0,135"
"0/0","20,0","20","60","0,60,781"
"0/1","29,4","33","71","71,0,845"
"0/1","19,15","34","99","396,0,351"
"0/0","21,0","21","36","0,36,408"
"0/1","17,10","27","99","314,0,592"
"0/1","10,7","17","99","185,0,330"
"0/1","5,8","13","99","281,0,124"
"0/1","11,7","20","99","127,0,165"
"0/1","12,19","31","99","565,0,396"
"0/1","19,11","30","99","272,0,536"
"0/1","10,12","22","99","369,0,347"
"0/1","12,9","21","99","313,0,355"
"0/1","8,10","18","99","350,0,224"
"0/1","10,9","19","99","310,0,315"
"0/1","8,13","21","99","384,0,227"
"0/1","14,8","22","99","253,0,431"
"0/1","9,11","20","99","351,0,271"
"0/1","11,15","26","99","416,0,349"
"0/1","16,16","32","99","463,0,456"
"0/1","14,15","29","99","413,0,475"
"0/1","15,17","32","99","491,0,471"
"0/0","8,0","8","21","0,21,272"
"0/0","15,0","15","39","0,39,470"
"0/0","15,0","15","33","0,33,400"
"0/0","14,0","15","39","0,39,477"
"0/0","15,0","15","36","0,36,450"
"0/0","14,0","15","36","0,36,436"
"0/0","15,0","16","39","0,39,492"
"0/0","15,0","16","36","0,36,452"
"0/0","16,0","16","33","0,33,414"
"0/0","17,0","17","42","0,42,531"
"0/0","18,0","18","39","0,39,503"
"0/0","17,1","18","39","0,39,496"
"0/0","16,1","17","36","0,36,451"
"0/1","11,13","24","99","416,0,338"
"0/1","16,16","32","99","444,0,528"
"0/1","17,9","26","10","318,0,10"
"0/1","15,16","31","99","518,0,437"
"0/1","19,13","37","99","308,0,431"
"0/0","20,0","21","54","0,54,682"
"0/1","7,7","15","99","189,0,240"
"0/1","16,21","37","99","747,0,413"
"0/1","11,16","27","99","416,0,362"
"0/1","11,12","23","99","386,0,363"
"0/1","8,13","21","99","418,0,255"
"0/1","17,14","31","99","460,0,592"
"0/1","7,7","14","99","196,0,250"
"0/1","18,15","33","99","481,0,514"
"0/1","10,18","29","99","572,0,323"
"0/1","10,10","20","99","276,0,347"
"0/1","14,15","29","99","512,0,473"
"0/1","19,17","36","99","574,0,576"
"0/0","26,0","26","72","0,72,938"
"0/1","13,9","22","99","286,0,325"
"0/1","4,13","17","99","298,0,121"
"0/0","20,0","20","51","0,51,642"
"0/0","20,0","20","54","0,54,711"
"0/0","20,0","20","51","0,51,664"
"0/0","21,0","21","54","0,54,697"
"0/0","21,0","21","54","0,54,684"
"0/0","21,0","21","54","0,54,690"
"0/0","22,0","22","54","0,54,697"
"0/0","22,0","22","60","0,60,775"
"0/0","22,0","22","60","0,60,757"
"0/0","23,0","23","63","0,63,810"
"0/0","23,0","23","63","0,63,786"
"0/0","24,0","24","63","0,63,787"
"0/0","24,0","25","60","0,60,755"
"0/0","24,0","24","66","0,66,824"
"0/0","22,0","22","57","0,57,741"
"0/1","8,7","15","99","245,0,246"
"0/1","26,9","35","99","219,0,825"
"0/1","7,5","14","99","160,0,243"
"0/1","9,3","12","92","92,0,299"
"0/0","14,1","19","27","0,27,337"
"0/1","30,12","42","99","329,0,834"
"0/1","21,13","34","99","429,0,625"
"0/1","18,12","30","99","380,0,524"
"0/1","17,14","31","99","471,0,523"
"1/1","0,33","33","96","1285,96,0"
"0/1","16,14","30","99","430,0,548"
"0/1","17,11","28","99","311,0,559"
"0/1","13,11","24","99","361,0,404"
"0/0","14,0","14","39","0,39,499"
"0/0","14,0","14","42","0,42,521"
"0/1","11,19","30","99","617,0,345"
"0/1","15,11","26","99","367,0,447"
"0/1","13,14","27","99","447,0,433"
"0/1","21,17","38","99","515,0,722"
"0/1","18,10","28","99","287,0,596"
"0/1","13,12","25","99","375,0,356"
"0/1","10,9","19","99","308,0,290"
"0/1","9,8","17","99","271,0,309"
"0/1","18,10","28","99","238,0,528"
"0/1","13,24","37","99","666,0,350"
"0/1","13,17","30","99","523,0,369"
"0/1","13,16","29","99","516,0,290"
"0/1","15,17","32","99","511,0,387"
"0/1","18,13","31","99","427,0,520"
"0/1","18,14","32","99","399,0,272"
"0/1","12,21","33","99","601,0,321"
"0/1","14,26","40","99","659,0,401"
"0/1","20,19","39","99","529,0,644"
"0/1","13,13","26","99","411,0,372"
"0/1","13,24","37","99","824,0,362"
"0/1","14,17","31","99","496,0,428"
"0/1","22,17","39","99","559,0,685"
"0/1","17,11","28","99","319,0,566"
"0/1","17,11","28","99","314,0,575"
"0/1","15,20","35","99","695,0,455"
"0/1","21,15","37","99","489,0,726"
"0/1","14,13","27","99","412,0,440"
"0/1","13,14","27","99","485,0,311"
"0/1","10,11","21","99","375,0,341"
"0/1","7,11","18","99","365,0,166"
"0/1","9,7","16","99","227,0,321"
"0/1","15,19","34","99","534,0,450"
"0/1","10,6","16","99","163,0,362"
"0/1","16,19","35","99","596,0,516"
"0/1","14,9","23","99","293,0,495"
"0/1","17,20","38","99","564,0,568"
"0/1","20,17","37","99","500,0,656"
"0/1","23,18","41","99","527,0,725"
"0/1","9,16","25","99","474,0,259"
"0/0","9,0","9","27","0,27,364"
"0/1","3,10","14","84","316,0,84"
"1/1","0,23","23","54","718,54,0"
"1/1","0,26","26","75","981,75,0"
"0/0","13,0","13","39","0,39,498"
"1/1","0,4","4","12","149,12,0"
"0/1","18,7","25","99","208,0,647"
"0/1","17,16","33","99","450,0,445"
"0/1","10,8","18","99","268,0,342"
"0/1","10,16","26","99","475,0,324"
"0/1","18,16","34","99","483,0,476"
"0/1","10,21","31","99","627,0,217"
"0/1","16,13","29","99","409,0,463"
"0/1","14,10","24","99","281,0,463"
"0/1","11,14","25","99","461,0,335"
"0/1","26,42","68","99","1452,0,784"
"0/1","41,9","50","99","179,0,1438"
"0/1","9,24","33","99","851,0,266"
"0/1","16,13","29","99","456,0,492"
"0/1","21,7","28","99","185,0,680"
"0/1","12,11","23","99","383,0,411"
"0/1","18,10","28","99","296,0,544"
"0/1","11,11","22","99","386,0,343"
"1/1","0,31","31","90","1225,90,0"
"0/0","26,0","26","72","0,72,986"
"0/1","15,21","36","99","659,0,486"
"0/1","20,8","28","99","241,0,673"
"0/1","13,4","17","99","102,0,434"
"0/1","14,3","17","74","74,0,431"
"0/1","12,9","21","99","297,0,390"
"0/1","19,14","33","99","438,0,672"
"0/1","19,15","34","99","471,0,648"
"0/1","18,32","50","99","1095,0,559"
"0/1","35,16","51","99","426,0,999"
"0/1","36,13","50","99","249,0,955"
"0/1","33,12","45","99","252,0,843"
"0/1","35,12","47","99","246,0,1033"
"0/1","36,13","49","99","283,0,1004"
"0/0","80,15","95","52","0,52,2009"
"0/1","55,18","73","99","241,0,1249"
"0/1","61,19","80","99","225,0,1443"
"0/1","44,13","59","99","143,0,1193"
"0/1","63,12","75","99","192,0,2026"
"0/1","55,9","64","99","149,0,1895"
"0/1","54,9","63","99","180,0,1788"
"0/1","42,6","48","6","6,0,1229"
"0/1","18,21","39","99","494,0,536"
"0/1","11,11","22","99","385,0,377"
"0/1","28,9","37","99","154,0,936"
"0/1","71,11","82","99","114,0,2037"
"0/0","37,3","40","0","0,0,1171"
"0/0","37,3","40","5","0,5,1201"
"0/0","35,3","38","2","0,2,1119"
"0/1","31,4","35","13","13,0,1005"
"0/1","20,12","32","99","353,0,694"
"0/1","14,15","29","99","465,0,341"
"0/1","16,19","35","99","546,0,475"
"0/1","21,15","36","99","434,0,615"
"0/1","33,10","43","97","97,0,1107"
"0/1","21,17","38","99","570,0,513"
"0/1","11,17","28","99","599,0,326"
"0/1","19,12","31","99","350,0,641"
"0/1","21,18","39","99","434,0,718"
"0/1","20,16","36","99","369,0,712"
"0/1","20,19","39","99","554,0,540"
"0/1","14,19","33","99","649,0,437"
"0/1","18,12","30","99","384,0,599"
"0/1","16,11","27","99","359,0,509"
"0/1","10,12","22","99","407,0,341"
"0/1","13,18","31","99","625,0,401"
"0/1","17,17","34","99","545,0,563"
"0/1","18,8","26","99","245,0,544"
"0/1","4,13","17","99","427,0,114"
"0/1","5,11","16","99","367,0,154"
"0/1","11,15","26","99","478,0,357"
"0/1","12,10","22","99","305,0,375"
"0/1","19,14","33","99","447,0,569"
"0/1","14,16","31","99","541,0,402"
"0/1","21,17","38","99","533,0,714"
"0/1","16,13","29","99","397,0,462"
"0/1","11,10","21","99","328,0,330"
"0/1","16,9","25","99","245,0,560"
"0/1","15,12","27","99","371,0,525"
"0/1","18,20","38","99","661,0,549"
"0/0","25,0","25","72","0,72,952"
"0/1","24,15","39","99","448,0,763"
"0/1","9,29","38","99","785,0,209"
"0/1","11,20","31","99","696,0,341"
"0/1","7,6","13","99","188,0,209"
"0/1","10,10","20","99","316,0,303"
"0/1","15,9","24","99","259,0,489"
"1/1","0,24","24","69","925,69,0"
"0/1","14,19","33","99","577,0,425"
"0/1","12,14","26","99","477,0,406"
"0/1","6,9","15","99","304,0,200"
"0/1","17,16","33","99","533,0,555"
"0/1","18,15","33","99","505,0,545"
"0/1","11,11","22","99","374,0,342"
"0/1","14,15","29","99","447,0,387"
"0/0","25,0","25","69","0,69,940"
"0/1","11,13","24","99","379,0,339"
"0/1","17,11","28","99","354,0,574"
"0/1","19,11","30","99","309,0,617"
"0/1","11,11","22","99","369,0,322"
"0/1","21,4","25","53","53,0,616"
"0/1","18,8","26","99","154,0,359"
"0/1","24,8","33","76","76,0,681"
"0/1","17,12","29","99","285,0,563"
"0/1","12,17","29","99","532,0,384"
"0/1","17,14","31","99","431,0,462"
"0/1","30,5","35","99","110,0,924"
"0/1","29,5","34","99","110,0,920"
"0/1","29,5","34","99","113,0,923"
"0/1","10,4","14","40","40,0,222"
"0/1","13,5","18","38","38,0,391"
"0/1","18,5","24","56","56,0,517"
"0/1","13,22","35","99","692,0,425"
"1/1","0,3","4","6","64,6,0"
"0/0","15,0","15","39","0,39,470"
"0/0","15,0","15","39","0,39,488"
"0/0","15,1","16","42","0,42,508"
"1/1","0,18","18","48","648,48,0"
"1/1","1,10","11","25","332,25,0"
"0/0","23,0","23","69","0,69,900"
"0/1","12,15","27","99","519,0,387"
"0/1","10,7","17","99","216,0,340"
"0/1","13,6","19","99","195,0,337"
"0/1","11,15","26","99","503,0,363"
"0/1","11,2","13","43","43,0,156"
"0/0","8,4","12","12","0,12,138"
"0/1","17,9","38","99","151,0,266"
"0/1","50,15","67","99","124,0,746"
"0/1","16,12","28","99","307,0,430"
"0/1","15,11","26","99","361,0,466"
"0/1","12,13","25","99","391,0,303"
"0/1","16,12","28","99","405,0,532"
"0/0","39,4","43","9","0,9,1276"
"0/0","36,4","40","40","0,40,1260"
"0/1","19,18","37","99","546,0,603"
"0/1","13,14","27","99","428,0,417"
"0/1","14,14","28","99","346,0,470"
"0/1","16,12","28","99","350,0,439"
"0/1","16,19","35","99","507,0,378"
"0/1","18,17","35","99","559,0,485"
"0/1","15,13","28","99","385,0,499"
"0/1","13,19","32","99","550,0,369"
"0/1","12,17","29","99","529,0,310"
"0/1","4,9","13","83","215,0,83"
"0/1","4,8","12","96","147,0,96"
"0/1","12,12","24","99","406,0,336"
"0/1","11,7","18","99","192,0,375"
"0/1","15,9","24","99","275,0,524"
"0/1","8,7","15","99","229,0,280"
"0/1","8,10","18","99","319,0,242"
"0/1","6,5","11","99","138,0,215"
"0/1","10,3","13","90","90,0,299"
"0/1","11,8","19","99","266,0,347"
"0/1","15,15","30","99","458,0,486"
"0/1","15,10","25","99","316,0,495"
"0/1","16,8","24","99","234,0,571"
"0/1","5,14","19","99","446,0,149"
"0/1","6,10","16","99","361,0,194"
"0/1","14,11","25","99","334,0,468"
"0/1","8,14","22","99","497,0,258"
"0/1","6,14","20","99","505,0,189"
"0/1","13,4","17","99","115,0,397"
"0/1","12,9","21","99","299,0,421"
"0/1","8,12","20","99","413,0,265"
"0/1","15,11","26","99","356,0,539"
"0/1","18,20","38","99","685,0,579"
"0/1","10,10","20","99","323,0,338"
"0/1","10,13","23","99","465,0,293"
"0/0","25,0","25","72","0,72,945"
"0/1","11,11","22","99","324,0,309"
"0/1","10,10","20","99","312,0,307"
"0/1","18,15","33","99","439,0,605"
"0/1","14,12","27","99","392,0,433"
"0/1","13,9","22","99","239,0,460"
"0/1","66,16","82","99","347,0,2113"
"0/1","70,14","84","99","283,0,2347"
"0/1","63,14","77","99","292,0,2110"
"0/1","23,31,17","71","99","1019,0,606,563,183,1217"
"0/1","42,8","50","99","138,0,1382"
"0/1","24,3","27","51","51,0,750"
"0/1","10,17","27","99","532,0,326"
"0/0","16,3","19","9","0,9,601"
"0/0","17,3","20","12","0,12,637"
"0/0","17,3","20","12","0,12,653"
"0/1","9,18","27","99","597,0,283"
"0/1","23,8","31","99","242,0,743"
"0/1","3,7","10","62","159,0,62"
"0/0","22,0","22","57","0,57,776"
"0/1","18,17","36","99","454,0,432"
"0/1","19,16","36","99","317,0,626"
"0/1","14,15","29","99","446,0,436"
"0/1","6,6","12","99","197,0,204"
"0/1","18,16","34","99","519,0,600"
"0/1","6,10","16","99","364,0,188"
"0/1","9,9","18","99","269,0,296"
"0/1","8,13","21","99","461,0,254"
"0/1","9,12","21","99","421,0,302"
"0/1","14,16","30","99","519,0,425"
"0/1","14,11","25","99","349,0,422"
"0/1","11,10","21","99","309,0,390"
"0/1","18,15","33","99","394,0,563"
"0/1","23,5","28","13","13,0,730"
"0/1","18,18","36","99","553,0,558"
"0/1","12,16","28","99","464,0,364"
"0/1","13,11","24","99","377,0,448"
"0/1","16,12","28","99","393,0,552"
"0/1","11,20","31","99","690,0,346"
"0/1","35,14","49","99","299,0,859"
"0/1","19,20","39","99","450,0,416"
"0/1","22,7","29","99","132,0,351"
"0/1","29,10","39","99","147,0,605"
"0/1","31,19","51","99","585,0,951"
"0/0","25,2","27","57","0,57,712"
"0/1","37,6","43","61","61,0,1291"
"0/1","29,6","35","99","122,0,956"
"0/1","11,14","25","99","452,0,343"
"0/1","13,8","21","99","167,0,457"
"0/1","30,9","39","99","222,0,934"
"0/1","29,11","40","99","318,0,925"
"0/1","11,19","31","99","643,0,342"
"0/1","51,6","57","25","25,0,1470"
"0/1","14,12","26","99","371,0,451"
"0/1","22,16","38","99","529,0,681"
"0/1","12,23","35","99","687,0,196"
"0/1","11,18","29","99","544,0,300"
"0/1","19,11","30","99","357,0,619"
"0/1","9,24","33","99","617,0,199"
"0/0","32,0","32","78","0,78,943"
"0/1","39,4","43","7","7,0,1252"
"0/1","16,13","29","99","400,0,549"
"0/0","38,1","47","62","0,62,1257"
"0/1","21,15","36","99","456,0,664"
"0/1","23,18","41","99","571,0,658"
"0/0","27,6","33","1","0,1,867"
"0/1","13,11","24","99","324,0,412"
"0/0","19,0","22","36","0,36,462"
"0/1","17,8","25","99","213,0,549"
"1/1","1,9","13","12","152,12,0"
"0/1","15,14","29","99","431,0,475"
"0/1","20,23","43","99","776,0,689"
"0/1","11,12","23","99","417,0,374"
"0/1","9,10","19","99","310,0,227"
"0/1","17,13","30","99","427,0,585"
"0/1","16,9","25","99","267,0,484"
"0/1","7,12","19","99","415,0,179"
"0/1","8,16","24","99","559,0,238"
"1/1","1,20","21","23","713,23,0"
"0/1","9,17","26","99","577,0,290"
"0/1","9,8","17","99","177,0,158"
"0/1","13,13","26","99","411,0,431"
"0/1","8,14","22","99","491,0,266"
"0/1","11,12","23","99","361,0,372"
"0/1","11,11","22","99","374,0,347"
"0/1","22,13","35","99","427,0,777"
"0/1","18,15","34","99","420,0,543"
"0/1","5,18","23","93","651,0,93"
"0/1","6,13","19","99","444,0,187"
"0/1","7,12","19","99","419,0,227"
"0/1","11,16","27","99","569,0,332"
"0/1","15,9","24","99","297,0,529"
"0/1","19,13","32","99","344,0,642"
"0/1","20,7","28","99","104,0,593"
"0/1","20,14","34","99","467,0,612"
"0/1","27,11","38","99","281,0,922"
"0/1","10,17","27","99","486,0,330"
"0/1","18,22","40","99","701,0,598"
"0/1","5,24","29","99","789,0,119"
"0/1","13,18","31","99","582,0,403"
"0/1","19,4","23","80","80,0,624"
"0/0","22,1","24","60","0,60,768"
"0/0","31,0","31","78","0,78,1027"
"0/1","11,11","23","99","326,0,281"
"0/1","6,8","14","99","278,0,198"
"0/1","17,12","29","99","353,0,572"
"0/1","18,20","38","99","639,0,498"
"0/1","28,22","50","99","689,0,845"
"0/1","11,15","26","99","472,0,315"
"0/1","16,7","23","99","212,0,508"
"0/0","19,0","19","54","0,54,728"
"0/1","12,9","21","99","297,0,390"
"0/1","16,8","24","99","263,0,535"
"0/1","19,19","38","99","586,0,620"
"0/1","19,16","37","99","535,0,600"
"0/0","29,0","29","87","0,87,1173"
"0/1","13,15","28","99","496,0,440"
"0/1","12,17","29","99","587,0,389"
"0/1","14,10","24","99","261,0,487"
"0/0","27,3","30","43","0,43,1004"
"0/0","37,0","37","99","0,102,1312"
"0/0","26,0","26","72","0,72,937"
"0/1","13,18","31","99","629,0,423"
"0/1","12,12","24","99","414,0,406"
"0/1","15,12","27","99","360,0,483"
"0/1","17,18","35","99","535,0,447"
"0/1","21,9","30","99","200,0,737"
"0/1","15,11","26","99","249,0,501"
"0/1","18,8","26","99","140,0,569"
"0/1","7,18","25","95","327,0,95"
"0/1","22,25","47","99","686,0,697"
"0/1","7,14","21","99","510,0,180"
"0/1","14,20","34","99","689,0,367"
"0/1","11,24","35","99","834,0,335"
"0/1","17,18","35","99","569,0,581"
"0/1","9,20","29","99","711,0,199"
"0/1","22,14","36","99","380,0,709"
"0/1","17,11","28","99","343,0,568"
"0/1","13,15","28","99","481,0,412"
"0/1","15,14","29","99","441,0,507"
"0/1","18,11","29","99","357,0,616"
"0/1","12,21","33","99","724,0,383"
"0/1","11,20","31","99","660,0,357"
"0/1","19,8","27","99","213,0,610"
"0/1","9,13","22","99","436,0,282"
"0/1","15,7","22","99","178,0,525"
"0/1","18,11","29","99","366,0,518"
"0/1","16,13","29","99","340,0,464"
"0/1","9,12","21","99","337,0,245"
"0/1","22,10","33","94","94,0,700"
"0/1","24,10","34","42","42,0,713"
"0/1","29,10","39","99","173,0,1021"
"0/1","31,11","42","99","181,0,1081"
"0/1","16,17","33","99","585,0,536"
"0/1","19,13","32","99","340,0,660"
"0/1","5,2","7","59","59,0,178"
"0/0","17,0","17","51","0,51,670"
"0/1","24,20","44","99","599,0,769"
"0/1","24,18","42","99","477,0,681"
"0/1","16,14","30","99","445,0,484"
"0/1","16,14","30","99","433,0,547"
"0/1","10,20","31","99","677,0,252"
"0/1","18,20","38","99","623,0,618"
"0/1","13,17","30","99","541,0,385"
"0/1","13,12","25","99","380,0,316"
"0/1","21,8","29","99","215,0,705"
"0/0","17,0","17","42","0,42,540"
"0/1","11,15","26","99","482,0,365"
"0/1","22,15","37","99","447,0,700"
"0/1","21,15","36","99","460,0,674"
"0/1","15,18","33","99","576,0,481"
"0/1","17,14","31","99","397,0,593"
"0/1","16,12","28","99","317,0,555"
"0/1","13,14","27","99","436,0,402"
"0/1","9,8","17","99","237,0,306"
"0/1","19,14","33","99","431,0,653"
"0/1","9,12","21","99","387,0,292"
"0/0","33,0","33","87","0,87,1068"
"0/1","16,16","32","99","393,0,415"
"0/1","23,10","33","99","264,0,821"
"0/1","6,4","10","53","53,0,213"
"0/1","5,5","10","99","124,0,170"
"0/1","10,10","20","99","343,0,342"
"0/1","11,11","22","99","336,0,372"
"0/1","10,4","14","99","115,0,334"
"0/1","15,14","29","99","478,0,480"
"0/1","16,15","31","99","473,0,493"
"0/1","16,15","31","99","473,0,536"
"0/1","15,11","26","99","367,0,497"
"0/1","12,16","28","99","482,0,397"
"0/1","9,14","23","99","454,0,278"
"0/1","11,8","19","99","260,0,350"
"0/1","22,12","35","29","29,0,505"
"0/1","12,17","29","99","503,0,248"
"0/1","18,13","31","99","446,0,595"
"0/1","18,11","29","99","352,0,624"
"0/1","17,22","39","99","655,0,529"
"0/1","13,20","33","99","687,0,419"
"0/1","12,13","25","99","447,0,397"
"0/1","15,20","35","99","703,0,460"
"0/1","17,21","38","99","604,0,503"
"0/1","14,12","26","99","338,0,439"
"0/1","6,3","9","93","93,0,105"
"0/1","5,6","11","99","164,0,172"
"0/1","18,23","41","99","722,0,492"
"0/1","16,13","29","99","433,0,479"
"0/1","9,11","21","99","329,0,305"
"0/1","15,14","29","99","390,0,437"
"0/1","14,23","37","99","609,0,380"
"0/1","13,15","28","99","372,0,426"
"0/1","19,14","33","99","451,0,647"
"0/1","15,9","24","99","296,0,498"
"0/1","17,7","24","99","182,0,596"
"0/1","11,12","23","99","368,0,349"
"0/0","23,0","23","63","0,63,850"
"0/1","18,6","24","99","166,0,283"
"0/1","14,23","37","99","751,0,404"
"0/1","19,14","33","99","462,0,594"
"0/1","10,14","24","99","466,0,294"
"0/1","17,10","27","99","328,0,600"
"0/1","6,7","13","99","246,0,174"
"0/1","19,11","30","99","184,0,534"
"0/1","21,13","34","99","259,0,643"
"0/1","14,17","31","99","492,0,392"
"0/1","13,20","33","99","567,0,416"
"0/1","16,9","25","99","279,0,563"
"0/1","12,11","23","99","357,0,418"
"0/1","16,16","32","99","438,0,542"
"0/1","12,13","25","99","435,0,412"
"0/1","9,14","23","99","390,0,309"
"0/1","13,10","23","99","338,0,458"
"0/1","11,16","27","99","566,0,313"
"0/1","11,3","14","81","81,0,363"
"0/1","6,18","24","99","618,0,147"
"0/1","10,4","14","99","121,0,370"
"0/1","14,14","28","99","430,0,482"
"0/1","9,14","24","99","490,0,261"
"0/1","14,8","22","99","256,0,490"
"0/1","15,15","30","99","502,0,475"
"0/1","12,13","25","99","437,0,374"
"0/0","34,1","35","59","0,59,1218"
"0/1","15,6","21","99","180,0,538"
"0/0","11,0","11","33","0,33,420"
"0/1","7,10","17","99","344,0,194"
"0/1","4,15","19","99","467,0,114"
"0/1","20,16","36","99","542,0,585"
"0/1","13,15","28","99","487,0,425"
"0/1","22,9","31","99","279,0,709"
"0/1","11,18","29","99","605,0,305"
"0/1","14,18","32","99","632,0,394"
"0/1","11,10","21","99","296,0,351"
"0/1","7,12","19","99","414,0,217"
"0/1","16,13","30","99","285,0,374"
"0/1","13,19","32","99","574,0,391"
"0/1","11,14","25","99","468,0,346"
"0/1","9,7","17","99","231,0,272"
"0/1","22,15","37","99","414,0,704"
"0/1","14,18","32","99","547,0,453"
"0/1","12,16","28","99","488,0,402"
"0/1","12,8","20","99","220,0,398"
"0/1","10,11","21","99","322,0,319"
"0/1","26,15","42","99","363,0,735"
"0/1","19,14","33","99","456,0,473"
"0/1","9,9","18","99","285,0,288"
"0/1","20,12","32","99","340,0,669"
"0/1","10,14","24","99","430,0,307"
"0/1","12,11","23","99","346,0,418"
"0/1","9,11","20","99","392,0,273"
"0/1","13,9","22","99","273,0,427"
"0/1","10,14","24","99","420,0,309"
"0/1","11,7","18","99","232,0,380"
"0/1","15,9","24","99","297,0,511"
"0/1","14,22","36","99","627,0,413"
"0/1","6,21","27","99","626,0,162"
"0/1","15,12","27","99","340,0,322"
"0/1","19,23","42","99","665,0,505"
"0/1","7,11","18","99","354,0,236"
"0/1","15,11","26","99","348,0,497"
"0/1","27,16","43","99","357,0,813"
"0/1","31,17","48","99","504,0,787"
"0/1","13,15","28","99","496,0,302"
"0/1","16,24","40","99","778,0,513"
"0/1","33,9","42","70","70,0,1108"
"0/1","40,7","47","19","19,0,1248"
"0/1","4,32","36","43","1101,0,43"
"0/0","23,1","24","57","0,57,723"
"0/0","26,0","26","69","0,69,914"
"0/0","39,0","39","99","0,114,1481"
"0/1","13,14","27","99","467,0,399"
"0/1","10,6","16","99","195,0,362"
"0/1","9,13","22","99","388,0,294"
"0/1","19,14","33","99","458,0,654"
"0/1","8,12","20","99","383,0,263"
"0/1","7,7","14","99","240,0,243"
"0/1","4,10","14","99","354,0,121"
"0/1","10,7","17","99","231,0,319"
"0/1","19,14","33","99","418,0,638"
"0/0","11,0","11","33","0,33,408"
"0/1","16,23","39","99","750,0,400"
"0/1","15,18","33","99","530,0,390"
"0/1","21,13","34","99","371,0,677"
"0/1","13,14","27","99","425,0,424"
"0/1","14,10","24","99","304,0,427"
"0/1","13,14","27","99","449,0,380"
"0/1","18,12","30","99","396,0,566"
"0/1","14,19","33","99","582,0,407"
"0/1","7,13","20","99","464,0,200"
"0/1","7,11","18","99","339,0,219"
"0/1","12,7","19","99","230,0,424"
"0/1","14,10","24","99","324,0,281"
"0/1","10,9","19","99","311,0,310"
"0/1","9,6","15","99","189,0,304"
"0/1","12,12","24","99","405,0,380"
"0/1","13,7","20","99","226,0,454"
"0/1","17,17","34","99","534,0,575"
"0/1","20,20","40","99","608,0,645"
"0/1","20,26","46","99","778,0,618"
"0/0","25,0","25","69","0,69,935"
"0/1","15,16","31","99","513,0,505"
"0/0","31,4","38","38","0,38,934"
"0/0","22,0","22","57","0,57,771"
"0/0","5,0","7","15","0,15,197"
"0/1","13,14","27","99","412,0,411"
"0/1","15,32","47","99","1124,0,295"
"0/1","34,14","48","99","309,0,1189"
"0/1","34,14","48","99","313,0,1186"
"1/2","0,10,27","37","99","1289,953,926,335,0,257"
"0/1","26,10","36","99","266,0,705"
"0/1","42,4","46","4","4,0,1417"
"0/1","41,5","46","6","6,0,1410"
"0/1","42,4","46","3","3,0,1434"
"0/1","40,4","44","1","1,0,1439"
"0/1","31,6","37","95","95,0,1066"
"0/1","34,6","40","80","80,0,1200"
"0/1","38,10","48","99","210,0,1288"
"0/1","38,10","48","99","226,0,1284"
"0/1","37,11","48","99","261,0,1275"
"0/1","37,10","47","99","207,0,1313"
"0/1","37,10","47","99","195,0,1281"
"0/1","36,10","46","99","255,0,1198"
"0/1","34,13","47","99","365,0,1172"
"0/1","34,13","47","99","368,0,1220"
"0/1","33,13","46","99","352,0,1189"
"0/1","30,12","42","99","327,0,982"
"0/1","30,11","41","99","307,0,1025"
"0/1","32,10","42","99","282,0,987"
"0/1","33,9","42","99","250,0,1020"
"0/1","33,9","42","99","245,0,1126"
"0/1","31,11","42","99","277,0,1078"
"0/1","30,11","41","99","319,0,1012"
"0/1","30,11","41","99","306,0,1035"
"0/1","31,12","43","99","318,0,1022"
"0/1","33,11","44","99","320,0,1051"
"0/1","28,5","33","99","99,0,993"
"0/1","26,7","33","99","178,0,919"
"0/1","29,7","36","99","159,0,1034"
"0/1","31,9","40","99","188,0,973"
"0/1","26,14","41","99","313,0,796"
"0/1","28,14","42","99","330,0,898"
"0/1","24,16","40","99","455,0,721"
"0/1","24,16","40","99","437,0,755"
"0/1","21,15","36","99","364,0,708"
"0/1","20,15","35","99","392,0,647"
"0/1","20,15","35","99","423,0,678"
"0/1","19,15","34","99","444,0,630"
"0/1","20,13","33","99","412,0,631"
"0/1","21,7","28","99","193,0,671"
"0/1","28,7","37","99","140,0,860"
"0/1","30,8","38","99","214,0,909"
"0/1","31,8","39","99","170,0,1009"
"0/1","33,6","39","99","110,0,1151"
"0/1","32,6","38","99","119,0,1079"
"0/1","33,6","39","99","113,0,1103"
"0/1","30,8","38","99","154,0,986"
"0/1","20,18","38","99","589,0,649"
"0/0","23,0","23","69","0,69,935"
"0/1","32,11","43","99","267,0,1080"
"0/1","32,12","44","99","244,0,1117"
"0/1","33,13","46","99","273,0,1153"
"0/1","31,13","44","99","257,0,1007"
"0/1","25,8","33","99","106,0,885"
"0/1","25,7","32","99","160,0,879"
"0/1","25,7","32","99","158,0,884"
"0/1","40,9","49","99","160,0,1353"
"0/1","39,10","49","99","224,0,1175"
"0/1","40,10","50","99","217,0,1141"
"0/1","37,11","49","99","183,0,1151"
"0/1","39,10","49","99","182,0,1252"
"0/1","20,15","45","99","473,0,599"
"0/1","32,5","37","43","43,0,1129"
"0/1","33,5","38","46","46,0,1173"
"0/1","17,22","39","99","712,0,537"
"0/1","38,12","50","99","247,0,1372"
"0/1","37,12","49","99","300,0,1277"
"0/1","33,12","45","99","305,0,1139"
"0/1","32,11","43","99","271,0,1128"
"0/1","32,12","44","99","309,0,1124"
"0/1","32,14","46","99","306,0,1105"
"0/1","34,13","47","99","287,0,1166"
"0/1","39,11","50","99","240,0,1378"
"0/1","36,9","45","99","174,0,1308"
"0/1","35,10","45","99","178,0,1206"
"0/0","32,3","35","32","0,32,1125"
"0/1","39,7","47","99","102,0,1035"
"1/1","4,26","30","47","913,47,0"
"0/1","35,5","41","15","15,0,1217"
"0/1","18,23","41","99","773,0,565"
"0/1","14,16","30","99","429,0,441"
"0/1","18,18","36","99","481,0,558"
"0/1","15,17","32","99","586,0,413"
"0/1","15,15","30","99","425,0,501"
"0/1","15,14","29","99","430,0,461"
"0/1","17,2","19","16","16,0,527"
"0/1","17,2","19","16","16,0,527"
"0/1","54,14","68","99","263,0,1790"
"0/1","89,29","118","99","649,0,3011"
"0/1","85,27","112","99","651,0,2726"
"0/1","84,16","100","99","331,0,2775"
"0/1","79,13","92","99","242,0,2688"
"0/1","114,23","137","99","505,0,3859"
"0/1","107,21","128","99","450,0,3670"
"0/1","107,25","132","99","584,0,3624"
"0/1","104,24","128","99","532,0,3466"
"0/1","108,22","130","99","440,0,3723"
"0/1","107,23","130","99","447,0,3693"
"0/1","90,19","109","99","432,0,3096"
"0/1","14,17","31","99","559,0,466"
"0/1","12,18","30","99","629,0,357"
"0/1","14,14","28","99","475,0,434"
"0/1","24,14","38","99","430,0,761"
"0/1","16,9","25","99","286,0,557"
"0/1","16,15","31","99","464,0,523"
"0/0","30,0","30","87","0,87,1167"
"0/1","13,9","22","99","255,0,426"
"0/1","19,28","47","99","958,0,557"
"0/1","49,12","61","99","191,0,1636"
"0/1","42,13","55","99","345,0,1516"
"0/1","34,14","48","99","231,0,978"
"0/0","10,4","15","12","0,12,135"
"0/1","21,14","35","99","413,0,543"
"0/1","24,31","55","99","909,0,660"
"0/1","22,25","48","99","801,0,647"
"0/1","21,25","46","99","730,0,628"
"0/1","18,27","45","99","865,0,426"
"0/1","20,23","43","99","668,0,492"
"0/1","17,23","40","99","667,0,423"
"0/1","16,23","39","99","601,0,395"
"0/1","18,20","38","99","445,0,527"
"0/1","20,20","40","99","464,0,646"
"0/1","23,19","42","99","420,0,699"
"0/1","20,32","52","99","858,0,619"
"0/1","29,34","63","99","966,0,811"
"0/1","25,34","60","99","1077,0,745"
"0/1","28,36","64","99","1073,0,733"
"0/1","30,39","69","99","1162,0,810"
"0/1","25,34","60","99","1161,0,625"
"0/1","27,35","62","99","1073,0,799"
"0/1","31,35","66","99","1172,0,975"
"0/1","34,38","72","99","1201,0,1055"
"0/1","36,37","73","99","1196,0,1121"
"0/1","36,37","73","99","1178,0,1087"
"0/1","38,38","76","99","1174,0,1067"
"0/1","38,37","76","99","1168,0,1120"
"0/1","44,40","84","99","1085,0,1437"
"0/1","44,39","83","99","1097,0,1409"
"0/1","46,38","84","99","1007,0,1475"
"0/1","40,31","71","99","875,0,1188"
"0/1","36,35","71","99","962,0,1014"
"0/1","35,34","69","99","900,0,951"
"0/1","35,38","73","99","1066,0,1053"
"0/1","37,35","72","99","1046,0,1131"
"0/1","39,35","74","99","1018,0,1263"
"0/1","40,34","74","99","1086,0,1305"
"0/1","42,30","72","99","925,0,1379"
"0/1","38,32","70","99","1025,0,1227"
"0/1","42,27","69","99","840,0,1393"
"0/1","44,26","70","99","776,0,1498"
"0/1","35,30","65","99","988,0,1116"
"0/1","33,28","61","99","856,0,1078"
"0/1","32,22","54","99","616,0,1045"
"0/1","31,21","52","99","622,0,1005"
"0/1","23,15","38","99","372,0,728"
"0/1","22,13","35","99","296,0,710"
"0/1","21,12","33","99","309,0,667"
"0/1","21,11","32","99","259,0,665"
"0/1","19,9","28","99","208,0,615"
"0/1","19,9","28","99","211,0,608"
"0/1","16,10","26","99","269,0,485"
"0/1","11,15","26","99","419,0,341"
"0/1","11,15","26","99","384,0,320"
"0/1","11,15","26","99","377,0,337"
"0/1","11,14","25","99","353,0,336"
"0/1","11,14","25","99","350,0,319"
"0/1","11,12","23","99","286,0,228"
"0/1","14,5","21","60","138,0,60"
"0/1","11,3","15","47","47,0,161"
"0/0","23,1","25","12","0,12,399"
"0/1","22,30","53","99","538,0,207"
"0/1","22,14","36","99","456,0,699"
"0/1","13,12","25","99","372,0,451"
"0/1","12,13","25","99","378,0,376"
"0/1","13,9","22","99","269,0,462"
"0/1","10,13","23","99","437,0,316"
"0/1","28,26","54","99","691,0,820"
"0/1","31,27","58","99","737,0,977"
"0/1","22,27","49","99","791,0,753"
"0/1","30,32","62","99","1007,0,986"
"0/1","29,32","61","99","1009,0,949"
"0/1","26,31","57","99","948,0,864"
"0/1","24,29","53","99","919,0,781"
"0/1","24,27","51","99","853,0,763"
"0/1","25,31","56","99","963,0,655"
"0/1","25,30","55","99","818,0,552"
"0/1","25,38","64","99","1140,0,492"
"0/1","33,15","48","99","337,0,1039"
"0/1","30,31","61","99","975,0,862"
"0/1","32,28","60","99","774,0,925"
"0/1","30,26","56","99","825,0,900"
"0/1","26,28","54","99","957,0,787"
"0/1","25,29","54","99","986,0,747"
"0/1","24,34","58","99","1139,0,668"
"0/1","20,32","52","99","1057,0,554"
"0/1","19,29","48","99","871,0,599"
"0/1","21,33","54","99","957,0,680"
"0/1","25,29","54","99","747,0,786"
"0/1","26,33","59","99","861,0,826"
"0/1","26,31","57","99","703,0,657"
"0/1","26,31","57","99","667,0,805"
"0/1","26,27","53","99","661,0,844"
"0/1","27,16","43","99","464,0,839"
"0/1","21,25","53","99","703,0,513"
"0/0","24,0","24","63","0,63,830"
"0/1","25,26","52","99","774,0,835"
"0/1","16,12","28","99","392,0,518"
"0/1","8,12","20","99","427,0,269"
"0/1","34,29","63","99","878,0,1103"
"0/1","32,34","66","99","1033,0,1055"
"0/1","26,41","67","99","1324,0,817"
"0/1","27,40","67","99","1236,0,855"
"0/1","25,37","62","99","1138,0,790"
"0/1","29,36","65","99","1053,0,936"
"0/1","22,30","52","99","987,0,613"
"0/1","23,34","57","99","1012,0,710"
"0/1","23,35","58","99","963,0,616"
"0/1","22,36","58","99","1079,0,522"
"0/1","25,39","65","99","1174,0,728"
"0/1","24,39","63","99","1215,0,690"
"0/1","30,35","66","99","1036,0,925"
"0/1","32,35","67","99","1036,0,919"
"0/1","31,38","69","99","1215,0,955"
"0/1","37,37","74","99","1113,0,1128"
"0/1","36,38","74","99","1149,0,1143"
"0/1","31,42","74","99","1348,0,949"
"0/1","35,28","63","99","776,0,1128"
"0/1","38,20","59","99","476,0,1272"
"0/1","39,20","59","99","446,0,1304"
"0/1","47,20","67","99","484,0,1603"
"0/1","37,32","69","99","1006,0,1162"
"0/1","38,35","73","99","1035,0,1005"
"0/1","33,32","65","99","938,0,1115"
"0/1","32,29","61","99","886,0,976"
"0/1","23,37","60","99","1104,0,733"
"0/1","25,35","60","99","1094,0,768"
"0/1","24,31","55","99","910,0,747"
"0/1","24,32","56","99","930,0,757"
"0/1","21,29","50","99","876,0,639"
"0/1","21,28","49","99","862,0,612"
"0/1","22,30","52","99","895,0,583"
"0/1","20,26","46","99","850,0,556"
"0/1","30,17","47","99","283,0,846"
"0/1","22,16","38","99","286,0,652"
"0/1","18,15","33","99","257,0,583"
"0/1","16,14","31","99","223,0,512"
"0/1","15,15","30","99","270,0,477"
"0/1","14,12","26","99","169,0,376"
"0/1","21,7","28","99","154,0,747"
"0/1","28,8","36","99","206,0,1012"
"0/1","29,8","37","99","204,0,1046"
"0/1","16,27","43","99","897,0,466"
"0/1","30,26","56","99","794,0,894"
"0/1","30,30","60","99","977,0,948"
"0/1","31,33","64","99","1002,0,1036"
"0/1","32,8","40","99","176,0,1024"
"0/1","39,26","65","99","771,0,1212"
"0/1","37,26","63","99","790,0,1084"
"0/1","43,23","66","99","640,0,1398"
"0/1","24,37","61","99","1191,0,768"
"0/1","24,36","60","99","1153,0,763"
"0/1","23,31","54","99","985,0,717"
"0/1","32,33","65","99","986,0,1047"
"0/1","32,34","66","99","1017,0,1016"
"0/1","30,30","60","99","865,0,945"
"0/1","27,31","58","99","970,0,853"
"0/1","27,24","51","99","784,0,805"
"0/1","29,17","46","99","367,0,866"
"0/1","25,17","42","99","358,0,745"
"0/1","17,18","35","99","594,0,513"
"0/1","11,9","20","99","260,0,349"
"0/1","10,15","25","99","485,0,287"
"0/1","10,18","28","99","504,0,321"
"0/1","7,5","12","99","130,0,220"
"0/1","7,9","16","99","287,0,231"
"0/1","5,8","13","99","253,0,171"
"0/1","14,5","19","99","140,0,490"
"0/1","8,15","23","99","498,0,223"
"0/0","31,0","31","87","0,87,1151"
"0/1","24,16","40","99","477,0,762"
"0/1","11,9","20","99","303,0,373"
"0/1","14,14","28","99","382,0,437"
"0/1","16,15","31","99","404,0,410"
"0/1","9,12","21","99","395,0,296"
"0/0","21,1","22","23","0,23,759"
"1/1","0,15","15","45","603,45,0"
"0/0","14,1","16","18","0,18,225"
"0/0","9,0","9","24","0,24,300"
"0/1","2,9","11","25","98,0,25"
"0/1","4,5","9","96","183,0,96"
"0/1","14,14","28","99","468,0,464"
"0/1","22,20","42","99","603,0,738"
"0/1","26,15","41","99","460,0,872"
"0/1","15,12","27","99","377,0,452"
"0/1","3,28","31","27","910,0,27"
"0/1","13,11","24","99","357,0,441"
"0/1","16,15","31","99","440,0,462"
"0/1","13,11","24","99","338,0,424"
"0/1","13,16","29","99","457,0,419"
"0/1","10,9","19","99","255,0,309"
"0/1","9,8","17","99","242,0,277"
"0/1","15,20","35","99","681,0,491"
"0/1","11,11","22","99","370,0,385"
"0/1","5,11","16","99","312,0,158"
"0/1","7,14","21","99","501,0,224"
"0/1","11,7","18","99","228,0,398"
"0/1","12,10","22","99","313,0,347"
"0/1","15,13","28","99","450,0,483"
"0/1","13,10","23","99","303,0,411"
"0/1","16,18","34","99","575,0,512"
"0/1","9,13","22","99","457,0,290"
"0/1","9,7","16","99","236,0,321"
"0/1","9,10","19","99","302,0,313"
"0/1","8,12","20","99","429,0,252"
"0/1","12,11","23","99","341,0,420"
"0/1","19,9","28","99","253,0,611"
"0/1","11,8","19","99","258,0,318"
"0/1","9,11","20","99","359,0,239"
"0/1","12,7","19","99","218,0,352"
"0/1","12,20","32","99","681,0,396"
"0/1","9,7","16","99","237,0,308"
"0/1","18,12","30","99","400,0,552"
"0/1","8,11","19","99","377,0,258"
"0/1","8,13","21","99","461,0,254"
"0/1","11,14","25","99","489,0,311"
"0/1","17,15","32","99","480,0,525"
"0/1","10,11","21","99","363,0,334"
"0/1","8,14","22","99","474,0,217"
"0/1","8,8","16","99","271,0,235"
"0/1","6,6","12","99","211,0,198"
"0/1","14,10","24","99","295,0,492"
"0/1","11,9","20","99","261,0,384"
"0/1","6,8","14","99","276,0,201"
"0/1","6,7","13","99","235,0,210"
"0/1","5,10","15","99","361,0,160"
"0/1","4,11","15","99","373,0,120"
"0/1","14,11","25","99","307,0,466"
"0/1","9,8","17","99","273,0,264"
"0/1","12,16","28","99","530,0,390"
"0/1","11,11","22","99","349,0,330"
"0/0","41,0","41","99","0,114,1516"
"0/1","13,8","21","99","253,0,399"
"0/0","30,0","30","84","0,84,1118"
"0/0","29,1","30","47","0,47,1051"
"0/0","28,3","31","7","0,7,978"
"0/1","7,27","34","99","634,0,198"
"0/1","16,6","23","99","171,0,365"
"0/1","20,7","28","99","205,0,419"
"0/1","35,15","50","99","340,0,1081"
"0/1","15,11","26","99","320,0,455"
"0/1","22,11","33","99","346,0,755"
"0/1","7,18","25","99","618,0,207"
"0/1","13,11","24","99","375,0,384"
"0/1","21,14","35","99","423,0,522"
"0/1","22,10","32","99","274,0,553"
"0/1","17,24","41","99","802,0,445"
"0/1","15,15","30","99","463,0,478"
"0/1","26,3","29","23","23,0,953"
"0/1","20,18","38","99","570,0,633"
"0/1","29,17","47","99","490,0,934"
"0/1","18,18","36","99","587,0,569"
"0/1","15,21","36","99","711,0,456"
"0/1","26,13","39","99","381,0,873"
"0/1","27,14","41","99","424,0,920"
"0/1","24,15","39","99","491,0,841"
"0/1","9,14","23","99","511,0,255"
"0/1","17,13","30","99","437,0,565"
"0/1","16,14","30","99","449,0,469"
"0/1","16,10","26","99","326,0,498"
"0/1","10,7","17","99","229,0,302"
"0/1","10,12","22","99","387,0,304"
"0/1","10,11","21","99","386,0,312"
"0/1","17,16","33","99","526,0,586"
"0/1","20,23","44","99","658,0,688"
"0/1","17,19","36","99","558,0,585"
"0/1","18,11","29","99","360,0,612"
"0/1","21,15","36","99","499,0,690"
"0/1","12,14","26","99","475,0,377"
"0/1","12,8","20","99","255,0,381"
"0/1","14,8","22","99","222,0,466"
"0/1","10,8","18","99","263,0,309"
"0/0","28,0","28","81","0,81,1099"
"0/1","9,10","19","99","315,0,307"
"0/1","14,12","26","99","328,0,489"
"0/1","13,6","19","99","176,0,467"
"0/1","19,8","27","99","242,0,627"
"0/1","5,14","19","99","513,0,136"
"0/1","18,14","32","99","404,0,529"
"0/1","16,15","31","99","433,0,474"
"0/1","24,18","42","99","571,0,788"
"0/1","12,9","21","99","223,0,383"
"0/1","12,11","23","99","385,0,374"
"0/1","19,13","32","99","423,0,665"
"0/1","12,11","23","99","383,0,339"
"0/0","23,0","23","69","0,69,912"
"0/1","15,11","26","99","374,0,489"
"0/1","14,11","25","99","369,0,483"
"0/1","15,12","27","99","408,0,511"
"0/1","19,11","30","99","293,0,572"
"0/1","15,13","28","99","423,0,509"
"0/1","10,16","27","99","502,0,204"
"0/1","23,12","35","99","369,0,764"
"0/0","27,2","31","32","0,32,867"
"0/0","26,2","33","36","0,36,939"
"0/0","28,3","35","18","0,18,1008"
"0/0","33,2","40","62","0,62,1220"
"0/0","38,2","41","68","0,68,1326"
"0/0","35,6","41","40","0,40,1181"
"0/0","33,6","39","10","0,10,1132"
"0/0","35,5","40","56","0,56,1200"
"0/0","19,0","19","54","0,54,703"
"0/1","15,21","36","99","508,0,437"
"0/1","15,24","39","99","841,0,453"
"0/1","12,14","26","99","440,0,385"
"0/1","12,9","21","99","262,0,376"
"0/1","14,9","23","99","249,0,405"
"0/1","13,20","33","99","690,0,388"
"0/1","15,6","21","99","182,0,533"
"0/1","22,20","42","99","522,0,514"
"0/1","16,15","31","99","508,0,545"
"0/1","13,8","21","99","239,0,392"
"0/0","33,0","33","66","0,66,798"
"0/0","33,0","33","72","0,72,878"
"0/1","19,17","36","99","524,0,572"
"0/1","15,8","23","99","245,0,498"
"0/1","10,12","22","99","378,0,305"
"0/0","15,3","18","5","0,5,520"
"0/0","15,3","18","5","0,5,522"
"0/1","10,14","24","99","473,0,325"
"0/1","13,13","26","99","410,0,354"
"0/1","14,11","25","99","345,0,483"
"0/1","13,15","28","99","524,0,442"
"0/1","13,6","19","99","183,0,464"
"0/1","11,8","19","99","269,0,371"
"0/1","12,13","25","99","444,0,370"
"0/1","7,15","22","99","451,0,217"
"0/0","17,0","17","51","0,51,688"
"0/1","10,17","27","99","602,0,328"
"0/1","7,9","16","99","282,0,232"
"0/1","14,14","28","99","408,0,485"
"0/1","39,13","52","99","334,0,1328"
"0/1","60,22","82","99","549,0,2096"
"0/1","24,28","52","99","842,0,526"
"0/1","23,54","77","99","1679,0,629"
"0/1","40,10","50","99","249,0,1372"
"0/1","39,40","79","99","1325,0,1230"
"0/1","30,26","56","99","879,0,952"
"0/1","16,22","38","99","706,0,545"
"0/1","11,9","20","99","309,0,353"
"0/0","26,0","26","78","0,78,1043"
"0/1","5,15","20","99","515,0,146"
"0/1","17,18","35","99","585,0,486"
"0/1","10,15","25","99","471,0,284"
"0/1","9,12","21","99","393,0,292"
"0/1","12,16","28","99","570,0,379"
"1/1","0,33","33","93","1240,93,0"
"0/1","10,13","23","99","421,0,337"
"0/1","17,9","26","99","272,0,500"
"0/1","20,11","31","99","319,0,635"
"0/1","37,10","47","99","233,0,1176"
"0/1","39,11","50","99","239,0,1224"
"0/1","26,8","34","99","172,0,901"
"0/1","29,8","37","99","138,0,968"
"0/1","31,9","40","99","196,0,988"
"0/1","30,6","36","99","121,0,1021"
"0/1","34,3","37","13","13,0,1191"
"0/1","15,20","35","99","576,0,494"
"0/1","13,11","24","99","272,0,389"
"0/1","20,6","26","99","167,0,633"
"0/1","16,7","23","99","208,0,540"
"0/1","15,34","50","99","1010,0,390"
"0/0","27,2","29","1","0,1,856"
"0/1","19,10","29","99","260,0,662"
"0/1","18,9","27","99","264,0,640"
"0/1","19,17","36","99","537,0,574"
"0/1","8,11","19","99","390,0,272"
"0/1","15,12","27","99","406,0,489"
"0/1","16,5","21","99","145,0,523"
"0/1","19,20","40","99","559,0,492"
"0/1","7,10","17","99","273,0,180"
"0/1","7,11","18","99","348,0,209"
"0/1","13,10","23","99","339,0,421"
"0/1","14,11","25","99","375,0,409"
"0/1","15,17","32","99","608,0,423"
"0/1","14,14","28","99","448,0,455"
"0/1","14,5","19","99","148,0,471"
"0/1","13,11","24","99","344,0,381"
"0/1","9,5","14","99","161,0,291"
"0/1","20,4","24","19","19,0,665"
"0/1","14,10","24","99","298,0,462"
"0/0","22,0","22","60","0,60,809"
"0/1","12,10","22","99","309,0,413"
"0/1","8,15","24","99","497,0,153"
"0/1","9,7","16","99","242,0,316"
"0/1","18,8","26","99","244,0,603"
"0/1","4,15","19","99","503,0,108"
"0/1","12,8","20","99","233,0,420"
"0/1","18,4","22","65","65,0,560"
"0/1","19,4","23","63","63,0,655"
"0/1","12,11","23","99","340,0,381"
"0/1","10,13","23","99","401,0,300"
"0/1","9,13","22","99","453,0,293"
"0/1","15,10","25","99","338,0,470"
"0/1","17,15","32","99","393,0,548"
"0/1","15,18","34","99","547,0,479"
"0/1","19,8","27","99","238,0,674"
"0/1","18,8","26","99","244,0,635"
"0/1","21,20","41","99","551,0,719"
"0/1","16,21","37","99","736,0,457"
"0/1","20,17","37","99","507,0,680"
"0/1","15,13","28","99","451,0,475"
"0/1","17,20","37","99","649,0,528"
"0/1","9,14","23","99","439,0,297"
"0/1","14,14","28","99","492,0,446"
"0/0","20,2","22","48","0,48,593"
"0/1","50,11","61","99","146,0,1711"
"0/1","12,7","19","99","231,0,368"
"0/1","9,14","23","99","498,0,301"
"0/1","11,7","18","99","220,0,377"
"0/1","10,13","23","99","415,0,325"
"0/1","13,15","28","99","518,0,438"
"0/1","16,15","31","99","518,0,558"
"0/1","11,17","28","99","510,0,351"
"0/1","14,17","32","99","524,0,423"
"0/1","8,20","28","99","615,0,213"
"0/1","11,18","29","99","529,0,316"
"0/1","10,15","25","99","486,0,280"
"0/1","20,16","36","99","496,0,673"
"0/1","16,27","43","99","919,0,522"
"0/1","24,27","51","99","925,0,722"
"0/0","20,0","20","57","0,57,773"
"0/1","16,3","19","66","66,0,585"
"0/1","15,9","24","99","290,0,490"
"0/1","13,15","28","99","510,0,442"
"0/1","13,14","27","99","406,0,419"
"0/1","10,7","17","99","225,0,315"
"0/1","19,19","38","99","615,0,638"
"0/1","15,18","33","99","609,0,490"
"0/1","18,13","31","99","424,0,533"
"0/1","9,13","22","99","415,0,291"
"0/1","20,12","32","99","349,0,666"
"0/1","14,7","21","99","216,0,492"
"0/1","11,9","20","99","272,0,354"
"0/1","5,8","13","99","256,0,161"
"0/0","26,0","26","75","0,75,1006"
"0/1","10,8","18","99","265,0,341"
"0/1","19,11","30","99","369,0,648"
"0/1","13,15","28","99","508,0,439"
"0/1","21,12","33","99","365,0,715"
"0/1","18,7","25","99","191,0,622"
"0/1","6,12","18","99","423,0,182"
"0/1","12,11","23","99","306,0,408"
"0/1","11,11","22","99","344,0,310"
"0/1","8,6","14","99","205,0,274"
"0/1","9,7","16","99","238,0,319"
"0/0","27,0","27","81","0,81,1077"
"0/1","14,25","39","99","796,0,438"
"0/1","12,18","30","99","609,0,349"
"0/1","22,13","35","99","394,0,513"
"0/1","17,21","38","99","643,0,578"
"0/1","14,11","25","99","320,0,490"
"0/1","15,7","22","99","176,0,519"
"0/1","18,14","32","99","467,0,637"
"0/1","15,18","33","99","635,0,350"
"0/1","29,10","39","99","175,0,998"
"0/1","28,10","38","99","173,0,983"
"0/1","33,9","42","99","162,0,1135"
"0/1","93,21","114","99","380,0,3090"
"0/1","13,5","18","56","56,0,445"
"0/0","37,2","39","55","0,55,1168"
"0/1","21,20","41","99","590,0,703"
"0/1","28,3","31","27","27,0,1009"
"0/1","22,16","38","99","528,0,744"
"0/1","9,17","26","99","588,0,237"
"0/1","12,8","20","99","260,0,426"
"0/1","15,13","28","99","421,0,503"
"0/1","20,14","34","99","373,0,715"
"0/1","15,18","33","99","515,0,424"
"0/1","12,7","19","99","222,0,408"
"0/1","9,9","18","99","312,0,310"
"0/1","11,10","21","99","321,0,378"
"0/1","13,12","25","99","383,0,462"
"0/1","11,9","20","99","310,0,387"
"0/1","11,10","21","99","338,0,384"
"0/1","6,12","18","99","405,0,188"
"0/1","7,11","18","99","347,0,187"
"0/1","9,15","24","99","489,0,292"
"0/1","5,11","16","99","387,0,156"
"0/1","15,20","35","99","673,0,479"
"0/1","10,14","24","99","494,0,335"
"0/1","11,14","25","99","483,0,369"
"0/1","10,16","26","99","526,0,329"
"0/1","6,8","14","99","229,0,201"
"0/1","12,13","25","99","452,0,377"
"0/1","5,14","19","99","475,0,114"
"0/1","9,7","16","99","234,0,312"
"0/0","33,0","33","93","0,93,1257"
"0/1","11,9","20","99","298,0,347"
"0/1","18,15","33","99","471,0,614"
"0/1","5,7","12","99","243,0,163"
"0/1","14,12","26","99","373,0,421"
"0/1","12,8","20","99","264,0,412"
"0/1","15,13","28","99","395,0,507"
"0/1","14,14","28","99","488,0,440"
"0/1","12,13","25","99","443,0,367"
"0/1","10,5","15","99","156,0,286"
"0/1","25,15","40","99","455,0,824"
"0/1","9,28","37","99","914,0,220"
"0/1","12,8","20","99","259,0,409"
"0/1","12,11","23","99","331,0,378"
"0/1","12,15","27","99","411,0,359"
"0/1","13,16","29","99","428,0,387"
"0/1","14,16","30","99","501,0,389"
"0/1","11,12","23","99","381,0,377"
"0/1","12,23","35","99","694,0,348"
"0/1","13,20","33","99","718,0,414"
"0/1","15,21","36","99","651,0,478"
"0/1","14,11","25","99","332,0,451"
"0/1","10,17","27","99","586,0,325"
"0/1","16,13","29","99","445,0,486"
"0/1","15,14","29","99","411,0,521"
"0/1","8,14","22","99","474,0,266"
"0/1","6,7","13","99","210,0,209"
"0/1","9,8","17","99","273,0,306"
"0/1","10,6","16","99","192,0,354"
"0/1","18,7","25","99","220,0,590"
"0/1","13,14","27","99","470,0,427"
"0/1","6,15","21","99","540,0,179"
"0/1","8,14","22","99","476,0,266"
"0/1","12,9","21","99","300,0,434"
"0/1","13,18","31","99","544,0,410"
"0/1","14,18","32","99","535,0,466"
"0/1","15,18,0","33","99","621,0,518,666,572,1239"
"0/1","12,10","22","99","337,0,428"
"0/0","24,0","26","69","0,69,935"
"1/1","0,21","21","63","847,63,0"
"0/1","116,15","131","99","264,0,3342"
"0/1","38,7","45","82","82,0,1393"
"0/1","17,126","143","99","4343,0,193"
"0/1","36,118,22","176","99","4118,0,956,3468,546,4710"
"0/1","50,58","108","99","1962,0,1575"
"0/1","16,12","28","99","411,0,508"
"0/1","24,15","39","99","463,0,725"
"0/1","20,14","34","99","376,0,704"
"0/1","15,8","23","99","242,0,540"
"0/1","11,19","30","99","603,0,356"
"0/1","8,11","19","99","345,0,270"
"0/1","14,16","30","99","409,0,288"
"0/0","27,0","27","63","0,63,795"
"0/0","28,0","28","72","0,72,905"
"0/0","29,0","30","75","0,75,945"
"0/0","30,0","30","75","0,75,970"
"0/0","30,0","30","75","0,75,935"
"0/0","32,0","33","87","0,87,1112"
"0/0","34,0","35","96","0,96,1253"
"0/0","35,1","36","99","0,99,1320"
"0/0","38,0","39","99","0,111,1463"
"0/0","43,0","43","99","0,123,1575"
"0/0","34,0","34","96","0,96,1229"
"0/0","37,0","37","99","0,99,1288"
"0/0","44,0","47","99","0,108,1335"
"0/0","54,0","58","99","0,126,1598"
"0/0","58,0","58","99","0,126,1556"
"0/0","45,5","55","8","0,8,1250"
"0/0","43,1","46","65","0,65,1249"
"0/0","40,0","42","99","0,105,1312"
"0/0","38,1","40","99","0,99,1270"
"0/0","38,1","39","99","0,102,1286"
"0/0","43,0","45","99","0,105,1262"
"0/0","38,0","40","96","0,96,1245"
"0/0","33,1","34","90","0,90,1125"
"0/0","35,0","35","93","0,93,1186"
"0/0","34,0","34","93","0,93,1188"
"0/0","39,2","41","99","0,108,1389"
"0/0","43,0","45","99","0,117,1446"
"0/0","45,0","45","99","0,114,1424"
"0/0","40,2","42","99","0,108,1343"
"0/0","39,1","40","70","0,70,1129"
"0/0","39,0","39","99","0,108,1352"
"0/0","38,2","40","79","0,79,1233"
"0/0","28,0","28","78","0,78,979"
"0/0","30,1","31","81","0,81,1030"
"0/0","36,3","39","28","0,28,1176"
"0/0","44,0","44","99","0,108,1368"
"0/0","36,1","37","99","0,102,1312"
"0/0","36,1","37","68","0,68,1277"
"0/0","32,1","33","53","0,53,1123"
"0/0","28,1","29","36","0,36,929"
"0/0","32,1","33","49","0,49,1055"
"0/0","33,1","34","55","0,55,1143"
"0/0","34,1","35","55","0,55,1150"
"0/0","33,1","34","52","0,52,1115"
"0/0","28,1","29","38","0,38,927"
"0/0","29,0","30","87","0,87,1047"
"0/0","25,0","27","75","0,75,952"
"0/0","26,1","28","41","0,41,976"
"0/0","28,1","29","41","0,41,976"
"0/0","30,0","30","81","0,81,1060"
"0/0","30,0","30","84","0,84,1088"
"0/0","23,2","25","26","0,26,759"
"0/0","25,1","28","32","0,32,786"
"0/0","32,1","33","46","0,46,1028"
"0/0","35,1","36","59","0,59,1153"
"0/0","37,1","38","65","0,65,1161"
"0/0","32,2","37","62","0,62,1127"
"0/0","39,3","42","64","0,64,1271"
"0/0","36,2","39","18","0,18,884"
"0/0","34,1","39","38","0,38,854"
"0/0","43,5","49","25","0,25,1201"
"0/1","38,9","52","73","73,0,1070"
"0/1","47,18","65","99","307,0,1266"
"0/0","47,4","51","53","0,53,1292"
"0/0","38,0","38","96","0,96,1205"
"0/0","39,1","41","90","0,90,1162"
"0/0","28,0","29","69","0,69,867"
"0/0","35,1","36","84","0,84,1023"
"0/0","34,0","36","87","0,87,1063"
"0/0","38,1","43","65","0,65,1242"
"0/0","39,2","41","52","0,52,1307"
"0/0","39,1","44","65","0,65,1214"
"0/0","43,1","44","99","0,117,1477"
"0/0","37,1","38","65","0,65,1239"
"0/0","36,0","37","99","0,108,1366"
"0/0","36,0","36","99","0,105,1353"
"0/0","36,0","37","99","0,102,1302"
"0/0","39,0","39","99","0,114,1472"
"0/0","39,0","39","99","0,111,1390"
"0/0","40,0","40","99","0,114,1476"
"0/0","42,0","42","99","0,120,1550"
"0/0","40,0","40","99","0,114,1509"
"0/0","33,0","33","96","0,96,1274"
"0/0","33,0","33","96","0,96,1262"
"0/0","37,0","37","99","0,108,1382"
"0/0","35,0","35","96","0,96,1269"
"0/0","31,0","31","87","0,87,1099"
"0/0","29,0","29","78","0,78,1018"
"0/0","37,0","37","90","0,90,1212"
"0/0","33,0","33","87","0,87,1072"
"0/0","33,0","33","87","0,87,1103"
"0/0","33,0","33","84","0,84,1049"
"0/0","29,0","29","78","0,78,995"
"0/0","29,0","29","78","0,78,1014"
"0/0","30,0","30","84","0,84,1086"
"0/0","30,0","30","84","0,84,1088"
"0/0","31,1","32","53","0,53,1110"
"0/0","30,1","31","47","0,47,1080"
"0/0","29,1","30","46","0,46,1061"
"0/0","29,1","30","49","0,49,1100"
"0/0","29,1","30","50","0,50,1100"
"0/0","30,1","31","53","0,53,1112"
"0/0","24,1","25","29","0,29,815"
"0/0","23,1","24","29","0,29,829"
"0/0","20,1","21","23","0,23,693"
"0/1","20,10","30","99","298,0,540"
"0/1","19,17","36","99","538,0,619"
"0/1","21,15","36","99","411,0,582"
"0/1","15,8","23","99","255,0,513"
"0/1","15,14","29","99","350,0,432"
"0/1","12,13","25","99","418,0,403"
"0/1","12,14","26","99","457,0,362"
"0/0","14,0","15","9","0,9,119"
"0/1","9,16","25","99","574,0,263"
"0/1","17,20","37","99","678,0,528"
"0/1","13,22","35","99","680,0,365"
"0/1","12,12","24","99","409,0,406"
"0/1","12,12","24","99","352,0,428"
"0/1","11,15","26","99","535,0,353"
"0/1","21,13","34","99","382,0,712"
"0/1","14,12","26","99","305,0,390"
"0/1","10,8","18","99","225,0,317"
"0/1","13,18","31","99","586,0,400"
"0/1","8,7","15","99","196,0,253"
"0/1","12,11","23","99","377,0,417"
"0/1","11,12","23","99","412,0,372"
"0/1","9,18","27","99","585,0,295"
"0/1","11,15","26","99","535,0,368"
"0/1","12,22","34","99","756,0,383"
"0/1","23,11","34","99","340,0,799"
"0/1","8,11","19","99","391,0,268"
"0/1","12,14","26","99","488,0,406"
"0/1","20,19","39","99","638,0,640"
"0/1","5,10","15","99","319,0,165"
"0/1","9,11","20","99","380,0,307"
"0/1","17,11","28","99","354,0,600"
"0/1","6,6","12","99","175,0,209"
"0/1","8,10","18","99","309,0,269"
"0/1","14,9","23","99","306,0,463"
"0/1","4,10","14","99","359,0,118"
"0/1","14,8","22","99","239,0,497"
"0/1","11,9","21","99","312,0,394"
"0/1","9,10","19","99","285,0,274"
"0/1","13,10","23","99","309,0,465"
"0/1","17,16","33","99","509,0,565"
"0/1","16,6","22","99","185,0,417"
"0/1","15,6","21","99","159,0,427"
"0/1","7,7","14","99","236,0,243"
"0/1","10,12","22","99","377,0,341"
"0/1","3,10","13","86","315,0,86"
"0/1","13,10","23","99","335,0,449"
"0/1","18,9","28","99","278,0,636"
"0/1","22,15","37","99","456,0,676"
"0/1","14,14","28","99","442,0,479"
"0/1","14,15","29","99","503,0,468"
"0/1","20,16","36","99","500,0,631"
"0/1","12,15","27","99","492,0,352"
"0/1","16,18","34","99","630,0,508"
"0/1","14,12","26","99","397,0,455"
"0/0","15,0","16","42","0,42,542"
"0/1","14,16","30","99","480,0,450"
"0/1","19,11","30","99","301,0,678"
"0/0","23,0","23","69","0,69,906"
"0/0","25,0","25","75","0,75,976"
"0/0","26,0","26","78","0,78,1029"
"0/0","25,1","26","29","0,29,795"
"0/1","14,11","25","99","242,0,305"
"0/1","27,8","35","99","218,0,944"
"0/1","27,12","39","99","336,0,894"
"0/1","25,9","34","99","250,0,873"
"0/1","16,10","26","99","308,0,550"
"0/1","21,11","32","99","312,0,662"
"0/1","19,18","37","99","547,0,565"
"0/1","15,18","33","99","515,0,424"
"0/1","15,17","32","99","416,0,496"
"0/1","13,15","28","99","417,0,436"
"0/1","12,15","27","99","398,0,377"
"0/1","19,11","30","99","310,0,656"
"0/1","19,14","33","99","432,0,596"
"0/1","24,9","33","99","253,0,812"
"0/1","20,7","27","99","151,0,636"
"0/1","21,10","31","99","262,0,654"
"0/1","16,11","27","99","327,0,552"
"0/1","9,15","24","99","519,0,233"
"0/1","12,14","26","99","459,0,322"
"0/1","20,13","33","99","297,0,651"
"0/1","13,9","22","99","304,0,413"
"0/1","16,8","24","99","211,0,489"
"0/1","16,8","24","99","211,0,532"
"0/1","13,7","20","99","211,0,426"
"0/1","16,8","24","99","198,0,547"
"0/1","16,10","26","99","271,0,558"
"0/1","12,17","29","99","603,0,313"
"0/1","21,12","33","99","289,0,665"
"0/1","19,11","30","99","283,0,570"
"0/1","20,9","29","99","198,0,640"
"0/1","15,9","24","99","285,0,498"
"0/1","14,9","23","99","292,0,489"
"0/1","14,14","28","99","471,0,454"
"0/1","12,16","28","99","558,0,344"
"0/1","14,18","32","99","626,0,408"
"0/1","15,16","31","99","525,0,452"
"0/1","13,17","30","99","563,0,425"
"0/1","13,13","26","99","451,0,401"
"0/1","14,13","27","99","398,0,473"
"0/1","15,13","28","99","435,0,474"
"0/1","12,14","26","99","420,0,393"
"0/1","10,15","25","99","411,0,312"
"0/1","10,16","26","99","455,0,330"
"0/1","9,17","26","99","522,0,280"
"0/1","6,17","23","99","483,0,177"
"0/1","14,16","30","99","430,0,482"
"0/1","14,18","32","99","590,0,473"
"0/1","16,22","38","99","628,0,510"
"0/1","8,15","23","99","481,0,263"
"0/1","14,12","26","99","378,0,447"
"0/1","14,15","29","99","512,0,435"
"0/1","18,16","34","99","546,0,581"
"0/1","19,16","35","99","533,0,640"
"0/1","16,19","35","99","635,0,504"
"0/1","16,19","35","99","589,0,484"
"0/1","20,12","32","99","373,0,651"
"0/1","20,13","33","99","380,0,656"
"0/1","22,14","36","99","420,0,671"
"0/1","17,19","36","99","579,0,575"
"0/1","18,17","35","99","483,0,570"
"0/1","19,13","32","99","413,0,592"
"0/1","19,17","36","99","554,0,596"
"0/1","23,13","36","99","399,0,772"
"0/1","22,13","35","99","398,0,729"
"0/1","13,15","28","99","498,0,386"
"0/1","13,20","33","99","599,0,373"
"0/1","16,16","32","99","530,0,529"
"0/1","11,11","23","99","338,0,381"
"0/1","11,13","24","99","394,0,385"
"0/0","15,0","17","33","0,33,424"
"0/1","6,13","19","99","397,0,194"
"0/1","8,13","21","99","463,0,245"
"0/1","15,15","30","99","515,0,472"
"0/0","19,0","19","54","0,54,735"
"0/1","15,13","28","99","447,0,520"
"0/1","23,21","44","99","725,0,740"
"0/0","16,2","20","11","0,11,578"
"0/1","49,12","62","99","211,0,1558"
"0/1","49,13","62","99","269,0,1575"
"0/1","62,18","80","99","264,0,1940"
"0/1","62,19","81","99","276,0,1881"
"0/1","65,12","77","99","225,0,1966"
"0/1","27,11","38","99","126,0,959"
"0/1","64,13","77","99","120,0,2026"
"0/0","32,2","34","69","0,69,1243"
"0/1","12,7","19","99","217,0,417"
"0/1","7,11","18","99","396,0,231"
"0/1","10,11","21","99","371,0,333"
"0/1","14,16","30","99","507,0,419"
"0/1","13,9","22","99","290,0,450"
"0/0","23,1","24","27","0,27,820"
"0/1","16,13","29","99","224,0,334"
"0/1","48,6","58","86","86,0,1549"
"0/1","23,24","47","99","709,0,727"
"0/1","19,18","37","99","566,0,542"
"0/1","15,15","30","99","516,0,484"
"0/1","13,17","30","99","589,0,439"
"0/0","24,0","24","72","0,72,967"
"0/1","13,15","28","99","461,0,433"
"0/0","17,0","17","51","0,51,682"
"0/1","26,15","41","99","404,0,819"
"0/1","14,10","24","99","319,0,414"
"0/1","13,25","38","99","851,0,379"
"0/1","12,8","20","99","269,0,429"
"0/1","10,11","21","99","338,0,337"
"0/1","13,12","25","99","412,0,451"
"0/1","15,14","29","99","472,0,499"
"0/1","14,18","32","99","619,0,426"
"0/1","12,16","28","99","555,0,360"
"0/1","13,8","21","99","252,0,415"
"0/1","14,14","28","99","479,0,467"
"0/1","17,15","32","99","480,0,576"
"0/0","22,0","22","63","0,63,839"
"0/0","25,0","25","72","0,72,950"
"0/0","21,0","21","63","0,63,834"
"0/0","24,0","24","72","0,72,947"
"0/0","27,0","27","81","0,81,1090"
"0/0","22,0","22","66","0,66,899"
"0/0","22,0","22","66","0,66,855"
"0/0","35,0","35","93","0,93,1246"
"0/0","45,0","45","99","0,123,1626"
"0/1","20,18","38","99","587,0,667"
"0/0","29,0","29","84","0,84,1112"
"0/0","31,0","31","93","0,93,1221"
"0/0","33,0","33","96","0,96,1265"
"0/0","31,0","31","90","0,90,1178"
"0/0","29,0","29","84","0,84,1119"
"0/0","67,11","79","38","0,38,2032"
"0/0","19,0","19","57","0,57,756"
"0/0","19,0","19","57","0,57,756"
"0/1","40,6","47","99","105,0,1047"
"0/1","33,13","47","99","140,0,1006"
"0/1","31,13","45","99","139,0,910"
"0/0","21,0","21","54","0,54,729"
"0/0","32,2","34","48","0,48,1193"
"0/0","31,2","33","45","0,45,1161"
"0/0","21,0","21","63","0,63,858"
"0/0","21,0","21","63","0,63,858"
"0/0","21,0","21","63","0,63,838"
"0/1","16,11","27","99","325,0,481"
"0/0","36,0","36","99","0,99,1312"
"0/0","27,0","27","75","0,75,988"
"0/0","27,0","27","75","0,75,1006"
"0/0","27,0","27","75","0,75,988"
"0/0","21,0","21","60","0,60,817"
"0/0","23,0","23","66","0,66,883"
"0/0","22,0","22","63","0,63,847"
"0/0","23,0","23","63","0,63,857"
"0/0","22,0","22","63","0,63,845"
"0/0","22,0","22","66","0,66,872"
"0/0","26,0","26","78","0,78,1019"
"0/0","24,0","24","69","0,69,918"
"0/0","24,0","24","66","0,66,874"
"0/1","14,15","29","99","502,0,425"
"0/1","19,13","32","99","373,0,612"
"0/1","6,12","18","99","428,0,189"
"0/1","20,7","27","99","201,0,726"
"0/1","7,7","14","99","206,0,250"
"0/1","14,10","24","99","338,0,455"
"0/0","19,0","19","57","0,57,778"
"0/0","19,0","19","57","0,57,775"
"0/0","20,0","20","57","0,57,775"
"0/0","22,0","22","60","0,60,815"
"0/0","24,0","24","69","0,69,928"
"0/0","40,0","41","99","0,108,1420"
"0/0","37,0","38","99","0,111,1419"
"0/0","32,1","33","96","0,96,1249"
"0/0","31,0","31","90","0,90,1170"
"0/0","26,0","26","72","0,72,973"
"0/0","24,0","24","69","0,69,924"
"0/0","19,0","19","57","0,57,748"
"0/0","20,0","20","60","0,60,779"
"0/0","20,0","20","54","0,54,723"
"0/0","18,0","18","51","0,51,665"
"0/0","22,0","22","63","0,63,835"
"0/0","23,0","23","63","0,63,855"
"0/0","25,0","25","72","0,72,967"
"0/1","14,13","27","99","435,0,456"
"0/1","17,20","37","99","600,0,573"
"0/1","18,19","37","99","584,0,626"
"0/1","24,15","39","99","434,0,819"
"0/1","15,15","30","99","448,0,423"
"0/1","18,11","29","99","342,0,631"
"0/0","28,0","28","81","0,81,1086"
"0/0","23,0","23","69","0,69,912"
"0/0","21,0","21","60","0,60,793"
"0/0","22,0","22","60","0,60,805"
"0/0","17,0","17","51","0,51,672"
"0/0","19,0","19","54","0,54,719"
"0/0","17,0","17","48","0,48,656"
"0/0","19,0","19","57","0,57,761"
"0/1","13,10","23","99","323,0,429"
"0/0","21,0","21","60","0,60,795"
"0/0","21,0","21","60","0,60,800"
"0/0","25,0","25","66","0,66,869"
"0/0","32,0","32","84","0,84,1099"
"0/0","31,0","31","87","0,87,1145"
"0/1","7,14","21","99","468,0,209"
"0/1","11,11","22","99","361,0,374"
"0/1","13,15","28","99","514,0,374"
"0/1","8,10","18","99","192,0,177"
"0/0","16,0","16","33","0,33,407"
"0/0","8,0","8","12","0,12,140"
"0/1","20,25","45","99","688,0,595"
"0/0","9,0","9","21","0,21,282"
"0/0","16,0","16","27","0,27,333"
"0/1","15,10","25","99","340,0,470"
"0/0","10,0","10","30","0,30,398"
"0/1","22,20","42","99","632,0,674"
"0/1","11,12","23","99","410,0,367"
"0/1","11,14","25","99","478,0,339"
"0/1","18,15","33","99","494,0,539"
"0/1","24,22","46","99","580,0,647"
"0/1","20,17","37","99","560,0,639"
"0/1","7,9","16","99","272,0,237"
"0/1","10,11","21","99","383,0,343"
"0/1","14,9","23","99","275,0,467"
"0/1","10,5","15","99","154,0,317"
"0/1","14,20","34","99","652,0,439"
"0/1","8,4","12","99","116,0,164"
"0/1","20,15","35","99","470,0,659"
"0/1","10,20","30","99","694,0,295"
"0/1","16,14","30","99","390,0,515"
"0/1","9,13","22","99","405,0,301"
"0/1","21,27","48","99","802,0,683"
"0/1","11,3","14","71","71,0,398"
"0/1","18,19","37","99","665,0,575"
"0/0","24,0","24","66","0,66,873"
"0/1","16,13","29","99","372,0,521"
"0/0","13,0","13","33","0,33,439"
"0/0","14,0","14","39","0,39,496"
"0/0","33,0","33","96","0,96,1265"
"0/0","12,1","13","36","0,36,445"
"0/1","8,6","14","99","188,0,271"
"0/1","7,16","23","99","556,0,190"
"0/1","8,10","18","99","358,0,234"
"0/1","7,18","25","99","554,0,183"
"0/1","12,5","17","99","117,0,392"
"0/1","15,14","29","99","421,0,475"
"0/1","20,12","32","99","326,0,638"
"0/1","13,15","28","99","502,0,449"
"0/1","24,8","32","99","221,0,836"
"0/1","16,15","31","99","426,0,439"
"0/1","23,17","40","99","523,0,722"
"0/1","20,18","38","99","579,0,612"
"0/1","4,15","19","99","418,0,112"
"0/0","19,0","19","57","0,57,745"
"0/1","11,13","24","99","227,0,340"
"0/1","21,16","37","99","521,0,646"
"0/1","11,23","35","99","763,0,318"
"0/1","19,17","36","99","507,0,639"
"0/1","22,7","33","99","173,0,705"
"0/1","19,13","32","99","397,0,641"
"0/1","6,13","19","99","361,0,198"
"0/1","7,8","15","99","248,0,242"
"0/1","6,12","18","99","376,0,194"
"0/1","19,14","33","99","469,0,591"
"0/1","9,5","14","99","163,0,317"
"0/1","16,10","26","99","315,0,489"
"0/1","9,15","24","99","498,0,283"
"0/1","9,15","24","99","458,0,233"
"0/1","16,11","27","99","266,0,519"
"0/1","9,17","26","99","561,0,280"
"0/1","11,15","26","99","525,0,356"
"0/1","17,19","36","99","576,0,506"
"0/1","9,10","19","99","352,0,315"
"0/1","24,19","43","99","597,0,674"
"0/1","25,12","37","99","288,0,727"
"1/1","2,24","26","23","769,23,0"
"0/1","13,20","33","99","637,0,350"
"0/1","14,18","32","99","514,0,414"
"0/1","21,13","34","99","381,0,663"
"0/1","21,13","34","99","352,0,667"
"0/1","13,24","37","99","676,0,417"
"0/1","11,9","20","99","307,0,376"
"0/1","17,7","24","99","210,0,551"
"0/0","8,0","8","24","0,24,301"
"0/1","13,10","23","99","167,0,240"
"0/1","13,12","25","99","242,0,259"
"0/1","14,6","21","99","116,0,291"
"0/1","8,11","19","99","172,0,215"
"0/1","14,7","21","99","212,0,452"
"0/1","10,11","21","99","384,0,322"
"0/1","3,11","14","74","363,0,74"
"0/1","26,8","34","99","228,0,887"
"0/0","27,0","27","81","0,81,1070"
"0/1","14,16","30","99","555,0,361"
"0/1","27,14","41","99","414,0,760"
"0/1","13,14","27","99","455,0,414"
"0/1","10,17","27","99","581,0,250"
"0/1","10,18","28","99","611,0,239"
"0/1","22,8","30","99","204,0,711"
"0/1","15,9","24","99","281,0,504"
"0/1","17,11","28","99","298,0,573"
"0/1","10,7","17","99","203,0,272"
"0/1","12,5","17","99","114,0,416"
"0/1","11,13","24","99","463,0,338"
"0/0","21,0","21","57","0,57,763"
"0/1","10,6","16","99","199,0,351"
"0/1","10,6","16","99","199,0,352"
"0/1","9,12","21","99","424,0,270"
"0/1","19,21","40","99","654,0,560"
"0/1","9,12","21","99","382,0,294"
"0/1","10,10","20","99","340,0,335"
"0/1","21,8","33","99","105,0,411"
"0/1","8,17","25","99","573,0,193"
"1/1","6,13","20","9","452,9,0"
"0/1","17,16","34","99","533,0,542"
"0/1","16,13","29","99","359,0,560"
"0/1","10,17","27","99","559,0,322"
"0/1","9,8","18","99","255,0,315"
"0/1","15,12","27","99","364,0,492"
"0/1","16,18","35","99","569,0,335"
"0/1","16,19","35","99","602,0,367"
"0/1","16,11","27","99","315,0,528"
"0/1","12,17","29","99","593,0,381"
"0/1","8,13","21","99","414,0,269"
"0/1","22,19","41","99","555,0,710"
"0/1","12,17","29","99","582,0,394"
"0/1","15,19","34","99","627,0,489"
"0/1","21,20","41","99","687,0,671"
"0/1","28,17","45","99","537,0,953"
"0/1","30,21","51","99","686,0,992"
"0/1","20,13","33","99","370,0,576"
"0/1","24,15","39","99","475,0,848"
"0/1","21,19","40","99","605,0,630"
"0/1","15,11","26","99","374,0,539"
"0/1","24,13","37","99","387,0,804"
"0/1","11,11","22","99","333,0,374"
"0/1","13,11","24","99","360,0,444"
"0/1","17,14","31","99","448,0,539"
"0/1","14,12","26","99","404,0,424"
"0/1","15,12","27","99","399,0,514"
"0/1","17,10","27","99","270,0,593"
"0/1","10,19","29","99","638,0,269"
"0/1","13,17","30","99","560,0,403"
"0/1","11,14","25","99","480,0,317"
"0/1","11,11","22","99","331,0,373"
"0/1","13,12","25","99","378,0,406"
"0/1","7,11","18","99","373,0,223"
"0/1","12,17","29","99","560,0,412"
"0/1","9,16","25","99","529,0,279"
"0/1","3,6","9","99","141,0,104"
"0/1","11,14","25","99","491,0,365"
"0/1","21,8","29","99","244,0,676"
"0/0","21,0","21","63","0,63,842"
"0/1","17,11","28","99","353,0,563"
"0/1","24,18","42","99","507,0,758"
"0/1","18,16","34","99","536,0,614"
"0/1","9,13","22","99","449,0,296"
"0/1","12,14","28","99","447,0,334"
"0/1","11,24","35","99","798,0,343"
"0/1","15,14","29","99","477,0,447"
"0/1","3,27","31","39","837,0,39"
"0/1","11,19","30","99","589,0,339"
"0/1","13,10","23","99","335,0,465"
"0/1","11,9","20","99","307,0,382"
"0/1","9,8","17","99","249,0,316"
"0/1","12,11","23","99","386,0,389"
"0/1","12,16","28","99","567,0,371"
"0/1","14,8","22","99","225,0,506"
"0/1","20,5","28","96","96,0,510"
"0/1","19,25","44","99","824,0,468"
"0/1","19,19","38","99","570,0,502"
"0/1","19,19","38","99","568,0,623"
"0/1","13,20","33","99","606,0,432"
"0/1","13,19","32","99","607,0,438"
"0/1","12,19","31","99","557,0,410"
"0/1","8,11","19","99","386,0,272"
"0/1","13,8","21","99","220,0,469"
"0/1","9,11","20","99","299,0,225"
"0/1","9,18","27","99","601,0,217"
"0/1","16,12","28","99","393,0,556"
"0/1","13,18","31","99","491,0,341"
"0/1","15,24","39","99","816,0,493"
"0/1","21,15","36","99","376,0,588"
"0/1","15,11","26","99","365,0,514"
"0/1","28,12","40","99","355,0,888"
"0/1","9,8","17","99","278,0,318"
"0/1","10,12","22","99","410,0,318"
"0/0","43,0","43","99","0,114,1491"
"0/1","13,14","27","99","491,0,405"
"0/1","8,8","16","99","276,0,240"
"0/0","15,1","16","5","0,5,493"
"0/0","16,0","16","48","0,48,644"
"0/0","16,0","16","48","0,48,633"
"0/0","18,0","18","54","0,54,707"
"0/0","18,0","18","54","0,54,713"
"0/1","6,8","14","99","287,0,207"
"0/1","6,9","15","99","314,0,187"
"0/1","11,11","22","99","369,0,341"
"0/1","11,10","21","99","233,0,173"
"0/1","14,17","31","99","400,0,400"
"0/1","11,8","19","99","223,0,390"
"0/1","19,11","30","99","314,0,634"
"0/1","52,5","57","28","28,0,1732"
"0/1","19,7","26","99","160,0,686"
"0/1","14,5","19","99","107,0,466"
"0/1","7,8","15","99","251,0,206"
"0/1","14,18","32","99","529,0,437"
"0/1","17,18","35","99","613,0,542"
"0/1","24,16","40","99","522,0,794"
"0/1","6,8","14","99","277,0,207"
"0/1","16,14","30","99","409,0,512"
"0/1","19,15","34","99","507,0,644"
"0/1","16,17","33","99","540,0,501"
"0/1","18,23","41","99","764,0,525"
"0/1","11,5","16","99","157,0,386"
"0/1","13,6","19","99","180,0,467"
"0/1","14,12","26","99","414,0,412"
"0/1","14,13","27","99","418,0,381"
"0/1","25,16","41","99","446,0,862"
"0/1","27,14","41","99","405,0,893"
"0/1","13,13","26","99","394,0,390"
"0/1","20,10","30","99","325,0,519"
"0/1","15,15","30","99","478,0,465"
"0/1","16,15","31","99","481,0,518"
"0/1","14,17","31","99","544,0,412"
"0/1","12,21","33","99","680,0,367"
"0/1","14,18","32","99","601,0,462"
"0/1","26,19","45","99","508,0,811"
"0/1","16,25","41","99","846,0,477"
"0/1","24,20","44","99","477,0,822"
"0/1","23,20","43","99","626,0,749"
"0/1","27,22","49","99","614,0,932"
"0/1","11,22","33","99","787,0,290"
"0/1","11,16","27","99","523,0,300"
"0/1","19,20","39","99","591,0,575"
"0/1","11,17","28","99","590,0,350"
"0/1","14,13","27","99","439,0,468"
"0/1","16,11","27","99","366,0,565"
"0/1","11,11","22","99","371,0,374"
"0/1","20,21","41","99","526,0,610"
"0/1","11,19","30","99","643,0,315"
"0/1","13,12","25","99","353,0,449"
"0/1","12,5","17","99","152,0,425"
"0/1","12,17","29","99","526,0,371"
"0/1","10,15","25","99","470,0,301"
"0/1","13,11","24","99","301,0,390"
"0/1","10,9","19","99","246,0,291"
"0/1","23,14","37","99","436,0,726"
"0/1","13,22","35","99","656,0,428"
"0/0","18,0","20","18","0,18,221"
"0/1","13,24","37","99","817,0,421"
"0/1","22,16","38","99","459,0,715"
"0/1","15,6","21","99","177,0,492"
"0/1","91,17","111","99","122,0,2424"
"0/1","5,11","16","99","180,0,141"
"0/1","13,7","20","49","49,0,344"
"0/1","39,8","47","99","124,0,708"
"0/1","17,10","27","99","289,0,562"
"0/1","15,14","29","99","424,0,508"
"0/1","17,13","31","99","409,0,516"
"0/1","15,22","37","99","662,0,512"
"0/1","16,24","40","99","816,0,518"
"0/1","16,5","21","99","146,0,513"
"0/1","14,16","30","99","394,0,364"
"0/1","20,11","31","99","329,0,591"
"0/1","6,8","14","90","281,0,90"
"0/1","16,10","26","99","332,0,539"
"0/1","10,15","25","99","529,0,312"
"0/1","14,15","29","99","446,0,432"
"0/1","10,11","21","99","353,0,312"
"0/1","15,17","32","99","566,0,459"
"0/1","11,8","19","99","265,0,386"
"0/1","9,16","25","99","552,0,290"
"0/1","19,16","35","99","407,0,650"
"0/1","10,8","18","99","265,0,347"
"0/1","14,19","33","99","611,0,460"
"0/1","13,9","22","99","190,0,365"
"0/1","7,19","26","99","662,0,191"
"0/1","11,13","24","99","454,0,343"
"0/1","20,21","41","99","636,0,604"
"0/1","19,10","29","99","322,0,662"
"0/1","11,13","26","99","448,0,256"
"0/1","11,9","21","99","291,0,326"
"0/1","19,14","33","99","461,0,616"
"0/1","16,10","26","99","328,0,506"
"0/1","14,9","23","99","300,0,457"
"0/1","3,1","4","28","28,0,113"
"0/1","7,11","18","99","380,0,231"
"0/1","17,14","31","99","452,0,567"
"0/1","9,8","17","99","280,0,228"
"0/1","24,17","41","99","509,0,678"
"0/1","8,7","15","99","197,0,273"
"0/1","18,19","37","99","624,0,595"
"0/1","17,17","34","99","469,0,512"
"0/1","24,14","39","99","444,0,819"
"0/1","23,18","41","99","544,0,767"
"0/1","23,20","43","99","640,0,737"
"0/1","7,9","16","99","307,0,226"
"0/1","16,19","35","99","620,0,460"
"0/1","26,15","41","99","484,0,852"
"1/1","1,9","10","21","249,21,0"
"0/1","9,6","15","99","191,0,319"
"0/1","12,9","21","99","206,0,231"
"0/1","18,14","32","99","465,0,591"
"0/1","16,16","32","99","502,0,519"
"0/1","12,11","23","99","386,0,344"
"0/1","18,14","32","99","466,0,636"
"0/1","21,9","30","99","274,0,728"
"0/1","20,14","34","99","467,0,706"
"0/1","18,15","33","99","506,0,622"
"0/1","22,14","36","99","465,0,707"
"0/1","17,11","28","99","362,0,606"
"0/1","16,16","32","99","513,0,548"
"0/1","14,15","29","99","496,0,408"
"0/1","13,13","26","99","434,0,416"
"0/1","15,15","30","99","452,0,480"
"0/1","9,21","30","99","756,0,279"
"0/1","8,17","25","99","619,0,243"
"0/1","13,12","25","99","325,0,430"
"0/1","18,12","30","99","320,0,624"
"0/1","11,9","20","99","247,0,337"
"0/1","19,19","39","99","478,0,548"
"0/1","7,12","19","99","429,0,228"
"0/1","14,6","20","99","151,0,500"
"0/1","12,6","18","99","157,0,422"
"0/1","6,8","15","99","287,0,172"
"0/1","10,9","19","99","307,0,345"
"0/1","10,13","23","99","447,0,288"
"0/1","13,19","32","99","580,0,328"
"0/1","16,17","33","99","447,0,451"
"0/1","17,21","38","99","590,0,492"
"0/1","18,13","31","99","422,0,530"
"0/1","10,23","33","99","770,0,272"
"0/1","14,16","30","99","431,0,423"
"0/1","28,16","44","99","457,0,854"
"0/1","14,15","29","99","427,0,446"
"0/1","16,14","30","99","442,0,499"
"0/1","17,20","37","99","700,0,548"
"0/1","11,11","22","99","346,0,348"
"0/1","8,12","20","99","399,0,257"
"0/1","11,16","27","99","535,0,342"
"0/1","11,21","32","99","522,0,247"
"0/1","15,10","25","99","331,0,437"
"0/1","14,9","23","99","243,0,442"
"0/1","18,13","31","99","409,0,568"
"0/1","11,22","33","99","727,0,333"
"0/1","12,15","27","99","481,0,367"
"0/1","10,8","18","99","237,0,365"
"0/1","8,6","14","99","207,0,288"
"0/1","10,9","19","99","295,0,353"
"0/1","12,13","25","99","449,0,406"
"0/1","13,11","24","99","340,0,458"
"0/1","8,10","18","99","346,0,256"
"0/1","12,11","23","99","296,0,412"
"0/1","15,8","23","99","258,0,532"
"0/1","17,17","34","99","447,0,474"
"0/1","10,18","28","99","568,0,310"
"0/1","18,21","40","99","514,0,305"
"0/1","10,6","16","99","192,0,354"
"0/1","9,7","16","99","232,0,313"
"0/1","14,10","24","99","278,0,503"
"0/1","8,11","19","99","387,0,268"
"0/1","11,5","16","99","155,0,364"
"0/1","8,13","21","99","471,0,256"
"0/1","16,27","43","99","973,0,510"
"0/1","14,19","33","99","605,0,471"
"0/1","24,12","36","99","334,0,859"
"0/1","20,14","34","99","434,0,491"
"0/1","5,25","30","79","725,0,79"
"0/0","24,0","24","72","0,72,920"
"0/1","23,22","46","99","595,0,667"
"0/1","20,12","32","99","312,0,703"
"0/1","28,19","47","99","595,0,902"
"0/1","15,28","43","99","976,0,472"
"0/1","10,10","20","99","316,0,318"
"0/1","7,6","13","99","206,0,243"
"0/1","8,6","14","99","188,0,265"
"0/1","5,10","15","99","357,0,151"
"0/1","9,12","21","99","341,0,257"
"0/1","15,12","27","99","311,0,442"
"0/1","19,20","39","99","685,0,593"
"0/1","20,21","41","99","716,0,544"
"0/1","22,15","37","99","504,0,714"
"0/1","17,15","32","99","506,0,554"
"0/1","16,18","34","99","620,0,532"
"0/1","13,16","29","99","529,0,426"
"0/1","13,18","31","99","592,0,389"
"0/1","13,3","16","80","80,0,397"
"0/1","15,14","29","99","479,0,523"
"0/1","18,13","31","99","397,0,623"
"0/1","28,15","43","99","426,0,940"
"0/1","14,9","23","99","299,0,427"
"0/1","10,12","22","99","403,0,324"
"0/1","19,16","35","99","276,0,596"
"0/1","14,13","27","99","437,0,490"
"0/1","13,13","26","99","439,0,459"
"0/1","13,20","33","99","668,0,385"
"0/1","19,12","31","99","382,0,659"
"0/1","13,14","27","99","470,0,422"
"0/1","18,13","31","99","403,0,585"
"0/1","13,15","28","99","485,0,407"
"0/1","17,13","30","99","390,0,542"
"0/1","18,16","34","99","370,0,558"
"0/1","15,2","17","55","55,0,236"
"0/1","16,16","32","99","513,0,543"
"0/1","12,14","26","99","420,0,371"
"0/1","17,13","30","99","444,0,515"
"0/1","15,18","33","99","530,0,461"
"0/1","4,8","16","53","171,0,53"
"0/1","4,11","17","80","186,0,80"
"0/1","15,5","20","99","120,0,184"
"0/1","10,11","21","99","393,0,347"
"0/1","10,12","22","99","409,0,285"
"0/1","8,15","23","99","550,0,218"
"0/1","5,9","14","99","330,0,145"
"0/1","11,13","24","99","418,0,381"
"0/1","8,12","20","99","396,0,267"
"0/1","8,11","19","99","388,0,267"
"0/1","12,11","23","99","341,0,389"
"0/1","9,12","21","99","387,0,296"
"0/1","21,16","37","99","499,0,693"
"0/1","19,17","36","99","567,0,597"
"0/1","15,15","30","99","513,0,496"
"0/1","11,13","24","99","446,0,372"
"0/1","16,15","31","99","486,0,540"
"0/1","11,18","29","99","600,0,326"
"0/1","13,17","30","99","465,0,436"
"0/1","14,21","35","99","646,0,473"
"0/1","12,10","22","99","313,0,382"
"0/1","10,12","22","99","382,0,325"
"0/0","25,0","25","75","0,75,998"
"0/1","9,13","22","99","445,0,288"
"0/1","19,15","34","99","459,0,596"
"0/1","15,13","28","99","397,0,457"
"0/1","14,12","26","99","398,0,493"
"0/1","15,14","29","99","423,0,512"
"0/1","17,22","39","99","760,0,475"
"0/1","16,14","30","99","413,0,478"
"0/1","16,18","34","99","581,0,485"
"0/1","10,11","21","99","338,0,339"
"0/1","13,7","21","99","220,0,436"
"0/0","2,0","2","6","0,6,72"
"0/1","14,22","36","99","735,0,388"
"0/1","8,11","20","99","361,0,269"
"0/1","8,10","18","99","279,0,261"
"0/1","9,5","14","99","157,0,254"
"0/1","6,8","14","99","273,0,172"
"0/1","14,16","30","99","556,0,431"
"0/1","13,18","31","99","589,0,402"
"0/1","17,19","36","99","575,0,567"
"0/0","22,2","24","6","0,6,372"
"0/1","18,22","40","99","677,0,610"
"0/1","8,15","23","99","510,0,251"
"0/1","17,14","31","99","451,0,560"
"0/1","15,13","28","99","392,0,523"
"0/1","15,14","29","99","462,0,498"
"0/1","20,17","37","99","503,0,664"
"0/1","39,12","54","19","19,0,907"
"0/1","16,14","30","99","412,0,548"
"0/1","12,17","29","99","483,0,398"
"0/1","13,23","36","99","663,0,401"
"0/1","18,12","30","99","387,0,623"
"0/1","18,14","32","99","397,0,634"
"0/1","21,20","41","99","630,0,672"
"0/1","6,8","14","99","240,0,200"
"0/1","16,22","38","99","764,0,530"
"0/1","16,11","27","99","353,0,505"
"0/0","35,0","35","99","0,99,1324"
"0/1","12,3","15","78","78,0,353"
"0/1","24,15","39","99","479,0,809"
"0/1","19,22","41","99","676,0,576"
"0/1","13,15","28","99","510,0,428"
"0/1","16,12","28","99","330,0,544"
"0/1","15,13","28","99","380,0,518"
"0/0","22,6","28","14","0,14,572"
"0/1","14,15","29","99","428,0,477"
"0/1","11,16","28","99","441,0,216"
"0/1","24,23","47","99","757,0,624"
"0/1","14,24","38","99","784,0,456"
"0/1","12,23","36","99","722,0,296"
"0/1","19,18","37","99","492,0,611"
"0/1","14,21","35","99","652,0,430"
"0/1","11,12","23","99","359,0,350"
"0/1","19,24","43","99","728,0,570"
"0/1","15,8","23","99","258,0,395"
"0/1","11,17","28","99","563,0,319"
"0/1","3,17","20","59","626,0,59"
"0/1","23,18","41","99","451,0,787"
"0/1","11,17","28","99","605,0,348"
"0/1","10,11","22","99","388,0,332"
"0/1","12,12","24","99","415,0,407"
"0/1","17,12","29","99","371,0,486"
"0/1","10,14","24","99","378,0,289"
"0/1","9,8","17","99","272,0,315"
"0/1","15,8","23","99","189,0,423"
"0/1","14,13","27","99","378,0,486"
"0/1","16,11","27","99","368,0,523"
"0/1","10,22","32","99","764,0,304"
"0/1","10,14","24","99","494,0,337"
"0/1","9,13","22","99","362,0,304"
"0/1","17,21","38","99","601,0,504"
"0/1","16,14","30","99","425,0,555"
"0/1","10,13","23","99","403,0,338"
"0/1","21,16","37","99","527,0,616"
"0/1","28,17","45","99","398,0,720"
"0/1","13,17","30","99","525,0,432"
"0/1","11,21","32","99","668,0,333"
"0/1","15,24","39","99","818,0,464"
"0/1","17,20","37","99","637,0,539"
"0/1","12,13","25","99","446,0,412"
"0/1","15,15","30","99","521,0,383"
"0/1","4,18","23","66","577,0,66"
"0/1","13,9","22","99","310,0,366"
"0/1","11,5","16","99","160,0,272"
"0/1","6,13","19","99","483,0,144"
"0/1","9,13","22","99","419,0,207"
"1/1","0,20","20","54","724,54,0"
"0/1","10,6","16","99","151,0,258"
"0/1","7,3","10","99","99,0,183"
"0/1","5,3","8","92","101,0,92"
"0/1","6,7","13","99","231,0,208"
"0/1","7,8","15","99","278,0,232"
"0/1","5,11","16","99","404,0,152"
"0/1","17,17","34","99","547,0,497"
"1/1","3,24","27","14","857,14,0"
"0/1","14,7","21","99","176,0,465"
"0/1","5,8","13","99","286,0,168"
"0/1","14,17","31","99","569,0,474"
"0/1","15,12","27","99","301,0,385"
"0/1","1,4","5","25","141,0,25"
"0/1","12,15","27","99","486,0,279"
"0/1","12,15","27","99","473,0,369"
"0/1","14,18","32","99","583,0,384"
"0/1","18,13","31","99","358,0,588"
"0/1","17,12","29","99","341,0,541"
"0/1","12,11","23","99","336,0,328"
"0/1","9,12","21","99","374,0,289"
"0/1","18,21","39","99","659,0,580"
"0/1","20,16","36","99","514,0,626"
"0/1","11,17","28","99","602,0,355"
"0/1","8,18","26","99","638,0,249"
"0/1","7,17","24","99","611,0,217"
"0/1","10,11","21","99","369,0,344"
"0/1","8,10","18","99","318,0,267"
"0/1","12,14","26","99","452,0,355"
"0/1","12,10","22","99","295,0,389"
"0/1","16,7","23","99","217,0,405"
"0/1","13,8","21","99","264,0,432"
"0/0","10,12","22","18","0,18,244"
"0/1","19,17","36","99","558,0,650"
"0/1","14,13","27","99","454,0,449"
"0/1","6,14","20","99","506,0,177"
"0/1","10,19","29","99","595,0,303"
"0/1","18,16","34","99","474,0,624"
"0/1","21,14","35","99","416,0,675"
"0/1","11,19","30","99","625,0,344"
"0/1","10,13","23","99","386,0,342"
"0/1","12,17","29","99","596,0,364"
"0/1","10,16","26","99","470,0,334"
"0/1","17,19","36","99","644,0,492"
"0/1","13,18","31","99","488,0,409"
"0/1","15,9","24","99","276,0,471"
"0/1","24,5","29","84","84,0,775"
"0/1","22,5","27","99","127,0,705"
"0/1","33,6","39","99","110,0,1113"
"0/1","32,7","39","99","135,0,1088"
"0/1","9,6","15","99","149,0,311"
"0/1","10,13","23","99","408,0,336"
"0/1","12,9","21","99","291,0,349"
"0/1","16,9","25","99","297,0,540"
"0/1","11,11","22","99","377,0,338"
"0/1","37,7","44","66","66,0,1179"
"0/1","31,16","47","99","459,0,943"
"0/1","24,10","34","99","230,0,753"
"0/1","7,17","24","99","545,0,213"
"0/1","17,16","33","99","483,0,527"
"0/1","17,17","34","99","510,0,526"
"0/1","14,11","25","99","331,0,460"
"0/1","25,15","40","99","419,0,800"
"0/1","9,11","20","99","285,0,314"
"0/1","12,8","20","99","226,0,429"
"0/1","7,11","18","99","331,0,185"
"0/1","14,9","23","99","303,0,461"
"0/1","9,10","19","99","276,0,279"
"0/1","14,13","27","99","452,0,455"
"0/1","17,13","30","99","401,0,518"
"0/1","21,18","39","99","560,0,687"
"0/1","18,17","35","99","445,0,576"
"0/1","19,17","36","99","550,0,602"
"0/1","12,19","31","99","668,0,336"
"0/1","21,10","31","99","284,0,633"
"0/1","15,14","29","99","377,0,514"
"0/1","14,22","36","99","762,0,424"
"0/1","13,18","31","99","591,0,398"
"0/1","16,10","26","99","307,0,534"
"0/1","21,12","33","99","389,0,710"
"0/1","18,12","30","99","382,0,628"
"0/1","13,13","26","99","446,0,448"
"0/1","17,18","35","99","588,0,545"
"0/1","15,14","29","99","390,0,502"
"0/1","17,16","33","99","538,0,512"
"0/1","22,9","31","99","274,0,688"
"0/1","18,9","28","99","247,0,622"
"0/1","19,20","39","99","596,0,581"
"0/1","3,2","5","55","67,0,55"
"0/0","13,0","13","30","0,30,409"
"0/1","17,16","33","99","497,0,528"
"0/1","13,18","33","99","448,0,356"
"0/1","11,14","25","99","399,0,383"
"0/1","17,21","38","99","655,0,542"
"0/1","6,11","17","99","360,0,188"
"0/1","17,23","40","99","774,0,549"
"0/1","15,21","36","99","710,0,487"
"0/1","19,10","29","99","310,0,673"
"0/1","22,13","35","99","373,0,717"
"0/1","16,21","37","99","629,0,537"
"0/1","12,16","28","99","478,0,343"
"0/1","13,17","30","99","552,0,366"
"1/1","0,25","25","63","864,63,0"
"0/1","18,13","31","99","411,0,523"
"0/1","20,11","31","99","326,0,655"
"0/1","19,13","33","99","429,0,607"
"0/1","19,11","30","99","307,0,609"
"1/1","1,26","27","36","958,36,0"
"0/1","13,12","25","99","414,0,415"
"0/1","12,9","21","99","304,0,397"
"0/1","9,10","19","99","343,0,300"
"0/1","9,20","29","99","692,0,283"
"0/1","10,16","29","99","380,0,205"
"0/1","21,17","38","99","511,0,651"
"0/1","11,19","30","99","636,0,303"
"0/1","16,12","28","99","360,0,554"
"0/1","18,21","39","99","599,0,569"
"0/1","17,12","29","99","293,0,525"
"0/1","19,23","42","99","714,0,612"
"0/1","12,18","30","99","530,0,381"
"0/1","7,4","12","47","47,0,184"
"0/1","14,11","25","99","334,0,429"
"0/0","12,1","13","2","0,2,371"
"0/0","23,0","25","61","0,61,780"
"0/1","17,12","29","99","319,0,588"
"0/1","14,10","24","99","285,0,494"
"0/1","16,17","33","99","534,0,469"
"0/1","34,9","43","99","180,0,1028"
"0/1","9,11","20","99","302,0,281"
"0/1","14,18","32","99","524,0,345"
"0/0","6,0","6","18","0,18,214"
"0/1","16,17","33","99","538,0,491"
"0/1","11,19","30","99","627,0,359"
"0/1","27,12","39","99","362,0,900"
"0/1","11,6","25","99","169,0,217"
"0/0","34,1","35","54","0,54,635"
"0/0","6,0","6","9","0,9,116"
"0/1","25,5","30","3","3,0,394"
"0/1","18,2","20","25","25,0,637"
"0/1","19,17","36","99","565,0,641"
"0/1","11,10","21","99","260,0,354"
"0/1","18,22","40","99","642,0,547"
"0/1","17,20","37","99","650,0,580"
"0/1","15,13","29","99","362,0,253"
"0/0","26,0","26","60","0,60,763"
"0/0","25,0","25","60","0,60,789"
"0/1","22,14","36","99","446,0,659"
"0/1","19,13","32","99","406,0,675"
"0/1","10,17","27","99","532,0,232"
"0/1","17,13","30","99","386,0,466"
"0/1","8,13","21","99","421,0,245"
"0/1","15,4","19","99","99,0,510"
"0/1","25,10","36","99","241,0,591"
"0/1","8,7","15","99","247,0,238"
"0/1","9,15","24","99","461,0,303"
"0/1","17,17","34","99","563,0,521"
"0/1","9,16","25","99","566,0,295"
"0/1","12,17","29","99","563,0,378"
"0/1","20,21","41","99","675,0,657"
"0/1","11,21","32","99","708,0,336"
"0/1","12,11","23","99","315,0,390"
"0/1","13,13","26","99","379,0,423"
"0/1","13,13","26","99","378,0,415"
"0/1","7,11","18","99","349,0,234"
"0/1","7,11","18","99","351,0,231"
"0/1","10,6","17","99","189,0,341"
"0/1","13,13","26","99","462,0,367"
"0/1","14,11","25","99","372,0,485"
"0/1","11,12","23","99","353,0,350"
"0/1","17,8","25","99","245,0,560"
"0/1","9,8","17","99","274,0,256"
"0/1","10,8","18","99","260,0,355"
"0/1","6,11","17","99","361,0,192"
"0/1","11,12","23","99","403,0,341"
"0/1","23,16","39","99","420,0,729"
"0/1","8,9","17","99","222,0,220"
"0/1","11,8","19","99","260,0,387"
"0/1","13,11","24","99","369,0,400"
"0/1","20,11","31","99","339,0,710"
"0/0","20,0","20","27","0,27,336"
"0/1","16,19","35","99","511,0,535"
"0/1","15,15","30","99","474,0,432"
"0/1","15,16","32","99","485,0,392"
"0/0","31,0","31","90","0,90,1204"
"0/1","3,10","13","75","328,0,75"
"0/0","29,0","29","87","0,87,1180"
"0/1","13,13","26","99","416,0,412"
"0/1","6,14","20","99","475,0,183"
"0/1","18,13","31","99","437,0,595"
"0/1","18,17","35","99","516,0,586"
"0/1","16,17","33","99","564,0,499"
"0/1","19,19","38","99","605,0,561"
"0/1","14,16","30","99","452,0,431"
"0/1","11,14","25","99","360,0,352"
"0/1","15,6","21","99","183,0,504"
"0/1","12,6","18","99","191,0,370"
"0/1","4,9","13","99","289,0,131"
"0/1","18,21","40","99","679,0,558"
"0/1","8,11","19","99","349,0,254"
"0/1","20,19","39","99","640,0,642"
"0/1","16,14","30","99","414,0,557"
"0/0","14,0","14","42","0,42,548"
"0/1","15,16","31","99","550,0,481"
"0/1","7,17","24","99","582,0,214"
"1/1","0,8","8","24","325,24,0"
"0/1","10,10","20","99","331,0,292"
"0/1","18,16","34","99","538,0,583"
"0/1","16,21","37","99","734,0,502"
"0/1","12,18","30","99","589,0,344"
"0/1","4,17","21","99","563,0,106"
"0/1","15,10","25","99","298,0,495"
"0/0","13,0","13","30","0,30,384"
"0/1","48,8","56","33","33,0,1502"
"0/1","14,12","26","99","382,0,465"
"0/1","18,20","38","99","638,0,568"
"0/1","20,10","30","99","310,0,625"
"0/1","21,10","31","99","310,0,669"
"0/1","15,10","25","99","329,0,548"
"0/1","3,5","8","95","183,0,95"
"0/1","8,9","17","99","286,0,210"
"0/1","9,4","13","99","124,0,328"
"0/1","12,7","19","99","214,0,395"
"0/1","15,10","25","99","296,0,503"
"0/1","12,18","30","99","639,0,350"
"0/1","11,4","15","99","117,0,393"
"0/1","14,18","32","99","585,0,466"
"0/1","16,22","38","99","728,0,498"
"0/0","30,1","31","50","0,50,1018"
"0/0","29,1","30","35","0,35,808"
"0/1","14,13","27","99","409,0,434"
"0/1","19,6","25","99","124,0,663"
"0/1","18,4","22","90","90,0,550"
"0/1","10,16","26","99","518,0,326"
"0/1","15,14","29","99","476,0,456"
"0/1","16,17","33","99","560,0,498"
"0/1","38,7","45","99","113,0,1232"
"0/1","11,12","23","99","427,0,344"
"0/1","24,20","44","99","531,0,441"
"0/1","37,9","46","99","147,0,921"
"0/1","38,12","50","99","209,0,1106"
"0/1","26,9","35","99","248,0,695"
"0/1","23,14","37","99","450,0,776"
"0/1","9,10","19","99","280,0,284"
"0/1","11,6","17","99","201,0,359"
"0/1","9,7","16","99","200,0,321"
"0/1","13,14","27","99","444,0,399"
"0/1","11,15","27","99","492,0,362"
"0/1","7,7","14","99","235,0,242"
"0/1","6,9","15","99","209,0,183"
"0/1","12,9","21","99","301,0,421"
"0/1","7,10","17","99","312,0,226"
"0/1","45,11","58","99","189,0,534"
"0/1","4,8","12","99","242,0,123"
"0/1","9,12","21","99","347,0,279"
"0/1","16,17","33","99","525,0,477"
"0/1","6,9","15","99","288,0,168"
"0/1","24,10","34","99","302,0,798"
"0/1","10,17","27","99","499,0,309"
"0/1","7,22","29","99","775,0,182"
"0/1","11,5","16","99","118,0,312"
"0/1","16,8","25","99","220,0,480"
"0/1","14,8","22","99","250,0,426"
"0/1","12,9","21","99","298,0,424"
"0/1","10,12","22","99","421,0,333"
"0/1","17,17","34","99","551,0,521"
"0/1","15,18","33","99","588,0,473"
"0/1","5,5","10","99","175,0,139"
"0/1","15,11","26","99","347,0,485"
"0/1","16,14","30","99","439,0,563"
"0/1","12,15","27","99","392,0,417"
"0/1","11,14","25","99","457,0,335"
"0/1","16,13","29","99","406,0,532"
"0/1","11,10","21","99","340,0,351"
"0/1","16,9","25","99","293,0,459"
"0/1","20,9","29","99","275,0,659"
"0/1","22,7","29","99","182,0,769"
"0/1","15,10","25","99","204,0,425"
"0/1","15,11","27","99","250,0,420"
"0/1","16,9","25","99","221,0,532"
"0/1","16,8","24","99","216,0,543"
"0/1","17,6","23","99","137,0,591"
"0/1","12,16","29","99","261,0,283"
"0/1","14,16","30","99","350,0,399"
"0/1","16,18","34","99","574,0,520"
"0/1","5,9","14","99","150,0,167"
"0/1","6,5","11","99","130,0,169"
"0/1","15,7","23","99","140,0,534"
"0/1","13,8","22","99","175,0,470"
"0/1","25,14","39","99","343,0,739"
"0/1","19,19","38","99","607,0,575"
"0/1","17,17","34","99","590,0,435"
"0/1","12,18","30","99","537,0,303"
"0/1","12,17","29","99","520,0,296"
"0/1","12,13","25","99","436,0,403"
"0/1","7,13","20","99","433,0,213"
"0/1","6,13","19","99","378,0,186"
"0/1","12,21","33","99","681,0,360"
"0/1","14,20","34","99","598,0,420"
"0/1","18,22","40","99","684,0,568"
"0/1","17,21","38","99","602,0,518"
"0/1","20,17","37","99","432,0,640"
"0/1","20,17","37","99","434,0,599"
"0/1","14,15","30","99","367,0,430"
"0/1","12,16","28","99","468,0,393"
"0/1","10,12","22","99","397,0,277"
"0/1","11,12","23","99","392,0,316"
"0/1","15,11","26","99","324,0,437"
"0/1","13,8","21","99","231,0,387"
"0/1","8,11","19","99","337,0,250"
"0/1","13,16","29","99","392,0,389"
"0/1","10,15","25","99","475,0,280"
"0/1","10,18","28","99","587,0,313"
"0/1","12,13","25","99","352,0,352"
"0/1","16,10","26","99","277,0,529"
"0/1","12,11","23","99","328,0,399"
"0/1","14,16","30","99","516,0,451"
"0/1","15,18","33","99","544,0,459"
"0/1","14,17","31","99","542,0,435"
"0/1","12,18","30","99","539,0,395"
"0/1","11,13","24","99","437,0,375"
"0/1","13,13","26","99","433,0,423"
"0/1","15,12","27","99","403,0,455"
"0/1","14,12","26","99","391,0,405"
"0/1","7,6","13","95","95,0,181"
"0/1","12,11","23","99","389,0,353"
"0/1","11,12","23","99","388,0,312"
"0/1","14,15","29","99","455,0,349"
"0/1","11,17","28","99","530,0,359"
"0/1","12,12","24","99","359,0,337"
"0/1","12,13","25","99","449,0,359"
"0/1","13,21","34","99","673,0,380"
"0/1","8,20","28","99","672,0,228"
"0/1","13,10","23","99","324,0,429"
"0/1","12,16","28","99","530,0,346"
"0/1","13,20","33","99","630,0,418"
"0/1","9,19","28","99","599,0,272"
"0/1","8,22","30","99","740,0,210"
"0/1","14,12","26","99","371,0,372"
"0/1","13,17","30","99","569,0,385"
"0/1","15,17","32","99","550,0,438"
"0/1","14,13","27","99","321,0,312"
"0/1","15,22","37","99","668,0,379"
"0/1","16,13","29","99","322,0,452"
"0/1","16,10","26","99","301,0,550"
"0/1","21,14","35","99","431,0,743"
"0/1","9,10","19","99","269,0,298"
"0/1","10,18","28","99","622,0,254"
"0/1","24,22","46","99","698,0,827"
"0/1","22,14","36","99","450,0,734"
"0/1","15,20","35","99","692,0,488"
"0/1","14,15","29","99","493,0,444"
"0/1","5,11","16","99","359,0,154"
"0/1","12,8","20","99","270,0,427"
"0/1","7,7","14","99","239,0,244"
"0/1","6,18","24","99","636,0,133"
"0/1","18,14","32","99","466,0,528"
"0/1","16,10","26","99","323,0,567"
"0/1","7,9","16","99","311,0,236"
"0/1","15,15","30","99","495,0,452"
"0/1","13,14","27","99","485,0,419"
"0/1","6,7","13","99","217,0,204"
"0/1","6,8","14","99","243,0,204"
"0/0","19,0","19","57","0,57,743"
"0/0","34,0","34","99","0,102,1375"
"0/1","13,41","54","99","1445,0,368"
"0/0","64,0","64","99","0,181,2428"
"0/1","52,13","65","99","312,0,1781"
"0/1","41,7","48","99","142,0,1436"
"0/2","29,0,23","52","99","760,847,1941,0,1094,1024"
"0/1","47,8","55","99","159,0,1679"
"0/1","34,7","42","99","128,0,1173"
"0/1","11,14","25","99","477,0,297"
"0/1","15,15","30","99","480,0,524"
"0/1","26,20","46","99","594,0,876"
"0/1","9,7","16","99","231,0,318"
"0/1","3,12","15","72","429,0,72"
"0/1","3,12","15","74","438,0,74"
"0/1","15,22","37","99","786,0,393"
"0/1","13,8","21","99","212,0,464"
"0/1","17,14","31","99","409,0,586"
"0/1","10,7","17","99","234,0,322"
"0/1","20,5","25","99","102,0,583"
"0/1","14,19","33","99","682,0,389"
"0/1","14,15","29","99","389,0,431"
"0/0","42,1","43","99","0,111,1455"
"0/0","40,1","41","80","0,80,1417"
"0/0","42,1","43","80","0,80,1421"
"0/0","45,1","46","86","0,86,1494"
"0/1","44,5","49","59","59,0,1230"
"0/1","46,12","58","99","166,0,1413"
"0/1","48,7","55","99","100,0,1229"
"0/1","57,9","67","99","129,0,1423"
"0/1","21,13","34","99","358,0,629"
"0/1","13,24","37","99","742,0,386"
"0/1","7,7","18","99","118,0,195"
"0/1","9,7","16","99","215,0,316"
"0/1","48,13","61","99","173,0,1051"
"0/1","61,17","78","99","448,0,1377"
"0/1","24,10","34","99","301,0,564"
"1/1","0,14","14","39","490,39,0"
"1/1","0,11","11","21","256,21,0"
"0/0","11,1","13","21","0,21,232"
"0/0","12,1","14","21","0,21,235"
"0/0","24,0","24","72","0,72,933"
"0/0","24,0","24","69","0,69,899"
"0/0","18,3","21","9","0,9,549"
"0/0","19,3","22","12","0,12,627"
"0/1","49,26","76","99","111,0,708"
"0/1","41,22","63","99","362,0,527"
"0/1","25,13","38","99","193,0,714"
"0/1","27,6","33","99","122,0,760"
"0/1","26,4","30","73","73,0,921"
"0/0","34,0","35","99","0,99,1316"
"0/1","10,7","17","99","199,0,357"
"0/1","27,9","36","99","101,0,273"
"0/1","16,12","28","99","297,0,494"
"0/0","22,0","22","60","0,60,797"
"0/1","16,21","37","99","730,0,536"
"0/1","15,6","21","99","142,0,437"
"0/0","10,8","18","24","0,24,307"
"0/1","12,19","31","99","531,0,311"
"0/0","15,0","15","42","0,42,568"
"0/1","13,10","23","99","335,0,409"
"0/1","11,14","25","99","448,0,340"
"0/1","17,7","24","99","193,0,601"
"0/1","8,28","36","99","1007,0,192"
"0/0","13,0","13","39","0,39,505"
"0/1","17,17","34","99","407,0,470"
"0/1","17,13","30","85","85,0,573"
"0/1","10,16","26","99","381,0,304"
"0/1","17,14","31","99","453,0,538"
"0/1","19,16","35","99","484,0,570"
"0/1","11,15","26","99","496,0,377"
"0/0","23,0","23","69","0,69,891"
"0/1","15,13","28","99","427,0,463"
"0/1","22,15","37","99","482,0,678"
"0/1","16,17","33","99","533,0,479"
"0/0","21,2","24","20","0,20,704"
"0/1","37,15","52","99","379,0,1209"
"0/1","41,15","56","99","379,0,1329"
"0/1","65,19","84","99","321,0,1958"
"0/1","35,13","49","99","182,0,951"
"0/1","51,12","63","99","230,0,1582"
"0/2","24,14,46","84","99","1489,1071,1805,0,295,644"
"0/1","69,12","81","99","246,0,2325"
"0/1","13,15","28","99","503,0,393"
"0/1","13,13","26","99","420,0,369"
"0/1","11,7","18","99","218,0,350"
"0/1","19,16","35","99","474,0,559"
"0/1","12,14","28","99","422,0,157"
"0/1","17,20","37","99","479,0,511"
"0/1","11,15","27","99","230,0,293"
"0/1","23,15","38","99","310,0,692"
"0/1","13,14","27","99","295,0,449"
"0/1","12,13","25","99","264,0,419"
"0/1","16,9","25","99","294,0,423"
"0/1","17,9","26","99","276,0,570"
"0/1","14,16","30","99","506,0,372"
"0/1","17,7","24","99","210,0,569"
"0/1","19,17","36","99","421,0,600"
"0/1","7,14","21","99","418,0,220"
"0/1","19,12","31","99","390,0,534"
"0/1","10,10","20","99","288,0,251"
"0/1","12,19","31","99","646,0,364"
"0/1","15,20","35","99","551,0,454"
"0/0","11,1","14","9","0,9,124"
"0/1","16,13","29","99","388,0,482"
"0/1","8,12","20","99","415,0,264"
"0/1","13,14","27","99","361,0,399"
"0/1","5,11","18","47","321,0,47"
"0/1","16,12","28","99","364,0,494"
"0/0","19,0","19","54","0,54,675"
"0/0","16,0","16","42","0,42,527"
"0/0","16,0","16","42","0,42,544"
"0/0","20,0","20","60","0,60,771"
"0/1","18,20","38","99","664,0,589"
"0/1","15,11","26","99","335,0,523"
"0/1","19,19","38","99","549,0,498"
"0/1","19,11","30","99","284,0,518"
"0/1","18,8","26","24","274,0,24"
"0/1","18,12","30","99","385,0,564"
"0/1","14,13","27","99","416,0,477"
"0/1","22,18","40","99","518,0,757"
"0/1","28,24","52","99","741,0,931"
"0/1","26,18","44","99","569,0,871"
"0/1","23,20","43","99","632,0,731"
"0/1","8,1","9","10","10,0,252"
"0/1","11,1","12","1","1,0,366"
"0/1","13,3","16","68","68,0,438"
"0/1","13,11","24","99","374,0,357"
"0/1","5,7","12","99","228,0,153"
"0/1","15,16","31","99","499,0,439"
"0/1","11,12","23","99","413,0,365"
"0/1","20,4","24","12","12,0,736"
"0/1","18,8","26","99","215,0,634"
"0/1","20,7","27","99","145,0,733"
"0/1","8,15","23","99","467,0,219"
"0/1","8,15","23","99","463,0,251"
"0/1","7,14","21","99","514,0,221"
"0/1","14,13","27","99","451,0,414"
"0/1","15,13","28","99","451,0,423"
"0/1","15,16","31","99","513,0,475"
"0/1","13,15","28","99","518,0,439"
"0/1","12,12","24","99","421,0,382"
"0/1","7,14","21","99","511,0,182"
"0/1","14,9","23","99","301,0,454"
"0/1","6,8","14","99","284,0,203"
"0/1","7,11","18","99","392,0,221"
"0/1","10,16","26","99","571,0,328"
"0/1","12,15","27","99","526,0,405"
"0/1","12,19","31","99","673,0,378"
"0/1","7,12","19","99","433,0,162"
"0/1","9,7","17","99","158,0,327"
"0/1","11,17","28","99","599,0,365"
"0/1","10,14","24","99","430,0,268"
"0/1","12,9","22","99","273,0,395"
"0/1","9,9","18","99","281,0,314"
"0/1","7,8","15","99","278,0,194"
"0/1","14,12","26","99","347,0,428"
"0/1","12,13","25","99","392,0,376"
"0/1","6,10","16","99","360,0,158"
"0/1","6,10","16","99","362,0,184"
"0/1","7,9","16","99","313,0,231"
"0/1","15,7","22","99","188,0,498"
"0/1","10,9","19","99","313,0,268"
"0/1","12,3","15","37","37,0,448"
"0/1","12,3","15","68","68,0,444"
"0/1","8,6","14","99","208,0,251"
"0/1","6,11","17","99","359,0,197"
"0/1","10,6","16","99","165,0,362"
"0/1","9,6","15","99","163,0,327"
"0/1","9,11","20","99","377,0,293"
"0/1","15,19","34","99","634,0,505"
"0/1","14,13","27","99","412,0,494"
"0/1","16,11","27","99","372,0,498"
"0/1","16,12","28","99","407,0,492"
"0/1","11,18","29","99","597,0,362"
"0/1","18,10","28","99","308,0,626"
"0/1","9,7","16","99","231,0,296"
"0/1","10,9","19","99","305,0,344"
"0/1","16,11","27","99","371,0,532"
"0/1","16,13","29","99","424,0,568"
"0/1","7,13","20","99","472,0,217"
"0/1","9,14","23","99","421,0,297"
"0/1","10,11","21","99","393,0,305"
"0/1","9,7","16","99","232,0,319"
"0/1","16,6","22","99","143,0,559"
"0/1","7,5","12","99","164,0,256"
"0/1","5,5","10","99","172,0,170"
"0/1","7,4","11","99","132,0,251"
"0/1","9,10","19","99","314,0,303"
"0/1","15,15","30","99","480,0,519"
"0/1","15,14","29","99","489,0,509"
"0/1","14,9","23","99","293,0,489"
"0/1","8,11","19","99","387,0,263"
"0/1","12,12","24","99","426,0,352"
"0/1","28,9","37","99","168,0,965"
"0/0","21,2","23","1","0,1,766"
"0/1","35,10","45","99","229,0,1154"
"0/1","33,12","45","99","296,0,997"
"0/1","17,9","26","99","287,0,569"
"0/1","12,11","23","99","366,0,408"
"0/1","9,11","20","99","252,0,269"
"0/1","13,20","33","99","639,0,428"
"0/1","13,17","30","99","514,0,427"
"0/1","16,22","38","99","660,0,479"
"0/1","16,17","34","99","528,0,502"
"0/1","3,7","10","85","229,0,85"
"0/1","5,10","15","99","280,0,123"
"0/1","13,15","28","99","464,0,436"
"0/1","9,12","21","99","354,0,220"
"0/1","19,19","38","99","442,0,454"
"0/1","17,17","34","99","460,0,460"
"0/1","21,15","36","99","497,0,676"
"0/1","8,22","30","99","541,0,233"
"1/1","0,26","26","60","767,60,0"
"0/1","26,15","41","99","467,0,873"
"0/1","21,19","40","99","567,0,613"
"0/1","13,15","28","99","402,0,398"
"0/1","12,13","25","99","439,0,364"
"0/1","6,16","22","99","404,0,182"
"0/1","6,20","26","99","637,0,156"
"0/1","17,8","26","99","162,0,468"
"0/1","17,17","34","99","533,0,582"
"0/1","19,16","35","99","499,0,646"
"0/1","10,17","27","99","531,0,323"
"0/1","14,18","32","99","573,0,462"
"0/1","14,18","32","99","543,0,419"
"0/1","18,12","30","99","377,0,570"
"0/0","18,0","18","48","0,48,614"
"0/1","15,15","30","99","455,0,459"
"0/1","14,11","25","99","333,0,457"
"0/1","10,9","19","99","292,0,248"
"0/1","12,22","34","99","685,0,312"
"0/1","13,18","31","99","593,0,439"
"0/1","8,21","31","99","626,0,222"
"0/1","17,7","24","99","205,0,613"
"0/1","12,9","21","99","291,0,424"
"0/1","7,10","17","99","312,0,229"
"0/1","11,13","24","99","420,0,378"
"0/1","17,17","34","99","531,0,502"
"0/1","29,3","32","23","23,0,950"
"0/1","28,6","34","94","94,0,898"
"0/1","23,16","39","99","534,0,764"
"0/0","38,0","39","96","0,96,1237"
"0/0","32,0","32","84","0,84,1062"
"0/0","33,0","33","84","0,84,1089"
"0/0","35,0","35","90","0,90,1186"
"0/0","30,0","30","81","0,81,1089"
"0/1","16,20","36","99","633,0,484"
"0/1","16,13","29","99","413,0,563"
"0/1","16,19","35","99","639,0,374"
"0/1","6,4","10","99","129,0,198"
"0/1","12,13","25","99","415,0,356"
"0/1","25,21","46","99","611,0,801"
"0/0","23,0","23","60","0,60,741"
"0/0","26,0","26","63","0,63,766"
"0/0","27,0","27","69","0,69,881"
"0/0","26,0","26","69","0,69,888"
"0/0","31,0","31","81","0,81,1011"
"0/1","11,10","21","99","282,0,339"
"0/1","16,7","23","99","217,0,415"
"0/1","7,10","17","99","350,0,232"
"0/1","12,14","26","99","464,0,404"
"0/0","32,1","33","51","0,51,680"
"0/1","10,12","22","99","373,0,298"
"0/0","31,0","31","90","0,90,1182"
"0/1","11,22","33","99","718,0,288"
"0/0","33,0","33","90","0,90,1191"
"0/0","31,0","31","84","0,84,1058"
"0/0","24,0","24","69","0,69,825"
"0/1","12,16","28","99","561,0,329"
"0/1","38,7","45","99","111,0,1263"
"0/1","25,17","42","99","464,0,838"
"0/1","11,9","20","99","319,0,276"
"0/1","24,16","40","99","441,0,811"
"0/1","12,10","22","99","341,0,367"
"0/1","10,11","21","99","357,0,347"
"0/1","9,9","18","99","312,0,315"
"0/1","12,11","23","99","381,0,388"
"0/1","11,16","27","99","448,0,369"
"0/1","13,13","26","99","426,0,383"
"0/1","13,14","27","99","445,0,438"
"0/1","15,7","22","99","213,0,537"
"0/1","11,10","21","99","252,0,343"
"0/1","20,17","37","99","448,0,664"
"0/1","12,8","20","99","212,0,390"
"0/1","18,18","36","99","541,0,518"
"0/1","13,15","28","99","439,0,379"
"0/1","16,10","26","99","288,0,514"
"0/1","11,11","22","99","331,0,361"
"0/1","13,17","30","99","372,0,385"
"0/1","18,5","23","99","133,0,463"
"0/1","11,17","29","99","530,0,280"
"0/1","16,10","26","99","319,0,517"
"0/1","9,13","22","99","374,0,211"
"0/1","7,10","17","99","345,0,220"
"0/1","7,18","25","99","601,0,208"
"0/1","14,11","25","99","302,0,469"
"0/1","47,13","60","99","227,0,1297"
"0/1","52,6","58","57","57,0,1461"
"0/1","43,8","51","99","100,0,1324"
"0/1","38,4","42","47","47,0,1186"
"0/1","28,10","38","99","226,0,832"
"0/1","39,9","48","99","110,0,1016"
"0/1","10,5","15","99","124,0,328"
"0/1","12,8","20","99","233,0,422"
"0/0","25,0","25","72","0,72,949"
"0/1","11,7","19","99","212,0,237"
"0/1","21,17","38","99","573,0,650"
"0/1","16,16","32","99","509,0,546"
"0/1","12,14","26","99","487,0,387"
"0/0","26,0","26","63","0,63,836"
"0/1","18,7","25","99","153,0,314"
"0/1","16,12","28","99","348,0,482"
"0/1","17,11","29","99","321,0,564"
"0/1","18,16","34","99","478,0,554"
"0/1","10,14","24","99","393,0,329"
"0/0","21,0","21","54","0,54,616"
"0/1","13,11","24","99","303,0,327"
"0/1","15,19","34","99","479,0,243"
"0/1","17,19","36","99","554,0,463"
"0/0","38,0","38","93","0,93,1231"
"0/1","12,7","19","99","219,0,430"
"0/0","32,2","34","90","0,90,1184"
"0/1","15,13","28","99","403,0,519"
"0/1","16,17","33","99","592,0,545"
"0/1","8,13","21","99","425,0,233"
"0/1","20,12","32","99","382,0,697"
"0/1","22,14","36","99","423,0,685"
"0/1","20,9","29","99","231,0,578"
"0/0","21,3","24","18","0,18,761"
"0/1","23,3","26","38","38,0,824"
"0/1","22,3","25","43","43,0,779"
"0/1","18,9","27","99","248,0,608"
"0/1","10,9","22","99","311,0,276"
"0/1","26,6","32","99","155,0,838"
"0/1","25,6","31","99","158,0,838"
"0/1","25,6","31","99","156,0,840"
"0/1","29,6","35","99","104,0,1017"
"0/1","28,6","34","99","104,0,990"
"0/1","29,6","35","98","98,0,1020"
"0/1","32,5","37","22","22,0,1112"
"0/1","34,5","39","41","41,0,1217"
"0/1","23,17","40","99","467,0,743"
"0/1","24,17","41","99","459,0,746"
"0/1","23,14","37","99","430,0,742"
"0/1","26,13","39","99","352,0,604"
"0/1","30,20","50","99","571,0,754"
"0/1","43,17","60","99","431,0,959"
"0/1","35,49","84","99","1431,0,664"
"0/1","28,33","61","99","1084,0,639"
"0/0","7,0","7","18","0,18,232"
"0/0","28,0","28","69","0,69,896"
"0/1","21,20","41","99","654,0,567"
"0/0","28,0","28","84","0,84,1150"
"0/1","7,4","11","99","118,0,126"
"1/1","0,3","3","9","117,9,0"
"0/1","14,12","26","99","366,0,440"
"0/1","16,13","29","99","454,0,458"
"0/1","5,10","15","99","324,0,158"
"0/1","10,11","21","99","310,0,346"
"1/1","0,27","27","78","1071,78,0"
"0/1","12,15","27","99","488,0,408"
"0/1","19,12","31","99","339,0,626"
"0/1","13,16","29","99","526,0,435"
"0/1","23,10","33","99","256,0,827"
"0/1","14,14","28","99","446,0,446"
"0/1","10,12","22","99","425,0,329"
"0/1","16,23","40","99","629,0,512"
"0/0","16,0","16","36","0,36,468"
"0/1","25,11","36","99","309,0,765"
"0/1","18,14","32","99","469,0,520"
"0/1","9,8","17","65","165,0,65"
"0/1","12,12","24","99","370,0,406"
"0/1","12,9","21","99","294,0,406"
"0/1","16,15","31","99","466,0,512"
"0/1","6,13","19","99","431,0,173"
"0/1","7,8","15","99","280,0,232"
"0/1","13,3","16","87","87,0,260"
"0/1","16,16","34","99","400,0,445"
"0/1","19,14","33","99","476,0,593"
"0/1","11,17","28","99","519,0,357"
"0/1","16,9","25","99","274,0,526"
"0/1","13,11","24","99","339,0,439"
"0/1","17,11","28","99","291,0,511"
"0/1","14,18","32","99","583,0,465"
"0/1","4,19","23","60","577,0,60"
"0/1","17,25","42","99","738,0,553"
"0/1","8,20","28","99","580,0,219"
"0/1","20,8","28","99","159,0,675"
"0/1","7,19","26","99","677,0,196"
"0/0","20,0","22","30","0,30,368"
"0/1","19,6","26","99","117,0,254"
"0/1","10,18","28","99","616,0,320"
"0/1","10,18","28","99","519,0,243"
"0/1","15,6","21","99","176,0,466"
"0/1","7,7","14","99","236,0,245"
"0/1","20,12","32","99","350,0,644"
"0/1","7,12","20","99","378,0,208"
"0/1","4,13","17","97","476,0,97"
"0/1","17,15","32","99","416,0,476"
"0/1","19,13","32","99","315,0,635"
"0/1","14,11","25","99","264,0,451"
"0/1","20,20","40","99","548,0,619"
"0/1","15,11","26","99","317,0,519"
"0/1","12,7","19","99","219,0,351"
"0/1","15,16","31","99","511,0,414"
"0/1","9,18","27","99","558,0,236"
"0/1","10,17","27","99","441,0,250"
"0/1","22,4","26","42","42,0,746"
"0/1","21,9","31","99","268,0,634"
"0/1","21,17","38","99","490,0,698"
"0/1","15,17","32","99","511,0,478"
"0/1","7,10","17","99","275,0,234"
"0/1","17,12","29","99","365,0,568"
"0/1","15,12","27","99","338,0,473"
"0/1","7,14","21","99","493,0,206"
"0/1","16,18","34","99","545,0,459"
"0/1","14,16","30","99","460,0,432"
"0/1","8,5","13","99","154,0,274"
"0/1","9,5","14","99","157,0,300"
"0/1","17,15","32","99","481,0,549"
"0/1","13,15","28","99","413,0,424"
"0/1","11,18","29","99","588,0,340"
"0/1","11,18","29","99","595,0,335"
"0/1","5,9","14","99","298,0,163"
"0/1","15,10","25","99","325,0,531"
"0/1","5,9","14","99","306,0,157"
"0/1","12,9","21","99","283,0,374"
"0/1","15,11","26","99","365,0,489"
"0/1","12,10","22","99","344,0,413"
"0/1","15,20","35","99","592,0,479"
"0/1","5,23","28","99","567,0,125"
"0/1","19,14","33","99","374,0,639"
"0/1","14,11","25","99","376,0,366"
"0/1","9,23","32","99","716,0,239"
"0/1","19,13","32","99","429,0,625"
"0/1","21,15","36","99","294,0,534"
"0/1","24,20","44","99","646,0,783"
"0/1","12,19","31","99","673,0,388"
"0/1","20,24","44","99","741,0,649"
"0/1","12,17","29","99","554,0,366"
"0/1","15,19","34","99","656,0,473"
"0/1","15,18","33","99","621,0,500"
"0/1","10,13","23","99","382,0,299"
"0/1","12,8","20","99","270,0,396"
"0/1","10,8","18","99","275,0,356"
"0/1","12,11","23","99","377,0,378"
"0/1","6,12","18","99","413,0,141"
"0/1","10,8","18","99","243,0,335"
"0/1","17,9","26","99","277,0,600"
"0/1","5,17","22","99","598,0,139"
"0/1","12,7","19","99","224,0,401"
"0/0","27,0","29","72","0,72,971"
"0/1","16,14","30","99","475,0,544"
"0/0","7,0","7","21","0,21,266"
"0/1","9,7","16","99","226,0,291"
"0/1","13,16","29","99","501,0,394"
"0/1","17,13","30","99","412,0,573"
"0/1","171,66","246","99","1310,0,4419"
"0/1","144,91","250","99","1907,0,2839"
"0/1","210,39","250","99","687,0,6178"
"0/1","12,4","16","99","120,0,404"
"0/1","18,8","26","99","252,0,646"
"0/0","15,0","15","42","0,42,535"
"0/1","20,2","22","14","14,0,677"
"0/1","22,2","24","8","8,0,774"
"0/1","23,2","25","11","11,0,730"
"0/1","15,13","28","99","426,0,487"
"0/1","7,16","37","99","541,0,196"
"0/0","10,0","10","27","0,27,327"
"0/1","11,14","25","99","405,0,362"
"0/1","11,10","21","99","339,0,364"
"0/1","8,14","22","99","497,0,242"
"0/0","29,0","29","81","0,81,1042"
"0/0","29,0","29","78","0,78,1008"
"0/1","12,34","46","99","1112,0,310"
"1/1","0,11","12","12","142,12,0"
"0/1","16,15","31","99","427,0,541"
"0/0","30,0","30","81","0,81,1071"
"0/1","7,14","25","1","430,0,1"
"0/1","10,13","23","99","405,0,270"
"0/1","13,18","31","99","620,0,434"
"0/1","8,11","19","99","370,0,265"
"0/1","15,13","28","99","362,0,450"
"0/1","22,5","27","84","84,0,692"
"0/1","24,5","29","75","75,0,774"
"0/1","30,5","35","59","59,0,997"
"0/1","28,5","34","62","62,0,970"
"0/1","30,12","43","99","189,0,910"
"0/1","50,5","55","31","31,0,1589"
"0/1","48,7","55","91","91,0,1581"
"0/1","50,8","58","99","124,0,1655"
"0/1","4,11","16","15","262,0,15"
"0/1","8,8","16","79","90,0,79"
"0/0","21,0","21","60","0,60,786"
"0/0","6,0","6","18","0,18,208"
"0/0","8,0","8","24","0,24,300"
"0/1","9,12","21","99","402,0,303"
"0/1","5,4","9","99","131,0,139"
"0/1","17,12","29","99","389,0,573"
"0/1","15,12","27","99","393,0,488"
"0/1","8,6","14","99","201,0,248"
"0/1","10,12","22","99","346,0,314"
"0/1","14,14","28","99","430,0,458"
"0/1","9,8","17","99","240,0,282"
"0/1","5,6","11","99","216,0,167"
"0/1","13,7","20","99","185,0,422"
"0/1","13,14","27","99","488,0,440"
"0/1","16,15","31","99","484,0,561"
"0/1","12,7","19","99","222,0,417"
"0/1","3,3","6","95","95,0,104"
"0/1","12,11","23","99","340,0,404"
"0/1","16,20","36","99","650,0,532"
"0/1","10,24","34","99","819,0,254"
"0/1","12,15","27","99","513,0,391"
"0/1","10,9","19","99","246,0,276"
"0/1","12,13","25","99","405,0,417"
"0/1","12,12","24","99","387,0,377"
"0/1","11,11","22","99","367,0,336"
"0/1","9,14","23","99","485,0,261"
"0/1","5,11","16","99","402,0,151"
"0/1","4,8","12","99","284,0,129"
"0/1","6,4","10","99","135,0,209"
"0/1","9,5","14","99","167,0,321"
"0/1","9,5","14","99","167,0,319"
"0/1","10,6","16","99","189,0,359"
"0/1","14,8","22","99","263,0,452"
"0/1","21,12","33","99","359,0,557"
"0/1","12,14","26","99","482,0,372"
"0/1","14,12","26","99","402,0,396"
"0/1","14,13","27","99","386,0,443"
"0/1","15,12","28","99","408,0,464"
"0/1","16,20","36","99","656,0,533"
"0/1","13,16","29","99","467,0,426"
"0/1","16,13","29","99","431,0,552"
"0/1","17,12","29","99","392,0,561"
"0/1","14,9","23","99","257,0,454"
"0/1","14,16","30","99","483,0,440"
"0/1","15,13","28","99","405,0,485"
"0/1","20,19","39","99","516,0,644"
"0/1","19,16","35","99","477,0,607"
"0/1","20,15","35","99","442,0,647"
"0/1","20,18","38","99","583,0,687"
"0/1","20,18","38","99","565,0,682"
"0/1","15,17","32","99","600,0,473"
"0/1","18,12","30","99","313,0,514"
"0/1","16,14","30","99","405,0,491"
"0/1","17,16","33","99","458,0,508"
"0/0","24,2","26","5","0,5,784"
"0/1","9,13","22","99","414,0,296"
"0/1","11,18","32","99","549,0,320"
"0/1","49,10","59","99","107,0,1123"
"0/1","10,19","29","99","635,0,274"
"0/1","10,19","29","99","634,0,274"
"0/1","26,16","42","99","436,0,769"
"0/1","12,14","26","99","388,0,222"
"0/1","14,12","26","99","400,0,429"
"0/1","18,8","26","63","63,0,398"
"0/1","17,9","26","99","280,0,498"
"0/1","13,14","27","99","367,0,346"
"0/1","7,10","17","53","53,0,164"
"0/1","16,15","31","99","479,0,428"
"0/1","22,33","55","99","1102,0,633"
"0/1","28,23","51","99","720,0,915"
"0/1","19,8","27","99","178,0,586"
"0/1","21,14","36","99","430,0,533"
"0/1","9,2","11","38","38,0,334"
"0/1","12,8","20","99","262,0,429"
"0/1","10,2","12","40","40,0,193"
"0/0","7,0","7","6","0,6,77"
"0/1","9,15","24","99","492,0,298"
"0/1","6,9","15","99","288,0,193"
"0/1","9,11","20","99","386,0,307"
"0/1","8,14","22","99","487,0,253"
"0/1","16,14","30","99","439,0,564"
"0/1","12,10","22","99","339,0,378"
"0/1","19,15","34","99","438,0,651"
"0/1","18,19","37","99","631,0,533"
"0/1","15,12","27","99","338,0,507"
"0/1","9,7","16","99","201,0,266"
"0/1","15,17","32","99","577,0,488"
"0/1","13,11","24","99","293,0,454"
"0/1","16,20","36","99","689,0,472"
"0/0","30,0","30","90","0,90,1155"
"1/1","0,35","35","90","1214,90,0"
"0/1","9,9","18","99","258,0,293"
"0/1","20,18","38","99","440,0,587"
"0/1","11,11","22","99","365,0,368"
"0/1","18,11","29","99","341,0,604"
"0/1","12,14","26","99","362,0,189"
"0/1","12,14","26","99","432,0,351"
"0/1","20,18","38","99","541,0,585"
"0/1","18,14","32","99","432,0,588"
"0/1","18,13","31","99","394,0,579"
"0/1","26,18","44","99","558,0,843"
"0/1","16,19","35","99","608,0,473"
"0/1","31,10","41","99","236,0,1124"
"0/1","14,18","32","99","576,0,463"
"0/1","17,3","20","60","60,0,571"
"0/1","15,15","31","99","501,0,512"
"0/1","9,13","22","99","418,0,306"
"0/1","10,11","21","99","337,0,269"
"0/1","7,13","20","99","466,0,177"
"0/1","10,3","13","83","83,0,358"
"0/1","11,2","13","43","43,0,357"
"0/1","10,7","17","99","195,0,347"
"0/1","12,9","21","99","299,0,382"
"0/0","14,0","14","42","0,42,572"
"0/1","4,11","15","99","402,0,105"
"0/1","29,9","38","99","204,0,991"
"0/1","16,12","28","99","398,0,520"
"0/1","13,11","24","99","357,0,446"
"0/1","10,7","17","99","231,0,301"
"0/1","7,16","23","99","447,0,202"
"0/0","23,4","27","24","0,24,649"
"0/1","11,13","24","99","389,0,370"
"0/1","8,10","18","99","344,0,231"
"0/1","11,12","23","99","411,0,373"
"0/1","18,11","29","99","287,0,588"
"0/1","11,15","26","99","468,0,347"
"0/1","17,11","28","99","354,0,595"
"0/1","16,12","28","99","381,0,505"
"0/1","19,10","29","99","323,0,605"
"0/1","16,26","42","99","808,0,455"
"0/1","11,7","19","99","205,0,293"
"0/1","10,10","20","99","309,0,343"
"0/1","13,7","20","99","226,0,388"
"0/1","13,11","24","99","340,0,452"
"0/1","10,11","21","99","369,0,344"
"0/1","10,7","17","99","231,0,343"
"0/1","6,4","10","99","132,0,210"
"0/1","12,19","31","99","662,0,368"
"0/1","3,14","18","72","376,0,72"
"0/1","10,13","23","99","316,0,248"
"0/1","11,15","26","99","505,0,334"
"0/1","14,12","26","99","326,0,487"
"0/1","12,8","20","99","260,0,392"
"1/1","0,25","25","69","915,69,0"
"0/1","9,8","17","99","217,0,249"
"0/1","9,16","25","99","499,0,297"
"0/1","16,21","37","99","706,0,503"
"0/1","20,8","28","99","204,0,713"
"0/1","18,15","33","99","482,0,553"
"0/1","18,12","30","99","315,0,647"
"0/1","14,13","27","99","425,0,438"
"0/1","13,19","32","99","594,0,418"
"0/1","9,16","25","99","504,0,276"
"0/1","16,10","26","99","282,0,516"
"0/1","19,13","33","99","390,0,592"
"0/1","17,7","25","99","227,0,427"
"0/1","22,9","31","99","196,0,764"
"0/1","25,14","39","99","349,0,797"
"0/1","14,11","25","99","353,0,397"
"0/1","10,12","22","99","412,0,334"
"0/1","13,15","29","99","411,0,425"
"0/1","18,14","32","99","457,0,614"
"0/1","19,12","31","99","349,0,631"
"0/1","13,17","30","99","431,0,318"
"0/1","11,18","29","99","465,0,362"
"0/1","15,15","30","99","507,0,428"
"0/1","30,5","35","8","8,0,921"
"0/1","15,3","18","68","68,0,427"
"0/1","7,9","16","99","304,0,236"
"0/1","7,10","17","99","310,0,188"
"0/1","4,6","10","99","169,0,136"
"0/1","16,13","29","99","403,0,566"
"0/1","12,16","28","99","564,0,395"
"0/1","9,10","19","99","337,0,300"
"0/1","11,6","17","99","191,0,393"
"0/1","10,19","29","99","605,0,277"
"0/1","9,18","27","99","566,0,240"
"0/1","10,13","24","99","424,0,296"
"0/1","17,14","31","99","456,0,500"
"0/1","11,14","25","99","434,0,320"
"0/1","13,10","23","99","302,0,457"
"0/1","12,14","27","99","396,0,349"
"0/0","31,0","31","87","0,87,1117"
"0/1","13,18","31","99","497,0,425"
"0/1","12,11","23","99","366,0,369"
"0/1","10,10","20","99","251,0,288"
"0/1","6,9","15","99","291,0,166"
"0/1","17,14","31","99","481,0,577"
"0/1","20,17","37","99","518,0,589"
"0/1","16,22","38","99","720,0,469"
"0/1","11,14","25","99","494,0,340"
"0/0","12,0","12","33","0,33,447"
"0/0","14,0","14","39","0,39,531"
"0/1","16,21","37","99","643,0,479"
"0/1","7,12","19","99","441,0,155"
"0/1","6,10","16","99","320,0,150"
"0/1","17,10","27","99","336,0,574"
"0/1","6,11","17","99","330,0,204"
"0/1","7,11","18","99","369,0,153"
"0/1","15,15","30","99","514,0,517"
"0/1","14,12","26","99","403,0,446"
"0/1","13,10","24","99","296,0,344"
"0/1","17,14","31","99","379,0,508"
"0/1","2,10","12","44","357,0,44"
"0/1","8,4","12","99","112,0,269"
"0/1","12,14","26","99","471,0,393"
"0/1","15,7","22","99","226,0,499"
"0/1","19,20","39","99","576,0,492"
"0/1","13,18","31","99","467,0,417"
"0/1","14,14","28","99","447,0,456"
"0/1","18,8","26","99","197,0,561"
"0/1","15,17","32","99","552,0,479"
"0/1","16,13","29","99","439,0,543"
"0/1","20,18","38","99","567,0,694"
"0/1","6,8","14","99","282,0,199"
"0/1","11,11","22","99","378,0,358"
"0/1","18,17","35","99","514,0,612"
"0/1","10,6","16","99","199,0,358"
"0/1","12,8","20","99","267,0,384"
"0/1","8,8","16","99","278,0,267"
"0/1","3,8","13","61","184,0,61"
"0/1","9,11","20","99","345,0,289"
"0/1","17,15","32","99","511,0,558"
"0/1","13,13","26","99","291,0,426"
"0/1","13,13","26","99","314,0,391"
"0/1","11,13","24","99","438,0,337"
"0/1","17,25","42","99","849,0,398"
"0/0","32,0","32","96","0,96,1301"
"0/1","4,5","9","99","170,0,130"
"0/1","16,17","33","99","559,0,513"
"0/1","18,18","36","99","569,0,580"
"0/1","19,18","37","99","617,0,471"
"0/0","17,1","18","8","0,8,560"
"0/0","15,1","16","5","0,5,514"
"0/0","16,1","17","5","0,5,469"
"0/0","17,1","18","5","0,5,504"
"0/0","19,0","19","48","0,48,643"
"0/0","20,0","20","51","0,51,675"
"0/0","24,0","24","69","0,69,891"
"0/0","25,0","25","66","0,66,858"
"0/1","3,12","15","47","206,0,47"
"0/0","12,1","14","30","0,30,376"
"0/0","13,1","15","30","0,30,374"
"0/0","15,0","16","39","0,39,495"
"0/0","18,0","18","45","0,45,542"
"0/0","17,0","17","48","0,48,585"
"0/0","17,0","17","45","0,45,552"
"0/1","13,7","20","99","186,0,476"
"0/1","3,13","19","25","68,0,25"
"1/1","0,34","37","81","1049,81,0"
"0/1","11,18","29","99","641,0,341"
"0/0","29,0","29","84","0,84,1105"
"0/1","12,9","21","99","304,0,415"
"0/1","12,10","22","99","301,0,426"
"0/1","17,14","33","99","206,0,245"
"0/1","14,12","26","99","396,0,403"
"0/0","4,0","5","6","0,6,77"
"0/1","10,1","11","22","22,0,123"
"1/1","0,27","27","75","987,75,0"
"0/1","30,6","36","91","91,0,956"
"0/1","38,6","44","54","54,0,1244"
"0/1","30,15","45","99","353,0,978"
"0/1","39,13","52","99","286,0,1360"
"0/1","17,16","34","99","462,0,576"
"1/1","0,26","26","63","817,63,0"
"0/1","13,13","26","99","303,0,342"
"0/1","42,12","56","39","39,0,1005"
"0/1","22,12","34","99","358,0,712"
"0/1","13,12","25","99","385,0,419"
"0/1","8,12","20","99","396,0,231"
"0/1","19,15","34","99","412,0,622"
"0/1","11,11","22","99","380,0,344"
"0/1","21,5","26","99","138,0,639"
"0/1","12,12","24","99","346,0,420"
"0/1","16,11","27","99","337,0,539"
"0/0","22,1","25","58","0,58,804"
"0/1","12,7","19","99","225,0,386"
"0/1","7,7","14","99","244,0,209"
"0/1","17,12","29","99","364,0,529"
"0/1","10,15","25","99","430,0,334"
"0/1","9,16","25","99","490,0,290"
"0/1","13,13","26","99","404,0,380"
"0/1","18,15","34","99","500,0,534"
"0/1","9,10","19","99","131,0,196"
"0/0","12,0","12","24","0,24,287"
"0/1","14,13","27","99","414,0,476"
"0/1","18,21","39","99","658,0,533"
"0/1","18,13","31","99","442,0,567"
"0/1","13,8","21","99","235,0,390"
"0/1","9,12","21","99","407,0,289"
"0/1","6,6","13","99","181,0,190"
"0/1","16,18","34","99","495,0,476"
"0/1","21,14","35","99","435,0,701"
"0/1","20,17","37","99","478,0,539"
"0/1","14,16","30","99","486,0,468"
"0/1","10,9","20","99","296,0,256"
"0/1","14,13","27","99","335,0,353"
"0/1","10,14","24","99","477,0,185"
"0/1","11,14","25","99","470,0,275"
"0/1","13,16","29","99","442,0,421"
"0/1","12,20","32","99","342,0,313"
"0/1","18,11","29","99","307,0,557"
"0/0","39,0","39","87","0,87,1088"
"0/1","10,22","33","99","418,0,323"
"0/1","13,18","32","99","623,0,421"
"0/1","12,20","32","99","623,0,394"
"0/1","18,16","34","99","458,0,593"
"0/1","11,13","25","99","370,0,231"
"0/1","10,16","26","99","483,0,231"
"0/0","28,0","29","75","0,75,965"
"0/1","10,7","17","99","197,0,358"
"0/1","16,7","23","99","208,0,575"
"0/1","8,23","31","99","778,0,224"
"0/1","8,3","11","87","87,0,294"
"0/1","14,15","29","99","468,0,419"
"0/1","4,10","15","99","331,0,118"
"0/1","34,10","44","99","197,0,957"
"0/1","34,8","42","99","125,0,997"
"0/0","70,0","70","99","0,190,2426"
"0/1","13,11","24","99","346,0,428"
"0/1","25,16","41","99","499,0,740"
"0/1","10,8","18","99","268,0,341"
"0/1","14,16","30","99","534,0,439"
"0/1","10,10","20","99","293,0,339"
"0/1","9,7","16","99","229,0,275"
"0/1","12,15","27","99","448,0,391"
"0/1","13,12","25","99","327,0,443"
"0/1","19,7","26","99","157,0,631"
"0/1","11,13","24","99","410,0,370"
"0/1","14,9","23","99","284,0,469"
"0/1","16,10","26","99","321,0,544"
"0/1","15,10","25","99","325,0,485"
"0/1","14,12","26","99","274,0,409"
"0/1","12,12","24","99","325,0,390"
"0/1","11,12","23","99","311,0,367"
"0/1","13,12","25","99","395,0,328"
"0/1","18,19","37","99","579,0,509"
"0/1","14,14","28","99","424,0,420"
"0/1","11,17","28","99","542,0,319"
"0/1","11,15","26","99","378,0,291"
"0/1","14,7","21","99","177,0,453"
"0/1","17,18","35","99","560,0,519"
"0/1","8,14","22","99","414,0,256"
"0/1","9,12","21","99","424,0,260"
"0/1","8,15","23","99","493,0,256"
"0/1","8,11","19","99","308,0,234"
"0/1","7,17","24","99","569,0,207"
"0/1","15,14","29","99","423,0,504"
"0/1","18,17","35","99","474,0,634"
"0/1","20,13","33","99","403,0,691"
"0/1","16,14","30","99","477,0,488"
"0/1","11,11","22","99","346,0,338"
"0/1","11,8","19","99","273,0,347"
"0/1","16,10","26","99","293,0,575"
"0/0","4,0","4","12","0,12,153"
"0/0","3,0","3","9","0,9,107"
"0/1","14,7","21","99","222,0,488"
"0/1","4,8","12","99","250,0,127"
"0/1","5,8","13","99","280,0,156"
"0/1","14,8","23","99","231,0,470"
"0/1","20,19","39","99","570,0,632"
"0/0","18,0","18","54","0,54,697"
"0/1","21,21","43","99","668,0,669"
"0/1","7,11","18","99","391,0,231"
"0/1","17,23","40","99","725,0,565"
"0/1","9,8","17","99","220,0,296"
"0/1","17,13","30","99","445,0,531"
"0/1","10,14","24","99","492,0,332"
"0/1","16,19","35","99","623,0,373"
"0/0","34,6","40","13","0,13,948"
"0/1","10,20","30","99","687,0,311"
"0/1","12,12","24","99","419,0,338"
"0/1","7,6","13","99","188,0,206"
"0/1","7,13","20","99","451,0,209"
"0/1","8,18","26","99","606,0,243"
"0/1","15,20","35","99","695,0,417"
"0/1","7,11","18","99","367,0,204"
"0/1","10,9","19","99","271,0,328"
"0/1","16,9","25","99","291,0,573"
"0/1","12,11","23","99","328,0,401"
"0/1","13,16","29","99","478,0,448"
"0/1","17,10","27","99","335,0,544"
"0/1","10,10","20","99","347,0,338"
"0/1","7,10","17","99","328,0,195"
"0/1","19,17","36","99","487,0,574"
"0/1","19,16","35","99","471,0,623"
"0/1","11,9","20","99","302,0,376"
"0/1","16,13","29","99","400,0,482"
"0/1","16,18","34","99","551,0,490"
"0/1","8,11","19","99","315,0,267"
"0/1","6,8","14","99","237,0,156"
"0/1","16,17","34","99","530,0,508"
"0/1","15,15","30","99","486,0,479"
"0/1","14,14","28","99","453,0,422"
"0/1","13,13","26","99","389,0,405"
"0/1","12,15","27","99","392,0,323"
"0/1","11,12","23","99","410,0,373"
"0/1","15,16","31","99","415,0,437"
"0/1","13,15","28","99","517,0,303"
"0/1","11,20","32","99","719,0,334"
"1/1","3,37","40","46","1312,46,0"
"0/1","19,18","37","99","354,0,535"
"0/1","20,14","35","99","368,0,570"
"0/1","17,23","40","99","650,0,476"
"0/1","17,18","35","99","551,0,512"
"0/1","16,12","28","99","371,0,416"
"0/1","7,13","20","99","457,0,193"
"0/1","14,14","28","99","480,0,464"
"0/1","17,12","29","99","390,0,517"
"0/0","10,1","11","6","0,6,64"
"1/1","0,36","36","96","1237,96,0"
"0/1","9,12","21","99","413,0,304"
"0/1","11,10","21","99","334,0,384"
"0/1","13,10","23","99","290,0,356"
"0/1","12,14","26","99","461,0,360"
"0/1","19,20","39","99","622,0,597"
"0/1","7,11","18","99","350,0,184"
"0/1","24,16","40","99","495,0,622"
"0/1","14,5","19","99","143,0,460"
"0/1","17,24","41","99","802,0,503"
"0/1","9,9","18","99","305,0,264"
"0/1","17,14","31","99","452,0,478"
"0/0","29,0","29","72","0,72,884"
"0/1","9,16","25","99","492,0,248"
"0/1","13,19","32","99","598,0,361"
"0/0","25,1","26","41","0,41,930"
"0/0","24,1","25","35","0,35,836"
"0/0","23,1","24","32","0,32,820"
"0/0","23,1","24","35","0,35,827"
"0/1","12,12","24","99","384,0,415"
"0/1","7,13","20","99","429,0,217"
"0/1","18,12","30","99","398,0,600"
"0/1","13,13","26","99","440,0,451"
"0/0","24,0","24","72","0,72,973"
"0/1","14,5","19","69","69,0,369"
"0/0","33,0","33","81","0,81,1036"
"0/1","10,14","24","99","494,0,297"
"0/1","13,16","29","99","555,0,305"
"0/1","16,8","24","99","213,0,493"
"0/1","10,11","21","99","350,0,292"
"0/1","10,15","26","99","451,0,337"
"0/1","11,13","24","99","445,0,360"
"0/1","15,9","24","99","294,0,477"
"0/1","16,12","28","99","369,0,528"
"0/1","13,13","26","99","368,0,448"
"0/1","6,10","16","99","351,0,194"
"0/1","9,10","19","99","310,0,312"
"0/1","10,9","19","99","301,0,318"
"0/0","23,0","23","66","0,66,888"
"0/0","23,0","23","66","0,66,902"
"0/0","23,0","23","66","0,66,895"
"0/0","21,0","21","63","0,63,843"
"0/0","19,0","19","57","0,57,766"
"0/1","11,7","18","99","232,0,384"
"0/1","14,9","23","99","304,0,447"
"0/1","8,9","17","99","269,0,277"
"0/1","12,12","24","99","350,0,412"
"0/1","34,19","53","99","574,0,1109"
"0/1","13,18","31","99","573,0,422"
"0/0","29,0","29","81","0,81,1037"
"0/0","30,0","30","87","0,87,1133"
"0/0","36,0","36","96","0,96,1268"
"0/0","34,0","34","93","0,93,1226"
"0/0","41,2","43","99","0,111,1415"
"0/1","12,11","24","99","336,0,417"
"0/1","18,18","36","99","571,0,608"
"0/1","19,22","41","99","702,0,606"
"0/1","10,14","24","99","424,0,277"
"0/1","23,1","24","1","1,0,390"
"0/1","15,16","31","99","472,0,469"
"0/1","12,8","20","99","233,0,392"
"0/1","7,13","20","99","435,0,207"
"0/1","20,16","36","99","534,0,626"
"0/1","15,17","32","99","536,0,482"
"0/1","20,15","35","99","471,0,518"
"0/1","31,10","41","99","208,0,881"
"0/1","23,4","27","75","75,0,657"
"0/1","14,9","23","99","309,0,389"
"0/1","13,16","29","99","551,0,421"
"0/1","9,9","18","99","311,0,308"
"0/1","16,8","24","99","247,0,519"
"0/1","19,6","25","99","172,0,575"
"0/1","34,7","41","99","102,0,1036"
"0/1","69,10","79","99","193,0,2141"
"0/1","62,23","85","99","566,0,1719"
"0/1","69,15","84","99","219,0,1879"
"0/1","57,12","69","99","101,0,1237"
"0/1","42,20","62","99","523,0,1450"
"0/1","40,21","61","99","583,0,1351"
"0/1","40,18","58","99","475,0,1429"
"0/1","41,18","59","99","485,0,1409"
"0/1","42,19","61","99","515,0,1471"
"0/1","42,17","59","99","480,0,1513"
"0/1","66,13","79","99","285,0,2265"
"0/1","62,13","75","99","300,0,2114"
"0/1","41,6","47","94","94,0,1491"
"0/1","40,6","46","99","105,0,1417"
"0/1","38,4","42","32","32,0,1394"
"0/1","41,6","47","99","107,0,1442"
"0/1","46,6","52","93","93,0,1566"
"0/1","44,13","57","99","282,0,1433"
"0/1","55,9","64","99","171,0,1903"
"0/1","59,10","69","99","165,0,2022"
"0/1","48,15","63","99","414,0,1633"
"0/1","41,10","51","99","185,0,1493"
"0/1","39,9","48","99","167,0,1307"
"0/1","23,8","31","94","94,0,698"
"0/1","22,7","29","63","63,0,664"
"0/1","11,4","15","15","15,0,169"
"0/1","11,4","15","15","15,0,159"
"0/1","11,6","17","49","134,0,49"
"0/1","12,5","17","15","15,0,168"
"0/0","18,1","19","48","0,48,643"
"0/0","19,1","20","45","0,45,611"
"0/1","25,12","37","99","223,0,879"
"0/1","23,12","35","99","216,0,802"
"0/0","23,0","23","66","0,66,880"
"0/0","22,2","24","26","0,26,811"
"0/1","20,3","23","17","17,0,714"
"0/1","18,3","21","25","25,0,633"
"0/1","17,6","23","99","139,0,618"
"0/1","17,7","24","99","139,0,593"
"0/1","52,4","56","9","9,0,1342"
"0/0","57,0","57","99","0,153,1892"
"0/1","29,8","37","99","198,0,649"
"0/1","13,8","22","53","53,0,258"
"0/1","35,10","45","99","131,0,1099"
"0/1","14,13","27","99","387,0,485"
"1/1","0,7","7","21","256,21,0"
"0/1","14,12","26","99","364,0,488"
"0/1","6,10","16","99","343,0,188"
"0/1","18,15","33","99","467,0,504"
"0/1","31,13","44","99","243,0,761"
"0/1","10,5","15","56","56,0,172"
"0/1","14,12","26","99","393,0,427"
"0/1","14,11","25","99","372,0,448"
"0/1","11,8","19","99","266,0,345"
"0/1","6,7","13","99","248,0,207"
"0/1","7,14","21","99","471,0,227"
"0/1","14,13","27","99","401,0,493"
"0/1","11,9","20","99","290,0,376"
"0/1","13,11","24","99","354,0,410"
"0/1","23,12","35","99","329,0,813"
"0/1","22,17","39","99","526,0,740"
"0/1","9,11","20","99","324,0,276"
"1/1","0,22","22","66","866,66,0"
"0/1","10,11","21","99","335,0,335"
"0/1","13,3","16","72","72,0,472"
"0/1","13,5","18","99","137,0,432"
"0/1","13,6","19","99","168,0,421"
"0/1","9,8","18","99","197,0,281"
"0/1","13,27","41","99","874,0,367"
"0/1","15,15","30","99","523,0,354"
"0/1","16,14","30","99","467,0,378"
"0/1","20,5","25","84","84,0,426"
"0/1","8,6","14","99","200,0,225"
"0/1","12,7","19","99","228,0,437"
"0/1","16,10","26","99","324,0,575"
"0/1","11,10","21","99","342,0,339"
"0/1","10,8","18","99","274,0,316"
"0/1","9,9","18","99","308,0,308"
"0/1","9,7","16","99","229,0,311"
"0/1","13,20","33","99","680,0,387"
"0/1","13,12","25","99","372,0,450"
"0/1","14,18","32","99","588,0,463"
"0/1","8,19","27","99","606,0,252"
"0/1","10,15","25","99","405,0,329"
"0/1","11,15","26","99","486,0,323"
"0/1","20,13","33","99","419,0,642"
"0/1","12,15","27","99","501,0,381"
"0/1","13,11","24","99","332,0,452"
"0/1","3,3","6","70","105,0,70"
"0/1","17,9","26","99","289,0,581"
"0/1","12,14","26","99","446,0,412"
"0/1","11,11","22","99","248,0,356"
"0/0","34,0","34","93","0,93,1226"
"0/1","6,10","16","92","92,0,177"
"0/1","9,5","14","92","92,0,198"
"0/1","14,9","23","99","288,0,429"
"0/1","13,7","20","99","219,0,462"
"1/1","1,20","21","23","764,23,0"
"1/1","0,29","29","78","1021,78,0"
"0/1","13,16","29","99","520,0,375"
"0/1","13,10","23","99","248,0,402"
"0/1","12,11","23","99","365,0,418"
"0/0","30,0","30","90","0,90,1182"
"0/1","10,20","30","99","713,0,240"
"0/1","9,12","21","99","306,0,242"
"0/1","12,24","36","99","686,0,339"
"0/1","18,14","33","99","416,0,615"
"0/1","14,23","37","99","770,0,412"
"0/1","17,15","32","99","503,0,541"
"0/1","14,16","30","99","505,0,469"
"0/1","9,15","24","99","485,0,286"
"0/1","10,14","24","99","420,0,332"
"0/1","17,22","39","99","766,0,523"
"0/1","17,16","33","99","561,0,509"
"0/1","16,17","33","99","597,0,513"
"0/1","18,17","35","99","516,0,579"
"0/0","13,0","13","18","0,18,246"
"0/1","11,10","21","99","302,0,362"
"0/1","18,16","34","99","542,0,626"
"0/1","17,9","26","99","244,0,541"
"0/1","15,16","31","99","496,0,498"
"0/1","14,14","28","99","480,0,431"
"0/1","8,21","30","99","682,0,235"
"0/1","20,9","29","99","205,0,633"
"0/1","14,10","24","99","320,0,472"
"0/1","14,10","24","99","297,0,477"
"0/1","4,10","14","99","316,0,124"
"0/1","15,11","26","99","263,0,534"
"0/1","12,10","22","99","306,0,423"
"0/1","17,15","32","99","392,0,580"
"0/1","13,13","26","99","449,0,420"
"0/1","5,10","15","99","316,0,150"
"0/1","13,8","21","99","223,0,418"
"0/1","10,11","21","99","338,0,327"
"0/1","13,22","35","99","538,0,432"
"0/1","29,7","36","68","68,0,981"
"0/1","15,11","26","99","316,0,455"
"0/1","15,19","34","99","617,0,496"
"0/1","19,14","33","99","397,0,597"
"0/1","18,13","31","99","193,0,545"
"0/1","40,14","54","99","359,0,906"
"0/1","41,11","52","99","216,0,1031"
"0/1","17,20","37","99","311,0,537"
"0/1","17,17","34","99","427,0,502"
"0/1","15,18","33","99","433,0,468"
"0/1","10,10","20","99","158,0,351"
"0/1","18,29","47","99","636,0,482"
"0/1","38,10","48","59","59,0,1022"
"0/0","34,1","35","41","0,41,922"
"0/1","11,8","19","99","201,0,348"
"0/1","25,11","36","99","259,0,680"
"0/1","25,11","36","99","248,0,660"
"0/0","24,0","24","60","0,60,728"
"0/1","19,10","29","99","199,0,576"
"0/1","21,8","29","99","153,0,635"
"0/1","21,13","34","99","357,0,472"
"0/1","20,12","33","99","328,0,519"
"0/1","14,13","27","99","361,0,432"
"0/1","17,15","32","99","422,0,537"
"0/1","9,9","18","99","265,0,308"
"0/1","12,18","30","99","574,0,384"
"0/1","14,20","34","99","652,0,406"
"0/1","10,16","26","99","521,0,302"
"0/1","16,8","24","99","255,0,544"
"0/1","15,7","22","99","189,0,505"
"0/1","10,6","16","99","200,0,320"
"0/1","9,14","23","99","483,0,290"
"0/1","15,9","24","99","283,0,504"
"0/1","14,5","19","99","147,0,477"
"0/1","15,13","28","99","437,0,455"
"0/1","9,9","18","99","289,0,265"
"0/1","11,16","27","99","522,0,367"
"0/1","16,18","34","99","522,0,539"
"0/1","21,24","45","99","791,0,613"
"0/1","12,17","29","99","486,0,285"
"0/1","18,24","42","99","794,0,605"
"0/1","10,11","21","99","373,0,339"
"0/0","26,0","26","69","0,69,917"
"0/1","10,8","18","99","272,0,266"
"0/0","21,0","21","54","0,54,709"
"0/1","14,10","24","99","314,0,490"
"0/1","15,13","28","99","428,0,501"
"0/1","16,8","24","99","250,0,550"
"0/1","16,15","31","99","476,0,509"
"0/1","8,15","23","99","510,0,214"
"0/1","18,14","32","99","421,0,532"
"0/1","13,14","28","99","472,0,404"
"0/1","13,7","20","99","118,0,404"
"0/1","10,6","16","50","50,0,189"
"0/1","15,13","28","99","454,0,406"
"0/1","8,13","21","99","460,0,254"
"0/1","17,22","39","99","688,0,559"
"0/1","20,17","37","99","492,0,679"
"0/1","11,21","32","99","708,0,334"
"0/0","23,0","23","66","0,66,851"
"0/1","16,21","37","99","660,0,442"
"0/0","30,0","30","84","0,84,1072"
"0/1","9,9","18","99","281,0,312"
"0/1","10,11","21","99","391,0,344"
"0/1","14,17","31","99","568,0,440"
"0/1","10,11","21","99","376,0,338"
"0/1","30,8","39","47","47,0,955"
"0/1","86,23","110","99","200,0,1752"
"0/1","12,21","34","99","639,0,394"
"0/1","10,6","16","99","188,0,310"
"0/1","13,13","26","99","399,0,454"
"0/1","9,15","24","99","491,0,282"
"0/1","8,15","23","99","481,0,250"
"0/1","18,14","32","99","405,0,537"
"0/0","42,0","42","99","0,120,1578"
"0/1","20,12","33","99","356,0,515"
"0/0","26,0","26","75","0,75,1022"
"0/1","21,10","31","99","261,0,706"
"0/1","15,17","32","99","526,0,465"
"0/1","7,10","17","99","297,0,166"
"0/1","6,10","16","99","288,0,201"
"0/1","16,11","28","99","344,0,505"
"0/1","12,14","26","99","408,0,331"
"0/1","5,8","14","18","239,0,18"
"0/1","17,14","31","99","425,0,527"
"0/1","13,14","27","99","446,0,387"
"0/1","11,9","20","99","305,0,306"
"0/1","11,16","28","99","512,0,313"
"0/1","8,14","22","99","461,0,262"
"0/0","27,0","27","78","0,78,1053"
"0/0","27,0","27","81","0,81,1096"
"0/1","11,8","19","99","214,0,393"
"0/1","17,12","29","99","366,0,563"
"0/1","6,11","17","99","400,0,175"
"0/1","5,13","18","99","407,0,161"
"1/1","0,22","22","60","799,60,0"
"0/1","9,15","24","99","539,0,282"
"0/1","5,10","15","99","354,0,149"
"0/0","41,0","41","99","0,108,1465"
"1/1","0,30","30","87","1094,87,0"
"0/1","21,25","46","99","824,0,601"
"0/1","10,22","32","99","728,0,223"
"0/0","17,0","17","51","0,51,686"
"0/1","9,10","19","99","295,0,298"
"0/1","7,12","19","99","405,0,171"
"0/1","12,16","28","99","520,0,354"
"0/1","15,15","30","99","469,0,449"
"0/0","21,0","22","45","0,45,588"
"0/1","6,5","15","99","164,0,208"
"0/1","6,9","15","99","241,0,203"
"1/2","3,6,4","13","81","315,100,81,216,0,207"
"0/1","19,23","42","99","697,0,596"
"0/1","28,18","46","99","410,0,899"
"0/1","14,17","31","99","587,0,408"
"0/1","14,19","33","99","591,0,416"
"0/1","14,16","30","99","534,0,361"
"1/1","3,8","13","15","181,15,0"
"0/1","11,4","15","19","19,0,197"
"0/1","12,9","21","99","300,0,339"
"0/1","10,12","22","99","408,0,297"
"0/1","9,8","17","99","244,0,301"
"0/1","20,14","37","99","353,0,438"
"0/1","21,16","37","99","521,0,680"
"0/0","14,1","16","39","0,39,497"
"0/0","16,0","17","21","0,21,270"
"0/1","17,19","36","99","626,0,475"
"0/1","16,11","27","99","361,0,481"
"0/1","9,6","15","99","200,0,324"
"0/1","21,7","28","99","199,0,731"
"0/1","9,15","24","99","537,0,292"
"0/1","9,13","22","99","465,0,303"
"0/1","8,10","18","99","349,0,275"
"0/1","11,3","14","76","76,0,358"
"0/1","13,6","19","99","181,0,464"
"0/1","11,3","14","77","77,0,276"
"0/1","8,22","30","99","720,0,227"
"0/1","15,17","32","99","561,0,492"
"0/1","18,16","34","99","496,0,604"
"0/1","20,16","36","99","513,0,664"
"0/1","21,15","36","99","382,0,680"
"0/1","17,14","31","99","425,0,529"
"0/1","14,16","30","99","509,0,423"
"0/1","16,18","34","99","541,0,477"
"0/1","17,15","32","99","482,0,465"
"0/1","20,21","41","99","620,0,596"
"0/1","45,31","76","99","850,0,1500"
"0/1","16,8","24","99","227,0,558"
"0/1","11,18","29","99","588,0,318"
"0/1","16,10","26","99","265,0,488"
"0/1","17,19","36","99","545,0,532"
"0/1","12,9","21","99","261,0,399"
"0/0","16,1","17","8","0,8,525"
"0/1","15,15","30","99","365,0,485"
"0/1","7,9","16","99","275,0,242"
"0/0","36,3","39","20","0,20,622"
"0/1","13,10","23","99","324,0,395"
"0/1","21,17","38","99","563,0,691"
"0/1","27,15","42","99","442,0,867"
"0/1","13,9","22","99","228,0,415"
"0/1","11,12","23","99","414,0,348"
"0/1","10,7","17","99","233,0,352"
"0/1","18,17","35","99","558,0,588"
"0/1","14,16","30","99","562,0,444"
"0/1","21,13","34","99","422,0,727"
"0/1","19,20","39","99","583,0,619"
"0/1","8,13","21","99","443,0,241"
"0/1","14,18","34","99","585,0,281"
"0/1","10,12","22","99","381,0,344"
"0/1","29,9","38","99","214,0,924"
"0/1","28,9","37","99","205,0,934"
"0/1","26,8","34","99","185,0,857"
"0/1","13,17","30","99","536,0,395"
"1/1","0,19","21","51","593,51,0"
"0/1","12,15","27","99","515,0,365"
"0/1","7,14","21","89","185,0,89"
"0/1","20,17","37","99","536,0,693"
"0/1","17,20","37","99","657,0,502"
"0/1","20,16","36","99","534,0,681"
"0/1","14,12","26","99","362,0,455"
"0/1","8,8","16","99","281,0,279"
"0/1","11,13","25","99","437,0,330"
"0/1","12,17","29","99","532,0,379"
"0/1","21,19","40","99","599,0,605"
"0/1","17,8","27","99","230,0,512"
"0/1","20,10","30","99","293,0,675"
"0/1","24,16","40","99","479,0,828"
"0/1","14,17","31","99","500,0,435"
"0/1","21,5","26","73","73,0,711"
"0/1","22,5","27","68","68,0,808"
"1/2","0,5,31","36","21","1235,1121,1112,114,0,21"
"0/1","22,11","33","99","328,0,695"
"0/1","11,20","31","99","705,0,306"
"0/1","18,17","35","99","558,0,553"
"0/1","9,7","16","99","237,0,280"
"0/1","12,6","18","99","195,0,334"
"0/1","11,15","26","99","515,0,278"
"0/1","6,11","17","99","303,0,187"
"0/1","5,17","22","99","541,0,133"
"0/1","3,9","12","83","327,0,83"
"0/0","13,0","13","33","0,33,445"
"0/1","10,11","21","99","371,0,330"
"0/1","51,23","74","99","650,0,1666"
"0/1","24,14","38","99","322,0,740"
"0/1","15,12","27","99","302,0,422"
"0/1","11,17","28","99","468,0,338"
"0/0","10,0","10","27","0,27,309"
"0/0","14,0","16","42","0,42,572"
"0/1","10,10","20","99","308,0,277"
"0/1","13,13","26","99","412,0,379"
"0/1","16,17","33","99","570,0,466"
"0/1","6,8","14","99","285,0,198"
"0/1","12,14","26","99","479,0,396"
"0/1","21,6","27","99","128,0,684"
"0/1","15,15","30","99","474,0,519"
"0/1","19,14","33","99","468,0,617"
"0/1","1,11","12","7","349,0,7"
"0/1","9,20","29","99","611,0,206"
"0/1","6,17","23","99","575,0,145"
"0/1","12,16","28","99","485,0,354"
"0/1","6,11","18","99","381,0,142"
"0/1","11,12","23","99","359,0,321"
"0/1","11,15","26","99","466,0,163"
"0/1","18,10","28","99","319,0,528"
"0/1","11,12","23","99","412,0,297"
"0/1","18,16","34","99","495,0,595"
"0/1","17,17","34","99","515,0,520"
"0/1","8,16","24","99","483,0,137"
"0/1","17,17","34","99","536,0,576"
"0/1","13,22","35","99","713,0,331"
"0/1","9,23","33","99","621,0,268"
"0/1","21,21","43","99","603,0,604"
"1/1","0,32","32","93","1193,93,0"
"0/1","14,10","24","99","275,0,438"
"0/1","20,19","39","99","586,0,695"
"0/1","11,11","22","99","342,0,343"
"0/1","15,16","31","99","546,0,460"
"0/1","15,12","27","99","388,0,516"
"0/1","6,16","22","99","564,0,170"
"0/1","17,14","33","99","392,0,354"
"0/1","10,11","21","99","294,0,346"
"0/1","11,14","25","99","415,0,356"
"0/1","19,19","38","99","652,0,571"
"0/1","14,8","22","99","214,0,478"
"0/1","13,21","34","99","727,0,364"
"0/1","18,13","31","99","277,0,580"
"0/0","34,1","36","90","0,90,1118"
"0/1","14,22","36","99","749,0,416"
"0/1","9,14","23","99","450,0,288"
"0/1","18,8","26","99","234,0,658"
"0/1","11,12","23","99","387,0,329"
"0/1","10,5","15","99","158,0,344"
"0/1","14,21","35","99","741,0,469"
"0/1","4,11","15","99","399,0,99"
"0/0","15,0","16","30","0,30,385"
"0/0","18,0","18","42","0,42,527"
"0/0","34,3","37","71","0,71,1309"
"0/1","7,4","11","99","124,0,246"
"1/1","0,15","15","42","572,42,0"
"0/1","6,8","14","99","272,0,194"
"0/1","17,16","33","99","504,0,488"
"0/1","19,19","38","99","623,0,597"
"0/1","5,9","14","99","293,0,166"
"0/1","9,12","21","99","393,0,299"
"0/1","5,12","17","99","424,0,152"
"0/1","19,17","36","99","433,0,594"
"0/1","20,22","42","99","682,0,597"
"0/1","10,11","21","99","346,0,341"
"0/1","15,13","28","99","399,0,462"
"0/1","18,16","34","99","378,0,536"
"0/1","17,18","35","99","493,0,504"
"0/1","17,9","26","99","228,0,454"
"0/1","15,16","31","99","519,0,495"
"0/1","6,10","21","99","228,0,123"
"0/1","11,7","18","99","168,0,359"
"0/1","15,17","32","99","521,0,437"
"0/1","12,9","21","99","212,0,342"
"0/1","6,7","13","99","243,0,198"
"0/1","14,10","24","99","306,0,432"
"0/1","14,11","25","99","375,0,426"
"0/1","18,9","27","99","280,0,645"
"0/1","13,7","20","99","225,0,464"
"0/1","12,12","24","99","384,0,344"
"0/1","16,21","37","99","740,0,495"
"0/1","16,12","28","99","388,0,513"
"0/1","10,14","24","99","356,0,327"
"0/1","9,10","19","99","341,0,281"
"0/1","11,7","18","99","233,0,395"
"0/1","5,12","17","99","412,0,136"
"0/1","2,12","14","44","364,0,44"
"0/1","12,7","19","99","231,0,398"
"0/1","18,15","33","99","472,0,638"
"0/1","20,15","35","99","466,0,686"
"0/1","17,14","31","99","422,0,528"
"0/1","20,12","32","99","353,0,697"
"0/1","12,9","21","99","299,0,387"
"0/1","20,12","32","99","315,0,433"
"0/1","12,11","24","99","342,0,252"
"0/1","19,21","40","99","674,0,486"
"0/1","14,4","18","99","111,0,516"
"0/1","14,4","18","99","111,0,513"
"0/1","15,5","20","99","114,0,522"
"0/1","17,7","24","99","113,0,586"
"0/1","11,6","17","99","125,0,401"
"0/1","16,5","21","68","68,0,551"
"0/0","17,3","20","14","0,14,611"
"0/1","17,17","34","99","464,0,585"
"0/1","39,13","52","99","107,0,1000"
"0/1","46,9","55","50","50,0,1223"
"0/1","44,9","53","67","67,0,1100"
"0/0","28,1","33","47","0,47,1008"
"0/0","32,1","33","50","0,50,995"
"0/0","28,2","32","44","0,44,910"
"0/0","28,1","30","41","0,41,941"
"0/1","17,10","28","99","269,0,540"
"0/1","10,10","21","99","238,0,268"
"0/1","3,21","24","11","715,0,11"
"0/1","12,17","29","99","600,0,391"
"0/1","8,7","15","99","242,0,272"
"0/1","16,10","26","99","319,0,564"
"0/1","12,13","25","99","406,0,399"
"0/0","22,0","22","66","0,66,879"
"0/1","15,12","27","99","396,0,482"
"0/1","12,11","23","99","378,0,358"
"0/1","16,19","35","99","532,0,475"
"0/1","11,18","29","99","639,0,281"
"0/1","18,17","35","99","520,0,554"
"0/1","16,15","31","99","474,0,508"
"0/1","12,5","17","99","147,0,407"
"0/1","11,11","22","99","373,0,350"
"0/1","14,6","20","99","186,0,434"
"0/1","11,5","16","99","115,0,395"
"0/1","13,7","20","99","218,0,430"
"0/1","11,11","22","99","342,0,386"
"0/1","13,10","23","99","335,0,457"
"0/1","13,11","24","99","380,0,363"
"0/1","11,7","18","99","216,0,352"
"0/1","19,16","35","99","506,0,562"
"0/1","10,19","29","99","577,0,298"
"0/1","9,8","17","99","266,0,318"
"0/1","8,4","12","99","124,0,263"
"0/1","12,10","22","99","324,0,417"
"0/0","20,0","21","54","0,54,711"
"0/1","14,15","29","99","467,0,468"
"0/1","30,9","40","61","61,0,919"
"0/1","30,10","40","82","82,0,955"
"0/1","28,8","36","99","134,0,969"
"0/1","20,16","36","99","513,0,640"
"0/1","14,8","22","99","237,0,508"
"0/0","16,0","16","48","0,48,633"
"0/1","4,23","27","99","306,0,108"
"0/1","11,7","18","99","227,0,395"
"0/1","8,5","13","99","168,0,295"
"0/1","11,13","24","99","408,0,325"
"0/1","24,19","43","99","592,0,791"
"0/1","25,19","44","99","624,0,814"
"0/1","14,11","25","99","336,0,367"
"0/1","13,12","25","99","391,0,414"
"0/1","8,4","12","99","126,0,270"
"0/1","14,14","28","99","424,0,468"
"0/0","19,2","21","45","0,45,588"
"0/1","13,24","37","99","759,0,382"
"0/1","21,21","43","99","388,0,632"
"0/1","14,21","35","99","564,0,433"
"0/1","20,14","34","99","412,0,483"
"0/1","13,19","32","99","442,0,366"
"0/1","19,22","41","99","698,0,560"
"0/1","14,10","25","99","316,0,445"
"0/1","15,14","29","99","483,0,436"
"0/1","15,12","27","99","391,0,523"
"0/1","18,13","31","99","383,0,528"
"0/1","14,16","30","99","505,0,409"
"0/1","15,9","24","99","300,0,446"
"0/1","15,12","27","99","376,0,512"
"1/1","2,29","33","24","750,24,0"
"1/1","0,17","17","30","356,30,0"
"0/1","17,13","30","99","399,0,560"
"0/1","13,9","22","99","260,0,438"
"0/1","20,14","34","99","406,0,687"
"0/1","16,14","30","99","413,0,482"
"0/1","14,12","26","99","406,0,492"
"0/1","17,13","30","99","366,0,556"
"0/1","13,20","33","99","654,0,352"
"0/1","12,17","29","99","531,0,403"
"0/1","12,19","31","99","671,0,394"
"0/1","14,14","28","99","456,0,355"
"0/1","18,12","30","99","293,0,558"
"0/1","15,21","36","99","692,0,487"
"0/1","11,4","16","99","115,0,220"
"0/1","10,14","24","99","491,0,335"
"0/1","9,6","15","99","163,0,271"
"0/1","10,8","18","99","260,0,303"
"0/0","15,0","15","42","0,42,553"
"0/1","14,18","32","99","498,0,438"
"0/1","10,16","26","99","526,0,293"
"0/1","20,15","35","99","484,0,668"
"0/1","7,15","22","99","541,0,218"
"0/1","7,13","20","99","464,0,226"
"0/1","9,11","20","99","366,0,300"
"0/1","16,15","31","99","459,0,510"
"0/1","11,11","22","99","376,0,342"
"0/1","7,12","19","99","395,0,233"
"0/1","14,20","34","99","586,0,425"
"0/1","13,20","33","99","628,0,384"
"0/1","9,9","18","99","266,0,268"
"0/1","13,12","25","99","412,0,417"
"0/1","14,18","33","99","469,0,315"
"0/1","5,18","23","28","521,0,28"
"0/1","8,15","23","99","479,0,172"
"0/1","12,16","28","99","553,0,351"
"0/1","16,13","29","99","439,0,556"
"0/1","11,18","29","99","638,0,321"
"0/1","19,15","34","99","502,0,669"
"0/1","13,17","30","99","597,0,432"
"0/1","12,16","29","99","394,0,391"
"0/1","7,17","24","99","523,0,208"
"0/1","23,15","38","99","402,0,772"
"0/1","13,12","25","99","352,0,431"
"0/1","10,11","21","99","339,0,328"
"0/1","13,13","26","99","370,0,434"
"0/1","14,10","25","99","290,0,402"
"0/1","11,8","19","99","229,0,346"
"0/1","4,19","23","23","566,0,23"
"0/1","19,4","23","17","17,0,610"
"0/1","17,16","33","99","545,0,531"
"0/1","5,7","12","99","200,0,133"
"0/1","19,18","37","99","556,0,617"
"0/1","14,12","26","99","362,0,455"
"0/1","21,21","42","99","647,0,651"
"0/1","21,17","38","99","552,0,721"
"0/1","17,13","30","99","387,0,509"
"0/1","12,14","26","99","468,0,394"
"0/1","16,12","28","99","398,0,478"
"0/1","13,9","22","99","296,0,453"
"0/1","16,11","27","99","330,0,477"
"0/1","15,5","20","98","98,0,489"
"0/1","18,14","32","99","325,0,545"
"0/1","16,12","28","99","356,0,573"
"0/1","20,19","39","99","624,0,636"
"0/1","15,14","29","99","443,0,527"
"0/1","18,13","31","99","387,0,581"
"0/1","16,22","38","99","711,0,368"
"0/1","9,15","24","99","456,0,225"
"0/1","15,12","27","99","406,0,471"
"0/1","12,17","29","99","553,0,345"
"0/1","12,17","29","99","502,0,278"
"0/1","15,17","32","99","540,0,492"
"0/1","18,16","34","99","449,0,545"
"0/1","16,13","29","99","384,0,522"
"0/1","15,16","31","99","548,0,497"
"0/1","15,17","32","99","515,0,485"
"0/1","16,15","31","99","506,0,545"
"0/1","13,22","35","99","680,0,370"
"0/0","10,0","11","27","0,27,328"
"0/1","18,19","37","99","629,0,580"
"0/1","21,20","41","99","613,0,652"
"0/1","18,7","25","99","192,0,632"
"0/1","17,12","29","99","403,0,557"
"0/1","15,11","26","99","331,0,514"
"0/1","15,11","26","99","287,0,462"
"0/1","18,4","22","99","102,0,605"
"0/1","13,5","18","99","148,0,398"
"0/1","18,12","30","99","368,0,566"
"0/1","8,10","18","99","347,0,266"
"0/1","6,9","15","99","322,0,158"
"0/1","6,9","15","99","314,0,182"
"0/1","12,11","23","99","373,0,407"
"0/1","9,19","28","99","475,0,241"
"0/1","15,9","24","99","278,0,449"
"0/1","12,10","22","99","296,0,421"
"0/1","11,12","23","99","405,0,361"
"0/1","7,11","24","38","186,0,38"
"0/0","14,3","17","36","0,36,409"
"0/0","12,2","14","24","0,24,281"
"0/0","9,2","11","15","0,15,162"
"0/0","8,2","10","9","0,9,103"
"0/1","17,17","34","99","503,0,466"
"0/0","8,2","10","18","0,18,232"
"0/0","4,0","4","6","0,6,74"
"0/0","22,0","22","66","0,66,887"
"0/1","11,17","28","99","597,0,342"
"0/1","8,12","20","99","426,0,252"
"0/1","12,9","21","99","303,0,416"
"0/1","13,9","22","99","303,0,429"
"0/1","6,12","18","99","432,0,191"
"0/1","7,9","16","99","314,0,238"
"0/1","10,11","21","99","344,0,356"
"0/1","10,12","22","99","405,0,326"
"0/1","5,8","13","99","283,0,168"
"0/1","9,5","14","99","146,0,281"
"0/1","10,10","20","99","321,0,279"
"0/1","9,12","21","99","421,0,268"
"0/1","17,16","33","99","497,0,535"
"0/1","11,9","20","99","296,0,350"
"0/1","11,7","18","99","231,0,361"
"0/1","9,9","18","99","278,0,318"
"0/1","9,11","20","99","377,0,288"
"0/1","12,8","20","99","270,0,380"
"0/1","10,8","18","99","270,0,313"
"0/1","16,17","33","99","581,0,503"
"0/1","7,15","22","99","466,0,167"
"0/0","43,0","43","99","0,114,1476"
"0/0","41,0","41","99","0,108,1354"
"0/0","42,0","42","99","0,114,1475"
"0/1","25,18","44","99","604,0,674"
"0/0","38,1","39","99","0,105,1413"
"0/1","25,19","44","99","587,0,820"
"0/1","13,20","34","99","616,0,352"
"0/1","13,16","29","99","524,0,388"
"0/1","13,10","23","99","338,0,398"
"0/1","11,12","23","99","408,0,334"
"0/1","15,15","30","99","511,0,514"
"0/1","18,17","35","99","577,0,577"
"0/1","19,11","30","99","329,0,616"
"0/1","18,14","32","99","474,0,561"
"0/1","15,23","38","99","795,0,443"
"0/1","8,10","18","99","348,0,226"
"0/1","6,9","15","99","308,0,194"
"0/1","12,16","28","99","552,0,360"
"0/1","16,12","28","99","357,0,539"
"0/0","32,2","34","60","0,60,762"
"0/1","17,14","31","99","456,0,542"
"0/1","14,13","27","99","404,0,479"
"0/1","14,27","41","99","745,0,442"
"0/1","9,12","21","99","328,0,257"
"0/1","13,13","28","99","416,0,380"
"0/1","12,13","25","99","444,0,369"
"0/1","15,14","29","99","424,0,382"
"0/1","21,8","29","99","222,0,745"
"0/1","15,9","24","99","216,0,504"
"0/1","16,11","27","99","277,0,559"
"0/1","37,3","41","52","52,0,423"
"0/1","15,17","32","99","562,0,461"
"0/1","15,15","30","99","487,0,489"
"0/1","19,20","39","99","652,0,471"
"0/1","16,10","26","99","266,0,404"
"0/1","27,14","41","99","444,0,893"
"0/1","19,18","37","99","584,0,596"
"0/1","11,23","34","99","686,0,280"
"0/1","9,8","17","99","197,0,269"
"0/1","12,10","22","99","307,0,419"
"0/1","11,10","21","99","349,0,331"
"0/1","11,20","31","99","644,0,345"
"0/1","21,13","34","99","364,0,699"
"0/1","7,14","21","99","494,0,222"
"0/1","6,14","20","99","457,0,183"
"0/1","20,19","39","99","569,0,687"
"0/1","14,16","30","99","497,0,472"
"0/0","25,0","26","42","0,42,558"
"0/1","22,17","39","99","535,0,711"
"0/1","22,19","41","99","647,0,768"
"0/1","15,11","26","99","368,0,522"
"0/1","13,11","24","99","319,0,408"
"0/1","11,10","21","99","347,0,346"
"0/1","13,11","24","99","355,0,408"
"0/1","10,9","19","99","271,0,338"
"0/1","14,4","18","99","112,0,418"
"0/1","9,1","10","10","10,0,334"
"0/1","6,12","18","99","398,0,185"
"0/1","16,9","25","99","292,0,543"
"0/1","14,13","27","99","402,0,409"
"0/1","12,13","25","99","411,0,378"
"0/1","8,18","26","99","634,0,210"
"0/1","12,17","29","99","472,0,406"
"0/1","17,7","24","99","142,0,580"
"0/1","13,15","28","99","515,0,380"
"0/1","36,12","48","99","191,0,1129"
"0/1","34,10","44","99","242,0,1035"
"0/1","31,38","69","99","1198,0,1020"
"0/1","13,9","22","99","284,0,400"
"0/1","8,20","28","99","658,0,154"
"0/1","5,12","17","99","398,0,146"
"0/1","8,8","16","99","239,0,216"
"0/1","14,12","26","99","326,0,399"
"0/1","21,17","38","99","524,0,591"
"0/1","5,12","17","99","440,0,153"
"0/1","8,10","18","99","353,0,219"
"0/1","17,12","29","99","398,0,564"
"0/1","19,11","30","99","356,0,632"
"0/1","20,13","33","99","394,0,656"
"0/1","14,17","31","99","518,0,428"
"0/0","26,0","26","78","0,78,1042"
"0/1","8,7","15","99","185,0,198"
"0/0","18,0","18","45","0,45,599"
"0/0","28,0","28","81","0,81,1060"
"0/1","13,20","34","99","652,0,407"
"0/0","22,1","24","54","0,54,725"
"0/1","8,11","19","99","389,0,272"
"0/1","15,12","27","99","199,0,374"
"0/1","24,18","42","99","567,0,805"
"0/1","15,20","35","99","688,0,492"
"0/1","15,9","24","99","243,0,485"
"0/1","14,19","33","99","670,0,365"
"0/1","45,6","51","98","98,0,1438"
"0/1","18,13","31","99","423,0,557"
"0/1","14,14","28","99","380,0,418"
"0/1","14,12","26","99","359,0,508"
"0/1","10,11","21","99","377,0,329"
"0/1","11,7","18","99","189,0,396"
"0/1","13,9","22","99","283,0,402"
"0/1","15,8","23","99","263,0,453"
"0/1","15,9","24","99","300,0,433"
"0/1","4,17","21","96","589,0,96"
"0/1","14,15","29","99","490,0,455"
"0/1","14,15","29","99","465,0,442"
"0/1","22,10","32","99","243,0,418"
"0/1","13,21","35","99","681,0,390"
"0/1","12,20","32","99","697,0,343"
"0/1","10,13","23","99","463,0,323"
"0/1","17,19","37","99","585,0,493"
"0/1","11,10","21","99","339,0,369"
"0/1","17,9","26","99","260,0,568"
"0/1","11,11","22","99","381,0,368"
"0/1","9,21","30","99","721,0,273"
"0/1","20,19","39","99","635,0,512"
"0/1","13,19","32","99","654,0,345"
"0/1","12,9","21","99","309,0,412"
"0/1","16,16","32","99","524,0,514"
"0/1","8,13","21","99","454,0,256"
"0/1","18,22","40","99","762,0,522"
"0/0","29,0","29","81","0,81,1021"
"0/0","30,0","30","81","0,81,1052"
"0/0","30,0","30","84","0,84,1110"
"0/0","29,0","30","84","0,84,1071"
"0/0","34,0","34","96","0,96,1241"
"0/0","15,0","15","42","0,42,562"
"0/1","22,10","32","99","269,0,781"
"0/1","27,11","38","99","307,0,933"
"0/0","29,0","29","84","0,84,1071"
"0/0","35,0","35","99","0,102,1334"
"0/1","11,14","25","99","450,0,335"
"0/1","12,21","33","99","643,0,386"
"0/1","20,12","32","99","391,0,666"
"0/1","10,14","24","99","464,0,291"
"0/1","13,10","23","99","304,0,404"
"0/0","24,0","25","63","0,63,778"
"0/0","30,0","30","87","0,87,1162"
"0/1","11,9","20","99","312,0,357"
"0/1","14,14","28","99","475,0,449"
"0/1","17,10","28","99","238,0,546"
"0/1","18,18","36","99","608,0,613"
"0/1","13,15","28","99","405,0,402"
"0/1","10,15","25","99","470,0,327"
"1/1","2,25","27","35","868,35,0"
"0/1","14,17","31","99","499,0,438"
"0/0","17,0","17","51","0,51,633"
"0/1","13,16","29","99","548,0,328"
"0/1","14,12","26","99","374,0,486"
"0/1","9,11","20","99","392,0,265"
"0/1","7,8","15","99","282,0,228"
"0/1","11,16","27","99","559,0,324"
"0/1","7,15","22","99","501,0,209"
"0/0","26,4","30","29","0,29,759"
"0/1","10,17","27","99","555,0,316"
"0/0","40,0","41","99","0,108,1319"
"0/1","15,11","26","99","320,0,522"
"0/1","8,5","13","92","92,0,218"
"0/1","22,14","36","99","415,0,745"
"0/1","14,11","25","99","321,0,375"
"0/1","17,19","36","99","596,0,573"
"0/0","18,1","24","42","0,42,550"
"0/1","16,6","23","99","108,0,344"
"0/0","8,1","9","21","0,21,276"
"0/1","9,16","25","99","563,0,250"
"0/1","14,14","29","99","447,0,427"
"0/1","13,15","28","99","521,0,388"
"0/1","13,15","28","99","530,0,391"
"0/1","10,19","29","99","637,0,301"
"0/1","14,11","25","99","374,0,473"
"0/1","11,8","19","99","223,0,390"
"0/1","13,15","28","99","505,0,405"
"0/1","21,9","30","99","238,0,723"
"0/1","14,14","28","99","422,0,491"
"0/1","18,12","31","99","248,0,520"
"0/1","20,17","37","99","545,0,463"
"0/1","13,11","24","99","349,0,352"
"0/1","20,12","32","99","293,0,581"
"1/1","1,26","27","35","825,35,0"
"0/1","13,15","28","99","515,0,443"
"0/1","14,17","31","99","539,0,411"
"0/1","12,17","29","99","568,0,363"
"0/1","67,11","78","99","169,0,2312"
"1/1","0,73","73","99","2562,205,0"
"0/1","4,10","14","99","357,0,120"
"0/1","16,15","31","99","519,0,509"
"0/0","23,0","23","66","0,66,829"
"0/0","25,0","25","69","0,69,900"
"0/0","25,0","25","75","0,75,957"
"0/0","25,0","25","69","0,69,835"
"0/0","25,0","25","75","0,75,963"
"0/0","29,0","29","81","0,81,1030"
"0/0","29,0","29","84","0,84,1106"
"0/0","29,0","29","81","0,81,1064"
"0/0","29,0","29","81","0,81,1060"
"0/0","29,0","29","84","0,84,1053"
"0/0","28,0","28","84","0,84,1092"
"0/0","28,0","28","84","0,84,1108"
"0/0","29,0","29","87","0,87,1128"
"0/0","29,0","29","87","0,87,1118"
"0/0","29,0","29","75","0,75,956"
"0/0","29,0","29","78","0,78,1007"
"0/0","28,0","28","72","0,72,901"
"0/1","18,6","24","99","113,0,639"
"0/1","19,6","25","99","110,0,643"
"0/1","12,21","33","99","165,0,220"
"0/1","17,7","24","99","221,0,550"
"0/1","10,7","17","99","241,0,321"
"0/1","23,5","28","22","22,0,678"
"0/1","18,22","40","99","655,0,553"
"0/1","19,15","34","99","424,0,626"
"0/1","24,15","39","99","472,0,836"
"0/1","17,18","35","99","537,0,561"
"0/1","17,18","35","99","531,0,563"
"0/1","25,8","33","99","217,0,845"
"0/1","17,22","39","99","683,0,542"
"0/1","15,13","28","99","399,0,494"
"0/1","15,4","19","46","46,0,172"
"0/1","45,7","53","57","57,0,1341"
"0/1","32,9","41","99","160,0,1050"
"0/1","36,7","43","46","46,0,1099"
"0/1","5,27","32","65","929,0,65"
"0/1","9,14","23","99","479,0,295"
"0/1","16,3","19","71","71,0,518"
"0/1","11,11","22","66","66,0,308"
"0/1","10,13","23","99","455,0,328"
"0/1","23,12","35","99","307,0,688"
"0/1","16,10","26","99","273,0,522"
"0/1","8,10","22","99","346,0,219"
"0/1","12,19","31","99","577,0,363"
"0/1","10,22","32","99","627,0,306"
"0/0","6,0","9","18","0,18,238"
"0/1","6,7","13","99","243,0,193"
"0/1","17,20","37","99","641,0,429"
"0/1","17,14","31","99","472,0,532"
"0/1","17,11","28","99","316,0,535"
"0/1","12,5","18","99","146,0,299"
"0/1","8,9","17","99","264,0,257"
"0/1","9,10","19","99","288,0,263"
"0/1","18,27","45","99","866,0,546"
"0/1","11,16","27","99","548,0,354"
"0/1","7,12","19","99","429,0,214"
"0/1","15,21","36","99","729,0,501"
"0/1","23,25","48","99","737,0,721"
"0/1","18,16","34","99","432,0,547"
"0/1","13,14","27","99","458,0,372"
"0/1","19,11","30","99","316,0,599"
"0/1","15,11","26","99","315,0,439"
"0/1","9,11","21","99","298,0,263"
"0/1","16,9","25","99","298,0,533"
"0/1","4,9","13","90","151,0,90"
"0/1","19,10","29","99","297,0,603"
"0/1","9,11","20","99","361,0,242"
"0/1","8,15","23","99","455,0,230"
"0/1","14,7","21","99","186,0,404"
"0/1","10,14","24","99","418,0,334"
"0/1","9,18","27","99","653,0,283"
"0/1","14,3","17","69","69,0,459"
"0/1","12,11","23","99","366,0,351"
"0/1","19,17","36","99","499,0,664"
"0/1","19,19","38","99","636,0,586"
"0/1","13,10","23","99","338,0,462"
"0/1","12,18","30","99","526,0,405"
"0/1","14,18","32","99","561,0,446"
"0/1","18,13","31","99","406,0,548"
"0/1","12,17","30","99","494,0,300"
"0/1","18,16","34","99","501,0,630"
"0/1","7,15","22","99","500,0,201"
"0/0","23,0","23","69","0,69,927"
"0/1","21,9","30","99","237,0,673"
"0/1","26,14","40","99","408,0,880"
"0/1","8,8","16","99","192,0,282"
"0/1","13,10","23","99","287,0,412"
"0/1","10,13","23","99","427,0,291"
"0/0","20,7","28","2","0,2,338"
"0/1","8,14","22","99","497,0,251"
"0/1","17,17","34","99","504,0,535"
"0/1","8,9","17","99","316,0,271"
"0/1","8,18","26","99","631,0,137"
"0/1","14,14","28","99","420,0,428"
"0/1","22,16","38","99","534,0,672"
"0/1","10,13","23","99","403,0,319"
"0/1","18,21","40","99","576,0,494"
"0/1","21,17","38","99","483,0,663"
"0/1","17,13","30","99","440,0,547"
"0/1","10,11","21","99","386,0,341"
"0/1","17,5","22","99","108,0,549"
"0/1","6,8","14","99","284,0,203"
"0/1","19,22","41","99","704,0,559"
"0/1","16,19","35","99","507,0,502"
"0/1","16,14","30","99","272,0,410"
"0/1","15,14","29","99","292,0,381"
"0/1","10,13","23","99","269,0,192"
"0/1","12,13","25","99","251,0,247"
"0/1","17,19","36","99","459,0,446"
"0/1","19,14","33","99","389,0,524"
"0/1","22,16","38","99","538,0,653"
"0/1","7,19","26","99","607,0,210"
"0/0","21,0","21","63","0,63,840"
"1/1","0,13","13","39","525,39,0"
"0/1","13,12","25","99","406,0,437"
"0/1","18,20","39","99","620,0,558"
"0/1","19,18","37","99","578,0,589"
"0/1","22,18","40","99","611,0,700"
"0/1","18,17","35","99","577,0,530"
"0/1","17,7","24","99","205,0,493"
"0/1","13,11","24","99","344,0,446"
"0/1","24,23","47","99","767,0,775"
"0/1","15,13","28","99","340,0,368"
"0/1","14,12","26","99","389,0,384"
"0/1","13,14","27","99","462,0,437"
"0/0","23,3","28","54","0,54,693"
"0/1","12,20","32","99","715,0,302"
"0/1","19,18","37","99","502,0,579"
"0/1","35,179","217","99","2112,0,250"
"0/1","10,5","15","99","160,0,353"
"0/1","6,6","12","99","203,0,208"
"0/1","16,13","29","99","408,0,513"
"0/1","18,10","28","99","279,0,547"
"0/1","9,12","21","99","421,0,272"
"0/1","14,15","29","99","478,0,476"
"0/0","16,1","18","45","0,45,608"
"0/1","12,21","33","99","689,0,374"
"0/1","11,15","26","99","486,0,370"
"0/1","10,18","28","99","603,0,318"
"0/1","25,24","50","99","650,0,708"
"0/1","18,18","36","99","611,0,593"
"0/1","18,21","39","99","617,0,594"
"0/1","24,17","41","99","550,0,782"
"0/1","10,18","28","99","625,0,202"
"0/1","8,11","19","99","310,0,274"
"0/1","14,11","25","99","368,0,453"
"0/1","12,11","23","99","380,0,405"
"0/1","17,14","31","99","468,0,509"
"0/1","17,19","36","99","645,0,551"
"0/1","25,22","47","99","686,0,849"
"0/1","22,19","41","99","589,0,636"
"0/1","19,15","34","99","423,0,555"
"0/1","11,19","30","99","598,0,353"
"0/1","17,5","24","38","38,0,389"
"0/0","16,5","23","2","0,2,421"
"0/1","17,16","33","99","500,0,511"
"0/1","27,30","58","99","943,0,844"
"0/1","13,9","22","99","305,0,437"
"0/1","19,24","43","99","831,0,628"
"0/1","4,3","8","28","74,0,28"
"0/1","7,4","11","65","108,0,65"
"0/1","12,11","23","99","326,0,408"
"0/1","12,12","24","99","428,0,344"
"0/1","7,6","13","99","201,0,240"
"0/1","16,17","33","99","562,0,436"
"0/1","11,22","33","99","640,0,305"
"0/0","26,1","30","61","0,61,794"
"0/0","25,0","29","60","0,60,757"
"0/0","23,0","24","45","0,45,584"
"0/1","10,6","16","99","194,0,341"
"0/1","15,14","29","99","462,0,466"
"0/1","15,20","35","99","692,0,465"
"0/1","7,12","19","99","401,0,155"
"0/1","9,5","14","99","165,0,330"
"0/1","11,10","21","99","305,0,359"
"0/1","7,13","20","99","464,0,215"
"0/1","19,9","28","99","281,0,635"
"0/1","18,13","31","99","375,0,561"
"0/1","14,26","40","99","873,0,441"
"0/1","20,13","33","99","365,0,637"
"0/1","10,13","23","99","449,0,311"
"0/1","9,10","19","99","278,0,318"
"0/1","10,12","22","99","424,0,328"
"0/1","13,12","25","99","372,0,445"
"0/1","6,13","19","99","402,0,196"
"0/1","2,11","13","32","407,0,32"
"0/1","7,11","18","99","395,0,195"
"0/1","8,7","15","99","241,0,237"
"0/1","16,13","29","99","394,0,426"
"0/1","13,12","25","99","417,0,424"
"0/1","16,15","33","99","397,0,517"
"0/1","10,8","18","99","272,0,353"
"0/1","11,11","22","99","390,0,358"
"0/1","17,12","29","99","402,0,530"
"0/1","18,12","30","99","379,0,624"
"0/1","25,12","37","99","278,0,739"
"0/1","13,18","31","99","626,0,399"
"0/1","14,18","32","99","590,0,466"
"0/1","10,22","32","99","704,0,308"
"0/1","17,15","32","99","510,0,489"
"0/1","17,18","35","99","614,0,554"
"0/1","13,16","29","99","508,0,397"
"0/1","19,20","39","99","687,0,568"
"0/1","18,13","31","99","402,0,628"
"0/1","23,13","36","99","381,0,814"
"0/1","19,12","31","99","366,0,607"
"0/1","19,12","31","99","294,0,612"
"0/1","15,9","25","99","295,0,503"
"0/1","15,3","18","69","69,0,555"
"0/1","5,6","11","99","197,0,125"
"0/1","5,7","12","99","242,0,124"
"0/1","15,9","24","99","292,0,467"
"0/1","9,11","20","99","383,0,304"
"0/1","18,5","23","99","126,0,606"
"0/1","6,18","24","99","581,0,166"
"0/1","8,12","20","99","348,0,257"
"0/1","8,15","23","99","507,0,216"
"0/1","11,11","22","99","346,0,300"
"0/1","11,10","21","99","338,0,380"
"0/1","16,9","25","99","297,0,501"
"0/1","17,22","39","99","747,0,517"
"0/1","6,6","12","99","206,0,204"
"0/1","12,5","18","99","139,0,398"
"0/1","24,11","35","99","337,0,815"
"0/1","12,25","37","99","726,0,320"
"0/1","20,14","34","99","391,0,568"
"0/1","17,11","28","99","322,0,562"
"0/1","18,15","33","99","516,0,582"
"0/1","18,21","39","99","685,0,478"
"0/1","22,11","33","99","351,0,739"
"0/1","9,10","19","99","310,0,316"
"0/1","12,13","25","99","428,0,412"
"0/1","10,11","21","99","322,0,345"
"0/1","16,14","30","99","422,0,561"
"0/1","16,15","31","99","511,0,554"
"0/1","14,14","28","99","461,0,448"
"0/1","12,16","28","99","493,0,352"
"0/1","17,17","34","99","435,0,538"
"0/1","14,9","23","99","258,0,448"
"0/1","8,11","19","99","334,0,266"
"0/1","6,11","17","99","363,0,193"
"0/1","10,13","23","99","460,0,299"
"0/1","6,7","13","99","217,0,186"
"0/1","17,19","36","99","555,0,461"
"0/1","18,23","41","99","780,0,515"
"0/1","19,25","44","99","752,0,531"
"0/1","11,11","23","99","384,0,383"
"0/1","10,16","26","99","546,0,306"
"0/1","7,14","21","99","475,0,179"
"0/1","7,8","15","99","285,0,238"
"0/1","18,12","30","99","368,0,586"
"0/1","13,15","28","99","451,0,444"
"0/1","13,10","23","99","320,0,446"
"0/1","14,16","30","99","510,0,424"
"0/1","16,15","31","99","490,0,521"
"0/1","14,8","22","99","222,0,467"
"0/1","16,18","34","99","620,0,500"
"0/1","15,8","23","99","261,0,534"
"0/1","14,12","26","99","389,0,431"
"0/1","12,14","26","99","490,0,411"
"0/1","10,7","17","99","236,0,343"
"0/1","11,19","30","99","672,0,322"
"0/1","12,15","27","99","492,0,369"
"0/1","13,16","29","99","559,0,403"
"0/1","14,8","22","99","240,0,508"
"0/1","16,14","30","99","459,0,514"
"0/1","11,8","19","99","257,0,368"
"0/1","12,8","20","99","267,0,391"
"0/1","7,13","20","99","430,0,233"
"0/1","5,9","14","99","316,0,160"
"0/1","9,11","20","99","339,0,258"
"0/1","11,10","21","99","337,0,362"
"0/1","18,8","26","99","234,0,612"
"0/1","18,15","33","99","435,0,600"
"0/1","19,10","29","99","282,0,617"
"0/1","13,7","20","99","178,0,419"
"0/1","9,9","18","99","307,0,301"
"0/1","22,11","33","99","265,0,672"
"0/1","15,5","20","99","133,0,482"
"0/1","13,8","21","99","223,0,428"
"0/1","19,13","32","99","301,0,630"
"0/1","34,13","47","99","356,0,1099"
"0/1","35,14","49","99","382,0,1138"
"0/0","9,0","9","27","0,27,350"
"0/0","8,0","8","24","0,24,313"
"0/0","7,0","7","21","0,21,273"
"0/1","12,22","34","99","682,0,378"
"0/1","15,15","30","99","471,0,474"
"0/1","13,15","28","99","402,0,404"
"0/1","6,17","23","65","565,0,65"
"0/1","5,13","18","72","427,0,72"
"0/1","18,8","26","99","207,0,579"
"0/1","24,15","39","99","407,0,836"
"0/1","9,18","27","99","614,0,241"
"0/1","13,8","21","99","263,0,418"
"0/1","12,11","23","99","314,0,378"
"0/1","11,12","23","99","396,0,365"
"0/1","10,15","25","99","468,0,331"
"0/1","9,7","16","99","194,0,316"
"0/1","19,18","37","99","594,0,606"
"0/1","12,14","26","99","468,0,411"
"0/1","7,11","18","99","324,0,241"
"0/0","20,0","20","57","0,57,761"
"0/1","11,10","21","99","305,0,390"
"0/1","17,13","30","99","416,0,564"
"0/0","22,0","22","66","0,66,902"
"0/1","21,16","37","99","529,0,709"
"0/1","17,16","33","99","506,0,597"
"0/1","13,15","28","99","488,0,439"
"0/1","14,19","33","99","641,0,452"
"0/1","16,10","26","99","329,0,446"
"0/1","12,9","21","99","291,0,413"
"0/1","19,19","38","99","593,0,555"
"0/1","16,14","30","99","459,0,540"
"0/0","32,0","32","84","0,84,1094"
"0/1","12,12","24","99","381,0,421"
"0/1","6,10","16","99","359,0,201"
"0/1","11,10","21","99","273,0,378"
"0/1","14,12","26","99","356,0,465"
"0/1","15,7","22","99","173,0,470"
"0/1","15,19","34","99","632,0,472"
"0/1","10,13","23","99","450,0,320"
"0/1","16,15","32","99","475,0,477"
"0/1","19,10","29","99","314,0,619"
"0/1","11,14","25","99","460,0,380"
"0/1","8,18","26","99","478,0,222"
"0/1","43,19","62","99","542,0,1263"
"0/1","22,19","41","99","550,0,644"
"0/1","14,21","35","99","643,0,419"
"0/1","32,3","35","13","13,0,936"
"0/1","24,12","36","99","385,0,747"
"0/1","8,12","20","99","392,0,222"
"0/1","18,19","37","99","613,0,613"
"0/1","4,11","15","99","398,0,118"
"0/1","9,3","12","41","41,0,316"
"0/1","12,2","14","34","34,0,426"
"0/1","20,14","34","99","402,0,521"
"0/1","12,11","23","99","358,0,410"
"0/1","10,15","25","99","503,0,291"
"0/1","23,11","34","99","361,0,577"
"0/1","24,5","29","32","32,0,826"
"0/1","23,4","27","38","38,0,749"
"0/1","23,4","27","38","38,0,736"
"0/1","11,7","18","80","80,0,334"
"0/0","25,2","27","40","0,40,926"
"0/1","8,22","30","99","639,0,176"
"0/1","8,30","38","99","892,0,151"
"0/1","6,29","35","99","883,0,138"
"0/1","14,27","41","99","695,0,423"
"0/1","16,31","47","99","882,0,463"
"0/1","18,31","49","99","817,0,533"
"0/1","20,27","47","99","826,0,572"
"0/1","28,35","63","99","1037,0,871"
"0/1","26,35","61","99","1053,0,833"
"0/1","24,33","57","99","921,0,763"
"0/1","20,22","42","99","644,0,492"
"0/1","20,11","32","99","262,0,483"
"0/1","40,6","47","99","131,0,1138"
"0/1","47,20","67","99","536,0,1415"
"0/1","38,25","67","99","718,0,1153"
"0/1","16,19","35","99","661,0,492"
"0/1","18,13","31","99","429,0,638"
"0/1","16,14","30","99","434,0,522"
"0/1","13,10","23","99","293,0,378"
"0/1","8,7","15","99","234,0,275"
"0/1","7,8","15","99","280,0,239"
"0/1","15,9","24","99","264,0,466"
"0/1","9,17","26","99","582,0,256"
"0/1","13,16","29","99","519,0,428"
"0/1","17,12","29","99","355,0,550"
"0/1","13,34","47","99","1043,0,384"
"0/1","12,19","31","99","633,0,399"
"0/1","23,10","33","99","303,0,747"
"0/1","15,13","28","99","439,0,511"
"0/1","11,8","19","99","258,0,387"
"0/1","18,11","29","99","315,0,642"
"0/1","18,16","34","99","540,0,534"
"0/1","5,18","23","99","624,0,132"
"0/1","15,16","31","99","525,0,468"
"0/1","14,21","35","99","676,0,345"
"0/1","14,16","30","99","516,0,487"
"0/1","16,15","31","99","415,0,553"
"0/1","12,13","25","99","456,0,405"
"0/1","8,21","29","99","728,0,184"
"0/1","4,9","13","99","331,0,123"
"0/1","8,13","21","99","426,0,260"
"0/1","17,22","39","99","729,0,532"
"0/1","22,17","39","99","576,0,763"
"0/1","10,15","26","50","322,0,50"
"0/1","11,31","42","99","846,0,267"
"0/0","28,0","28","75","0,75,1029"
"0/1","13,9","22","99","309,0,390"
"0/0","25,0","25","75","0,75,1000"
"0/1","16,19","35","99","556,0,430"
"0/1","15,16","31","99","514,0,465"
"0/1","11,13","24","99","403,0,334"
"0/1","12,7","19","99","157,0,304"
"0/1","11,10","21","99","349,0,349"
"0/1","6,8","14","99","287,0,158"
"0/1","8,9","17","99","321,0,237"
"0/1","14,4","18","99","106,0,510"
"0/1","11,5","16","99","127,0,331"
"0/1","25,29","54","99","962,0,796"
"0/1","16,17","33","99","559,0,508"
"0/1","11,15","26","99","454,0,354"
"0/1","11,20","31","99","665,0,301"
"0/1","16,16","32","99","562,0,477"
"0/1","49,13","62","45","45,0,1195"
"0/1","11,4","16","99","126,0,150"
"0/1","7,13","21","99","396,0,219"
"0/1","10,15","26","99","522,0,322"
"0/1","14,9","23","99","286,0,461"
"0/1","10,6","16","99","162,0,349"
"0/1","21,16","37","99","516,0,609"
"0/1","18,19","37","99","593,0,568"
"0/1","17,13","30","99","354,0,525"
"0/1","15,13","28","99","402,0,475"
"0/1","11,18","29","99","553,0,314"
"0/1","11,17","28","99","599,0,353"
"0/1","11,13","24","99","392,0,362"
"0/1","9,11","20","99","340,0,282"
"0/1","14,12","26","99","372,0,492"
"0/1","10,10","20","99","276,0,342"
"0/1","22,11","33","99","346,0,726"
"0/1","15,13","28","99","439,0,449"
"0/1","13,18","31","99","522,0,378"
"0/1","13,18","31","99","468,0,429"
"0/1","15,8","23","99","157,0,537"
"0/1","10,17","27","99","517,0,278"
"0/1","29,9","39","99","181,0,649"
"0/1","14,18","32","99","582,0,469"
"0/1","9,9","18","99","303,0,313"
"0/1","11,15","26","99","433,0,341"
"0/1","11,15","26","99","498,0,340"
"0/1","5,12","17","99","440,0,152"
"0/1","9,17","26","99","594,0,240"
"0/1","17,7","24","99","214,0,616"
"0/1","7,8","15","99","253,0,154"
"0/1","6,8","14","99","283,0,117"
"0/1","10,12","22","99","355,0,340"
"0/1","6,12","18","99","432,0,191"
"0/1","10,12","22","99","423,0,312"
"0/1","10,11","21","99","383,0,319"
"0/1","11,18","29","99","608,0,337"
"0/1","15,11","26","99","362,0,427"
"0/1","13,17","30","99","596,0,437"
"0/1","15,14","29","99","420,0,517"
"0/1","22,10","32","99","280,0,766"
"0/1","13,16","29","99","511,0,403"
"0/1","8,14","22","99","427,0,261"
"0/1","14,7","21","99","227,0,464"
"0/1","12,5","17","99","154,0,433"
"0/1","13,5","19","99","149,0,464"
"0/1","14,8","22","99","225,0,455"
"0/1","9,15","24","99","519,0,295"
"0/1","10,12","22","99","387,0,315"
"0/1","6,9","15","99","315,0,149"
"0/1","8,12","20","99","390,0,233"
"0/1","9,14","23","99","498,0,300"
"0/1","15,11","26","99","369,0,532"
"0/1","13,11","24","99","365,0,449"
"0/1","11,15","26","99","516,0,329"
"0/1","6,13","19","99","467,0,151"
"0/1","7,9","16","99","310,0,234"
"0/1","18,10","29","99","271,0,535"
"0/1","12,11","23","99","377,0,417"
"0/1","5,6","12","84","84,0,163"
"0/1","23,9","33","99","236,0,634"
"0/1","49,10","59","99","225,0,1565"
"0/1","24,7","31","72","72,0,863"
"0/1","14,27","41","99","842,0,407"
"0/1","14,10","24","99","223,0,238"
"0/1","9,15","24","99","472,0,264"
"0/1","14,11","26","99","332,0,416"
"0/1","8,11","19","99","383,0,266"
"0/1","6,11","17","99","284,0,195"
"0/1","18,9","27","99","289,0,641"
"0/1","8,6","14","99","188,0,245"
"0/1","7,7","14","99","245,0,208"
"0/1","10,12","22","99","409,0,283"
"1/1","0,10","10","27","346,27,0"
"0/1","16,16","32","99","498,0,414"
"0/1","25,21","46","99","585,0,798"
"0/1","16,8","24","99","146,0,485"
"0/1","15,17","32","99","542,0,453"
"0/1","15,11","26","99","334,0,479"
"0/0","26,0","26","48","0,48,587"
"0/1","17,11","28","99","142,0,488"
"0/1","9,13","22","99","293,0,236"
"0/1","15,16","31","99","551,0,446"
"0/1","13,11","24","99","380,0,419"
"0/1","20,12","32","99","391,0,654"
"0/1","8,9","17","99","276,0,281"
"0/1","11,13","24","99","455,0,382"
"0/1","9,11","20","99","359,0,268"
"0/1","9,14","23","99","431,0,282"
"0/1","14,15","29","99","485,0,470"
"0/1","9,5","14","99","152,0,327"
"0/1","8,15","23","99","542,0,246"
"0/1","8,12","20","99","395,0,268"
"0/1","7,11","18","99","361,0,228"
"0/1","9,13","22","99","423,0,263"
"1/1","0,20","20","57","748,57,0"
"0/1","10,12","22","99","392,0,325"
"0/1","12,19","31","99","582,0,347"
"0/1","9,16","25","99","527,0,250"
"0/1","11,9","20","99","247,0,363"
"0/1","17,15","32","99","423,0,506"
"0/1","12,17","29","99","579,0,394"
"0/1","12,11","23","99","340,0,381"
"0/1","15,20","35","99","686,0,504"
"0/1","14,23","37","99","712,0,422"
"0/1","16,13","29","99","328,0,462"
"0/1","17,7","24","99","192,0,455"
"0/1","4,9","13","99","247,0,130"
"0/1","17,9","26","99","289,0,545"
"0/1","11,14","25","99","480,0,374"
"0/1","12,17","29","99","597,0,396"
"0/1","21,17","38","99","422,0,682"
"0/1","15,17","32","99","582,0,371"
"0/1","8,10","18","99","345,0,271"
"0/1","11,11","22","99","336,0,368"
"0/1","11,14","25","99","487,0,357"
"0/0","22,0","22","60","0,60,816"
"0/1","12,13","25","99","424,0,399"
"0/1","11,12","23","99","406,0,356"
"0/0","21,0","21","63","0,63,832"
"0/1","6,10","16","99","315,0,192"
"0/1","17,19","36","99","651,0,492"
"0/1","14,12","26","99","413,0,454"
"1/1","0,29","29","84","1102,84,0"
"0/1","26,5","31","90","90,0,498"
"0/1","6,4","10","98","98,0,160"
"0/1","11,19","30","99","616,0,342"
"0/1","6,14","20","99","470,0,182"
"0/1","16,16","32","99","520,0,537"
"0/1","10,11","21","99","377,0,335"
"0/1","32,17","49","99","503,0,1091"
"0/1","9,6","15","99","200,0,309"
"0/1","9,17","27","99","553,0,290"
"0/1","16,21","37","99","666,0,482"
"0/1","92,17","109","99","316,0,2936"
"0/1","79,21","100","99","299,0,2667"
"0/1","74,19","93","99","275,0,2525"
"0/1","15,14","29","99","404,0,520"
"0/1","23,18","41","99","547,0,706"
"0/1","10,3","13","7","7,0,310"
"0/1","10,22","32","99","700,0,284"
"0/1","19,14","33","99","416,0,640"
"0/0","33,2","35","53","0,53,1147"
"0/1","12,12","25","99","313,0,328"
"0/1","10,13","23","99","408,0,262"
"0/1","26,22","48","99","702,0,809"
"0/1","12,8","20","99","273,0,380"
"0/1","12,15","27","99","460,0,329"
"0/1","12,11","23","99","365,0,415"
"0/1","14,15","29","99","514,0,454"
"0/1","20,24","44","99","740,0,572"
"0/1","15,15","30","99","467,0,520"
"0/1","14,16","30","99","516,0,469"
"0/1","21,10","31","99","258,0,743"
"0/1","13,8","21","99","257,0,435"
"0/1","16,16","32","99","557,0,563"
"0/1","17,15","32","99","487,0,572"
"0/1","9,15","24","99","530,0,280"
"0/1","12,11","23","99","375,0,347"
"0/1","12,9","21","99","279,0,400"
"0/1","19,15","34","99","517,0,611"
"0/1","11,7","18","99","228,0,388"
"0/1","12,19","32","99","348,0,365"
"0/1","20,14","34","99","439,0,638"
"0/1","20,11","31","99","337,0,702"
"0/1","22,14","36","99","451,0,682"
"0/1","12,8","20","99","239,0,348"
"0/1","10,8","18","99","285,0,235"
"0/1","13,21","34","99","666,0,428"
"0/1","19,16","35","99","537,0,667"
"0/1","20,16","36","99","546,0,689"
"0/1","12,11","23","99","375,0,408"
"0/1","14,11","25","99","362,0,457"
"1/2","0,5,8","13","99","475,299,284,175,0,151"
"0/1","11,16","27","99","506,0,358"
"0/1","12,18","30","99","607,0,378"
"0/1","23,16","39","99","535,0,763"
"0/1","15,17","32","99","567,0,461"
"0/1","19,13","33","99","393,0,647"
"0/1","18,13","32","99","426,0,631"
"0/1","20,14","34","99","430,0,642"
"0/1","25,10","35","99","306,0,803"
"0/1","19,10","29","99","315,0,681"
"0/1","20,18","38","99","584,0,640"
"0/1","18,20","38","99","616,0,601"
"0/1","19,20","39","99","640,0,641"
"0/1","19,19","38","99","593,0,612"
"0/1","7,18","25","99","609,0,205"
"0/1","12,4","16","99","108,0,431"
"0/1","9,14","25","99","317,0,222"
"0/1","12,15","27","99","489,0,389"
"0/1","13,15","28","99","479,0,432"
"0/1","17,12","29","99","345,0,560"
"0/1","16,10","26","99","321,0,498"
"0/1","13,18","31","99","597,0,385"
"0/1","18,17","35","99","521,0,567"
"0/1","11,6","17","99","158,0,361"
"0/1","13,7","20","99","222,0,418"
"0/1","12,12","24","99","418,0,343"
"0/1","7,11","18","99","345,0,214"
"0/1","16,6","22","99","168,0,512"
"0/1","9,7","16","99","239,0,308"
"0/1","13,9","23","99","266,0,432"
"0/1","14,12","26","99","343,0,477"
"0/1","13,12","25","99","352,0,423"
"0/1","5,4","9","99","136,0,132"
"0/1","12,18","30","99","591,0,368"
"0/1","14,14","28","99","480,0,430"
"0/1","8,10","18","99","358,0,232"
"0/1","11,12","23","99","417,0,327"
"0/1","11,12","23","99","404,0,279"
"0/1","11,17","28","99","565,0,369"
"0/1","13,14","27","99","446,0,452"
"0/1","18,15","33","99","462,0,608"
"0/1","16,11","27","99","298,0,573"
"0/1","15,13","28","99","433,0,482"
"0/1","14,11","25","99","369,0,439"
"0/1","13,14","27","99","453,0,438"
"0/1","16,19","35","99","601,0,514"
"0/1","21,17","38","99","528,0,664"
"0/1","22,24","46","99","769,0,711"
"0/1","8,9","17","99","148,0,156"
"0/1","12,11","23","99","313,0,397"
"0/1","32,9","41","99","106,0,971"
"0/1","33,9","42","82","82,0,1031"
"0/1","32,12","44","99","115,0,1055"
"0/1","32,13","45","99","123,0,1040"
"0/1","28,9","37","99","120,0,889"
"0/1","25,9","36","99","145,0,737"
"0/1","28,9","38","99","129,0,807"
"0/1","26,10","36","99","138,0,727"
"0/0","33,4","37","16","0,16,1173"
"0/0","33,4","37","21","0,21,1181"
"0/1","20,16","41","99","428,0,678"
"0/1","18,19","37","99","595,0,572"
"0/1","14,10","25","99","248,0,432"
"0/1","15,7","22","99","228,0,445"
"0/1","14,11","25","99","381,0,484"
"0/1","9,16","25","99","547,0,295"
"0/1","4,10","14","99","330,0,121"
"0/1","10,9","19","99","313,0,278"
"0/1","10,9","19","99","285,0,305"
"0/1","10,13","23","99","453,0,322"
"0/1","13,10","23","99","343,0,424"
"0/1","11,9","20","99","316,0,324"
"0/1","8,9","17","99","321,0,263"
"0/1","13,20","33","99","673,0,403"
"0/1","20,13","33","99","404,0,661"
"0/1","6,18","24","99","625,0,176"
"0/1","5,15","20","99","561,0,145"
"0/1","5,14","19","99","517,0,148"
"0/1","9,9","18","99","313,0,310"
"0/1","20,13","33","99","413,0,692"
"0/1","20,13","33","99","425,0,714"
"0/1","11,18","29","99","504,0,353"
"0/1","11,14","25","99","444,0,326"
"0/1","16,10","27","99","281,0,479"
"0/1","28,12","41","99","207,0,976"
"0/1","30,19","49","99","567,0,997"
"0/1","16,17","33","99","507,0,496"
"0/1","18,14","32","99","423,0,508"
"0/0","21,0","21","63","0,63,850"
"0/1","14,8","22","99","263,0,495"
"0/1","17,12","29","99","376,0,553"
"0/1","4,10","14","89","259,0,89"
"0/1","19,14","33","99","408,0,608"
"0/1","14,11","25","99","360,0,492"
"0/1","16,14","30","99","418,0,501"
"1/1","0,16","16","45","612,45,0"
"0/1","11,10","21","99","279,0,348"
"0/1","8,12","20","99","426,0,225"
"0/1","13,13","26","99","452,0,384"
"0/1","11,9","20","99","294,0,386"
"0/1","5,16","21","99","544,0,147"
"0/1","16,6","22","99","180,0,508"
"0/1","8,8","16","99","272,0,281"
"0/1","3,15","18","63","565,0,63"
"0/1","15,13","28","99","433,0,483"
"0/1","6,11","17","99","378,0,191"
"1/1","0,31","31","84","1143,84,0"
"0/1","15,13","28","99","389,0,473"
"0/1","10,6","16","99","194,0,317"
"0/1","16,13","29","99","429,0,543"
"0/1","18,22","40","99","692,0,549"
"0/1","7,8","15","99","174,0,192"
"0/1","3,2","5","31","31,0,68"
"0/1","12,12","24","99","397,0,378"
"0/1","21,13","34","99","392,0,688"
"0/0","15,0","15","30","0,30,391"
"0/0","15,0","15","30","0,30,385"
"0/1","20,23","43","99","688,0,645"
"1/1","0,15","15","39","528,39,0"
"0/1","14,15","29","99","495,0,415"
"0/1","16,9","25","99","267,0,556"
"1/1","2,38","40","99","1525,114,0"
"0/1","10,7","17","99","221,0,341"
"0/1","17,4","21","61","61,0,420"
"0/1","17,4","21","59","59,0,411"
"0/1","10,8","20","87","87,0,190"
"0/1","6,24","30","16","614,0,16"
"0/1","4,22","27","99","530,0,100"
"0/1","18,22","40","99","682,0,466"
"0/1","15,21","36","99","631,0,403"
"0/1","27,7","34","80","80,0,906"
"0/1","24,5","29","76","76,0,686"
"0/1","28,7","35","71","71,0,810"
"0/1","30,6","36","99","99,0,851"
"0/1","27,7","34","84","84,0,670"
"0/1","26,6","33","91","91,0,721"
"0/1","28,6","34","99","104,0,668"
"0/1","26,9","35","99","224,0,810"
"0/1","27,10","37","99","231,0,837"
"0/1","28,12","40","99","293,0,765"
"0/0","17,2","25","5","0,5,489"
"0/0","15,0","15","33","0,33,423"
"0/0","16,0","16","42","0,42,554"
"0/0","18,0","18","51","0,51,665"
"0/0","20,0","20","57","0,57,745"
"0/1","12,26","39","99","897,0,354"
"0/0","29,0","31","60","0,60,770"
"0/0","18,6","24","27","0,27,341"
"0/0","22,0","22","63","0,63,854"
"0/1","15,10","25","99","254,0,533"
"0/1","11,13","24","99","399,0,306"
"0/1","10,6","16","99","197,0,357"
"0/1","9,10","19","99","308,0,306"
"0/1","8,15","23","99","538,0,206"
"0/1","11,7","18","99","244,0,287"
"0/1","4,6","10","99","173,0,136"
"0/1","11,8","19","99","205,0,354"
"0/1","15,17","32","99","500,0,453"
"0/1","23,18","41","99","539,0,625"
"0/1","20,6","26","99","161,0,697"
"0/1","25,7","32","99","190,0,850"
"0/1","16,24","40","99","752,0,469"
"0/1","5,18","23","90","608,0,90"
"0/1","14,14","28","99","486,0,426"
"0/1","13,8","21","99","219,0,410"
"0/1","12,8","20","99","270,0,385"
"0/1","10,10","20","99","316,0,303"
"0/1","11,14","25","99","438,0,338"
"0/1","13,7","20","99","224,0,470"
"0/0","19,0","19","54","0,54,741"
"0/1","8,11","19","99","393,0,269"
"0/1","19,9","28","99","266,0,658"
"0/1","15,21","36","99","700,0,472"
"0/1","7,15","22","99","501,0,224"
"0/1","18,13","31","99","424,0,643"
"0/1","17,18","35","99","578,0,437"
"0/1","21,14","35","99","374,0,584"
"0/1","9,20","29","99","472,0,136"
"0/1","19,11","31","99","220,0,497"
"0/1","18,7","25","99","110,0,504"
"0/1","13,11","24","99","336,0,420"
"0/1","7,27","34","99","917,0,181"
"0/1","12,15","27","99","531,0,366"
"0/1","11,11","22","99","343,0,382"
"0/1","19,10","30","99","318,0,634"
"0/1","13,10","23","99","329,0,300"
"0/1","24,12","36","99","355,0,732"
"0/1","20,24","44","99","746,0,599"
"0/1","13,21","34","99","710,0,378"
"0/1","16,18","34","99","545,0,539"
"0/1","28,14","42","99","423,0,977"
"0/1","17,8","25","99","232,0,613"
"0/1","18,10","28","99","255,0,619"
"0/1","18,15","33","99","440,0,623"
"0/1","10,8","18","99","242,0,322"
"0/1","17,25","42","99","761,0,457"
"0/1","8,8","16","99","278,0,272"
"0/1","11,4","15","99","115,0,366"
"0/1","13,9","22","99","298,0,426"
"0/1","11,9","20","99","268,0,380"
"0/1","11,10","21","99","346,0,350"
"0/1","13,8","21","99","269,0,433"
"0/1","8,10","18","99","347,0,256"
"0/1","8,10","18","99","351,0,233"
"0/1","9,10","19","99","305,0,303"
"0/1","11,9","20","99","309,0,366"
"0/1","11,7","18","99","233,0,328"
"0/1","8,13","21","99","420,0,228"
"0/1","3,10","13","86","352,0,86"
"0/1","9,11","20","99","371,0,299"
"0/1","14,12","26","99","400,0,452"
"0/1","10,9","19","99","318,0,313"
"0/1","13,10","23","99","306,0,449"
"0/1","10,10","20","99","339,0,322"
"0/1","5,8","13","99","282,0,126"
"0/1","15,13","28","99","440,0,470"
"0/1","12,17","29","99","505,0,405"
"0/1","22,16","38","99","418,0,724"
"0/1","11,12","23","99","374,0,388"
"0/1","15,11","26","99","378,0,449"
"0/1","20,17","37","99","557,0,643"
"0/1","11,12","23","99","382,0,312"
"0/1","7,13","20","99","424,0,220"
"0/1","11,7","18","99","220,0,327"
"0/1","11,15","26","99","448,0,312"
"0/1","13,18","31","99","540,0,355"
"0/1","23,8","32","99","171,0,618"
"0/1","22,18","40","99","549,0,774"
"0/1","9,18","27","99","502,0,196"
"0/1","16,11","27","99","333,0,507"
"0/1","17,15","32","99","494,0,558"
"0/1","13,13","26","99","436,0,433"
"0/1","21,12","33","99","348,0,703"
"0/1","12,21","33","99","665,0,383"
"0/1","12,22","34","99","797,0,368"
"0/1","13,10","23","99","335,0,443"
"0/1","19,11","30","99","349,0,605"
"0/1","13,16","29","99","514,0,386"
"0/1","13,13","26","99","405,0,402"
"0/1","8,17","26","99","547,0,204"
"0/1","23,5","28","99","126,0,792"
"0/1","7,15","22","99","441,0,230"
"0/1","13,4","17","99","108,0,460"
"0/0","14,0","14","42","0,42,548"
"0/1","15,11","26","99","358,0,501"
"0/1","12,17","29","99","566,0,398"
"0/1","9,19","28","99","668,0,217"
"0/1","6,7","13","99","214,0,203"
"0/1","19,12","31","99","396,0,633"
"1/1","0,19","19","57","755,57,0"
"0/1","22,9","31","99","179,0,754"
"0/1","19,5","24","99","108,0,621"
"0/1","19,6","25","99","144,0,610"
"0/1","25,3","28","10","10,0,792"
"0/1","8,7","15","99","210,0,285"
"0/1","9,10","19","99","309,0,247"
"0/1","9,7","16","99","205,0,329"
"0/1","8,7","15","99","239,0,284"
"0/1","11,11","22","99","381,0,372"
"0/1","16,13","29","99","412,0,500"
"0/1","7,10","17","99","290,0,208"
"0/1","9,6","19","99","115,0,227"
"0/1","16,4","21","97","97,0,550"
"0/1","17,4","22","96","96,0,599"
"0/0","39,0","39","99","0,105,1415"
"0/1","18,12","30","99","335,0,576"
"0/1","13,10","23","99","299,0,461"
"0/1","20,11","31","99","265,0,492"
"0/1","12,13","26","99","411,0,257"
"0/1","17,15","32","99","500,0,583"
"0/1","16,13","29","99","397,0,554"
"0/1","10,2","12","41","41,0,362"
"0/1","12,9","21","99","303,0,424"
"0/0","8,1","9","15","0,15,169"
"0/1","14,17","31","99","520,0,462"
"0/1","13,10","23","99","331,0,453"
"0/1","19,24","43","99","764,0,596"
"0/1","11,8","19","99","262,0,375"
"0/1","21,16","37","99","503,0,502"
"0/1","15,26","41","99","873,0,319"
"0/1","28,11","39","99","292,0,921"
"0/1","8,20","28","99","717,0,159"
"0/1","19,16","35","99","448,0,593"
"0/1","18,9","27","99","267,0,591"
"0/0","29,0","29","78","0,78,1057"
"0/1","14,11","25","99","331,0,489"
"0/1","10,7","17","99","228,0,343"
"0/1","12,10","22","99","347,0,381"
"0/1","19,13","32","99","428,0,660"
"0/1","15,7","22","99","183,0,550"
"0/1","12,15","27","99","495,0,396"
"0/1","5,7","12","99","212,0,133"
"0/1","18,10","28","99","313,0,600"
"0/1","20,13","33","99","166,0,466"
"0/1","24,8","33","97","97,0,497"
"0/0","32,0","32","90","0,90,1198"
"0/1","8,12","20","99","356,0,272"
"0/1","15,14","29","99","394,0,462"
"0/1","16,11","27","99","365,0,529"
"0/1","11,9","20","99","273,0,358"
"0/1","10,15","25","99","400,0,314"
"0/1","13,15","28","99","516,0,397"
"1/1","0,16","16","39","493,39,0"
"0/1","10,11","21","99","366,0,336"
"0/1","10,8","18","99","223,0,222"
"0/1","5,2","7","62","62,0,142"
"0/1","9,22","31","99","762,0,267"
"0/1","9,7","16","99","240,0,285"
"0/1","11,11","22","99","339,0,339"
"0/1","14,3","18","77","77,0,391"
"0/1","11,8","19","99","268,0,382"
"0/1","14,10","24","99","303,0,445"
"0/1","11,16","27","99","505,0,319"
"0/1","13,12","25","99","372,0,442"
"0/1","12,11","27","52","52,0,88"
"0/1","20,22","42","99","590,0,651"
"0/1","21,14","35","99","415,0,690"
"0/0","24,0","24","69","0,69,921"
"0/1","22,18","40","99","498,0,736"
"0/1","10,9","19","99","304,0,341"
"0/1","6,12","18","99","430,0,189"
"0/1","7,11","18","99","398,0,205"
"0/1","12,16","28","99","543,0,351"
"0/1","16,23","39","99","512,0,374"
"0/1","14,14","28","99","477,0,394"
"0/0","34,0","34","99","0,99,1302"
"0/1","16,22","38","99","556,0,335"
"0/0","38,0","38","99","0,111,1410"
"0/1","22,14","36","99","453,0,686"
"0/1","22,14","36","99","396,0,691"
"0/1","15,18","33","99","629,0,368"
"0/1","23,6","29","99","159,0,757"
"0/1","10,7","17","99","235,0,282"
"0/1","13,7","20","99","198,0,435"
"0/1","16,10","26","99","330,0,538"
"0/1","9,12","21","99","406,0,300"
"0/1","15,11","26","99","385,0,451"
"0/1","7,7","14","99","226,0,237"
"0/1","13,10","23","99","342,0,407"
"0/1","10,6","17","99","196,0,356"
"0/1","13,7","20","99","224,0,437"
"0/1","10,11","21","99","383,0,343"
"0/1","4,6","10","99","179,0,132"
"0/1","7,14","21","99","498,0,219"
"0/1","16,13","29","99","364,0,529"
"0/1","19,20","39","99","692,0,599"
"0/1","8,8","16","99","279,0,266"
"0/1","8,13","21","99","446,0,253"
"0/1","15,6","21","99","145,0,529"
"0/1","13,14","27","99","342,0,406"
"0/1","24,16","40","99","473,0,769"
"0/1","14,10","24","99","304,0,421"
"0/1","6,12","18","99","337,0,164"
"0/1","20,12","32","99","377,0,707"
"0/1","20,11","31","99","353,0,694"
"0/1","21,17","38","99","500,0,704"
"0/1","9,12","21","99","412,0,304"
"0/1","14,8","22","99","254,0,507"
"0/1","17,10","27","99","293,0,575"
"0/1","19,21","40","99","663,0,554"
"0/1","21,17","38","99","518,0,672"
"0/1","20,22","42","99","631,0,617"
"0/1","18,12","30","99","381,0,599"
"0/1","11,16","27","99","557,0,350"
"0/1","6,4","10","99","129,0,209"
"0/1","5,8","13","99","285,0,166"
"0/1","17,21","39","99","740,0,455"
"0/1","16,22","38","99","740,0,453"
"0/0","31,0","31","90","0,90,1187"
"0/1","14,18","32","99","563,0,471"
"0/1","7,10","17","99","272,0,242"
"0/1","18,16","34","99","494,0,519"
"0/1","22,16","38","99","543,0,544"
"0/1","14,10","24","99","331,0,449"
"0/1","17,15","32","99","383,0,567"
"0/1","22,22","44","99","713,0,732"
"0/1","11,18","29","99","626,0,347"
"0/1","21,16","37","99","499,0,725"
"0/1","16,23","39","99","689,0,528"
"0/1","8,16","24","99","502,0,227"
"0/1","14,9","23","99","303,0,502"
"0/1","9,10","19","99","347,0,236"
"0/1","8,12","20","99","434,0,260"
"0/1","13,9","22","99","269,0,464"
"0/1","7,7","14","99","158,0,115"
"0/1","19,12","31","99","391,0,659"
"0/1","17,16","33","99","530,0,527"
"0/1","12,15","27","99","522,0,325"
"0/1","18,14","32","99","466,0,622"
"0/1","14,17","31","99","592,0,462"
"0/1","21,25","46","99","862,0,690"
"0/1","22,28","52","99","848,0,694"
"0/1","20,21","42","99","633,0,598"
"0/1","17,14","31","99","383,0,572"
"0/1","7,12","19","99","436,0,195"
"0/1","8,12","20","99","415,0,255"
"0/1","10,12","22","99","398,0,329"
"0/1","13,14","27","99","498,0,286"
"0/1","5,13","18","99","442,0,131"
"0/1","11,9","20","99","266,0,378"
"0/1","8,8","16","99","244,0,274"
"0/1","10,9","19","99","312,0,310"
"0/1","7,8","15","99","245,0,237"
"0/1","3,9","12","90","294,0,90"
"0/1","12,18","30","99","611,0,370"
"0/1","11,17","28","99","502,0,319"
"0/1","10,12","22","99","373,0,254"
"0/1","12,13","25","99","353,0,331"
"0/1","11,24","35","99","781,0,348"
"0/1","12,15","27","99","506,0,396"
"0/1","23,24","47","99","693,0,735"
"0/1","14,22","36","99","718,0,446"
"0/1","13,8","21","99","188,0,455"
"0/1","9,9","18","99","274,0,278"
"0/1","12,8","20","99","198,0,365"
"0/0","18,0","18","48","0,48,643"
"0/1","7,11","18","99","384,0,230"
"0/1","12,11","23","99","300,0,345"
"0/1","7,8","15","99","273,0,205"
"0/1","14,19","33","99","568,0,397"
"0/1","9,15","24","99","464,0,276"
"0/1","17,10","27","99","283,0,559"
"0/1","21,16","37","99","515,0,658"
"0/1","15,20","35","99","574,0,453"
"0/1","25,13","38","99","383,0,827"
"0/1","11,10","21","99","344,0,355"
"0/1","14,11","25","99","323,0,417"
"0/1","11,19","30","99","673,0,347"
"0/1","18,13","31","99","400,0,619"
"0/1","16,18","34","99","558,0,538"
"0/1","19,15","34","99","495,0,539"
"0/1","17,15","32","99","464,0,454"
"0/1","19,15","34","99","426,0,590"
"0/1","55,16","71","99","361,0,1912"
"0/1","31,11","42","99","274,0,1127"
"0/1","31,9","40","99","190,0,1126"
"0/1","32,9","41","99","193,0,1145"
"0/1","23,9","33","99","265,0,717"
"0/0","26,0","26","63","0,63,865"
"0/0","27,0","27","66","0,66,908"
"0/0","27,0","27","69","0,69,934"
"0/0","25,0","25","72","0,72,951"
"0/0","25,0","25","69","0,69,936"
"0/1","10,11","21","99","346,0,331"
"0/1","19,16","35","99","480,0,633"
"0/0","35,1","36","99","0,102,1364"
"0/0","35,1","36","99","0,99,1339"
"0/1","19,14","36","99","400,0,543"
"0/1","10,11","21","99","345,0,347"
"0/1","12,19","31","99","604,0,358"
"0/1","7,16","23","99","576,0,213"
"0/1","3,5","8","99","179,0,99"
"0/1","8,9","17","99","301,0,276"
"0/1","3,18","21","62","617,0,62"
"0/1","18,3","21","62","62,0,629"
"0/1","16,11","27","99","359,0,488"
"0/1","11,9","20","99","309,0,386"
"0/1","14,9","23","99","276,0,463"
"0/1","15,16","31","99","479,0,451"
"0/1","10,12","22","99","382,0,341"
"0/1","19,15","34","99","491,0,672"
"0/1","11,14","25","99","507,0,338"
"0/1","12,10","22","99","327,0,388"
"0/1","123,21","144","99","255,0,2709"
"0/1","52,13","65","99","263,0,1047"
"0/1","18,8","26","99","219,0,609"
"0/1","8,12","20","99","427,0,265"
"0/1","22,23","45","99","755,0,715"
"0/1","25,14","39","99","457,0,778"
"0/1","12,5","17","99","112,0,423"
"0/1","8,8","16","99","200,0,237"
"0/1","6,14","20","99","424,0,186"
"0/1","8,11","19","99","382,0,265"
"0/1","15,14","29","99","467,0,470"
"0/1","20,18","38","99","586,0,557"
"0/1","15,24","39","99","781,0,497"
"0/1","18,19","37","99","597,0,507"
"0/1","12,16","28","99","552,0,403"
"0/1","10,7","17","99","223,0,349"
"0/1","9,17","26","99","502,0,246"
"0/1","9,11","20","99","346,0,303"
"0/1","15,15","30","99","443,0,477"
"0/1","13,13","26","99","439,0,440"
"0/1","12,15","27","99","520,0,415"
"0/1","14,14","28","99","428,0,475"
"0/1","14,14","28","99","440,0,453"
"0/1","7,9","16","99","287,0,237"
"0/1","17,9","26","99","295,0,535"
"0/1","14,10","24","99","333,0,422"
"0/1","17,8","25","99","235,0,568"
"0/1","15,6","21","99","180,0,537"
"0/1","37,16","53","99","461,0,1200"
"0/1","41,12","53","99","235,0,1432"
"0/1","48,20","68","99","438,0,1585"
"0/1","43,13","56","99","308,0,1324"
"0/0","39,6","45","0","0,0,1225"
"0/1","11,13","24","99","449,0,340"
"0/1","15,16","31","99","425,0,420"
"0/1","50,19","69","99","557,0,1815"
"0/1","14,9","23","99","284,0,358"
"0/1","9,6","15","99","166,0,321"
"1/1","1,5","6","9","101,9,0"
"0/1","8,6","14","99","146,0,238"
"0/1","10,14","24","99","479,0,340"
"0/1","19,8","27","99","234,0,679"
"0/1","21,25","46","99","738,0,704"
"0/1","8,13","21","99","419,0,261"
"0/1","21,21","42","99","597,0,657"
"0/1","12,13","25","99","434,0,401"
"0/1","13,12","25","99","394,0,438"
"0/1","10,11","21","99","378,0,338"
"0/1","14,10","24","99","334,0,489"
"0/1","15,7","22","99","182,0,538"
"0/1","9,9","18","99","282,0,275"
"0/1","17,8","25","99","255,0,477"
"0/1","12,21","33","99","686,0,354"
"0/1","13,15","28","99","520,0,432"
"0/1","19,7","26","99","204,0,623"
"0/1","10,8","18","99","271,0,311"
"0/1","13,7","20","99","187,0,466"
"0/1","7,10","17","99","344,0,195"
"0/1","8,9","17","99","313,0,235"
"0/1","10,9","19","99","315,0,267"
"0/1","10,12","22","99","363,0,305"
"0/1","9,13","22","99","450,0,256"
"0/1","9,7","16","99","225,0,266"
"0/1","13,6","19","99","191,0,435"
"0/1","14,8","22","99","239,0,470"
"0/1","15,7","22","99","196,0,512"
"0/1","15,8","23","99","184,0,510"
"0/1","21,17","38","99","465,0,670"
"0/1","21,14","35","99","434,0,689"
"0/1","16,15","31","99","513,0,539"
"0/1","16,15","31","99","516,0,550"
"0/1","21,9","30","99","268,0,707"
"0/1","17,18","35","99","580,0,579"
"0/1","10,22","32","99","743,0,314"
"0/1","15,14","29","99","467,0,526"
"0/1","18,28","46","99","888,0,591"
"0/1","23,7","30","99","161,0,755"
"0/1","13,12","25","99","406,0,448"
"0/1","15,9","24","99","294,0,505"
"0/1","24,19","43","99","520,0,864"
"0/1","12,13","25","99","429,0,408"
"0/1","10,17","27","99","564,0,323"
"0/1","12,13","25","99","382,0,375"
"0/1","13,9","22","99","300,0,381"
"0/1","17,9","26","99","252,0,615"
"0/1","18,9","27","99","285,0,581"
"0/1","18,17","35","99","571,0,620"
"0/0","33,0","33","96","0,96,1288"
"0/1","16,21","37","99","640,0,536"
"0/1","16,14","30","99","434,0,549"
"0/1","14,15","29","99","530,0,455"
"0/1","24,14","38","99","440,0,843"
"0/1","6,12","18","99","394,0,155"
"0/1","6,13","19","99","445,0,154"
"0/1","13,9","22","99","307,0,420"
"0/1","11,11","22","99","305,0,375"
"0/1","13,12","25","99","339,0,447"
"0/1","17,12","29","99","356,0,591"
"1/1","1,26","27","53","920,53,0"
"0/1","14,16","30","99","496,0,448"
"0/1","12,13","25","99","420,0,403"
"0/1","9,9","18","99","260,0,308"
"0/1","15,15","30","99","407,0,467"
"0/1","14,4","18","99","111,0,478"
"0/1","8,6","14","99","203,0,288"
"0/1","17,11","28","99","327,0,565"
"0/1","15,8","23","99","220,0,507"
"0/1","16,8","24","99","251,0,572"
"0/1","15,13","28","99","408,0,517"
"0/1","11,8","19","99","244,0,327"
"0/1","7,13","20","99","476,0,222"
"0/1","12,7","19","99","228,0,395"
"0/1","6,11","17","99","364,0,191"
"0/1","10,9","19","99","309,0,350"
"0/1","10,15","25","99","523,0,291"
"0/1","13,19","32","99","602,0,432"
"0/1","11,22","33","99","693,0,244"
"0/1","13,12","25","99","331,0,445"
"0/1","21,16","37","99","496,0,705"
"0/1","19,16","35","99","503,0,598"
"0/0","22,0","22","66","0,66,890"
"0/0","22,0","22","66","0,66,890"
"0/0","23,0","23","69","0,69,922"
"0/0","23,0","23","69","0,69,920"
"0/0","23,0","23","69","0,69,929"
"0/0","24,0","24","72","0,72,966"
"0/0","24,0","25","72","0,72,967"
"0/0","25,0","25","75","0,75,1009"
"0/0","25,0","25","72","0,72,970"
"0/1","12,14","26","99","438,0,375"
"0/1","15,12","27","99","399,0,481"
"0/1","13,10","23","99","328,0,450"
"0/1","8,7","15","99","203,0,288"
"0/1","23,15","38","99","419,0,746"
"0/1","9,14","23","99","461,0,292"
"0/1","11,17","28","99","516,0,344"
"0/1","7,14","21","99","422,0,225"
"0/1","17,21","38","99","643,0,542"
"0/1","9,8","17","99","282,0,227"
"0/1","17,13","30","99","440,0,546"
"0/1","11,15","26","99","502,0,365"
"0/1","14,15","29","99","486,0,432"
"0/1","22,15","37","99","434,0,663"
"0/1","22,15","37","99","445,0,588"
"0/1","23,13","36","99","375,0,786"
"0/1","12,5","17","99","152,0,389"
"0/1","15,10","25","99","300,0,501"
"0/1","8,7","15","99","230,0,245"
"0/1","13,14","27","99","448,0,396"
"0/1","5,9","14","99","287,0,166"
"0/1","11,16","27","99","505,0,372"
"0/1","10,12","22","99","392,0,337"
"0/1","15,13","28","99","440,0,496"
"0/1","16,19","35","99","648,0,492"
"0/1","16,8","24","99","102,0,527"
"0/1","17,11","28","99","354,0,530"
"0/1","17,6","23","99","167,0,571"
"0/1","19,19","38","99","646,0,653"
"0/1","16,14","30","99","415,0,535"
"0/1","23,12","35","99","244,0,632"
"0/1","17,18","35","99","590,0,539"
"0/1","15,20","35","99","552,0,424"
"0/1","17,16","33","99","434,0,438"
"0/1","22,17","39","99","485,0,637"
"0/1","15,9","25","99","214,0,476"
"0/1","17,14","31","99","434,0,565"
"0/1","25,19","44","99","456,0,730"
"0/1","13,21","34","99","620,0,420"
"0/1","18,9","27","99","247,0,571"
"0/1","7,10","17","99","335,0,229"
"0/1","18,11","29","99","307,0,535"
"0/1","17,7","24","99","194,0,545"
"0/1","7,25","32","99","740,0,149"
"0/1","15,9","24","99","234,0,500"
"0/1","12,16","28","99","507,0,400"
"0/1","14,16","30","99","493,0,462"
"0/1","14,13","27","99","444,0,451"
"0/1","16,33","49","99","1100,0,497"
"0/1","18,11","29","99","356,0,626"
"0/1","14,18","32","99","584,0,358"
"0/1","13,10","23","99","320,0,452"
"0/1","17,7","24","99","208,0,580"
"0/1","23,16","39","99","396,0,561"
"0/1","20,19","39","99","581,0,643"
"0/1","6,8","14","99","282,0,198"
"0/1","20,14","34","99","423,0,676"
"0/1","27,11","38","99","333,0,894"
"0/1","5,8","13","99","275,0,163"
"0/1","14,7","21","99","194,0,444"
"0/1","14,14","28","99","482,0,437"
"0/1","14,5","19","99","139,0,479"
"0/1","15,3","18","72","72,0,479"
"0/1","19,20","41","99","350,0,340"
"0/1","14,19","33","99","611,0,462"
"0/1","13,13","26","99","397,0,257"
"0/1","13,9","22","99","297,0,419"
"0/1","19,12","31","99","386,0,665"
"0/1","11,4","15","86","86,0,359"
"0/1","9,22","31","99","673,0,229"
"0/1","12,20","32","99","409,0,297"
"0/1","17,12","29","99","377,0,557"
"0/1","7,15","22","99","505,0,226"
"0/1","20,21","41","99","729,0,554"
"0/1","8,14","22","99","480,0,226"
"0/1","12,9","21","99","299,0,409"
"0/1","16,15","31","99","458,0,483"
"0/1","14,10","24","99","320,0,460"
"0/1","17,14","31","99","435,0,566"
"0/1","24,8","32","99","223,0,736"
"0/1","7,24","31","99","725,0,194"
"0/1","10,6","16","99","185,0,359"
"0/1","14,15","29","99","522,0,422"
"0/1","12,9","21","99","304,0,389"
"0/1","14,9","23","99","288,0,462"
"0/1","12,13","25","99","454,0,405"
"0/1","22,13","35","99","385,0,790"
"0/1","16,8","24","99","250,0,534"
"0/1","9,5","14","99","158,0,290"
"0/1","13,15","28","99","520,0,403"
"0/1","10,15","25","99","477,0,303"
"0/1","12,13","25","99","440,0,405"
"0/1","12,13","25","99","448,0,406"
"0/1","19,18","37","99","610,0,613"
"0/1","12,17","29","99","604,0,409"
"0/1","12,20","32","99","669,0,393"
"0/1","16,11","27","99","329,0,532"
"0/1","9,9","18","99","308,0,312"
"0/1","10,15","25","99","528,0,321"
"0/1","12,9","21","99","256,0,393"
"0/1","15,21","36","99","688,0,499"
"0/1","16,6","22","99","163,0,564"
"0/1","17,19","36","99","573,0,506"
"0/0","14,0","14","42","0,42,554"
"0/1","12,5","17","99","151,0,405"
"0/1","12,5","17","99","144,0,406"
"0/1","9,9","18","99","311,0,312"
"0/1","25,12","42","99","341,0,802"
"0/1","11,9","20","99","302,0,355"
"0/1","9,4","13","90","90,0,330"
"0/1","8,4","12","93","93,0,289"
"0/1","7,5","12","99","156,0,238"
"0/1","8,8","16","99","266,0,282"
"0/1","9,10","19","99","324,0,302"
"0/1","15,5","20","99","145,0,516"
"0/1","8,10","18","99","346,0,236"
"0/1","10,12","22","99","389,0,337"
"0/1","19,4","23","99","105,0,581"
"0/1","17,15","32","99","474,0,483"
"0/1","13,9","22","99","253,0,429"
"0/1","17,18","35","99","596,0,514"
"0/1","11,17","28","99","470,0,365"
"0/1","11,8","19","99","267,0,392"
"0/1","14,16","31","99","520,0,471"
"0/1","17,14","31","99","384,0,560"
"0/1","13,21","34","99","601,0,305"
"0/1","13,8","21","99","239,0,455"
"0/1","22,19","41","99","626,0,688"
"0/1","17,12","29","99","368,0,563"
"1/1","0,25","25","72","961,72,0"
"0/1","15,9","24","99","282,0,490"
"1/1","0,24","24","66","879,66,0"
"0/1","10,12","22","99","420,0,337"
"0/1","12,18","30","99","609,0,382"
"0/1","10,5","15","99","152,0,331"
"0/0","16,1","17","11","0,11,530"
"0/1","9,13","22","99","460,0,301"
"0/1","15,10","25","99","332,0,500"
"0/1","11,18","29","99","648,0,292"
"0/1","6,6","12","99","169,0,216"
"0/0","19,1","20","51","0,51,704"
"0/0","19,1","20","51","0,51,684"
"0/1","28,12","40","99","332,0,826"
"0/1","36,9","47","99","118,0,727"
"0/1","33,8","48","99","223,0,592"
"0/1","16,23","39","99","803,0,455"
"0/1","16,12","28","99","344,0,490"
"0/0","9,1","10","18","0,18,239"
"0/0","5,4","9","12","0,12,153"
"0/0","14,0","14","39","0,39,532"
"0/1","14,11","25","99","354,0,439"
"0/1","12,12","24","99","353,0,343"
"0/0","29,0","29","78","0,78,1037"
"0/1","13,14","27","99","493,0,443"
"0/1","12,12","24","99","425,0,371"
"0/0","31,1","32","51","0,51,1063"
"0/1","43,13","56","99","375,0,1157"
"1/1","0,30","30","90","1165,90,0"
"0/1","7,13","20","99","474,0,190"
"0/1","18,14","32","99","403,0,626"
"0/1","23,19","42","99","615,0,732"
"0/1","14,17","31","99","455,0,324"
"0/0","27,0","27","69","0,69,925"
"0/1","13,8","21","99","262,0,419"
"0/1","15,14","29","99","422,0,501"
"0/1","15,12","27","99","328,0,529"
"0/1","13,18","31","99","588,0,432"
"0/1","13,13","26","99","438,0,440"
"0/1","8,7","16","99","121,0,135"
"0/1","10,16","26","99","387,0,333"
"0/1","29,6","35","48","48,0,775"
"0/1","10,13","23","99","448,0,323"
"0/1","8,4","12","99","130,0,163"
"0/1","7,7","14","99","193,0,248"
"0/1","5,7","12","99","247,0,163"
"0/1","17,17","34","99","559,0,514"
"0/0","2,0","3","6","0,6,68"
"0/1","22,16","38","99","493,0,744"
"0/0","15,0","15","18","0,18,217"
"0/1","19,5","24","99","130,0,155"
"0/1","22,6","28","99","183,0,189"
"0/1","20,12","32","99","187,0,246"
"0/1","31,1","37","10","10,0,276"
"0/1","9,15","24","60","332,0,60"
"0/1","11,5","16","99","157,0,396"
"0/1","13,10","23","99","328,0,434"
"0/1","18,19","37","99","644,0,567"
"0/1","20,12","32","99","353,0,679"
"0/1","7,12","19","99","384,0,224"
"0/1","11,12","23","99","346,0,379"
"0/1","21,16","37","99","475,0,686"
"0/1","17,23","40","99","727,0,525"
"0/1","14,22","36","99","741,0,450"
"0/1","13,21","34","99","661,0,384"
"0/1","21,15","36","99","485,0,557"
"0/1","16,15","31","99","406,0,441"
"0/1","10,14","24","99","471,0,317"
"0/1","13,15","28","99","430,0,445"
"0/1","9,7","16","99","235,0,321"
"0/1","10,8","18","99","221,0,142"
"0/0","21,0","21","45","0,45,557"
"0/1","21,12","33","99","279,0,544"
"0/1","42,4","46","45","45,0,845"
"0/1","28,11","39","99","346,0,622"
"0/1","17,15","32","99","513,0,558"
"0/1","17,9","26","99","271,0,608"
"0/1","20,17","37","99","537,0,595"
"0/1","21,28","49","99","913,0,613"
"0/1","18,15","33","99","439,0,568"
"0/1","13,15","28","99","441,0,452"
"0/1","21,16","37","99","492,0,636"
"0/1","19,12","31","99","398,0,610"
"0/1","8,8","16","99","278,0,245"
"0/1","18,11","29","99","346,0,588"
"0/0","16,2","18","15","0,15,572"
"0/1","26,6","32","34","34,0,952"
"0/1","23,8","31","43","43,0,853"
"0/1","23,7","30","71","71,0,854"
"0/1","15,10","25","99","341,0,464"
"0/1","14,12","26","99","403,0,443"
"0/1","14,13","27","99","403,0,435"
"0/1","25,15","40","99","337,0,614"
"0/0","61,1","62","99","0,111,1320"
"0/1","14,7","21","99","198,0,380"
"0/1","26,4","30","64","64,0,687"
"0/1","19,13","32","99","202,0,281"
"0/0","46,6","52","3","0,3,919"
"0/1","10,18","28","99","591,0,324"
"0/1","8,8","16","99","202,0,285"
"0/1","35,6","41","56","56,0,1006"
"0/1","26,14","40","99","412,0,695"
"0/1","31,7","38","43","43,0,812"
"0/1","31,11","42","99","279,0,894"
"0/1","37,8","45","93","93,0,1049"
"0/1","36,8","44","96","96,0,1011"
"0/1","12,13","25","99","414,0,334"
"0/1","5,10","15","99","320,0,161"
"0/1","10,7","17","99","236,0,321"
"0/1","15,10","25","99","308,0,456"
"0/0","25,0","25","69","0,69,881"
"0/1","45,10","55","99","223,0,1199"
"0/1","65,15","80","99","289,0,2080"
"0/1","43,11","54","99","198,0,1414"
"0/1","26,17","43","99","509,0,462"
"0/1","35,11","46","33","33,0,1153"
"0/1","7,8","15","99","245,0,245"
"0/1","11,6","17","99","192,0,348"
"0/1","10,12","22","99","418,0,336"
"0/1","9,8","17","99","237,0,280"
"0/1","14,18","32","99","570,0,470"
"0/1","15,16","31","99","516,0,483"
"0/0","14,0","14","42","0,42,537"
"0/1","10,20","30","99","553,0,290"
"0/1","14,10","24","99","281,0,469"
"0/1","12,15","27","99","494,0,378"
"0/1","9,5","14","99","166,0,285"
"0/1","16,17","33","99","552,0,537"
"0/1","13,10","24","99","295,0,395"
"0/1","9,4","13","99","128,0,320"
"0/0","25,0","25","75","0,75,989"
"0/0","27,0","27","78","0,78,1029"
"0/0","36,1","37","87","0,87,1149"
"0/1","17,10","27","99","328,0,449"
"0/1","14,13","27","99","417,0,430"
"0/1","11,10","21","99","327,0,386"
"0/1","11,7","18","99","220,0,389"
"0/1","18,20","38","99","661,0,401"
"0/1","11,7","18","99","236,0,388"
"0/1","11,15","26","99","501,0,355"
"0/1","6,17","23","99","615,0,175"
"0/1","12,12","24","99","417,0,381"
"0/1","10,10","20","99","326,0,344"
"0/1","11,10","21","99","341,0,379"
"0/1","11,12","23","99","408,0,351"
"0/1","16,18","34","99","517,0,500"
"0/1","8,13","21","99","361,0,256"
"0/1","10,15","26","99","433,0,323"
"0/1","17,13","30","99","356,0,574"
"0/0","40,1","41","99","0,102,1288"
"0/0","34,0","34","90","0,90,1095"
"0/1","9,2","11","50","50,0,333"
"0/1","20,11","31","99","351,0,673"
"0/1","14,18","32","99","543,0,478"
"0/1","8,20","28","99","634,0,239"
"0/1","15,11","26","99","366,0,535"
"0/1","12,15","27","99","473,0,370"
"0/1","10,14","24","99","443,0,328"
"0/1","11,12","23","99","410,0,328"
"0/1","20,14","34","99","431,0,639"
"0/1","20,17","37","99","578,0,621"
"0/1","14,16","30","99","483,0,430"
"0/1","20,18","38","99","508,0,620"
"0/1","16,12","28","99","371,0,532"
"0/1","16,9","25","99","291,0,390"
"0/1","11,10","21","99","331,0,339"
"0/1","14,16","30","99","477,0,448"
"0/0","33,4","37","15","0,15,1160"
"0/0","30,4","34","12","0,12,1042"
"0/0","28,4","32","6","0,6,979"
"0/1","10,16","27","99","539,0,336"
"0/1","22,19","41","99","449,0,681"
"1/1","0,30","30","78","1006,78,0"
"0/1","16,15","31","99","429,0,499"
"0/1","14,13","27","99","448,0,441"
"0/1","12,8","20","99","233,0,415"
"0/1","18,13","31","99","403,0,616"
"0/1","18,17","35","99","549,0,613"
"1/1","0,35","35","99","1356,102,0"
"0/1","17,17","34","99","540,0,588"
"0/1","16,15","31","99","450,0,528"
"0/1","10,12","22","99","426,0,336"
"0/1","12,8","20","99","260,0,421"
"0/0","39,5","44","5","0,5,781"
"0/1","15,8","23","99","258,0,502"
"0/1","12,13","25","99","449,0,408"
"0/1","4,10","14","99","369,0,102"
"0/0","14,0","14","39","0,39,525"
"0/0","14,0","14","42","0,42,560"
"0/0","14,0","14","42","0,42,568"
"0/0","14,0","14","39","0,39,519"
"0/0","14,0","14","39","0,39,508"
"0/0","15,0","15","45","0,45,571"
"0/1","19,9","28","99","244,0,662"
"0/1","21,12","33","99","363,0,683"
"0/1","24,3","27","40","40,0,811"
"0/1","20,3","23","55","55,0,639"
"0/1","23,19","42","99","609,0,740"
"0/1","17,18","35","99","562,0,469"
"0/1","9,12","21","99","416,0,282"
"0/1","17,12","29","99","254,0,386"
"0/1","12,17","29","99","372,0,282"
"0/1","18,16","34","99","499,0,579"
"0/1","19,4","23","99","111,0,478"
"0/1","18,15","33","99","376,0,429"
"0/1","14,21","35","99","722,0,381"
"0/1","14,17","32","99","563,0,378"
"0/1","10,10","20","99","318,0,293"
"0/1","5,5","10","99","173,0,131"
"0/1","15,16","31","99","505,0,489"
"0/1","10,10","20","99","333,0,340"
"0/1","15,11","26","99","364,0,518"
"0/1","15,10","25","99","316,0,529"
"0/1","14,14","28","99","473,0,430"
"0/1","25,19","44","99","528,0,793"
"0/1","14,5","19","99","146,0,481"
"0/1","13,10","23","99","333,0,457"
"0/1","12,8","20","99","257,0,382"
"0/1","10,12","22","99","411,0,309"
"0/1","16,14","30","99","409,0,561"
"0/1","10,12","22","99","423,0,329"
"0/1","13,10","23","99","333,0,427"
"1/1","0,31","31","87","1164,87,0"
"0/1","14,10","24","99","332,0,477"
"0/1","12,8","20","99","252,0,316"
"0/1","11,6","17","99","115,0,359"
"0/1","11,5","16","99","126,0,324"
"0/1","8,12","20","99","440,0,235"
"0/1","15,18","33","99","550,0,403"
"0/1","18,14","32","99","387,0,594"
"0/1","18,14","32","99","424,0,497"
"0/1","13,21","35","99","682,0,420"
"0/1","7,8","15","99","273,0,232"
"0/1","10,17","27","99","600,0,325"
"0/1","12,13","25","99","408,0,411"
"0/1","13,14","27","99","486,0,435"
"0/0","21,0","21","60","0,60,809"
"0/1","11,8","19","99","263,0,378"
"0/1","7,10","17","99","284,0,244"
"0/1","8,9","17","99","312,0,269"
"0/1","13,6","19","99","187,0,464"
"0/1","17,15","32","99","523,0,498"
"0/1","15,7","22","99","216,0,531"
"0/0","21,0","21","60","0,60,800"
"0/0","12,0","12","33","0,33,442"
"0/0","17,0","17","45","0,45,587"
"0/1","10,11","21","99","349,0,304"
"0/1","19,16","35","99","491,0,622"
"1/1","4,4","8","12","151,12,0"
"0/1","16,14","30","99","454,0,558"
"0/1","7,20","27","99","646,0,197"
"0/1","11,13","24","99","414,0,323"
"0/1","17,12","29","99","380,0,485"
"0/1","29,21","50","99","588,0,929"
"0/1","16,10","26","99","321,0,520"
"0/0","34,0","34","99","0,99,1289"
"0/1","20,24","44","99","819,0,554"
"0/1","7,12","19","99","354,0,238"
"0/1","18,15","33","99","508,0,551"
"0/1","18,9","27","99","291,0,600"
"0/1","7,17","24","99","567,0,214"
"0/1","10,12","22","99","410,0,338"
"0/1","12,10","22","99","305,0,389"
"0/1","9,4","13","99","109,0,281"
"0/1","10,19","29","99","573,0,331"
"0/1","13,9","22","99","295,0,454"
"0/1","16,8","24","99","255,0,521"
"0/1","11,8","19","99","234,0,358"
"0/1","11,7","18","99","231,0,318"
"0/1","17,15","32","99","500,0,537"
"0/1","12,5","17","99","137,0,421"
"0/1","14,12","26","99","360,0,460"
"0/1","15,11","26","99","321,0,499"
"0/1","20,9","29","99","242,0,720"
"0/1","15,11","26","99","375,0,457"
"0/1","16,16","32","99","556,0,463"
"0/1","10,7","17","99","226,0,356"
"0/1","6,6","12","99","213,0,207"
"0/1","14,8","22","99","261,0,457"
"0/1","17,11","28","99","362,0,560"
"0/1","16,11","27","99","339,0,565"
"0/0","28,0","28","81","0,81,1096"
"0/0","28,0","28","81","0,81,1080"
"0/1","10,13","23","99","452,0,343"
"0/1","10,16","26","99","536,0,317"
"0/1","9,13","22","99","424,0,210"
"0/1","7,10","17","99","282,0,240"
"0/1","11,5","16","99","154,0,362"
"0/1","11,8","19","99","262,0,356"
"0/1","13,18","31","99","586,0,272"
"0/1","14,10","24","99","336,0,421"
"0/1","13,16","29","99","438,0,321"
"0/1","15,15","30","99","465,0,458"
"0/1","8,12","20","99","391,0,265"
"1/1","0,23","23","69","921,69,0"
"0/1","20,6","26","99","170,0,689"
"0/1","6,17","23","99","581,0,171"
"0/1","14,11","25","99","366,0,491"
"0/1","18,12","30","99","368,0,607"
"0/1","11,10","21","99","343,0,376"
"0/1","8,15","23","99","539,0,254"
"0/1","11,7","18","99","199,0,356"
"0/1","17,9","26","99","236,0,566"
"0/1","16,18","34","99","566,0,526"
"0/1","16,18","34","99","558,0,537"
"0/1","19,7","26","99","197,0,696"
"0/1","11,7","18","99","219,0,390"
"0/1","17,18","35","99","616,0,571"
"0/1","15,12","27","99","403,0,499"
"1/1","0,23","23","66","849,66,0"
"0/1","11,7","18","99","225,0,393"
"0/1","10,5","15","99","163,0,318"
"0/1","11,7","18","99","235,0,272"
"0/1","8,19","27","99","672,0,251"
"0/1","14,16","30","99","535,0,385"
"0/1","14,12","26","99","400,0,443"
"0/1","3,15","18","37","484,0,37"
"0/1","8,6","14","99","202,0,285"
"0/1","7,5","12","99","163,0,247"
"0/1","2,14","16","47","298,0,47"
"0/1","12,11","23","99","378,0,383"
"0/1","19,31","50","99","1005,0,560"
"0/1","10,12","22","99","394,0,301"
"0/1","17,13","30","99","442,0,545"
"0/1","18,11","29","99","313,0,574"
"0/1","17,18","35","99","574,0,528"
"0/1","14,13","27","99","369,0,468"
"0/1","15,10","25","99","318,0,468"
"0/1","18,14","32","99","470,0,515"
"0/1","14,17","31","99","451,0,438"
"0/1","12,15","27","99","408,0,368"
"0/1","16,21","37","99","686,0,536"
"0/1","11,14","25","99","458,0,342"
"0/1","21,12","33","99","312,0,682"
"0/1","21,12","33","99","342,0,704"
"0/1","10,24","34","99","805,0,268"
"0/1","16,13","29","99","374,0,486"
"0/1","22,23","45","99","719,0,716"
"0/1","20,16","36","99","510,0,633"
"0/1","20,16","36","99","511,0,679"
"0/0","35,4","39","21","0,21,1182"
"0/0","40,4","44","5","0,5,1401"
"0/0","41,4","45","5","0,5,1429"
"0/1","38,5","43","7","7,0,1300"
"0/1","38,5","43","4","4,0,1364"
"0/1","40,6","46","35","35,0,1296"
"0/1","19,19","38","99","567,0,588"
"0/1","18,17","35","99","567,0,549"
"0/1","18,8","26","99","241,0,610"
"0/1","14,14","28","99","482,0,480"
"0/1","8,12","20","99","358,0,269"
"0/1","8,3","11","87","87,0,287"
"0/1","13,13","26","99","351,0,455"
"0/1","7,6","13","99","208,0,244"
"0/1","15,9","24","99","237,0,532"
"0/1","19,7","26","99","179,0,614"
"0/1","16,13","29","99","406,0,515"
"0/1","12,13","25","99","446,0,358"
"0/1","14,17","31","99","560,0,471"
"0/1","23,13","36","99","424,0,771"
"0/1","11,15","26","99","521,0,340"
"0/1","6,10","16","99","322,0,196"
"0/1","12,9","21","99","230,0,402"
"0/1","19,12","31","99","375,0,655"
"0/0","21,3","24","48","0,48,592"
"0/1","10,19","29","99","645,0,277"
"0/1","13,12","25","99","399,0,454"
"0/1","9,8","17","99","270,0,265"
"0/1","8,12","20","99","351,0,231"
"0/1","9,12","21","99","390,0,302"
"0/0","17,0","17","42","0,42,544"
"0/0","16,0","16","45","0,45,573"
"0/0","15,0","15","45","0,45,573"
"0/1","13,21","34","99","742,0,389"
"0/1","10,10","20","99","316,0,307"
"0/1","13,28","41","99","930,0,331"
"0/1","14,8","22","99","259,0,497"
"0/1","12,6","18","99","149,0,433"
"0/1","12,7","19","99","233,0,398"
"0/1","9,8","17","99","267,0,316"
"0/1","11,15","26","99","480,0,337"
"0/1","7,8","15","99","270,0,225"
"0/1","19,15","34","99","431,0,636"
"0/1","18,7","25","99","215,0,585"
"0/1","12,17","29","99","447,0,341"
"0/1","23,16","39","99","530,0,688"
"0/1","15,21","36","99","698,0,449"
"0/1","18,24","42","99","739,0,608"
"0/1","5,9","14","99","314,0,124"
"0/1","16,14","30","99","468,0,533"
"0/1","13,16","29","99","567,0,406"
"0/1","8,7","15","99","244,0,285"
"0/1","12,11","23","99","381,0,336"
"0/1","9,13","22","99","418,0,299"
"0/1","19,15","34","99","485,0,598"
"0/1","14,9","23","99","263,0,452"
"0/1","14,16","30","99","516,0,422"
"0/1","7,11","18","99","357,0,236"
"0/1","16,19","35","99","640,0,485"
"0/1","15,29","44","99","925,0,438"
"0/1","15,17","32","99","522,0,373"
"0/1","12,12","24","99","412,0,400"
"0/0","18,0","18","51","0,51,689"
"0/0","24,0","24","69","0,69,874"
"0/1","13,15","28","99","508,0,411"
"0/1","9,8","17","99","257,0,309"
"0/1","20,11","31","99","350,0,567"
"0/1","17,16","33","99","513,0,556"
"0/0","19,3","22","54","0,54,737"
"0/1","12,11","23","99","335,0,412"
"0/0","16,0","16","48","0,48,620"
"0/0","11,0","11","33","0,33,409"
"0/1","17,17","34","99","488,0,582"
"0/1","19,14","33","99","476,0,603"
"0/1","13,11","24","99","374,0,437"
"0/1","15,14","29","99","483,0,483"
"0/1","2,7","11","19","213,0,19"
"0/1","12,13","25","99","425,0,401"
"0/1","18,16","34","99","462,0,578"
"0/1","19,16","35","99","315,0,227"
"0/1","10,12","23","99","400,0,299"
"0/1","13,12","25","99","360,0,394"
"0/1","26,24","50","99","739,0,854"
"0/1","12,19","32","99","617,0,230"
"0/1","17,21","38","99","465,0,398"
"0/1","16,20","36","99","632,0,524"
"0/0","15,2","18","3","0,3,318"
"0/1","20,17","37","99","514,0,661"
"0/1","17,21","38","99","710,0,575"
"0/1","14,17","31","99","555,0,457"
"0/1","17,7","24","99","160,0,529"
"0/1","12,10","23","99","328,0,386"
"0/1","16,14","30","99","431,0,440"
"0/1","34,16","50","99","139,0,795"
"0/1","33,4","37","12","12,0,1102"
"0/1","16,22","38","99","761,0,505"
"0/1","14,14","28","99","423,0,409"
"0/1","12,15","27","99","497,0,368"
"0/1","13,20","33","99","620,0,394"
"0/1","5,16","21","99","581,0,140"
"0/1","7,10","17","99","361,0,195"
"0/1","12,8","20","99","227,0,427"
"0/1","20,9","29","99","275,0,612"
"0/1","18,12","30","99","380,0,567"
"0/1","14,12","26","99","364,0,487"
"0/1","13,14","27","99","425,0,442"
"0/1","16,14","30","99","485,0,507"
"0/1","16,14","30","99","477,0,536"
"0/1","10,16","26","99","519,0,300"
"0/1","14,6","20","99","189,0,509"
"0/1","8,13","21","99","432,0,269"
"0/1","13,4","17","66","66,0,479"
"0/1","14,10","24","99","302,0,413"
"0/1","14,6","20","99","187,0,504"
"0/1","17,11","28","99","347,0,519"
"0/1","15,11","26","99","362,0,528"
"0/1","5,9","14","99","318,0,167"
"0/1","11,11","22","99","380,0,347"
"0/1","14,16","30","99","564,0,443"
"0/1","11,12","23","99","387,0,342"
"0/1","9,8","17","99","241,0,283"
"0/1","12,10","22","99","347,0,340"
"0/1","17,10","27","99","321,0,554"
"0/1","17,10","27","99","299,0,551"
"0/1","9,17","26","99","609,0,291"
"0/1","10,11","21","99","372,0,336"
"0/1","21,15","36","99","402,0,692"
"0/1","18,28","46","99","832,0,474"
"0/1","20,28","48","99","791,0,539"
"0/1","12,15","27","99","534,0,329"
"0/1","17,13","30","99","358,0,583"
"0/1","11,13","24","99","416,0,331"
"0/1","19,14","33","99","438,0,668"
"0/1","24,13","37","99","369,0,811"
"0/1","17,12","29","99","379,0,545"
"0/1","20,13","33","99","408,0,659"
"0/1","16,21","37","99","629,0,462"
"0/1","19,17","36","99","510,0,667"
"0/1","11,25","36","99","787,0,308"
"0/1","21,20","41","99","608,0,664"
"0/1","18,15","33","99","501,0,614"
"0/1","7,8","15","99","278,0,242"
"0/1","9,5","14","99","126,0,325"
"0/1","13,11","24","99","368,0,418"
"0/1","9,19","28","99","676,0,218"
"0/1","15,24","39","99","817,0,404"
"0/1","19,21","40","99","549,0,637"
"0/1","10,16","26","99","566,0,322"
"0/1","18,17","35","99","476,0,618"
"0/1","18,16","34","99","544,0,551"
"0/1","8,2","10","53","53,0,270"
"0/1","21,19","40","99","583,0,646"
"0/1","10,18","28","99","635,0,296"
"0/1","19,27","46","99","855,0,470"
"0/1","14,8","22","99","214,0,468"
"0/1","14,8","22","99","212,0,468"
"0/1","7,13","20","99","387,0,195"
"0/1","13,14","27","99","493,0,422"
"0/1","16,16","32","99","476,0,557"
"0/1","15,17","32","99","601,0,408"
"0/1","13,22","35","99","725,0,383"
"0/1","15,10","25","99","327,0,454"
"0/1","11,13","24","99","377,0,238"
"0/1","7,9","16","99","313,0,226"
"0/1","4,6","10","99","209,0,135"
"0/1","15,4","19","99","120,0,370"
"0/1","69,14","83","99","230,0,2245"
"0/1","74,15","89","99","291,0,2368"
"0/1","88,19","107","99","457,0,2632"
"0/0","99,8","107","54","0,54,3130"
"0/1","7,11","18","99","380,0,233"
"0/1","24,14","38","99","414,0,747"
"0/1","20,18","38","99","610,0,653"
"0/1","13,9","22","99","301,0,429"
"0/1","5,13","18","99","469,0,145"
"0/1","11,11","22","99","328,0,329"
"0/1","13,7","21","99","225,0,429"
"0/1","11,10","21","99","309,0,382"
"0/1","8,12","20","99","390,0,265"
"0/1","9,14","23","99","497,0,287"
"0/1","8,12","20","99","399,0,259"
"0/1","13,7","20","99","219,0,468"
"0/1","14,12","26","99","409,0,478"
"0/1","17,14","31","99","461,0,563"
"0/1","19,10","29","99","285,0,648"
"0/1","17,24","41","99","816,0,556"
"0/1","22,21","43","99","713,0,630"
"0/1","14,16","30","99","541,0,414"
"0/1","13,10","23","99","272,0,452"
"0/1","18,10","28","99","322,0,609"
"0/1","11,16","27","99","505,0,330"
"0/1","14,15","29","99","519,0,445"
"0/1","11,9","20","99","299,0,363"
"0/1","9,8","17","99","274,0,312"
"0/1","18,11","29","99","349,0,607"
"0/1","7,7","14","40","164,0,40"
"0/1","14,15","29","99","415,0,384"
"0/1","7,10","17","99","315,0,232"
"0/0","24,0","24","72","0,72,962"
"0/1","11,8","19","99","255,0,389"
"0/0","25,0","26","36","0,36,418"
"0/1","14,30","44","99","1020,0,387"
"0/1","21,8","29","99","220,0,639"
"0/1","13,16","29","99","516,0,445"
"0/1","21,18","39","99","540,0,670"
"0/1","10,15","25","99","485,0,332"
"0/1","10,15","25","99","483,0,327"
"0/1","13,20","33","99","688,0,391"
"0/1","10,21","31","99","711,0,306"
"0/1","21,14","35","99","411,0,657"
"0/1","11,23","34","99","693,0,304"
"0/1","22,16","38","99","462,0,618"
"0/1","25,13","38","99","397,0,751"
"0/1","23,14","37","99","399,0,751"
"0/1","20,23","43","99","654,0,642"
"0/1","18,21","39","99","729,0,579"
"0/1","23,16","39","99","498,0,824"
"0/1","9,15","24","99","466,0,263"
"0/1","13,15","28","99","481,0,409"
"0/1","10,16","26","99","433,0,329"
"0/1","15,12","27","99","362,0,525"
"0/1","9,11","20","99","312,0,274"
"0/1","12,12","24","99","382,0,369"
"0/1","20,14","34","99","426,0,660"
"0/1","25,12","37","99","372,0,796"
"0/1","26,11","37","99","303,0,805"
"0/1","23,10","33","99","292,0,793"
"0/1","22,11","33","99","334,0,611"
"0/1","14,14","28","99","477,0,475"
"0/1","16,10","26","99","332,0,501"
"0/1","26,10","36","99","287,0,929"
"0/1","22,9","31","99","274,0,775"
"0/1","22,9","31","99","238,0,756"
"0/1","25,14","39","99","376,0,764"
"0/1","29,13","42","99","355,0,943"
"0/1","17,15","32","99","442,0,534"
"0/1","12,15","27","99","458,0,341"
"0/1","12,15","27","99","456,0,337"
"0/1","10,9","19","99","308,0,310"
"0/1","10,11","21","99","376,0,307"
"0/1","8,14","22","99","476,0,264"
"0/1","9,14","23","99","488,0,300"
"0/1","10,13","23","99","455,0,302"
"0/1","10,12","22","99","422,0,303"
"0/1","14,15","29","99","511,0,409"
"0/1","13,20","33","99","603,0,403"
"0/1","14,18","32","99","603,0,407"
"0/1","12,12","24","99","421,0,338"
"0/1","11,13","24","99","459,0,351"
"0/1","12,13","25","99","449,0,403"
"0/1","11,11","23","99","345,0,383"
"0/1","13,15","28","99","488,0,414"
"0/1","12,16","28","99","536,0,353"
"0/1","7,12","19","99","423,0,205"
"0/1","5,8","13","99","249,0,155"
"0/1","12,16","28","99","530,0,397"
"0/1","15,10","26","99","288,0,443"
"0/1","14,7","21","99","227,0,435"
"0/1","11,10","22","99","341,0,371"
"0/1","14,10","24","99","297,0,499"
"0/1","10,13","24","99","439,0,332"
"0/1","9,7","16","99","221,0,302"
"0/1","9,6","15","99","195,0,314"
"0/1","9,6","15","99","195,0,313"
"0/1","9,6","15","99","197,0,319"
"0/1","11,7","18","99","228,0,392"
"0/1","12,8","20","99","263,0,420"
"0/1","15,7","22","99","214,0,507"
"0/1","13,9","22","99","267,0,442"
"0/1","13,9","22","99","303,0,432"
"0/1","7,13","20","99","423,0,228"
"0/1","12,10","22","99","324,0,411"
"0/1","13,5","18","99","114,0,472"
"0/1","15,4","19","99","109,0,518"
"0/1","18,4","22","97","97,0,629"
"0/1","18,4","22","99","102,0,620"
"0/1","17,5","22","99","107,0,606"
"0/1","18,5","23","99","102,0,637"
"0/1","14,8","22","99","229,0,490"
"0/1","15,10","25","99","320,0,538"
"0/1","13,12","25","99","341,0,458"
"0/1","13,13","26","99","444,0,365"
"0/1","13,15","28","99","514,0,435"
"0/1","12,14","26","99","448,0,377"
"0/1","8,11","19","99","376,0,265"
"0/1","8,11","19","99","372,0,269"
"0/1","9,8","17","99","274,0,281"
"0/1","10,8","18","99","263,0,315"
"0/1","14,10","24","99","324,0,478"
"0/1","13,11","24","99","369,0,459"
"0/1","13,11","24","99","377,0,454"
"0/1","14,13","27","99","418,0,436"
"0/1","13,12","25","99","308,0,460"
"0/1","10,13","23","99","445,0,332"
"0/1","7,13","20","99","456,0,225"
"0/1","6,11","17","99","315,0,200"
"0/1","5,15","20","99","392,0,156"
"0/1","6,11","17","99","350,0,191"
"0/1","7,10","17","99","285,0,188"
"0/1","11,10","21","99","336,0,372"
"0/1","11,10","21","99","312,0,330"
"0/1","14,16","30","99","517,0,455"
"0/1","14,13","27","99","411,0,477"
"0/1","20,12","32","99","362,0,655"
"0/1","15,11","27","99","362,0,529"
"0/1","14,11","25","99","374,0,441"
"0/1","11,13","24","99","420,0,378"
"0/1","14,8","22","99","261,0,503"
"0/1","17,15","32","99","506,0,506"
"0/1","19,15","34","99","469,0,598"
"0/1","21,14","35","99","415,0,670"
"0/1","18,10","28","99","285,0,643"
"0/1","18,10","28","99","309,0,600"
"0/1","18,13","31","99","392,0,540"
"0/1","14,15","29","99","505,0,437"
"0/1","14,15","29","99","511,0,408"
"0/1","16,17","33","99","573,0,502"
"0/1","20,20","40","99","605,0,610"
"0/1","22,17","39","99","481,0,748"
"0/1","15,16","31","99","550,0,488"
"0/1","16,16","32","99","551,0,512"
"0/1","20,19","39","99","619,0,619"
"0/1","24,16","40","99","526,0,852"
"0/1","20,14","34","99","430,0,699"
"0/1","21,19","40","99","607,0,693"
"0/1","13,10","23","99","335,0,457"
"0/1","10,7","17","99","235,0,346"
"0/1","10,14","25","99","383,0,325"
"0/1","15,18","33","99","624,0,492"
"0/1","15,11","26","99","324,0,517"
"0/1","18,14","32","99","455,0,578"
"0/1","18,16","34","99","515,0,535"
"0/1","14,20","34","99","638,0,450"
"0/1","18,22","40","99","694,0,498"
"0/1","14,14","28","99","445,0,475"
"0/1","13,16","29","99","557,0,394"
"0/1","9,17","26","99","575,0,241"
"1/1","0,7","7","18","239,18,0"
"0/1","14,9","23","99","270,0,458"
"0/1","12,17","29","99","551,0,354"
"0/0","30,0","30","84","0,84,1086"
"0/0","40,2","42","83","0,83,1536"
"0/0","42,2","44","99","0,120,1595"
"0/0","40,3","44","52","0,52,1430"
"0/0","41,3","44","62","0,62,1392"
"0/1","10,10","20","99","340,0,324"
"0/1","8,3","12","90","90,0,150"
"0/0","27,2","32","71","0,71,894"
"0/0","27,2","32","63","0,63,820"
"0/0","31,0","31","75","0,75,957"
"0/1","20,25","45","99","860,0,566"
"0/1","12,12","24","99","417,0,371"
"0/1","8,10","18","99","348,0,268"
"0/1","15,15","30","99","485,0,478"
"0/1","8,3","11","20","20,0,94"
"0/1","15,5","20","99","108,0,548"
"0/1","17,3","20","11","11,0,173"
"0/1","14,5","19","20","20,0,524"
"0/1","7,12","19","99","420,0,222"
"0/0","31,0","31","87","0,87,1160"
"0/0","27,0","27","69","0,69,901"
"0/1","12,23","35","99","704,0,356"
"0/1","14,14","28","99","440,0,447"
"0/1","11,11","22","99","334,0,372"
"0/1","21,13","34","99","401,0,703"
"0/1","15,14","29","99","440,0,528"
"0/1","18,27","45","99","862,0,563"
"0/1","24,16","40","99","416,0,830"
"0/1","9,22","31","99","727,0,272"
"0/1","14,19","33","99","652,0,450"
"0/1","20,16","36","99","538,0,653"
"0/1","16,14","30","99","442,0,456"
"0/1","18,15","33","99","453,0,610"
"0/1","12,12","24","99","322,0,351"
"0/1","18,12","30","99","362,0,632"
"0/1","4,10","14","99","360,0,120"
"0/1","13,17","30","99","601,0,399"
"0/1","9,8","17","99","276,0,307"
"0/1","7,7","14","99","247,0,203"
"0/1","8,10","18","99","347,0,276"
"0/1","10,10","20","99","349,0,295"
"0/1","13,6","19","99","190,0,423"
"0/1","13,11","24","99","302,0,402"
"0/1","18,17","35","99","543,0,525"
"0/1","12,19","31","99","638,0,307"
"0/1","13,21","34","99","732,0,328"
"0/1","16,19","35","99","630,0,456"
"0/1","13,14","27","99","468,0,412"
"0/1","13,10","23","99","338,0,424"
"0/1","14,16","30","99","437,0,434"
"0/1","8,7","15","99","232,0,280"
"0/1","12,10","22","99","343,0,392"
"0/1","16,12","28","99","366,0,567"
"0/1","9,14","23","99","463,0,266"
"0/1","6,7","13","99","250,0,190"
"0/1","2,8","10","52","287,0,52"
"0/1","13,7","20","99","229,0,431"
"0/1","10,9","19","99","309,0,355"
"0/1","14,7","21","99","224,0,513"
"0/1","14,8","22","99","232,0,479"
"0/1","18,12","30","99","336,0,603"
"0/1","13,13","26","99","440,0,367"
"0/1","7,12","19","99","422,0,177"
"0/0","25,0","25","69","0,69,907"
"0/0","25,0","25","69","0,69,904"
"0/1","13,11","24","99","346,0,406"
"0/1","7,13","20","99","429,0,225"
"0/1","16,18","34","23","375,0,23"
"0/1","4,9","13","99","317,0,123"
"0/1","18,24","42","99","781,0,480"
"0/1","20,23","43","99","710,0,647"
"0/1","19,13","32","99","423,0,575"
"0/1","18,17","35","99","541,0,552"
"0/1","17,13","30","99","358,0,508"
"0/1","18,19","37","99","643,0,612"
"0/1","23,19","42","99","562,0,721"
"0/1","20,15","35","99","499,0,619"
"0/1","6,8","14","59","293,0,59"
"0/1","22,7","31","99","140,0,269"
"0/1","16,10","27","50","50,0,202"
"0/1","3,29","34","26","503,0,26"
"0/0","17,0","17","48","0,48,649"
"0/1","18,9","27","99","202,0,600"
"0/1","16,12","28","99","366,0,559"
"0/1","8,9","17","99","311,0,263"
"0/1","18,10","28","99","319,0,647"
"0/1","7,7","14","99","242,0,240"
"0/1","12,8","20","99","237,0,393"
"0/1","10,9","19","99","306,0,316"
"0/1","15,12","27","99","388,0,506"
"0/1","15,16","31","99","521,0,439"
"0/0","28,0","29","75","0,75,975"
"0/1","6,6","12","99","202,0,167"
"0/1","14,7","21","99","186,0,464"
"0/1","16,12","28","99","370,0,484"
"0/1","3,13","16","56","202,0,56"
"1/1","0,15","15","27","336,27,0"
"0/0","21,0","21","51","0,51,643"
"0/1","8,7","18","99","188,0,213"
"0/0","26,0","26","75","0,75,1008"
"0/1","13,10","23","99","327,0,448"
"0/1","14,13","27","99","360,0,486"
"0/1","16,5","21","99","103,0,585"
"0/1","20,7","27","99","107,0,663"
"0/1","19,7","26","99","105,0,661"
"0/1","20,7","27","99","102,0,698"
"0/1","7,13","20","99","427,0,225"
"0/1","12,15","27","99","473,0,363"
"0/1","9,7","16","99","239,0,311"
"0/1","7,7","14","99","243,0,240"
"0/1","17,21","38","99","722,0,565"
"0/1","15,9","24","99","256,0,536"
"0/1","19,15","34","99","347,0,675"
"1/1","0,23","24","69","914,69,0"
"0/1","14,16","30","99","482,0,442"
"0/1","28,19","47","99","556,0,853"
"0/1","31,21","52","99","609,0,1014"
"0/1","11,9","20","99","215,0,313"
"0/1","13,7","20","98","124,0,98"
"0/1","31,7","38","96","96,0,992"
"0/1","10,33","43","99","1040,0,172"
"0/1","11,5","17","69","69,0,120"
"0/1","14,5","19","71","71,0,246"
"0/0","21,0","21","63","0,63,820"
"0/1","12,17","29","99","600,0,366"
"0/0","28,4","32","10","0,10,1004"
"0/1","16,9","25","99","284,0,576"
"0/1","10,21","31","99","639,0,297"
"0/1","15,9","24","99","292,0,545"
"0/1","8,8","16","99","277,0,272"
"0/1","22,11","33","99","299,0,782"
"0/1","14,19","33","99","605,0,411"
"0/1","5,19","24","99","658,0,131"
"0/1","8,13","21","99","434,0,228"
"0/1","13,16","29","99","509,0,367"
"0/1","9,11","20","99","316,0,300"
"0/1","17,15","32","99","416,0,449"
"0/1","3,8","11","86","271,0,86"
"0/1","13,6","19","99","179,0,448"
"0/1","8,9","17","99","272,0,264"
"0/1","17,11","28","99","356,0,513"
"0/1","10,12","22","99","421,0,307"
"0/1","17,16","33","99","488,0,507"
"0/1","17,15","32","99","499,0,531"
"0/1","18,17","35","99","541,0,552"
"0/1","14,10","24","99","294,0,417"
"0/1","15,9","24","99","276,0,422"
"0/1","10,10","20","99","289,0,337"
"0/1","12,11","23","99","314,0,374"
"0/1","9,13","22","99","403,0,259"
"0/1","13,12","25","99","289,0,370"
"0/1","14,8","22","99","251,0,454"
"0/1","11,19","30","99","641,0,281"
"0/1","29,12","41","99","312,0,814"
"0/1","24,13","37","99","284,0,779"
"0/1","18,13","31","99","345,0,599"
"0/1","12,15","27","99","480,0,281"
"0/1","10,13","23","99","360,0,290"
"0/1","11,12","23","99","398,0,296"
"0/1","8,5","13","99","160,0,253"
"0/1","11,9","20","99","284,0,349"
"0/0","19,0","19","57","0,57,721"
"0/0","19,0","19","57","0,57,717"
"0/0","24,0","24","72","0,72,896"
"0/0","25,0","25","75","0,75,955"
"0/1","15,11","26","99","310,0,492"
"0/1","18,8","26","99","233,0,605"
"0/1","18,5","23","99","121,0,605"
"0/0","23,0","23","69","0,69,902"
"0/0","25,0","25","75","0,75,965"
"0/0","24,0","24","69","0,69,894"
"0/1","15,5","20","94","94,0,470"
"0/1","9,12","21","99","337,0,232"
"0/0","22,0","22","60","0,60,771"
"0/0","23,0","23","60","0,60,786"
"0/1","14,7","21","99","208,0,395"
"0/1","6,13","19","99","394,0,188"
"0/0","16,0","16","45","0,45,602"
"0/0","16,0","16","45","0,45,586"
"0/0","16,0","16","45","0,45,600"
"0/1","12,9","21","99","236,0,384"
"0/1","14,22","36","99","687,0,408"
"0/1","13,17","30","99","430,0,416"
"0/1","10,13","23","99","402,0,317"
"0/1","14,12","26","99","395,0,459"
"0/1","18,13","31","99","382,0,589"
"0/1","9,12","22","99","399,0,246"
"0/1","8,11","19","99","314,0,257"
"0/1","9,12","21","99","356,0,296"
"0/1","12,10","22","99","303,0,349"
"0/1","16,15","31","99","465,0,520"
"0/1","15,17","32","99","535,0,474"
"0/1","11,13","24","99","407,0,320"
"0/1","16,13","29","99","429,0,469"
"0/1","9,10","20","99","259,0,311"
"0/1","14,15","29","99","473,0,430"
"0/1","16,19","35","99","578,0,406"
"0/1","12,15","27","99","509,0,378"
"0/1","18,11","29","99","341,0,603"
"0/1","19,13","32","99","338,0,526"
"0/1","12,14","27","99","453,0,305"
"0/1","23,13","36","99","388,0,803"
"0/0","31,0","31","90","0,90,1129"
"0/0","25,0","25","63","0,63,778"
"0/0","22,0","22","63","0,63,804"
"0/0","24,0","24","66","0,66,847"
"0/1","9,15","24","99","471,0,254"
"0/0","29,0","29","78","0,78,1020"
"0/0","35,0","35","99","0,99,1291"
"0/1","13,19","32","99","653,0,409"
"0/1","8,16","24","99","565,0,199"
"0/1","8,17","25","99","545,0,242"
"0/1","15,17","32","99","594,0,474"
"0/1","20,17","37","99","547,0,632"
"0/1","10,9","19","99","312,0,315"
"0/1","13,12","26","99","396,0,414"
"0/1","18,9","27","99","286,0,589"
"0/1","16,14","30","99","440,0,510"
"0/1","16,14","30","99","381,0,491"
"0/1","16,12","28","99","294,0,484"
"0/1","15,24","39","99","682,0,460"
"0/1","32,14","48","99","307,0,850"
"0/1","9,15","24","99","507,0,294"
"0/1","17,25","42","99","785,0,493"
"0/1","13,13","26","99","455,0,411"
"0/1","7,17","24","99","595,0,156"
"0/1","21,16","37","99","496,0,672"
"0/1","17,17","34","99","569,0,555"
"0/1","8,16","24","99","522,0,217"
"0/1","9,11","20","99","344,0,307"
"0/1","9,10","19","99","343,0,263"
"0/0","26,0","26","78","0,78,1026"
"0/1","11,15","26","99","522,0,366"
"0/1","13,13","26","99","457,0,383"
"0/1","15,12","27","99","298,0,497"
"0/1","11,15","26","99","495,0,334"
"0/1","11,14","25","99","495,0,365"
"0/0","21,0","21","57","0,57,769"
"0/0","20,0","20","54","0,54,731"
"0/1","10,16","26","99","530,0,324"
"0/1","20,17","39","99","532,0,624"
"0/1","56,11","67","99","241,0,1784"
"0/1","28,7","35","99","136,0,925"
"0/1","49,18","67","99","515,0,1526"
"0/1","36,12","48","99","306,0,1159"
"0/1","40,13","53","99","337,0,1239"
"0/1","20,7","27","72","72,0,706"
"0/1","7,12","19","99","390,0,223"
"0/1","11,12","23","99","383,0,368"
"0/1","9,17","26","99","565,0,231"
"0/1","6,6","12","99","204,0,208"
"0/1","6,8","14","99","285,0,208"
"0/1","7,11","18","99","371,0,174"
"0/1","19,13","32","99","419,0,577"
"0/1","14,18","32","99","547,0,456"
"0/1","11,11","22","99","380,0,347"
"0/1","12,14","26","99","396,0,404"
"0/1","25,20","45","99","631,0,818"
"0/1","23,19","42","99","631,0,768"
"0/1","14,9","23","99","291,0,464"
"0/0","32,0","32","93","0,93,1235"
"0/1","21,12","33","99","350,0,607"
"0/1","10,12","22","99","415,0,270"
"0/1","17,15","32","99","511,0,519"
"0/1","10,25","35","99","877,0,278"
"0/1","15,11","26","99","384,0,467"
"0/1","13,16","30","99","545,0,427"
"0/1","18,19","37","99","593,0,536"
"0/1","14,13","27","99","435,0,464"
"0/1","11,15","26","99","459,0,307"
"0/1","16,25","41","99","810,0,419"
"0/1","17,14","31","99","437,0,404"
"0/1","13,29","42","99","848,0,291"
"0/1","13,14","27","99","449,0,407"
"0/1","14,16","30","99","546,0,476"
"0/1","18,16","34","99","543,0,556"
"0/1","8,17","25","99","535,0,248"
"0/1","17,6","23","99","174,0,596"
"0/1","7,11","18","99","364,0,194"
"0/1","12,13","25","99","422,0,367"
"0/1","15,14","29","99","352,0,480"
"0/1","15,15","30","99","484,0,441"
"0/1","8,10","18","99","343,0,219"
"0/1","10,11","21","99","390,0,302"
"0/1","10,6","16","99","186,0,358"
"0/1","10,3","13","83","83,0,326"
"0/1","14,22","36","99","701,0,405"
"0/1","18,14","32","99","367,0,508"
"0/1","15,10","25","99","289,0,511"
"0/1","15,13","28","99","441,0,476"
"0/1","19,15","34","99","500,0,608"
"0/1","8,8","16","99","285,0,186"
"0/1","7,4","11","99","99,0,169"
"0/1","7,8","15","99","249,0,208"
"0/1","19,15","34","99","468,0,609"
"0/1","19,15","34","99","430,0,654"
"0/1","11,22","33","99","605,0,318"
"0/1","10,18","28","99","592,0,225"
"0/0","9,0","9","15","0,15,202"
"0/1","14,14","28","99","479,0,452"
"0/1","12,14","26","99","415,0,368"
"0/1","12,14","26","99","442,0,354"
"0/1","15,18","33","99","622,0,502"
"0/1","11,7","18","99","218,0,372"
"0/1","16,15","31","99","453,0,542"
"0/0","27,0","27","75","0,75,1011"
"0/1","16,20","36","99","565,0,504"
"0/1","19,9","28","99","220,0,606"
"0/1","13,14","27","99","479,0,403"
"0/1","12,19","31","99","642,0,347"
"0/0","27,0","27","78","0,78,1050"
"0/1","19,20","39","99","641,0,646"
"0/1","8,7","15","99","237,0,281"
"0/0","28,0","28","81","0,81,1070"
"0/1","17,23","40","99","782,0,560"
"0/0","23,0","23","69","0,69,881"
"0/1","9,9","18","99","319,0,231"
"0/1","15,13","29","99","353,0,487"
"0/1","12,11","23","99","378,0,420"
"0/1","13,11","24","99","377,0,418"
"0/1","10,7","18","99","223,0,320"
"0/1","7,7","14","99","233,0,247"
"0/1","24,23","47","99","717,0,743"
"0/1","12,11","23","99","368,0,339"
"0/1","23,20","43","99","615,0,751"
"0/1","16,14","30","99","428,0,510"
"0/0","10,0","10","30","0,30,371"
"0/1","14,12","26","99","369,0,387"
"0/1","22,20","42","99","668,0,668"
"0/1","12,9","21","99","309,0,389"
"0/1","18,17","35","99","445,0,609"
"0/1","12,18","30","99","605,0,349"
"0/1","11,16","27","99","572,0,356"
"0/1","16,14","30","99","475,0,477"
"0/1","11,18","29","99","606,0,301"
"0/1","20,20","40","99","643,0,605"
"0/1","16,12","28","99","342,0,573"
"0/1","20,26","46","99","752,0,621"
"0/1","15,12","27","99","378,0,465"
"0/1","10,15","25","99","508,0,327"
"0/1","13,11","24","99","318,0,374"
"0/1","17,23","40","99","771,0,574"
"0/1","16,17","33","99","530,0,456"
"0/1","18,19","37","99","639,0,527"
"0/1","16,14","30","99","372,0,471"
"0/1","14,10","24","99","266,0,449"
"0/1","12,12","24","99","362,0,403"
"0/1","7,11","18","99","316,0,231"
"1/1","1,37","38","80","1342,80,0"
"0/1","11,18","29","99","411,0,278"
"0/1","21,20","41","99","605,0,660"
"0/0","45,0","45","99","0,126,1657"
"0/1","23,17","40","99","525,0,675"
"0/1","23,7","30","57","57,0,746"
"0/1","26,7","33","99","102,0,795"
"0/1","5,9","14","99","322,0,161"
"0/1","16,16","33","99","544,0,537"
"0/1","18,18","36","99","585,0,534"
"0/1","22,6","28","97","97,0,740"
"0/1","23,5","28","61","61,0,754"
"0/1","13,14","27","99","448,0,429"
"1/1","0,22","22","60","806,60,0"
"0/1","6,17","23","99","556,0,175"
"0/1","4,12","16","99","370,0,123"
"0/1","15,10","25","99","338,0,493"
"0/1","13,6","19","99","188,0,449"
"0/1","20,14","34","99","417,0,670"
"0/1","10,13","23","99","430,0,335"
"0/1","17,12","29","99","399,0,604"
"0/1","13,15","28","99","486,0,414"
"0/1","12,14","26","99","449,0,406"
"0/1","24,13","37","99","385,0,753"
"0/1","21,9","30","99","223,0,657"
"0/1","30,18","48","99","532,0,933"
"0/1","30,9","39","99","146,0,1023"
"0/1","31,9","40","99","123,0,1062"
"0/1","22,6","28","99","122,0,782"
"0/1","20,6","27","99","162,0,721"
"0/1","23,5","28","99","112,0,787"
"0/1","10,14","24","99","497,0,337"
"0/1","10,12","22","99","340,0,333"
"0/1","14,10","24","99","220,0,492"
"0/1","14,11","25","99","359,0,435"
"0/1","5,12","17","99","398,0,157"
"0/0","13,2","15","4","0,4,384"
"0/1","9,12","21","99","426,0,298"
"0/1","14,14","28","99","440,0,444"
"0/1","18,21","39","99","675,0,553"
"0/1","5,7","12","99","248,0,167"
"0/1","13,13","26","99","458,0,411"
"0/1","16,16","32","99","407,0,509"
"0/0","29,0","29","81","0,81,1072"
"0/1","19,14","33","99","394,0,669"
"0/1","21,18","39","99","547,0,662"
"0/1","22,6","28","99","144,0,748"
"0/1","16,12","28","99","400,0,414"
"0/1","19,20","39","99","592,0,592"
"0/1","14,15","29","99","476,0,423"
"0/1","9,20","29","99","617,0,283"
"0/1","16,16","32","99","469,0,443"
"0/1","12,13","25","99","397,0,339"
"0/1","16,20","36","99","661,0,514"
"0/1","17,11","28","99","329,0,559"
"0/1","15,14","29","99","442,0,498"
"0/1","9,17","26","99","534,0,290"
"0/1","17,17","34","99","525,0,542"
"0/1","6,13","19","99","476,0,117"
"0/1","13,4","18","78","78,0,481"
"0/0","14,0","14","39","0,39,513"
"0/1","11,8","19","99","266,0,383"
"0/1","4,9","13","99","281,0,124"
"0/1","6,8","14","99","260,0,205"
"0/1","8,5","13","99","166,0,248"
"1/1","0,19","19","54","713,54,0"
"0/1","7,9","16","99","259,0,221"
"0/1","7,9","16","99","241,0,238"
"0/1","9,9","18","99","269,0,296"
"0/1","4,17","21","99","535,0,108"
"0/1","9,17","26","99","511,0,207"
"0/1","5,7","12","99","246,0,167"
"0/1","13,19","32","99","550,0,339"
"0/1","20,17","37","99","462,0,603"
"0/1","19,6","25","99","123,0,697"
"0/1","29,7","36","97","97,0,1041"
"0/1","16,6","22","99","176,0,547"
"0/0","38,0","38","93","0,93,1212"
"0/1","27,4","31","58","58,0,916"
"0/1","12,10","22","99","346,0,368"
"0/1","24,3","27","33","33,0,812"
"0/1","21,3","24","42","42,0,730"
"0/1","21,3","24","51","51,0,720"
"0/1","33,3","36","28","28,0,988"
"0/0","39,0","40","96","0,96,1256"
"0/0","23,0","23","69","0,69,908"
"0/1","12,21","33","99","650,0,386"
"0/1","14,16","30","99","509,0,428"
"0/1","43,5","48","47","47,0,1298"
"0/1","9,7","16","99","194,0,321"
"0/1","11,10","21","99","347,0,349"
"0/1","46,19","65","99","325,0,1332"
"0/1","52,14","66","99","267,0,1581"
"0/1","29,16","45","99","475,0,780"
"0/1","10,8","18","99","273,0,355"
"0/1","12,17","29","99","443,0,372"
"0/1","13,11","24","99","332,0,371"
"0/1","7,20","27","99","565,0,199"
"0/1","7,21","28","99","697,0,186"
"0/1","9,14","23","99","498,0,179"
"0/1","12,13","25","99","434,0,363"
"0/1","18,21","40","99","550,0,601"
"0/1","22,15","37","99","427,0,678"
"0/1","23,12","35","99","325,0,712"
"0/1","32,37","69","99","996,0,881"
"0/1","9,9","18","99","313,0,274"
"0/1","8,4","13","99","127,0,288"
"0/1","9,8","17","99","277,0,284"
"0/1","4,10","14","99","330,0,126"
"0/1","11,10","21","99","339,0,366"
"0/1","6,9","15","99","290,0,200"
"0/1","8,10","18","99","321,0,245"
"0/1","17,22","39","99","645,0,383"
"0/1","14,9","23","99","303,0,459"
"0/1","23,12","35","99","380,0,740"
"0/1","15,17","32","99","495,0,501"
"0/1","17,16","33","99","422,0,462"
"0/1","17,19","36","99","658,0,521"
"0/1","14,18","32","99","536,0,429"
"0/1","19,15","34","99","495,0,552"
"0/1","17,16","33","99","519,0,506"
"0/1","11,14","25","99","465,0,346"
"0/1","12,11","23","99","378,0,311"
"0/1","11,13","24","99","345,0,359"
"0/1","13,10","23","99","319,0,381"
"0/1","18,9","27","99","242,0,560"
"0/1","6,11","18","69","357,0,69"
"0/1","15,13","28","99","434,0,396"
"0/1","16,20","36","99","596,0,481"
"0/1","14,15","29","99","475,0,439"
"0/1","16,6","22","99","172,0,537"
"0/1","9,8","17","99","235,0,306"
"0/1","15,13","28","99","425,0,446"
"0/1","15,24","39","99","712,0,450"
"0/1","16,16","32","99","428,0,424"
"0/1","12,6","18","4","4,0,357"
"0/1","10,11","21","99","323,0,279"
"0/1","14,19","33","99","631,0,448"
"0/1","17,18","35","99","609,0,524"
"0/1","16,17","34","99","554,0,548"
"0/1","11,13","24","99","388,0,363"
"0/1","12,24","36","99","798,0,341"
"0/1","9,19","28","99","596,0,213"
"0/0","18,1","20","17","0,17,645"
"0/0","17,1","20","11","0,11,573"
"0/0","18,0","20","51","0,51,694"
"0/0","19,0","22","54","0,54,702"
"0/0","20,1","22","14","0,14,635"
"0/1","17,17","34","99","435,0,423"
"0/0","17,1","18","11","0,11,564"
"0/0","42,0","43","99","0,99,1276"
"0/1","8,8","16","99","275,0,201"
"0/0","13,0","13","27","0,27,361"
"0/1","20,11","33","99","148,0,342"
"0/1","12,14","26","99","488,0,367"
"0/1","18,18","36","99","498,0,431"
"0/0","8,0","13","21","0,21,256"
"0/1","9,16","25","99","522,0,285"
"0/1","11,8","19","99","254,0,371"
"0/0","43,1","44","53","0,53,961"
"0/1","12,12","24","99","414,0,417"
"0/1","10,15","25","99","502,0,331"
"0/1","10,18","28","99","531,0,298"
"0/1","10,17","27","99","480,0,297"
"0/0","44,0","44","99","0,132,1748"
"0/1","20,15","35","99","455,0,612"
"0/1","19,17","36","99","520,0,598"
"0/1","7,13","20","99","421,0,220"
"0/1","10,13","23","99","423,0,272"
"0/1","15,9","24","99","300,0,504"
"0/1","15,11","26","99","366,0,530"
"0/1","9,13","22","99","386,0,273"
"0/1","12,12","24","99","414,0,402"
"0/1","9,17","26","99","577,0,281"
"0/1","17,6","23","99","180,0,529"
"0/1","12,12","24","99","368,0,403"
"0/1","16,9","25","99","289,0,525"
"0/1","12,13","25","99","390,0,357"
"0/1","13,19","32","99","629,0,431"
"0/1","10,13","23","99","410,0,325"
"0/1","10,12","22","99","387,0,341"
"0/1","9,8","17","99","273,0,303"
"0/1","12,20","32","99","659,0,392"
"0/1","15,16","31","99","490,0,475"
"0/1","13,12","25","99","412,0,420"
"0/1","10,18","29","99","499,0,220"
"0/1","39,10","49","63","63,0,812"
"0/0","48,0","48","99","0,132,1732"
"0/1","16,16","32","99","479,0,512"
"0/0","35,0","35","99","0,105,1388"
"0/0","36,0","36","99","0,108,1419"
"0/0","35,2","37","72","0,72,1238"
"0/1","11,14","25","99","461,0,336"
"0/0","42,1","43","62","0,62,1236"
"0/1","10,34","44","99","861,0,243"
"0/1","15,19","34","99","496,0,478"
"0/1","19,10","29","99","173,0,456"
"0/1","20,16","36","99","439,0,621"
"0/1","11,18","29","99","589,0,303"
"0/1","22,18","40","99","590,0,626"
"0/1","12,10","22","99","292,0,352"
"0/1","8,10","18","99","356,0,235"
"0/1","14,11","25","99","362,0,474"
"0/1","12,4","16","99","114,0,444"
"0/1","8,14","22","99","433,0,236"
"0/1","10,14","24","99","443,0,267"
"0/1","11,14","25","99","466,0,329"
"0/1","8,8","16","99","279,0,272"
"0/1","11,14","25","99","427,0,300"
"0/1","13,14","27","99","434,0,395"
"0/1","17,22","39","99","648,0,464"
"0/1","10,9","19","99","278,0,349"
"0/1","16,23","39","99","755,0,438"
"0/1","13,5","18","99","142,0,432"
"0/1","9,20","29","99","700,0,253"
"0/1","21,11","33","99","315,0,500"
"0/1","15,13","28","99","321,0,509"
"0/1","17,17","34","99","559,0,522"
"0/1","17,20","37","99","547,0,522"
"0/1","12,15","27","99","512,0,394"
"0/1","17,21","38","99","725,0,564"
"0/1","11,13","24","99","451,0,374"
"0/1","12,18","30","99","621,0,392"
"0/1","15,21","36","99","722,0,486"
"0/1","18,14","32","99","428,0,564"
"0/1","16,16","32","99","490,0,480"
"0/1","15,7","22","43","43,0,278"
"0/1","13,15","28","99","420,0,375"
"0/1","10,8","18","99","245,0,319"
"1/1","1,24","25","63","830,63,0"
"0/1","18,22","40","99","687,0,605"
"0/1","21,15","36","99","442,0,642"
"0/0","9,0","9","21","0,21,261"
"0/1","20,18","39","99","546,0,455"
"0/1","10,25","35","99","853,0,294"
"0/1","10,11","21","99","304,0,318"
"0/1","16,5","21","99","140,0,561"
"0/1","17,12","29","99","400,0,540"
"0/1","9,11","20","99","389,0,302"
"0/1","11,13","24","99","408,0,308"
"0/1","13,14","27","99","457,0,413"
"0/1","14,10","24","99","334,0,439"
"0/1","8,10","18","99","303,0,258"
"0/1","12,12","25","99","335,0,376"
"0/1","12,14","26","99","421,0,289"
"0/1","13,14","27","99","433,0,399"
"0/1","14,19","33","99","595,0,441"
"0/1","19,11","30","99","315,0,625"
"0/1","9,7","16","99","225,0,311"
"0/1","16,10","26","99","337,0,500"
"0/1","21,19","40","99","649,0,660"
"0/1","4,9","13","99","213,0,135"
"0/1","11,10","21","99","252,0,385"
"0/1","18,10","28","99","238,0,607"
"0/1","12,20","32","99","691,0,388"
"0/1","9,5","14","99","161,0,281"
"0/1","8,9","17","99","282,0,242"
"0/1","9,5","14","99","167,0,243"
"0/1","11,14","25","99","427,0,346"
"0/1","12,14","26","99","486,0,372"
"0/1","8,14","22","99","508,0,217"
"0/1","8,12","20","99","424,0,228"
"0/0","32,0","32","87","0,87,1165"
"0/1","13,18","31","99","553,0,436"
"0/1","13,15","28","99","451,0,454"
"0/1","10,10","20","99","349,0,315"
"0/1","6,13","19","99","454,0,183"
"0/1","10,19","29","99","621,0,324"
"0/1","8,17","25","99","584,0,252"
"0/1","8,15","23","99","550,0,186"
"0/1","10,24","34","99","708,0,302"
"0/1","6,14","20","99","502,0,148"
"0/1","17,11","28","99","352,0,561"
"0/1","8,8","16","99","240,0,279"
"0/1","51,14","65","99","313,0,1644"
"0/1","11,17","28","99","576,0,324"
"1/1","1,11","13","27","322,27,0"
"0/1","9,13","22","99","406,0,293"
"0/1","12,17","29","99","499,0,388"
"0/1","13,15","28","99","488,0,437"
"0/1","9,12","21","99","380,0,306"
"0/1","7,11","18","99","344,0,232"
"0/1","9,11","20","99","384,0,273"
"0/1","15,22","37","99","733,0,459"
"0/1","15,17","32","99","527,0,470"
"0/1","16,18","34","99","585,0,481"
"0/1","16,18","34","99","588,0,478"
"0/1","16,20","36","99","643,0,476"
"0/1","15,10","25","99","318,0,429"
"0/0","32,0","32","78","0,78,996"
"0/1","11,9","20","99","312,0,347"
"0/1","14,10","24","99","320,0,501"
"0/1","11,14","25","99","472,0,361"
"0/1","11,14","25","99","413,0,367"
"0/1","37,9","46","99","146,0,1210"
"0/1","37,9","46","99","143,0,1129"
"0/1","37,9","46","99","107,0,1215"
"0/1","16,11","27","99","299,0,467"
"0/1","23,8","31","99","231,0,809"
"0/1","24,8","32","99","226,0,826"
"0/1","19,7","26","99","199,0,628"
"0/1","48,8","56","99","127,0,1715"
"0/1","50,8","58","99","130,0,1706"
"0/1","47,7","54","99","106,0,1678"
"0/1","32,6","38","96","96,0,1049"
"0/1","31,6","37","88","88,0,1042"
"0/1","34,6","40","85","85,0,1131"
"0/1","32,6","39","71","71,0,1040"
"0/1","27,6","33","99","147,0,931"
"0/1","20,6","26","99","124,0,635"
"0/1","16,17","33","99","524,0,526"
"0/1","26,8","34","99","215,0,861"
"0/1","21,9","36","99","266,0,732"
"0/1","27,9","36","99","226,0,896"
"0/1","27,10","37","99","300,0,893"
"0/1","30,11","41","99","332,0,991"
"0/1","29,11","40","99","304,0,925"
"0/1","29,11","40","99","348,0,893"
"0/1","36,9","45","99","102,0,1254"
"0/1","42,11","53","99","128,0,1396"
"0/1","42,11","53","99","152,0,1382"
"0/1","44,11","55","99","156,0,1438"
"0/1","32,13","45","99","244,0,1078"
"0/1","16,7","23","99","125,0,572"
"0/1","19,5","24","84","84,0,679"
"0/1","20,6","26","74","74,0,715"
"0/1","19,6","25","77","77,0,694"
"0/1","26,7","33","96","96,0,882"
"0/1","24,7","31","99","115,0,813"
"0/1","25,7","32","99","117,0,814"
"0/1","14,12","26","99","345,0,456"
"0/1","10,11","21","99","300,0,322"
"0/1","13,25","38","99","711,0,414"
"0/1","24,11","35","99","345,0,813"
"0/1","17,25","42","99","838,0,559"
"0/1","24,23","47","99","777,0,503"
"0/1","15,11","26","99","355,0,505"
"0/1","11,12","23","99","376,0,376"
"0/1","8,14","22","99","445,0,208"
"0/1","10,10","20","99","254,0,334"
"0/1","12,21","33","99","726,0,386"
"0/1","16,9","25","99","217,0,155"
"0/1","16,20","36","99","629,0,501"
"0/1","16,17","33","99","533,0,531"
"0/0","15,0","15","42","0,42,566"
"0/1","19,11","30","99","291,0,509"
"0/0","22,0","22","54","0,54,715"
"0/1","14,13","27","99","354,0,378"
"0/1","34,5","39","32","32,0,1093"
"0/1","30,5","35","44","44,0,974"
"0/1","20,8","28","99","253,0,581"
"0/1","10,15","25","99","460,0,282"
"0/0","27,0","27","69","0,69,918"
"0/1","11,10","21","99","290,0,310"
"1/1","2,20","22","16","636,16,0"
"0/1","11,13","24","99","364,0,349"
"0/1","20,18","38","99","576,0,647"
"0/1","17,19","36","99","603,0,469"
"0/1","20,21","41","99","698,0,613"
"0/1","9,4","14","25","25,0,93"
"0/0","24,2","26","63","0,63,791"
"0/1","20,16","36","99","529,0,659"
"0/1","19,15","34","99","499,0,605"
"0/0","30,0","30","84","0,84,1087"
"0/0","37,1","38","99","0,105,1387"
"0/0","39,0","39","99","0,108,1398"
"0/1","13,7","21","99","208,0,383"
"0/1","15,14","29","99","473,0,435"
"0/1","11,14","25","99","489,0,338"
"0/1","14,11","25","99","335,0,454"
"0/0","37,3","40","71","0,71,1249"
"0/0","37,0","39","99","0,99,1295"
"0/0","38,0","40","96","0,96,1249"
"0/0","38,2","40","99","0,99,1306"
"0/0","34,2","37","46","0,46,926"
"0/0","32,1","33","53","0,53,1138"
"0/0","35,1","36","56","0,56,1175"
"0/0","38,1","40","68","0,68,1296"
"0/0","39,2","41","68","0,68,1350"
"0/0","42,1","43","83","0,83,1562"
"0/0","41,1","42","80","0,80,1497"
"0/1","14,14","28","99","490,0,472"
"0/1","19,13","32","99","347,0,666"
"0/1","14,12","26","99","401,0,486"
"0/1","16,10","26","99","332,0,526"
"0/1","13,15","29","99","474,0,411"
"0/1","17,10","27","99","314,0,548"
"0/1","16,10","26","99","238,0,537"
"0/1","14,13","27","99","223,0,423"
"0/1","11,18","29","99","605,0,344"
"0/1","17,17","34","99","541,0,537"
"0/1","19,13","32","99","335,0,555"
"0/1","3,8","11","61","175,0,61"
"0/1","4,7","11","80","223,0,80"
"0/1","21,14","35","99","413,0,648"
"0/1","12,8","20","99","267,0,388"
"0/1","10,15","26","99","547,0,277"
"0/1","13,4","17","99","108,0,485"
"0/1","11,11","22","99","336,0,393"
"0/0","19,0","19","51","0,51,672"
"0/1","5,9","14","99","301,0,140"
"0/1","14,17","31","99","455,0,445"
"0/1","13,17","30","99","590,0,364"
"0/1","14,9","23","99","299,0,429"
"0/1","8,16","24","99","527,0,257"
"0/1","18,21","39","99","733,0,551"
"0/1","9,13","22","99","420,0,271"
"0/1","23,13","36","99","389,0,613"
"0/1","17,17","34","99","517,0,538"
"0/0","9,0","9","15","0,15,209"
"0/1","12,9","21","99","298,0,387"
"0/0","19,1","20","42","0,42,535"
"0/1","15,11","26","99","330,0,481"
"0/1","23,17","40","99","490,0,776"
"0/1","17,19","36","99","616,0,561"
"0/1","19,20","39","99","633,0,601"
"0/1","10,25","35","99","817,0,256"
"0/1","14,9","23","99","280,0,461"
"0/1","14,9","23","99","247,0,429"
"0/1","5,8","13","99","203,0,154"
"0/1","13,11","24","99","306,0,395"
"0/1","16,14","30","99","472,0,505"
"0/1","7,8","15","99","248,0,247"
"0/1","10,12","22","99","369,0,297"
"0/1","14,10","24","99","295,0,502"
"0/1","13,15","28","99","520,0,411"
"0/0","21,0","21","63","0,63,834"
"0/1","13,10","23","99","268,0,334"
"0/1","7,10","17","99","353,0,232"
"0/1","7,7","14","99","217,0,206"
"0/1","6,9","15","99","291,0,166"
"0/1","9,12","21","99","400,0,258"
"0/1","11,17","28","99","539,0,292"
"0/1","5,13","18","99","436,0,149"
"0/1","17,8","25","99","205,0,597"
"0/1","11,13","24","99","448,0,315"
"0/1","17,15","32","99","486,0,439"
"0/1","19,12","31","99","314,0,610"
"0/0","18,0","18","42","0,42,540"
"0/1","13,18","31","99","423,0,252"
"0/1","16,8","24","99","258,0,530"
"0/1","12,15","27","99","431,0,362"
"0/1","12,19","31","99","520,0,303"
"0/1","18,14","32","99","398,0,470"
"0/1","15,14","29","99","456,0,494"
"0/1","18,18","36","99","551,0,541"
"0/1","17,19","36","99","605,0,540"
"0/1","14,18","32","99","527,0,460"
"0/1","12,14","26","99","465,0,385"
"0/1","41,7","48","57","57,0,1244"
"0/1","14,12","26","99","367,0,471"
"0/1","15,10","25","99","295,0,534"
"0/1","16,21","37","99","648,0,515"
"0/1","9,16","25","99","544,0,287"
"0/1","7,14","21","99","486,0,219"
"0/1","17,18","35","99","595,0,510"
"0/0","33,0","34","93","0,93,1253"
"0/1","20,18","38","99","541,0,685"
"0/1","14,14","28","99","454,0,437"
"0/1","13,13","26","99","451,0,430"
"0/1","11,11","22","99","362,0,380"
"0/1","20,11","31","99","304,0,675"
"0/1","6,14","20","99","503,0,180"
"0/1","14,6","20","99","180,0,507"
"0/1","10,11","21","99","387,0,313"
"0/1","10,10","20","99","342,0,316"
"1/1","0,20","20","57","777,57,0"
"0/1","15,7","22","99","216,0,547"
"0/1","23,10","33","99","255,0,826"
"0/1","6,23","29","99","845,0,148"
"0/1","5,14","19","99","465,0,146"
"0/1","14,5","19","99","146,0,468"
"0/1","9,10","19","99","344,0,309"
"0/1","10,15","25","99","467,0,303"
"0/1","11,11","22","99","380,0,372"
"0/1","9,10","19","99","350,0,307"
"0/1","6,5","11","99","167,0,169"
"0/1","4,9","13","99","305,0,126"
"0/1","11,15","26","99","427,0,357"
"0/1","15,17","32","99","532,0,452"
"0/1","15,12","27","99","407,0,489"
"0/1","9,5","14","99","165,0,319"
"0/1","14,18","32","99","624,0,445"
"0/1","10,17","27","99","613,0,283"
"0/1","8,8","16","99","273,0,199"
"0/1","14,14","28","99","371,0,446"
"0/1","16,14","30","99","469,0,564"
"0/1","16,17","33","99","570,0,544"
"0/1","13,8","21","99","263,0,451"
"0/1","12,17","29","99","590,0,385"
"0/1","12,7","19","99","171,0,430"
"0/1","22,7","29","99","193,0,789"
"0/1","14,17","32","99","548,0,430"
"0/1","19,19","38","99","598,0,579"
"0/1","22,18","40","99","454,0,734"
"0/1","17,18","35","99","383,0,528"
"0/1","12,22","34","99","718,0,351"
"0/1","17,18","35","99","524,0,570"
"0/1","22,13","35","99","377,0,678"
"1/1","1,7","8","15","176,15,0"
"0/1","11,12","23","99","399,0,366"
"0/1","11,11","22","99","347,0,381"
"0/1","11,11","22","99","350,0,325"
"0/1","7,12","19","99","391,0,225"
"0/1","14,11","25","99","309,0,492"
"0/1","16,11","27","99","318,0,476"
"0/1","14,15","29","99","521,0,438"
"0/1","15,11","26","99","327,0,474"
"0/1","16,15","31","99","459,0,541"
"0/1","22,16","38","99","502,0,706"
"0/1","14,8","22","99","251,0,434"
"0/1","15,16","31","99","472,0,468"
"0/1","18,8","26","99","247,0,574"
"0/1","22,12","34","99","368,0,744"
"0/1","12,14","26","99","466,0,361"
"0/1","14,12","26","99","353,0,463"
"0/1","15,12","27","99","400,0,484"
"0/1","14,13","27","99","384,0,428"
"0/1","14,21","35","99","661,0,397"
"0/1","11,15","26","99","483,0,359"
"0/1","19,8","27","99","228,0,669"
"0/1","7,10","18","99","274,0,223"
"0/1","13,15","28","99","517,0,402"
"0/1","12,10","22","99","304,0,420"
"0/1","11,8","19","99","269,0,392"
"0/1","12,16","28","99","551,0,400"
"0/1","20,19","39","99","579,0,629"
"0/1","11,14","25","99","445,0,352"
"0/1","11,13","24","99","409,0,341"
"0/1","13,9","22","99","238,0,435"
"0/1","8,14","22","99","493,0,254"
"0/1","7,15","22","99","540,0,204"
"0/1","13,3","16","75","75,0,459"
"0/1","9,8","17","99","203,0,284"
"0/1","10,13","23","99","379,0,341"
"0/1","6,13","19","99","405,0,182"
"0/1","6,18","25","99","540,0,176"
"0/1","15,16","31","99","526,0,504"
"0/1","22,18","40","99","612,0,686"
"0/1","20,9","29","99","237,0,639"
"0/1","8,22","30","99","755,0,230"
"0/1","13,17","30","99","573,0,260"
"0/1","16,15","31","99","506,0,518"
"0/1","13,23","36","99","711,0,393"
"0/1","22,15","37","99","429,0,630"
"0/1","18,19","37","99","563,0,538"
"0/1","24,15","39","99","466,0,839"
"0/1","20,17","37","99","544,0,635"
"0/1","9,8","17","99","263,0,309"
"0/1","10,10","20","99","312,0,274"
"0/1","14,21","35","99","674,0,465"
"0/1","19,25","44","99","784,0,568"
"0/1","5,20","25","90","545,0,90"
"0/1","6,7","15","99","145,0,155"
"0/1","15,11","26","99","314,0,509"
"0/1","17,16","33","99","447,0,579"
"0/1","20,17","37","99","539,0,560"
"0/1","15,24","39","99","742,0,384"
"0/1","14,9","23","99","300,0,417"
"0/1","1,7","8","13","259,0,13"
"0/1","10,13","23","99","457,0,293"
"0/1","14,5","19","99","146,0,451"
"0/1","10,7","17","99","234,0,297"
"0/1","22,23","45","99","770,0,630"
"0/0","23,0","23","66","0,66,865"
"0/1","8,11","19","99","389,0,191"
"0/1","11,10","21","99","143,0,121"
"0/1","11,17","28","99","529,0,295"
"0/1","14,10","24","99","312,0,486"
"0/0","32,0","32","90","0,90,1158"
"0/1","2,13","16","20","105,0,20"
"0/1","45,12","57","68","68,0,1457"
"0/1","45,12","57","99","149,0,1436"
"0/1","15,8","23","99","261,0,528"
"0/1","10,7","17","99","239,0,363"
"0/1","19,20","41","99","623,0,585"
"0/1","16,14","30","99","475,0,521"
"0/1","13,15","28","99","526,0,366"
"0/1","16,12","28","99","371,0,523"
"0/1","14,13","27","99","422,0,488"
"0/1","11,9","20","99","290,0,377"
"0/1","10,11","21","99","380,0,330"
"0/1","14,10","24","99","312,0,498"
"0/1","17,12","29","99","396,0,588"
"0/1","16,19","35","99","637,0,537"
"0/1","18,19","37","99","642,0,576"
"0/1","20,19","39","99","619,0,644"
"0/1","19,18","37","99","611,0,561"
"0/1","19,19","38","99","611,0,576"
"0/1","20,14","34","99","472,0,670"
"0/1","10,9","19","99","305,0,331"
"0/1","11,7","18","99","230,0,380"
"0/1","11,9","20","99","270,0,365"
"0/1","10,23","33","99","806,0,299"
"0/1","12,20","32","99","707,0,388"
"0/1","7,17","24","99","557,0,213"
"0/1","6,20","26","99","631,0,168"
"0/1","14,12","26","99","416,0,475"
"0/1","13,13","26","99","456,0,433"
"0/1","9,6","15","99","184,0,311"
"0/1","8,7","15","99","193,0,282"
"0/1","9,7","16","99","190,0,314"
"0/1","7,10","17","99","353,0,234"
"0/1","7,12","19","99","392,0,228"
"0/1","14,10","24","99","327,0,442"
"0/1","9,11","20","99","377,0,300"
"0/1","9,11","20","99","329,0,263"
"0/1","6,17","23","99","574,0,178"
"0/1","8,12","20","99","417,0,264"
"0/1","8,11","19","99","388,0,272"
"0/1","14,12","26","99","375,0,492"
"0/1","16,16","32","99","518,0,550"
"0/1","18,9","27","99","277,0,577"
"0/1","15,23","38","99","802,0,487"
"0/1","12,11","23","99","359,0,406"
"0/1","9,8","17","99","271,0,308"
"0/1","12,14","26","99","477,0,341"
"0/1","15,10","25","99","248,0,541"
"0/1","11,18","29","99","607,0,353"
"0/1","12,17","29","99","529,0,292"
"0/1","16,11","28","99","362,0,481"
"0/1","11,11","22","99","334,0,363"
"0/1","10,20","30","99","658,0,305"
"0/1","16,23","39","99","739,0,498"
"0/1","12,24","36","99","848,0,377"
"0/1","12,18","30","99","574,0,391"
"0/1","19,21","40","99","668,0,618"
"0/1","17,16","34","99","461,0,554"
"0/1","19,15","34","99","460,0,636"
"0/1","11,15","26","99","482,0,357"
"0/1","17,19","36","99","664,0,426"
"0/1","10,19","29","99","613,0,241"
"0/1","18,12","31","99","388,0,544"
"0/1","10,10","20","99","326,0,337"
"0/0","30,0","30","87","0,87,1112"
"0/1","10,7","17","99","199,0,294"
"0/1","9,14","23","99","492,0,289"
"0/1","14,8","22","99","117,0,281"
"0/1","9,11","20","99","377,0,265"
"0/0","28,1","29","63","0,63,792"
"0/1","14,9","23","99","293,0,446"
"0/1","24,25","49","99","824,0,777"
"0/1","8,22","31","99","470,0,235"
"0/1","16,18","34","99","621,0,529"
"0/1","24,11","35","99","237,0,455"
"0/1","3,13","16","75","470,0,75"
"0/1","16,16","32","99","508,0,497"
"0/1","14,19","33","99","553,0,372"
"0/1","11,22","33","99","713,0,338"
"0/1","18,12","30","99","250,0,554"
"0/1","12,14","26","99","480,0,413"
"0/1","13,12","25","99","388,0,421"
"0/1","15,15","30","99","422,0,470"
"0/1","12,11","23","99","319,0,364"
"0/1","16,11","27","99","364,0,541"
"0/1","17,18","35","99","606,0,535"
"0/1","7,17","24","99","484,0,210"
"0/1","16,21","39","99","618,0,281"
"0/1","16,15","31","99","488,0,529"
"0/1","18,11","29","99","351,0,590"
"0/1","12,11","23","99","335,0,380"
"0/0","26,0","26","75","0,75,1020"
"0/1","16,27","43","99","904,0,485"
"0/1","11,17","28","99","571,0,324"
"0/1","10,15","26","99","330,0,222"
"0/1","16,10","27","99","319,0,562"
"0/1","18,12","30","99","244,0,601"
"0/1","14,16","30","99","512,0,472"
"0/1","11,15","26","99","481,0,299"
"0/1","13,13","26","99","305,0,428"
"0/1","18,17","35","99","554,0,524"
"0/1","33,7","41","99","136,0,1123"
"0/1","42,12","54","99","208,0,1348"
"0/1","10,22","32","99","601,0,273"
"0/1","19,11","30","99","266,0,599"
"0/1","16,11","27","99","359,0,506"
"0/1","21,19","40","99","641,0,706"
"0/1","22,19","41","99","621,0,744"
"0/1","19,11","30","99","307,0,640"
"0/1","17,16","33","99","543,0,542"
"1/1","0,29","29","84","1110,84,0"
"0/1","19,14","33","99","380,0,616"
"0/1","17,16","33","99","475,0,536"
"0/1","12,9","21","99","306,0,424"
"0/1","11,11","22","99","288,0,360"
"0/1","15,13","28","99","438,0,483"
"0/1","17,11","28","99","358,0,554"
"0/1","8,12","20","99","220,0,244"
"0/1","11,19","30","99","237,0,315"
"0/1","21,5","26","99","140,0,300"
"0/1","10,18","28","99","451,0,239"
"0/1","32,9","41","99","142,0,687"
"0/1","18,17","35","99","333,0,527"
"0/1","43,9","52","99","256,0,844"
"0/1","30,6","36","80","80,0,1002"
"0/1","9,23","32","99","684,0,253"
"0/1","65,22","87","99","553,0,2088"
"0/1","53,13","66","99","319,0,1572"
"0/1","5,7","12","99","226,0,164"
"0/0","37,0","37","87","0,87,1163"
"0/1","22,24","46","99","547,0,738"
"0/1","44,14","58","99","348,0,1052"
"0/1","59,9","68","61","61,0,1594"
"0/1","48,12","60","99","141,0,1379"
"0/1","44,10","54","99","254,0,1006"
"0/1","39,7","46","99","148,0,1156"
"0/1","56,7","63","99","122,0,1477"
"0/1","19,25","44","99","798,0,521"
"0/1","15,17","32","99","506,0,491"
"0/1","14,14","28","99","419,0,394"
"0/1","13,13","26","99","435,0,401"
"0/1","10,18","28","99","615,0,316"
"0/1","12,11","23","99","341,0,389"
"0/1","11,9","23","99","273,0,313"
"0/1","20,10","30","99","313,0,669"
"0/1","17,15","32","99","446,0,542"
"0/1","14,23","37","99","816,0,396"
"0/1","12,23","35","99","826,0,365"
"0/1","12,12","24","99","404,0,405"
"0/1","13,7","20","99","213,0,459"
"0/1","14,7","21","99","182,0,459"
"0/1","12,7","19","99","226,0,411"
"0/1","9,7","16","99","200,0,309"
"0/1","7,7","14","99","207,0,229"
"0/1","8,10","18","99","318,0,266"
"0/1","16,12","28","99","383,0,495"
"0/1","19,14","33","99","434,0,616"
"0/1","24,18","42","99","547,0,783"
"0/1","12,10","22","99","296,0,396"
"0/1","14,14","28","99","428,0,441"
"0/1","13,14","27","99","437,0,424"
"0/1","23,11","34","99","316,0,792"
"0/1","20,13","33","99","355,0,659"
"0/1","12,11","23","99","368,0,398"
"0/1","14,11","25","99","314,0,488"
"0/1","16,10","26","99","295,0,388"
"0/1","12,9","21","99","235,0,398"
"0/1","29,9","38","99","129,0,924"
"0/1","12,7","19","99","213,0,424"
"0/1","14,9","23","99","309,0,276"
"0/1","16,9","25","99","300,0,368"
"0/1","22,5","27","24","24,0,679"
"0/1","11,11","22","99","285,0,316"
"0/1","13,13","26","99","418,0,269"
"0/1","25,10","35","99","187,0,678"
"0/1","3,2","5","65","65,0,68"
"0/1","13,13","26","99","371,0,380"
"0/1","13,13","26","99","376,0,372"
"0/1","16,10","26","99","320,0,498"
"0/1","20,21","41","99","694,0,557"
"0/1","23,18","41","99","497,0,712"
"0/1","13,15","28","99","491,0,412"
"0/1","17,16","33","99","508,0,549"
"0/1","17,13","30","99","407,0,586"
"0/1","9,22","31","99","749,0,270"
"0/1","18,13","31","99","402,0,566"
"0/1","19,15","34","99","508,0,569"
"0/1","17,17","34","99","551,0,583"
"0/1","19,19","38","99","604,0,636"
"0/1","17,16","33","99","463,0,546"
"0/1","16,19","35","99","666,0,494"
"0/1","17,27","44","99","911,0,519"
"0/1","12,25","37","99","883,0,317"
"0/1","13,27","40","99","972,0,401"
"0/1","9,14","23","99","491,0,295"
"0/1","8,3","11","93","93,0,254"
"0/1","16,7","23","99","220,0,552"
"0/1","10,7","17","99","200,0,330"
"0/1","12,12","24","99","407,0,415"
"0/1","11,9","20","99","298,0,347"
"0/1","9,11","20","99","387,0,310"
"0/1","15,8","23","99","261,0,486"
"0/1","13,15","28","99","522,0,445"
"0/1","24,14","38","99","463,0,743"
"0/1","14,23","37","99","713,0,368"
"0/1","18,14","32","99","421,0,589"
"0/1","12,9","21","99","261,0,390"
"0/1","17,8","25","99","255,0,578"
"0/1","12,6","18","99","191,0,428"
"0/1","12,9","21","99","272,0,403"
"0/1","8,11","19","99","368,0,236"
"0/1","8,13","21","99","435,0,262"
"0/1","8,10","18","99","349,0,237"
"0/1","21,18","39","99","574,0,684"
"0/1","21,18","39","99","571,0,711"
"0/1","22,16","38","99","516,0,770"
"0/1","23,16","39","99","508,0,802"
"0/1","14,20","34","99","687,0,446"
"0/1","18,6","24","99","157,0,622"
"0/1","18,6","24","99","157,0,638"
"0/1","8,16","24","99","548,0,245"
"0/1","16,16","32","99","560,0,512"
"0/1","16,13","29","99","428,0,488"
"0/1","20,11","31","99","306,0,679"
"0/1","23,11","34","99","346,0,659"
"0/1","25,17","42","99","458,0,708"
"0/1","6,5","11","94","94,0,164"
"0/1","17,11","28","99","253,0,537"
"0/1","5,7","12","98","249,0,98"
"0/1","8,5","13","99","166,0,248"
"0/1","13,9","22","99","286,0,465"
"0/1","10,14","24","99","462,0,240"
"0/1","10,7","17","99","228,0,303"
"0/1","7,8","15","99","227,0,240"
"0/1","8,7","15","99","239,0,282"
"0/1","12,14","26","99","427,0,347"
"0/1","5,10","15","99","362,0,162"
"0/1","2,15","17","32","553,0,32"
"0/1","13,10","23","99","224,0,396"
"0/1","14,11","25","99","257,0,408"
"0/1","17,10","27","99","247,0,511"
"0/1","11,11","22","99","264,0,352"
"0/1","6,6","12","99","215,0,131"
"0/1","5,3","8","93","93,0,172"
"0/1","15,9","24","99","193,0,124"
"0/1","24,11","35","99","256,0,393"
"0/1","8,8","16","99","189,0,212"
"0/1","19,9","28","99","172,0,413"
"0/1","19,5","24","63","63,0,627"
"0/1","6,15","21","99","473,0,153"
"0/1","6,17","23","99","556,0,142"
"0/1","17,23","40","99","768,0,525"
"0/1","15,23","38","99","806,0,456"
"0/1","13,26","39","99","863,0,380"
"0/1","14,27","41","99","928,0,415"
"0/1","18,28","46","99","825,0,550"
"0/1","16,31","47","99","956,0,474"
"0/1","16,26","42","99","788,0,494"
"0/1","15,19","34","99","596,0,384"
"0/1","19,13","32","99","424,0,618"
"0/1","14,17","31","99","496,0,417"
"0/1","15,15","30","99","455,0,422"
"0/1","40,8","48","98","98,0,1181"
"0/1","45,9","54","99","109,0,1411"
"0/1","41,10","51","99","146,0,1253"
"0/1","41,8","49","70","70,0,1283"
"0/1","16,16","32","99","399,0,388"
"0/1","11,12","23","99","393,0,352"
"0/1","11,15","26","99","528,0,371"
"0/1","17,11","28","99","372,0,616"
"0/1","13,11","24","99","375,0,454"
"0/1","8,11","19","99","386,0,254"
"0/1","8,7","15","99","208,0,280"
"0/1","14,13","27","99","440,0,483"
"0/1","11,15","26","99","526,0,368"
"0/1","10,23","33","99","711,0,311"
"0/1","7,9","16","99","273,0,240"
"0/1","8,15","23","99","460,0,263"
"0/1","8,13","21","99","458,0,256"
"0/1","15,14","29","99","454,0,476"
"0/1","14,6","20","99","187,0,505"
"0/1","16,7","23","99","190,0,559"
"0/1","8,9","17","99","310,0,268"
"0/1","13,15","28","99","468,0,409"
"0/1","17,10","27","99","334,0,556"
"0/1","9,4","13","99","120,0,328"
"0/1","13,8","21","99","263,0,396"
"0/1","9,13","22","99","390,0,271"
"0/1","7,10","17","99","358,0,187"
"0/1","9,13","22","99","456,0,266"
"0/1","10,9","19","99","312,0,339"
"0/1","16,12","28","99","350,0,500"
"0/1","16,18","34","99","561,0,523"
"0/0","15,1","16","8","0,8,504"
"0/1","19,10","29","99","307,0,668"
"0/1","20,15","35","99","457,0,676"
"0/1","16,14","30","99","474,0,527"
"0/1","14,17","31","99","551,0,479"
"0/1","19,20","39","99","605,0,608"
"0/1","19,19","38","99","563,0,599"
"0/1","20,12","32","99","373,0,602"
"0/1","12,20","32","99","653,0,383"
"0/1","17,11","28","99","353,0,468"
"0/1","11,13","24","99","398,0,373"
"0/1","16,13","29","99","409,0,555"
"0/1","12,12","24","99","382,0,375"
"0/1","12,11","23","99","335,0,400"
"0/1","12,12","24","99","355,0,417"
"0/1","12,11","23","99","354,0,402"
"0/1","9,17","26","99","581,0,275"
"0/1","10,16","26","99","547,0,280"
"0/1","16,15","31","99","470,0,464"
"0/1","18,18","36","99","527,0,605"
"0/1","6,19","25","99","658,0,150"
"0/1","11,19","30","99","629,0,345"
"0/1","13,19","32","99","634,0,433"
"0/1","13,19","32","99","590,0,428"
"0/1","15,13","28","99","450,0,488"
"0/1","17,10","27","99","284,0,606"
"0/1","9,23","32","99","847,0,276"
"0/1","13,12","25","99","401,0,454"
"0/1","21,21","42","99","646,0,721"
"0/1","16,13","29","99","427,0,556"
"0/1","23,17","40","99","381,0,793"
"0/1","13,11","24","99","344,0,383"
"0/1","11,7","18","99","228,0,322"
"0/1","12,10","22","99","340,0,382"
"0/1","18,25","43","99","797,0,431"
"0/1","8,11","19","99","360,0,267"
"0/1","16,8","24","99","214,0,571"
"0/1","14,15","29","99","486,0,457"
"0/1","13,14","27","99","473,0,443"
"0/1","11,7","18","99","228,0,390"
"1/1","2,17","19","9","623,9,0"
"0/1","9,10","19","99","309,0,274"
"0/1","14,15","29","99","524,0,439"
"0/1","4,7","11","99","247,0,129"
"0/1","6,19","25","99","650,0,159"
"0/1","8,15","23","99","548,0,214"
"0/1","4,12","16","99","439,0,112"
"0/1","10,7","18","99","230,0,347"
"0/1","9,8","17","99","239,0,285"
"0/1","10,7","17","99","238,0,327"
"0/1","7,13","20","99","448,0,222"
"0/1","11,14","25","99","471,0,312"
"0/1","14,12","26","99","370,0,435"
"0/1","14,8","22","99","260,0,461"
"0/1","16,10","26","99","328,0,561"
"0/1","17,9","26","99","291,0,600"
"0/1","12,10","22","99","349,0,383"
"0/1","11,20","31","99","684,0,314"
"0/1","17,17","34","99","592,0,549"
"0/1","11,13","24","99","420,0,342"
"0/1","16,8","24","99","244,0,556"
"0/1","10,8","18","99","221,0,351"
"0/1","10,8","18","99","270,0,350"
"0/1","3,10","13","83","368,0,83"
"0/1","8,12","20","99","434,0,250"
"0/0","34,1","36","96","0,96,1258"
"0/1","43,18","61","99","374,0,1217"
"0/1","57,7","64","71","71,0,1583"
"0/1","60,8","68","46","46,0,1764"
"0/1","56,6","63","21","21,0,1668"
"0/1","8,10","18","99","279,0,275"
"0/1","15,8","23","99","217,0,550"
"0/1","15,8","23","99","219,0,553"
"0/1","11,12","23","99","318,0,363"
"0/1","14,10","24","99","334,0,413"
"0/1","9,15","24","99","537,0,284"
"0/1","16,15","31","99","451,0,561"
"0/1","17,19","36","99","615,0,592"
"0/1","19,12","31","99","319,0,552"
"0/1","11,15","26","99","525,0,361"
"0/1","10,11","21","99","387,0,267"
"0/1","14,14","28","99","412,0,430"
"0/1","19,15","34","99","422,0,621"
"0/1","21,21","42","99","638,0,709"
"0/1","14,26","40","99","872,0,438"
"0/1","20,16","36","99","454,0,599"
"0/1","20,14","34","99","462,0,622"
"0/1","18,13","31","99","388,0,567"
"0/1","11,13","24","99","438,0,344"
"0/1","14,5","19","99","146,0,513"
"0/1","10,11","21","99","392,0,266"
"0/1","13,9","22","99","304,0,421"
"0/1","10,10","20","99","334,0,313"
"0/1","14,12","26","99","395,0,488"
"0/1","19,13","32","99","410,0,614"
"0/0","19,0","19","57","0,57,725"
"0/0","19,0","19","57","0,57,741"
"0/0","20,0","20","57","0,57,741"
"0/0","20,0","20","57","0,57,753"
"0/1","21,19","40","99","626,0,697"
"0/1","4,9","13","99","325,0,112"
"0/1","10,20","30","99","581,0,314"
"0/1","11,16","27","99","526,0,320"
"0/1","9,8","17","99","271,0,309"
"0/1","17,14","31","99","393,0,528"
"0/1","9,9","18","99","304,0,305"
"0/1","12,7","19","99","223,0,411"
"0/1","8,9","17","99","315,0,274"
"0/1","22,17","39","99","592,0,462"
"0/1","16,16","32","99","542,0,488"
"0/1","11,11","22","99","376,0,292"
"0/1","7,9","16","99","309,0,219"
"0/1","14,11","25","99","260,0,452"
"0/1","4,11","15","99","229,0,127"
"0/1","17,8","25","99","221,0,545"
"0/1","17,10","27","99","325,0,520"
"0/1","11,11","22","99","245,0,340"
"0/1","28,22","50","99","625,0,600"
"0/1","56,5","61","17","17,0,1385"
"0/1","49,9","58","91","91,0,1320"
"0/1","22,4","26","65","65,0,518"
"0/1","18,8","26","99","205,0,425"
"0/1","17,11","28","99","322,0,501"
"0/1","16,14","30","99","352,0,427"
"0/1","13,9","22","99","184,0,376"
"0/1","14,15","29","99","309,0,343"
"0/1","12,17","29","99","447,0,327"
"0/1","19,13","32","99","372,0,472"
"0/1","19,13","32","99","378,0,470"
"0/1","17,15","32","99","436,0,555"
"0/1","11,12","23","99","372,0,339"
"0/1","9,11","20","99","369,0,314"
"0/1","16,16","32","99","463,0,446"
"0/1","43,12","55","99","288,0,1307"
"0/1","14,10","24","99","293,0,453"
"0/1","14,8","22","99","263,0,502"
"0/0","15,1","16","39","0,39,508"
"0/0","18,1","19","48","0,48,620"
"0/1","6,8","14","99","246,0,198"
"0/1","15,7","22","99","233,0,388"
"0/1","7,13","22","99","453,0,209"
"0/1","11,9","20","99","312,0,326"
"0/1","10,10","20","99","321,0,282"
"0/1","9,13","22","99","355,0,279"
"0/1","6,9","15","99","325,0,197"
"0/1","7,9","16","99","312,0,234"
"0/1","6,14","20","99","497,0,153"
"0/1","7,11","18","99","361,0,197"
"0/1","13,7","20","99","227,0,409"
"0/1","17,12","29","99","413,0,518"
"0/1","8,11","19","99","393,0,196"
"0/1","10,4","14","99","117,0,326"
"0/1","9,17","26","99","483,0,281"
"0/1","13,13","26","99","386,0,433"
"0/1","21,7","28","99","150,0,710"
"0/1","14,13","27","99","440,0,431"
"0/1","11,12","23","99","380,0,327"
"0/1","20,18","38","99","584,0,624"
"0/1","17,17","34","99","576,0,573"
"0/1","19,14","33","99","391,0,621"
"0/1","8,15","23","99","505,0,209"
"0/1","14,18","32","99","593,0,412"
"0/1","11,12","23","99","384,0,352"
"0/1","10,15","25","99","494,0,337"
"0/1","16,11","27","99","343,0,476"
"0/1","19,21","40","99","700,0,583"
"0/1","19,23","42","99","750,0,527"
"0/0","28,0","28","51","0,51,627"
"0/1","17,13","30","99","321,0,232"
"0/1","14,15","29","99","261,0,302"
"0/1","11,27","38","99","821,0,183"
"0/1","16,4","20","77","77,0,313"
"0/0","18,2","20","36","0,36,467"
"0/1","45,13","58","99","253,0,1271"
"0/0","49,0","50","99","0,99,1205"
"0/1","27,13","40","99","259,0,847"
"0/1","25,8","33","99","162,0,673"
"0/1","23,8","31","99","168,0,579"
"0/1","21,8","29","99","181,0,409"
"0/1","14,13","27","99","377,0,405"
"0/1","15,12","27","99","374,0,356"
"0/1","14,25","39","99","409,0,369"
"0/1","5,6","11","99","212,0,174"
"0/1","5,7","12","99","243,0,169"
"0/1","7,10","17","99","352,0,233"
"0/1","9,11","20","99","352,0,258"
"0/1","4,12","16","99","427,0,109"
"0/1","9,14","23","99","473,0,280"
"0/1","9,16","25","99","549,0,241"
"0/1","24,12","36","99","339,0,794"
"0/1","17,16","33","99","550,0,548"
"0/1","24,6","31","99","154,0,762"
"0/1","21,6","27","96","96,0,643"
"0/1","6,10","16","99","359,0,181"
"0/1","19,7","26","99","170,0,642"
"0/1","7,21","28","99","649,0,199"
"0/1","15,9","24","99","251,0,505"
"0/1","12,14","26","95","95,0,252"
"0/1","1,24","25","7","312,0,7"
"0/1","16,12","28","99","241,0,298"
"0/1","13,16","29","99","307,0,242"
"0/1","13,15","28","99","300,0,277"
"0/1","11,15","26","99","324,0,277"
"0/1","16,10","26","99","179,0,475"
"0/1","17,7","26","99","158,0,516"
"0/1","10,17","27","99","265,0,297"
"0/1","19,9","28","99","286,0,430"
"0/1","31,7","38","57","57,0,966"
"0/1","25,7","32","99","196,0,702"
"0/1","22,8","31","99","231,0,641"
"0/1","16,17","33","99","420,0,491"
"0/1","17,5","22","73","73,0,346"
"0/1","5,9","14","99","287,0,140"
"0/1","13,5","18","70","70,0,340"
"0/1","12,9","22","99","292,0,355"
"0/1","13,10","24","99","215,0,352"
"0/1","13,7","20","99","234,0,320"
"0/1","10,9","19","99","182,0,322"
"0/1","9,15","24","99","373,0,192"
"0/1","13,7","20","99","123,0,403"
"0/1","15,9","24","99","146,0,461"
"0/1","12,11","23","99","204,0,352"
"0/1","40,16","56","99","475,0,565"
"0/1","24,14","38","99","178,0,710"
"0/1","18,6","24","99","129,0,415"
"0/1","15,4","20","95","95,0,351"
"0/1","17,10","27","99","267,0,444"
"0/1","15,7","22","99","175,0,537"
"0/1","22,9","31","99","184,0,785"
"0/1","16,7","23","99","145,0,505"
"0/1","13,7","20","99","210,0,408"
"0/1","3,6","9","90","207,0,90"
"0/1","16,6","24","99","179,0,502"
"0/1","15,4","19","26","26,0,454"
"0/1","20,15","35","99","392,0,437"
"0/1","21,10","31","99","271,0,652"
"0/1","15,14","29","99","422,0,491"
"1/2","0,20,9","29","99","1070,339,279,731,0,704"
"0/1","7,6","13","99","210,0,237"
"0/1","7,8","15","99","271,0,238"
"0/1","10,5","16","99","154,0,355"
"0/1","12,16","28","99","480,0,345"
"0/1","25,8","33","99","227,0,508"
"0/1","17,12","30","99","204,0,363"
"0/1","13,8","21","99","163,0,255"
"0/1","22,15","37","99","431,0,557"
"0/1","4,10","14","99","232,0,124"
"0/1","13,16","29","99","475,0,340"
"0/1","17,17","34","99","558,0,393"
"0/1","22,6","28","68","68,0,344"
"0/1","5,17","22","99","382,0,142"
"0/1","7,14","21","99","478,0,187"
"0/1","8,16","24","99","420,0,177"
"0/1","8,12","20","99","295,0,249"
"0/1","10,5","15","99","157,0,262"
"0/1","11,4","15","99","115,0,265"
"0/1","10,7","17","99","204,0,344"
"0/1","11,10","21","99","302,0,319"
"0/1","13,10","23","99","298,0,268"
"0/1","12,16","28","99","346,0,361"
"0/1","6,16","22","99","505,0,160"
"0/1","14,11","25","99","309,0,458"
"0/1","12,11","23","99","366,0,418"
"0/1","26,8","34","99","247,0,378"
"0/1","8,21","29","99","455,0,208"
"0/1","29,15","44","99","421,0,324"
"0/1","27,8","35","99","176,0,365"
"0/1","17,13","30","99","412,0,457"
"0/1","17,12","29","99","375,0,434"
"0/1","13,4","17","99","112,0,361"
"0/1","8,8","16","99","267,0,284"
"0/1","9,10","19","99","112,0,307"
"0/1","14,19","33","99","645,0,342"
"0/1","14,13","27","99","441,0,400"
"0/1","5,5","10","99","155,0,160"
"0/1","12,8","20","99","208,0,303"
"0/1","11,4","15","79","79,0,289"
"0/1","14,9","23","99","268,0,434"
"0/1","16,14","30","99","412,0,535"
"0/1","10,4","14","99","120,0,362"
"0/1","14,10","24","99","251,0,497"
"0/1","11,8","19","99","262,0,338"
"0/1","17,11","28","99","360,0,590"
"0/1","22,17","39","99","516,0,727"
"0/1","15,17","32","99","501,0,504"
"0/1","35,11","46","99","321,0,1065"
"0/1","24,17","41","99","525,0,637"
"0/1","16,15","31","99","443,0,524"
"0/1","10,22","32","99","645,0,266"
"0/1","15,15","30","99","495,0,453"
"0/1","21,16","37","99","413,0,649"
"0/1","10,15","25","99","528,0,288"
"0/1","8,13","21","99","375,0,267"
"0/1","16,10","26","99","314,0,570"
"0/1","22,16","38","99","531,0,727"
"0/1","17,17","34","99","575,0,539"
"0/1","16,16","32","99","491,0,529"
"0/1","18,13","31","99","420,0,598"
"0/1","23,9","32","99","281,0,666"
"0/1","14,6","20","98","98,0,419"
"0/1","8,12","20","38","324,0,38"
"0/1","4,6","10","99","175,0,127"
"0/1","19,9","29","99","213,0,656"
"0/1","8,3","11","68","68,0,268"
"0/0","26,0","26","60","0,60,739"
"0/0","26,0","26","60","0,60,739"
"0/1","11,8","19","99","245,0,111"
"0/0","30,0","30","72","0,72,888"
"0/0","35,0","35","81","0,81,1010"
"0/1","15,9","24","99","299,0,308"
"0/1","13,12","25","99","367,0,420"
"0/1","11,13","24","99","270,0,392"
"0/1","15,19","34","99","641,0,359"
"0/1","13,16","29","99","415,0,446"
"0/1","18,14","32","99","177,0,310"
"0/1","9,9","18","50","50,0,223"
"0/1","21,9","30","95","95,0,666"
"0/1","16,6","22","99","160,0,353"
"0/1","14,7","21","99","196,0,336"
"0/1","13,14","27","99","396,0,295"
"0/1","11,10","21","99","206,0,335"
"1/1","6,26","32","45","585,45,0"
"0/1","7,9","16","99","314,0,227"
"0/1","8,22","30","99","787,0,229"
"0/1","11,14","25","99","407,0,363"
"0/1","9,6","15","99","170,0,271"
"0/1","13,12","25","99","360,0,459"
"0/1","13,15","28","99","398,0,462"
"0/1","7,18","25","99","508,0,211"
"0/1","17,12","29","99","317,0,607"
"0/1","11,13","24","99","423,0,374"
"0/1","13,14","27","99","438,0,445"
"0/1","12,9","21","99","296,0,421"
"0/1","14,17","31","99","591,0,317"
"0/1","16,12","28","99","405,0,486"
"0/1","10,8","18","99","255,0,348"
"0/1","13,11","24","99","368,0,437"
"0/1","14,13","27","99","403,0,485"
"0/1","17,10","27","99","315,0,539"
"0/1","8,11","19","99","381,0,267"
"0/1","7,16","23","99","570,0,223"
"0/1","17,16","33","99","495,0,553"
"0/1","9,18","27","99","626,0,257"
"0/1","18,18","36","99","599,0,547"
"0/1","15,16","31","99","442,0,526"
"0/1","15,15","30","99","512,0,448"
"0/1","17,18","35","99","504,0,577"
"0/1","9,11","20","99","372,0,259"
"0/1","11,15","26","99","533,0,335"
"0/1","9,16","25","99","558,0,255"
"0/1","11,7","18","99","236,0,359"
"0/1","18,16","34","99","444,0,632"
"0/1","16,13","29","99","362,0,547"
"0/1","14,15","29","99","481,0,452"
"0/1","18,18","36","99","559,0,604"
"0/1","11,19","30","99","556,0,365"
"0/1","10,17","27","99","532,0,312"
"0/1","16,11","27","99","367,0,524"
"0/1","10,16","26","99","539,0,316"
"0/1","18,16","34","99","496,0,499"
"0/1","18,16","34","99","446,0,470"
"0/1","14,24","38","99","703,0,433"
"0/1","24,10","34","99","302,0,731"
"0/1","13,20","33","99","669,0,375"
"0/1","11,17","28","99","550,0,342"
"0/1","10,18","28","99","555,0,271"
"0/1","4,8","12","96","216,0,96"
"0/1","16,10","26","99","300,0,501"
"0/1","12,12","24","99","423,0,373"
"0/1","18,12","30","99","393,0,551"
"0/1","16,21","37","99","705,0,520"
"0/1","16,18","34","99","592,0,494"
"0/1","17,15","32","99","495,0,512"
"0/1","10,9","19","99","273,0,309"
"0/1","9,10","19","99","320,0,267"
"0/1","9,9","18","99","296,0,203"
"0/1","4,9","13","99","249,0,120"
"0/1","5,4","9","99","135,0,178"
"0/1","13,8","21","99","275,0,315"
"0/1","9,11","20","99","328,0,236"
"0/1","8,8","16","99","285,0,197"
"0/1","11,8","19","99","242,0,296"
"0/1","7,8","15","99","246,0,156"
"0/1","10,9","19","99","279,0,234"
"0/1","22,10","32","99","310,0,768"
"0/1","17,12","29","99","361,0,502"
"0/1","11,9","20","99","197,0,382"
"0/1","9,6","15","99","143,0,287"
"0/1","11,18","29","99","562,0,351"
"0/1","10,11","21","99","385,0,340"
"0/1","16,14","30","99","480,0,530"
"0/1","15,12","27","99","350,0,479"
"0/1","13,12","26","99","361,0,410"
"0/1","9,10","19","99","352,0,266"
"0/1","14,10","24","99","264,0,415"
"0/1","8,6","14","99","195,0,275"
"0/0","17,0","17","39","0,39,515"
"0/1","8,10","18","99","245,0,251"
"0/1","8,7","15","99","169,0,167"
"0/1","10,7","17","99","235,0,230"
"0/1","11,14","25","99","441,0,310"
"0/1","13,11","24","99","296,0,381"
"0/1","17,10","27","99","314,0,506"
"0/1","15,10","25","99","302,0,486"
"0/1","14,9","23","99","296,0,434"
"0/1","6,13","19","99","354,0,196"
"0/1","10,9","19","99","234,0,350"
"0/1","6,8","14","99","248,0,204"
"0/1","4,9","13","99","290,0,124"
"0/1","6,9","15","99","315,0,194"
"0/1","13,5","18","99","134,0,472"
"0/1","8,13","21","99","354,0,191"
"0/1","14,6","20","99","154,0,395"
"0/1","19,24","43","99","746,0,475"
"0/1","19,19","38","99","574,0,567"
"0/1","14,25","39","99","817,0,441"
"0/1","14,24","38","99","830,0,427"
"0/1","15,17","32","99","579,0,520"
"0/1","16,16","32","99","547,0,512"
"0/1","19,19","38","99","575,0,630"
"0/1","16,19","35","99","541,0,462"
"0/1","13,13","26","99","353,0,355"
"0/1","15,12","27","99","354,0,403"
"0/1","12,14","26","99","387,0,366"
"0/1","15,15","30","99","483,0,431"
"0/1","22,11","33","99","320,0,705"
"0/1","19,18","37","99","591,0,540"
"0/1","18,17","35","99","555,0,577"
"0/1","15,19","34","99","639,0,443"
"0/1","22,18","40","99","581,0,643"
"0/1","13,20","33","99","714,0,358"
"0/1","9,7","16","99","233,0,309"
"0/1","10,18","28","99","537,0,330"
"0/1","11,15","26","99","467,0,334"
"0/1","14,11","25","99","374,0,410"
"0/1","14,4","18","99","106,0,510"
"0/1","16,9","25","99","289,0,454"
"0/1","17,8","25","99","242,0,578"
"0/1","14,13","27","99","389,0,487"
"0/1","6,13","19","99","476,0,180"
"0/1","7,8","15","99","269,0,238"
"0/1","14,17","31","99","575,0,346"
"0/0","47,3","50","49","0,49,1597"
"0/1","22,8","30","99","234,0,623"
"0/1","11,14","25","99","497,0,365"
"0/1","40,11","51","99","296,0,1240"
"0/1","6,12","18","99","433,0,182"
"0/1","11,11","22","99","383,0,384"
"0/1","13,17","30","99","570,0,405"
"0/1","12,9","21","99","306,0,412"
"0/1","6,12","18","99","381,0,182"
"0/1","15,10","25","99","323,0,492"
"0/1","12,16","28","99","560,0,378"
"0/1","7,16","23","99","546,0,205"
"0/1","14,20","34","99","664,0,391"
"0/1","16,14","30","99","466,0,419"
"0/1","13,16","29","99","565,0,371"
"0/1","12,15","27","99","460,0,372"
"0/1","16,16","32","99","511,0,563"
"0/1","19,12","31","99","352,0,620"
"0/1","19,15","34","99","426,0,624"
"0/1","13,9","22","99","265,0,456"
"0/1","11,9","20","99","250,0,382"
"0/1","10,10","20","99","290,0,335"
"0/1","16,12","28","99","395,0,538"
"0/1","7,18","25","99","591,0,208"
"0/1","9,12","21","99","373,0,272"
"0/1","19,12","31","99","360,0,613"
"0/1","9,9","18","99","310,0,313"
"0/1","17,15","32","99","499,0,550"
"0/1","18,10","28","99","319,0,597"
"0/1","9,19","28","99","577,0,292"
"0/1","19,15","34","99","436,0,630"
"0/1","20,14","34","99","403,0,657"
"0/1","8,11","19","99","393,0,260"
"0/1","13,15","28","99","486,0,438"
"0/1","13,16","29","99","561,0,427"
"0/1","15,8","26","99","257,0,443"
"0/1","18,9","27","99","286,0,634"
"0/1","10,16","26","99","532,0,307"
"0/1","13,14","27","99","486,0,377"
"0/1","9,12","21","99","421,0,296"
"0/1","6,10","16","99","320,0,195"
"0/1","12,14","26","99","421,0,411"
"0/1","9,15","24","99","471,0,296"
"0/1","8,14","22","99","471,0,254"
"0/1","3,10","13","86","364,0,86"
"0/1","11,6","17","99","160,0,399"
"0/1","13,7","20","99","226,0,460"
"0/1","11,8","19","99","228,0,392"
"0/1","7,17","24","99","542,0,219"
"0/1","14,13","27","99","401,0,486"
"0/1","15,12","27","99","377,0,473"
"0/1","10,10","20","99","336,0,337"
"0/1","15,10","25","99","332,0,533"
"0/1","15,8","23","99","263,0,490"
"0/1","10,6","16","99","160,0,358"
"0/1","11,13","24","99","392,0,380"
"0/1","18,13","31","99","440,0,632"
"0/1","17,6","23","99","125,0,618"
"0/1","11,13","24","99","421,0,343"
"0/1","8,18","26","99","461,0,212"
"0/1","9,15","24","99","488,0,271"
"0/1","13,10","23","99","329,0,383"
"0/1","11,9","20","99","298,0,351"
"0/1","11,6","17","99","192,0,277"
"0/1","10,13","23","99","393,0,215"
"0/1","6,12","18","99","386,0,188"
"0/1","16,7","23","99","189,0,572"
"0/1","13,6","20","99","146,0,465"
"0/1","8,9","17","99","322,0,237"
"0/1","14,8","22","99","261,0,455"
"0/1","10,10","20","99","328,0,344"
"0/1","10,10","20","99","338,0,350"
"0/1","7,15","22","99","370,0,204"
"0/1","14,21","35","99","620,0,409"
"0/1","30,12","42","99","341,0,843"
"0/1","37,11","48","99","269,0,1064"
"0/1","26,7","36","99","158,0,890"
"0/1","32,8","40","99","181,0,1028"
"0/1","6,10","16","99","357,0,194"
"0/1","19,19","38","99","611,0,606"
"0/1","8,19","27","99","635,0,242"
"0/1","11,11","22","99","387,0,269"
"0/1","12,13","25","99","443,0,336"
"0/1","9,12","21","99","421,0,301"
"0/1","11,14","25","99","461,0,340"
"0/1","10,13","23","99","432,0,267"
"0/1","10,13","23","99","466,0,302"
"0/1","7,16","23","99","479,0,216"
"0/1","7,11","18","99","396,0,194"
"0/1","7,14","21","99","488,0,222"
"0/1","9,7","16","99","219,0,313"
"0/1","12,15","27","99","516,0,408"
"0/1","15,16","31","99","546,0,484"
"0/1","10,9","19","99","305,0,346"
"0/1","10,10","20","99","338,0,345"
"0/1","10,9","19","99","304,0,313"
"0/1","8,15","23","99","472,0,264"
"0/1","9,12","21","99","393,0,306"
"0/1","14,9","23","99","303,0,473"
"0/1","14,9","23","99","291,0,497"
"0/1","25,10","35","99","291,0,787"
"0/1","15,14","29","99","381,0,512"
"0/1","14,21","35","99","656,0,420"
"0/1","6,13","19","99","432,0,183"
"0/1","9,15","24","99","469,0,247"
"0/1","9,8","17","99","228,0,281"
"0/1","11,8","19","99","269,0,318"
"0/1","8,13","21","99","424,0,269"
"0/1","8,8","16","99","274,0,273"
"0/1","13,10","23","99","325,0,450"
"0/1","13,9","22","99","304,0,414"
"0/1","9,14","23","99","493,0,286"
"0/1","8,12","20","99","419,0,235"
"0/1","10,5","15","99","160,0,355"
"0/1","9,12","21","99","428,0,307"
"0/1","7,14","21","99","504,0,224"
"0/1","12,12","24","99","372,0,316"
"0/1","14,12","26","99","386,0,419"
"0/1","15,14","29","99","483,0,479"
"0/1","15,8","23","99","261,0,499"
"0/1","10,11","21","99","366,0,338"
"0/1","11,11","22","99","246,0,355"
"0/1","11,13","24","99","414,0,377"
"0/0","7,0","7","12","0,12,162"
"0/1","13,10","23","99","323,0,462"
"0/1","13,9","22","99","294,0,414"
"0/1","8,7","15","99","228,0,277"
"0/1","11,13","24","99","355,0,302"
"0/1","14,12","26","99","393,0,485"
"0/1","13,11","24","99","370,0,450"
"0/1","13,11","24","99","380,0,410"
"0/1","11,11","22","99","378,0,390"
"0/1","15,11","26","99","351,0,536"
"0/1","14,15","29","99","452,0,457"
"0/1","15,12","27","99","372,0,531"
"0/1","11,11","22","99","344,0,376"
"0/1","16,12","28","99","388,0,553"
"0/1","15,11","26","99","359,0,518"
"0/1","11,9","20","99","292,0,373"
"0/1","18,11","29","99","316,0,612"
"0/1","11,11","22","99","368,0,371"
"0/1","10,15","26","99","528,0,326"
"0/1","9,11","21","99","360,0,297"
"0/1","13,12","25","99","411,0,445"
"0/1","12,7","19","99","216,0,396"
"0/1","12,7","19","99","236,0,360"
"0/1","10,5","15","99","149,0,360"
"0/1","11,5","16","99","114,0,401"
"0/1","11,5","16","99","115,0,404"
"0/1","16,9","25","99","225,0,535"
"0/1","13,19","32","99","636,0,404"
"0/1","17,14","31","99","478,0,519"
"0/1","21,14","35","99","455,0,684"
"0/1","12,7","19","99","233,0,423"
"0/1","11,15","26","99","504,0,359"
"0/1","11,14","25","99","463,0,366"
"0/1","15,13","28","99","397,0,518"
"0/1","8,9","17","99","301,0,273"
"0/1","10,13","23","99","460,0,303"
"0/1","5,8","13","99","203,0,156"
"0/1","12,13","25","99","438,0,332"
"0/1","16,7","23","99","213,0,577"
"0/1","12,12","24","99","412,0,415"
"0/1","23,18","41","99","606,0,769"
"0/1","17,14","31","99","369,0,575"
"0/1","14,15","29","99","498,0,440"
"0/1","9,17","26","99","536,0,255"
"0/1","14,19","33","99","620,0,471"
"0/1","16,18","34","99","542,0,545"
"0/1","9,12","22","99","387,0,295"
"0/1","19,12","31","99","291,0,612"
"0/1","17,7","24","99","215,0,621"
"0/1","13,8","21","99","244,0,455"
"0/1","11,13","24","99","462,0,338"
"0/1","10,15","25","99","504,0,259"
"0/1","9,16","25","99","578,0,279"
"0/1","7,7","14","99","235,0,232"
"0/1","7,10","17","99","361,0,228"
"0/1","11,11","22","99","309,0,379"
"0/1","12,6","18","99","181,0,398"
"0/1","11,5","16","99","120,0,399"
"0/1","11,13","24","99","411,0,335"
"0/1","10,11","21","99","278,0,343"
"0/1","13,13","26","99","445,0,375"
"0/1","13,9","22","99","263,0,418"
"0/1","10,8","18","99","265,0,337"
"0/1","6,13","19","99","401,0,192"
"0/1","18,16","34","99","549,0,594"
"0/1","16,18","34","99","536,0,545"
"0/1","16,17","33","99","525,0,545"
"0/1","21,18","39","99","607,0,621"
"0/1","18,20","38","99","677,0,550"
"0/1","11,7","18","99","232,0,396"
"0/1","11,10","21","99","317,0,350"
"0/1","5,9","14","99","243,0,159"
"0/1","13,8","21","99","186,0,386"
"0/1","13,11","24","99","378,0,414"
"0/1","9,11","20","99","384,0,309"
"0/1","14,13","27","99","425,0,414"
"0/1","11,9","20","99","236,0,327"
"0/1","11,7","18","99","195,0,359"
"0/1","8,13","21","99","433,0,208"
"0/1","7,9","16","99","319,0,225"
"0/1","8,8","16","99","255,0,257"
"0/1","9,14","23","99","471,0,267"
"0/1","11,12","23","99","379,0,344"
"0/1","6,7","13","99","248,0,200"
"0/1","9,7","16","99","242,0,241"
"0/1","3,8","11","86","288,0,86"
"0/1","8,6","14","99","201,0,285"
"0/1","11,10","21","99","309,0,353"
"0/1","10,5","15","99","154,0,360"
"0/1","5,15","20","99","496,0,148"
"0/1","7,8","15","99","230,0,245"
"0/1","6,9","15","99","283,0,169"
"0/1","7,2","9","39","39,0,260"
"0/1","11,4","15","91","91,0,352"
"0/1","48,25","74","99","510,0,1252"
"0/1","8,12","20","99","402,0,257"
"0/1","13,7","20","99","223,0,430"
"0/1","8,11","19","99","378,0,214"
"0/1","8,5","13","99","163,0,287"
"0/1","9,5","14","99","157,0,330"
"0/1","5,8","13","99","250,0,166"
"0/1","3,10","13","86","327,0,86"
"0/1","15,10","25","99","271,0,496"
"0/1","16,19","35","99","504,0,496"
"0/1","20,13","33","99","354,0,633"
"0/1","17,13","30","99","400,0,541"
"0/1","9,22","31","99","749,0,265"
"0/1","18,14","32","99","422,0,633"
"0/1","10,9","19","99","310,0,310"
"0/1","17,8","25","99","172,0,420"
"0/1","19,9","28","99","211,0,444"
"0/1","18,11","30","99","289,0,404"
"0/1","14,10","24","99","323,0,381"
"0/1","13,17","30","99","593,0,440"
"0/1","10,2","12","7","7,0,365"
"0/1","6,17","23","99","611,0,178"
"0/1","22,11","33","99","346,0,749"
"0/1","8,9","17","99","282,0,277"
"0/1","10,6","16","99","194,0,364"
"0/1","10,11","21","99","340,0,346"
"0/1","9,8","17","99","270,0,270"
"0/1","14,6","20","99","192,0,469"
"0/1","13,12","25","99","370,0,452"
"0/1","17,15","32","99","506,0,546"
"0/1","21,16","37","99","527,0,719"
"0/1","13,19","32","99","594,0,403"
"0/0","24,0","24","69","0,69,900"
"0/1","7,6","13","99","208,0,247"
"0/1","8,15","23","99","498,0,252"
"0/1","8,10","18","99","341,0,241"
"0/1","13,12","25","99","411,0,422"
"0/1","10,11","21","99","388,0,335"
"0/1","6,12","18","99","436,0,193"
"0/1","6,7","13","99","216,0,208"
"0/1","10,7","17","99","228,0,343"
"0/1","14,5","19","99","149,0,485"
"0/1","16,11","27","99","334,0,539"
"0/1","6,13","19","99","383,0,182"
"0/1","11,13","24","99","402,0,338"
"0/1","9,7","16","99","205,0,319"
"0/1","4,11","15","99","396,0,120"
"0/1","11,3","14","81","81,0,399"
"0/1","17,17","34","99","519,0,583"
"0/1","17,18","35","99","516,0,518"
"0/1","18,14","32","99","463,0,573"
"0/1","17,8","26","99","219,0,436"
"0/1","19,12","31","99","302,0,523"
"0/1","19,10","29","99","316,0,555"
"0/1","11,13","24","99","463,0,288"
"0/1","22,10","32","99","293,0,732"
"0/1","15,6","21","99","168,0,545"
"0/1","12,13","25","99","405,0,415"
"0/1","12,12","24","99","392,0,399"
"0/1","10,11","21","99","343,0,329"
"0/1","16,22","38","99","704,0,529"
"0/1","14,14","28","99","472,0,456"
"0/1","11,6","17","99","196,0,395"
"0/1","12,11","23","99","380,0,408"
"0/1","17,10","27","99","334,0,527"
"0/1","16,12","28","99","401,0,508"
"0/1","10,11","21","99","380,0,344"
"0/1","9,15","24","99","545,0,292"
"0/1","15,9","24","99","292,0,539"
"0/1","8,14","22","99","434,0,259"
"0/1","6,6","12","99","211,0,208"
"0/1","11,8","19","99","238,0,355"
"0/1","24,11","35","99","305,0,836"
"0/1","14,20","34","99","646,0,431"
"0/1","19,11","30","99","347,0,667"
"0/1","18,14","32","99","431,0,643"
"0/1","16,10","26","99","255,0,567"
"0/1","12,11","23","99","370,0,419"
"0/1","11,9","20","99","275,0,378"
"0/1","12,18","30","99","622,0,399"
"0/1","15,16","31","99","502,0,472"
"0/1","9,16","25","99","539,0,288"
"0/1","30,6","36","99","134,0,954"
"0/1","31,6","37","99","126,0,1003"
"0/1","32,6","38","99","127,0,1051"
"0/1","32,7","39","99","167,0,1001"
"0/1","32,4","36","22","22,0,1042"
"0/1","14,32","46","99","1033,0,343"
"0/1","17,25","42","99","795,0,438"
"0/1","16,20","36","99","491,0,532"
"0/1","16,5","21","31","31,0,527"
"0/1","15,12","27","99","375,0,452"
"0/1","10,10","20","99","342,0,313"
"0/1","13,19","32","99","644,0,407"
"0/1","10,9","19","99","286,0,357"
"0/1","11,12","23","99","374,0,304"
"0/1","9,12","21","99","418,0,306"
"0/0","28,0","28","72","0,72,936"
"0/1","16,14","30","99","456,0,501"
"0/1","15,17","32","99","553,0,444"
"0/1","12,18","30","99","624,0,376"
"0/1","11,18","29","99","589,0,368"
"0/1","13,17","30","99","537,0,437"
"0/1","13,15","28","99","476,0,425"
"0/1","13,19","32","99","576,0,362"
"0/1","13,19","32","99","594,0,347"
"0/1","15,17","32","99","556,0,467"
"0/1","8,11","19","99","380,0,259"
"0/1","6,10","16","99","368,0,199"
"0/1","14,8","22","99","214,0,460"
"0/1","12,8","20","99","256,0,424"
"0/1","17,8","25","99","218,0,569"
"0/1","22,6","28","99","155,0,657"
"0/1","6,8","14","99","287,0,171"
"0/1","11,10","21","99","349,0,352"
"0/1","17,13","30","99","356,0,612"
"0/1","24,8","32","99","224,0,786"
"0/1","7,22","29","99","650,0,133"
"0/1","23,21","44","99","636,0,795"
"0/1","25,21","46","99","538,0,882"
"0/1","12,7","19","99","220,0,425"
"0/1","17,8","25","99","246,0,571"
"0/1","15,9","24","99","290,0,511"
"0/1","9,12","21","99","390,0,301"
"0/1","10,12","22","99","373,0,280"
"0/1","21,12","33","99","306,0,659"
"0/1","18,15","33","99","488,0,422"
"0/1","13,20","33","99","621,0,349"
"0/1","13,17","30","99","556,0,390"
"0/1","13,14","27","99","426,0,380"
"0/1","15,16","31","99","405,0,412"
"0/1","16,20","36","99","542,0,440"
"0/1","16,21","37","99","571,0,410"
"0/1","16,15","31","99","392,0,478"
"0/1","16,14","30","99","321,0,499"
"0/1","10,23","33","99","676,0,281"
"0/1","10,20","30","99","651,0,280"
"0/1","23,25","48","99","663,0,679"
"0/1","17,15","33","99","466,0,554"
"0/1","7,10","17","99","355,0,204"
"0/1","11,9","20","99","305,0,353"
"0/1","9,8","17","99","275,0,275"
"0/1","17,13","30","99","417,0,582"
"0/1","16,16","32","99","496,0,561"
"0/1","20,17","37","99","583,0,651"
"0/1","15,11","26","99","354,0,471"
"0/1","17,15","32","99","497,0,549"
"0/1","15,9","24","99","291,0,435"
"0/1","16,19","35","99","613,0,534"
"0/1","22,12","34","99","355,0,665"
"0/1","23,12","35","99","375,0,664"
"0/1","14,23","37","99","776,0,453"
"0/1","14,20","34","99","637,0,456"
"0/1","10,12","22","99","389,0,334"
"0/1","12,15","27","99","493,0,412"
"0/1","6,9","15","99","299,0,192"
"0/1","7,7","14","99","238,0,247"
"0/1","9,12","22","99","427,0,223"
"0/1","12,7","19","99","199,0,395"
"0/1","14,7","21","99","196,0,433"
"0/1","10,13","23","99","443,0,340"
"0/1","13,9","22","99","303,0,434"
"0/1","10,9","19","99","271,0,346"
"0/1","6,8","14","99","247,0,154"
"0/1","16,10","26","99","300,0,469"
"1/1","1,25","26","69","898,69,0"
"0/1","17,14","31","99","432,0,363"
"0/1","22,9","31","99","253,0,552"
"0/1","19,13","32","99","317,0,478"
"0/1","15,16","31","99","381,0,317"
"0/1","23,8","31","99","219,0,573"
"0/1","16,21","40","99","636,0,478"
"0/1","28,3","31","1","1,0,909"
"0/1","11,12","23","99","402,0,377"
"0/1","13,13","26","99","392,0,417"
"0/1","17,14","31","99","405,0,561"
"0/1","16,10","26","99","282,0,550"
"0/1","18,10","28","99","327,0,535"
"0/1","13,17","30","99","513,0,426"
"0/1","17,19","36","99","651,0,533"
"0/1","19,14","33","99","457,0,662"
"0/1","12,17","29","99","541,0,363"
"0/1","13,5","18","99","116,0,465"
"0/1","13,10","23","99","310,0,432"
"0/1","11,13","24","99","387,0,384"
"0/1","15,11","26","99","356,0,517"
"0/1","12,11","23","99","374,0,418"
"0/1","9,11","20","99","378,0,306"
"0/1","15,9","24","99","304,0,459"
"0/1","15,8","23","99","216,0,476"
"0/1","8,15","23","99","432,0,262"
"0/1","9,11","20","99","350,0,296"
"0/1","15,16","31","99","489,0,496"
"0/1","21,19","40","99","543,0,679"
"0/1","12,9","21","99","297,0,286"
"0/1","19,26","45","99","858,0,608"
"0/1","16,11","27","99","341,0,493"
"0/1","4,8","12","99","214,0,130"
"0/1","11,8","19","99","236,0,390"
"0/1","17,10","27","99","310,0,539"
"0/1","9,16","25","99","531,0,283"
"0/1","19,9","28","99","278,0,634"
"0/1","15,14","29","99","415,0,369"
"0/1","16,18","34","99","510,0,462"
"0/1","15,14","29","99","480,0,448"
"0/1","14,13","27","99","401,0,436"
"0/1","18,9","27","99","291,0,591"
"0/1","7,14","21","99","423,0,227"
"0/1","6,16","22","99","554,0,174"
"0/1","8,11","19","99","388,0,233"
"0/1","7,9","16","99","297,0,239"
"0/1","18,20","38","99","667,0,535"
"0/1","16,20","36","99","689,0,524"
"0/1","16,21","37","99","666,0,499"
"0/1","21,18","39","99","575,0,722"
"0/1","18,15","33","99","510,0,586"
"0/1","18,15","33","99","510,0,563"
"0/1","14,15","29","99","527,0,434"
"0/1","27,12","39","99","374,0,848"
"0/1","18,11","29","99","323,0,557"
"0/1","13,4","17","99","100,0,458"
"0/1","14,16","30","99","440,0,443"
"0/1","20,15","35","99","442,0,597"
"0/1","17,11","28","99","338,0,574"
"0/1","22,7","29","99","166,0,742"
"0/1","14,5","19","99","150,0,499"
"0/1","13,5","18","99","116,0,448"
"0/1","12,6","18","99","191,0,433"
"0/1","9,5","14","99","154,0,318"
"0/1","13,11","24","99","301,0,402"
"0/1","10,11","21","99","377,0,299"
"0/1","10,11","21","99","300,0,253"
"0/1","11,15","26","99","525,0,303"
"0/1","8,17","25","99","527,0,216"
"0/1","12,11","23","99","349,0,380"
"0/1","8,14","22","99","415,0,260"
"0/1","13,12","25","99","410,0,417"
"0/1","19,22","41","99","556,0,584"
"0/1","20,18","38","99","540,0,504"
"0/1","14,14","28","99","425,0,459"
"0/1","15,14","29","99","442,0,451"
"0/1","16,14","30","99","436,0,469"
"0/1","14,15","29","99","481,0,431"
"0/1","19,11","30","99","295,0,633"
"0/1","12,13","25","99","448,0,407"
"0/1","7,7","14","99","240,0,238"
"0/1","8,9","17","99","281,0,249"
"0/1","11,13","24","99","413,0,335"
"0/1","5,7","12","99","207,0,176"
"0/1","13,13","26","99","324,0,361"
"0/1","9,11","20","99","282,0,305"
"0/1","5,14","19","99","519,0,147"
"0/1","5,14","19","99","508,0,147"
"0/1","20,18","38","99","567,0,594"
"0/1","20,18","38","99","606,0,608"
"0/1","11,20","31","99","644,0,363"
"0/1","23,9","32","99","277,0,692"
"0/1","22,8","30","99","244,0,625"
"0/1","10,21","31","99","677,0,311"
"0/1","12,26","38","99","660,0,379"
"0/1","25,13","38","99","377,0,650"
"0/1","43,14","58","99","247,0,1205"
"0/1","17,6","23","99","169,0,477"
"0/1","9,8","17","99","246,0,308"
"0/1","10,9","19","99","280,0,337"
"0/1","9,4","13","99","123,0,262"
"0/1","12,9","21","99","218,0,433"
"0/1","6,11","17","99","358,0,201"
"0/1","9,12","21","99","395,0,267"
"0/1","5,11","16","99","370,0,158"
"0/1","7,9","16","99","319,0,234"
"0/1","6,9","15","99","305,0,200"
"0/1","15,7","22","99","219,0,489"
"0/1","7,8","15","99","213,0,238"
"0/1","8,9","17","99","300,0,260"
"0/1","14,10","24","99","310,0,481"
"0/1","23,19","42","99","573,0,797"
"0/1","15,15","30","99","460,0,476"
"0/1","18,13","34","99","358,0,527"
"0/1","8,12","20","99","358,0,238"
"0/1","14,7","21","99","227,0,445"
"0/1","7,12","19","99","396,0,230"
"0/1","8,16","24","99","563,0,255"
"0/1","13,16","29","99","543,0,443"
"0/1","16,20","36","99","692,0,531"
"0/1","16,23","39","99","733,0,478"
"0/1","16,25","41","99","811,0,495"
"0/1","16,11","27","99","335,0,535"
"0/1","15,14","29","99","438,0,472"
"0/1","19,14","33","99","388,0,596"
"0/1","17,12","29","99","323,0,550"
"0/1","20,16","36","99","506,0,684"
"0/1","26,17","43","99","493,0,850"
"0/1","17,11","28","99","332,0,514"
"0/1","12,17","29","99","522,0,369"
"0/1","18,11","29","99","331,0,541"
"0/1","15,10","25","99","340,0,465"
"0/1","14,11","25","99","374,0,427"
"0/1","13,13","26","99","434,0,361"
"0/1","10,6","16","99","197,0,356"
"0/1","15,13","28","99","396,0,525"
"0/1","9,15","24","99","488,0,298"
"0/1","15,13","28","99","436,0,446"
"0/1","13,14","27","99","399,0,448"
"0/1","10,15","25","99","510,0,325"
"0/1","11,10","21","99","348,0,284"
"0/1","15,15","30","99","483,0,516"
"0/1","20,22","42","99","683,0,609"
"0/1","13,20","33","99","707,0,384"
"0/1","11,14","25","99","443,0,341"
"0/1","14,14","28","99","460,0,454"
"0/1","7,10","17","99","355,0,238"
"0/1","9,9","18","99","276,0,312"
"0/1","17,13","30","99","351,0,607"
"0/1","18,18","36","99","620,0,547"
"0/1","17,5","23","99","108,0,578"
"0/1","8,8","16","99","257,0,281"
"0/1","20,20","40","99","687,0,612"
"0/1","17,24","41","99","795,0,516"
"0/1","15,12","27","99","349,0,483"
"0/1","19,12","31","99","357,0,623"
"0/1","16,10","26","99","337,0,489"
"0/1","13,19","32","99","647,0,371"
"0/1","16,12","28","99","356,0,495"
"0/1","12,15","27","99","505,0,391"
"0/1","12,8","20","99","249,0,417"
"0/1","10,13","23","99","442,0,312"
"0/1","13,14","27","99","494,0,326"
"0/1","14,13","27","99","406,0,479"
"0/1","14,17","31","99","519,0,417"
"0/1","16,15","31","99","525,0,446"
"0/1","9,16","25","99","458,0,249"
"0/1","12,15","27","99","511,0,410"
"0/1","5,4","9","99","136,0,169"
"0/1","18,13","31","99","425,0,581"
"0/1","23,11","34","99","350,0,751"
"0/1","18,9","27","99","269,0,506"
"0/1","18,16","34","99","542,0,551"
"0/1","19,19","38","99","637,0,595"
"0/1","13,12","25","99","404,0,442"
"0/1","18,13","31","99","399,0,602"
"0/1","15,23","38","99","711,0,429"
"0/1","9,10","19","99","247,0,307"
"0/1","9,12","21","99","260,0,302"
"0/1","8,10","18","99","239,0,268"
"0/1","16,13","29","99","323,0,482"
"0/1","12,13","25","99","394,0,250"
"0/1","15,13","28","99","371,0,406"
"0/1","9,11","22","99","256,0,287"
"0/1","13,13","26","99","404,0,441"
"0/1","9,9","18","99","306,0,291"
"0/1","10,17","27","99","600,0,320"
"0/1","12,24","36","99","778,0,380"
"0/1","9,18","27","99","603,0,261"
"0/1","18,16","34","99","532,0,610"
"0/1","17,20","37","99","630,0,552"
"0/1","19,22","41","99","704,0,596"
"0/1","18,22","40","99","675,0,574"
"0/1","9,16","25","99","487,0,241"
"0/1","12,23","35","99","723,0,338"
"0/1","11,19","30","99","641,0,364"
"0/1","25,11","36","99","263,0,701"
"0/1","9,15","24","99","477,0,262"
"0/1","8,11","19","99","389,0,267"
"0/1","9,10","19","99","315,0,274"
"0/1","16,24","40","99","802,0,424"
"0/1","13,16","29","99","524,0,396"
"0/1","9,16","25","99","567,0,280"
"0/1","10,15","25","99","520,0,332"
"0/1","4,6","10","99","212,0,135"
"0/1","11,5","16","99","157,0,353"
"0/1","13,6","19","99","185,0,428"
"0/1","9,9","18","99","282,0,247"
"0/1","8,9","17","99","248,0,248"
"0/1","10,12","22","99","426,0,304"
"0/1","8,14","22","99","467,0,214"
"0/1","14,17","31","99","425,0,409"
"0/1","20,12","32","99","352,0,525"
"0/1","15,17","32","99","560,0,456"
"0/1","19,19","38","99","617,0,576"
"0/1","17,12","29","99","368,0,527"
"0/1","17,16","33","99","358,0,421"
"0/1","15,7","22","99","172,0,346"
"1/1","1,33","34","61","989,61,0"
"0/1","27,18","45","99","439,0,538"
"0/1","53,22","75","99","329,0,1402"
"0/1","6,8","14","99","251,0,208"
"0/1","10,10","20","99","344,0,346"
"0/1","9,10","19","99","326,0,319"
"0/1","9,9","18","99","279,0,312"
"0/1","12,14","26","99","487,0,365"
"0/1","10,10","20","99","317,0,264"
"0/1","14,15","29","99","458,0,454"
"0/1","10,15","25","99","448,0,327"
"0/1","14,12","26","99","404,0,378"
"0/1","7,9","16","99","321,0,203"
"0/1","17,10","27","99","281,0,575"
"0/1","18,15","34","99","497,0,526"
"0/1","19,15","34","99","493,0,590"
"0/1","20,15","35","99","466,0,577"
"0/1","17,17","34","99","504,0,570"
"0/1","12,16","28","99","566,0,337"
"0/1","13,18","31","99","621,0,368"
"0/1","13,23","36","99","791,0,331"
"0/1","16,12","28","99","402,0,505"
"0/1","21,19","40","99","610,0,661"
"0/1","20,11","31","99","337,0,710"
"0/1","6,7","13","99","250,0,204"
"0/1","15,17","32","99","549,0,453"
"0/1","19,19","38","99","590,0,650"
"0/1","12,7","19","99","223,0,426"
"0/1","14,9","23","99","288,0,493"
"0/1","8,12","20","99","418,0,228"
"0/1","10,13","23","99","392,0,294"
"0/1","16,9","25","99","292,0,572"
"0/1","12,11","23","99","341,0,418"
"0/1","9,11","20","99","353,0,273"
"0/1","8,10","18","99","353,0,261"
"0/1","20,17","37","99","570,0,655"
"0/1","21,18","39","99","560,0,720"
"0/1","22,14","36","99","410,0,712"
"0/1","10,13","23","99","436,0,330"
"0/1","8,24","32","99","799,0,195"
"0/1","19,13","32","99","375,0,634"
"0/1","16,17","33","99","517,0,529"
"0/1","15,18","33","99","582,0,494"
"0/1","12,15","27","99","412,0,375"
"0/1","14,18","32","99","591,0,403"
"0/1","16,11","27","99","265,0,534"
"0/1","14,15","29","99","519,0,439"
"0/1","21,17","38","99","564,0,725"
"0/1","16,11","27","99","363,0,463"
"0/1","14,10","24","99","318,0,470"
"0/1","16,11","27","99","365,0,559"
"0/1","16,11","28","99","309,0,530"
"0/1","10,12","22","99","417,0,318"
"0/1","7,12","19","99","433,0,193"
"0/1","11,11","22","99","386,0,346"
"0/1","11,11","22","99","389,0,339"
"0/1","16,8","24","99","242,0,562"
"0/1","10,13","23","99","417,0,239"
"0/1","13,6","19","99","195,0,414"
"0/1","10,9","19","99","304,0,344"
"0/1","6,13","19","99","442,0,186"
"0/1","5,8","13","99","278,0,161"
"0/1","12,8","20","99","257,0,387"
"0/1","20,19","39","99","625,0,684"
"0/1","14,13","28","99","391,0,484"
"0/1","9,19","28","99","639,0,276"
"0/1","7,12","19","99","430,0,230"
"0/1","9,8","17","99","284,0,280"
"0/1","6,16","22","99","532,0,179"
"0/1","6,13","19","99","460,0,182"
"0/1","12,15","27","99","497,0,401"
"0/1","9,16","25","99","557,0,294"
"0/1","8,7","15","99","237,0,261"
"0/1","8,8","16","99","278,0,277"
"0/1","13,8","21","99","265,0,424"
"0/1","12,11","23","99","382,0,420"
"0/1","10,13","23","99","421,0,336"
"0/1","15,12","27","99","363,0,534"
"0/1","8,12","20","99","431,0,263"
"0/1","5,13","18","99","455,0,142"
"0/1","13,11","24","99","339,0,430"
"0/1","15,14","29","99","474,0,516"
"0/1","9,10","19","99","346,0,260"
"0/1","5,5","10","99","173,0,179"
"0/1","20,20","40","99","667,0,615"
"0/1","11,17","28","99","595,0,338"
"0/1","12,13","25","99","399,0,415"
"0/1","11,12","23","99","417,0,355"
"0/1","9,14","23","99","488,0,300"
"0/1","15,24","39","99","821,0,421"
"0/1","19,20","39","99","628,0,587"
"0/1","11,8","19","99","182,0,365"
"0/1","11,12","23","99","383,0,343"
"0/1","17,13","31","99","328,0,496"
"0/1","17,15","32","99","379,0,535"
"0/1","16,15","31","99","475,0,500"
"0/1","12,16","28","99","519,0,362"
"0/1","10,17","27","99","534,0,206"
"0/1","12,16","28","99","434,0,405"
"0/1","16,14","30","99","412,0,434"
"0/1","18,33","51","99","903,0,480"
"0/1","18,20","38","99","606,0,510"
"0/1","27,20","47","99","568,0,921"
"0/1","19,10","29","99","284,0,577"
"0/1","18,9","27","99","242,0,541"
"0/1","16,17","33","99","532,0,438"
"0/1","8,12","23","99","376,0,259"
"0/0","18,0","18","48","0,48,652"
"0/0","19,0","19","51","0,51,697"
"0/1","9,15","24","99","491,0,297"
"0/1","13,20","33","99","647,0,392"
"0/1","18,15","33","99","480,0,577"
"0/0","30,0","30","78","0,78,1051"
"0/1","10,12","22","99","410,0,325"
"0/1","12,20","32","99","661,0,356"
"0/1","16,17","33","99","459,0,514"
"0/1","10,13","23","99","448,0,321"
"0/1","14,13","27","99","382,0,456"
"0/1","10,13","23","99","453,0,329"
"0/0","28,0","28","81","0,81,1076"
"0/1","18,10","29","99","307,0,437"
"0/1","15,10","25","99","335,0,483"
"0/1","20,5","26","99","99,0,642"
"0/1","16,3","19","63","63,0,490"
"0/0","6,0","8","6","0,6,72"
"0/1","13,13","26","99","383,0,411"
"0/1","8,10","18","99","315,0,271"
"0/1","8,18","26","99","608,0,252"
"0/1","16,16","32","99","550,0,528"
"0/1","21,15","36","99","408,0,606"
"0/1","16,16","35","99","408,0,369"
"0/1","15,15","30","99","334,0,401"
"0/1","16,17","33","99","557,0,434"
"0/1","13,16","29","99","481,0,433"
"0/0","16,0","16","36","0,36,465"
"0/0","8,0","10","21","0,21,230"
"0/1","13,10","23","99","297,0,410"
"0/1","15,16","31","99","531,0,455"
"0/1","20,14","34","99","352,0,538"
"0/1","15,14","29","99","459,0,441"
"0/1","26,22","48","99","708,0,811"
"0/1","16,14","30","99","411,0,496"
"0/1","12,10","22","99","289,0,324"
"0/0","18,0","20","42","0,42,522"
"0/0","7,0","7","15","0,15,199"
"0/0","5,0","6","9","0,9,117"
"0/1","22,11","33","99","329,0,513"
"0/1","17,15","32","99","495,0,585"
"0/1","18,9","27","99","248,0,592"
"0/1","6,16","22","99","547,0,177"
"0/1","21,14","35","99","425,0,699"
"0/1","10,10","20","99","338,0,285"
"0/0","50,0","50","99","0,138,1804"
"0/0","23,0","24","27","0,27,334"
"0/1","17,16","33","99","489,0,496"
"0/1","18,6","24","99","102,0,611"
"0/1","24,15","39","99","333,0,835"
"0/1","18,19","37","99","596,0,505"
"0/1","11,13","24","99","454,0,334"
"0/1","56,18","74","99","429,0,927"
"0/1","18,13","31","99","407,0,623"
"0/1","17,20","37","99","669,0,524"
"0/1","17,15","32","99","468,0,554"
"0/1","22,13","35","99","347,0,703"
"0/1","14,11","25","99","364,0,410"
"0/1","21,16","37","99","458,0,702"
"0/1","13,24","37","99","807,0,301"
"0/1","19,5","24","99","118,0,691"
"0/1","14,17","31","99","505,0,460"
"0/1","10,14","24","99","436,0,315"
"0/1","17,16","33","99","490,0,546"
"0/1","12,10","22","99","324,0,407"
"0/1","8,11","19","99","353,0,272"
"0/1","10,12","22","99","403,0,343"
"0/1","11,6","17","99","191,0,398"
"0/1","15,12","27","99","396,0,535"
"0/1","12,15","27","99","519,0,369"
"0/1","29,19","48","99","397,0,899"
"0/1","30,21","51","99","489,0,896"
"0/1","41,18","59","99","457,0,1140"
"0/1","15,23","38","99","719,0,478"
"0/0","35,0","35","99","0,102,1373"
"0/1","30,15","45","99","404,0,875"
"0/1","4,19","23","97","661,0,97"
"0/1","5,6","11","99","213,0,172"
"0/1","6,12","18","99","361,0,191"
"0/1","10,9","19","99","300,0,336"
"0/1","8,8","16","99","230,0,282"
"0/1","11,8","19","99","265,0,358"
"0/1","18,16","34","99","523,0,518"
"0/1","7,9","16","99","283,0,234"
"0/1","9,7","16","99","239,0,314"
"0/1","10,22","32","99","723,0,322"
"0/1","22,18","40","99","545,0,702"
"0/1","15,16","31","99","361,0,334"
"0/1","15,13","28","99","382,0,478"
"0/1","22,19","41","99","570,0,734"
"0/1","26,18","44","99","414,0,670"
"0/1","45,7","55","55","55,0,1469"
"0/1","49,21","70","99","522,0,1410"
"0/1","35,17","52","99","257,0,973"
"0/1","14,4","18","66","66,0,281"
"0/1","11,9","20","99","205,0,245"
"0/1","10,7","17","99","102,0,243"
"0/1","5,12","17","91","364,0,91"
"0/1","7,11","18","99","358,0,155"
"0/1","10,11","21","99","349,0,352"
"0/1","14,15","29","99","523,0,468"
"0/1","10,9","19","99","278,0,340"
"0/1","5,4","10","98","98,0,178"
"0/1","8,10","18","99","337,0,263"
"0/1","7,19","26","99","686,0,196"
"0/1","11,18","29","99","607,0,311"
"0/1","12,19","31","99","561,0,366"
"0/1","19,24","43","99","694,0,580"
"0/1","15,11","26","99","356,0,518"
"0/1","22,11","33","99","282,0,703"
"0/1","22,20","42","99","635,0,653"
"0/1","11,17","28","99","602,0,353"
"0/1","8,11","19","99","378,0,227"
"0/1","16,4","20","99","113,0,507"
"0/0","27,0","27","78","0,78,1029"
"0/0","24,0","24","69","0,69,922"
"0/1","8,4","13","99","114,0,286"
"0/0","23,0","23","63","0,63,842"
"0/0","21,0","22","57","0,57,777"
"0/0","23,0","23","63","0,63,853"
"0/0","21,1","22","27","0,27,727"
"0/0","21,0","21","60","0,60,808"
"0/0","19,1","20","24","0,24,698"
"0/1","4,8","12","99","272,0,126"
"0/1","17,13","30","99","402,0,573"
"0/1","11,8","19","99","270,0,341"
"0/1","18,11","29","99","360,0,617"
"0/1","17,13","30","99","384,0,540"
"0/1","13,17","30","99","585,0,434"
"0/1","12,10","22","99","344,0,386"
"0/1","5,15","20","99","458,0,149"
"0/1","14,13","27","99","440,0,464"
"0/1","10,10","20","99","305,0,353"
"0/1","17,22","39","99","634,0,514"
"0/1","27,19","46","99","547,0,818"
"0/1","18,27","45","99","866,0,596"
"0/1","18,15","33","99","497,0,628"
"0/1","16,6","22","90","90,0,534"
"0/0","23,0","23","66","0,66,876"
"0/1","16,14","30","99","452,0,558"
"0/1","10,5","15","99","160,0,354"
"0/1","16,18","34","99","585,0,500"
"0/1","13,22","35","99","796,0,382"
"0/1","19,18","37","99","540,0,649"
"0/1","17,22","39","99","705,0,543"
"0/1","7,8","15","99","268,0,240"
"0/1","11,7","18","99","183,0,383"
"0/1","14,18","32","99","539,0,470"
"0/1","14,11","25","99","351,0,491"
"0/1","14,18","32","99","585,0,437"
"0/1","13,15","28","99","511,0,442"
"0/1","15,13","28","99","423,0,493"
"0/1","15,13","28","99","396,0,461"
"0/1","18,14","32","99","398,0,581"
"0/1","5,10","15","99","201,0,145"
"0/1","6,15","21","99","365,0,168"
"0/0","35,0","35","93","0,93,1221"
"0/1","12,12","24","99","378,0,384"
"0/1","8,10","18","99","303,0,274"
"0/1","7,7","14","99","242,0,245"
"0/0","23,0","23","66","0,66,878"
"0/1","10,8","18","99","260,0,348"
"0/1","11,10","21","99","341,0,368"
"0/1","19,24","43","99","736,0,630"
"0/1","13,12","25","99","349,0,411"
"0/1","5,16","21","99","544,0,142"
"0/1","6,11","17","99","395,0,149"
"0/1","2,15","17","32","525,0,32"
"0/1","10,7","17","99","234,0,345"
"0/1","8,11","19","99","359,0,231"
"0/1","11,6","17","99","177,0,396"
"0/1","16,10","26","99","340,0,437"
"0/1","11,10","21","99","349,0,352"
"0/1","9,13","22","99","424,0,297"
"0/1","7,3","10","52","52,0,248"
"0/0","19,1","20","24","0,24,655"
"0/0","20,1","21","27","0,27,698"
"0/0","21,1","22","30","0,30,745"
"0/1","11,18","29","99","534,0,356"
"0/1","5,12","17","99","404,0,144"
"0/1","9,6","15","99","194,0,307"
"0/1","18,23","41","99","694,0,548"
"0/1","12,11","23","99","370,0,362"
"0/1","19,19","38","99","605,0,583"
"0/1","25,18","43","99","543,0,813"
"1/1","0,18","18","54","719,54,0"
"0/1","9,10","19","99","337,0,312"
"0/1","7,13","20","99","477,0,189"
"0/1","9,11","20","99","288,0,269"
"0/1","11,16","27","99","552,0,346"
"0/1","5,9","14","99","322,0,160"
"0/1","11,13","24","99","418,0,360"
"0/1","11,11","22","99","386,0,309"
"0/1","14,10","24","99","335,0,452"
"0/1","9,13","22","99","423,0,254"
"0/1","11,9","20","99","296,0,280"
"0/1","17,6","23","99","179,0,542"
"0/1","10,9","19","99","271,0,341"
"0/1","12,11","23","99","374,0,405"
"0/1","10,18","29","99","636,0,299"
"0/1","7,10","17","99","334,0,229"
"0/1","20,11","31","99","313,0,682"
"0/1","16,6","22","99","184,0,541"
"1/1","0,23","23","63","826,63,0"
"0/1","9,8","17","99","276,0,312"
"1/1","0,23","23","69","919,69,0"
"0/1","7,11","18","99","377,0,235"
"0/0","25,0","25","75","0,75,1022"
"0/1","18,20","38","99","603,0,607"
"0/1","18,14","32","99","287,0,460"
"0/1","26,6","32","99","108,0,846"
"0/1","17,16","33","99","538,0,514"
"0/1","15,17","32","99","466,0,502"
"0/1","19,16","35","99","485,0,578"
"0/1","23,24","47","99","808,0,788"
"0/1","18,17","35","99","574,0,546"
"0/1","17,17","34","99","536,0,536"
"0/1","21,13","34","99","376,0,733"
"0/1","16,22","38","99","651,0,413"
"0/1","20,16","36","99","494,0,676"
"0/1","23,16","39","99","479,0,783"
"0/1","16,9","25","99","297,0,536"
"0/1","14,6","20","99","183,0,436"
"0/1","14,6","20","99","179,0,467"
"0/1","15,6","21","99","170,0,540"
"0/1","7,15","22","99","492,0,166"
"0/1","24,11","35","99","294,0,832"
"0/1","19,10","29","99","317,0,648"
"0/1","16,14","30","99","449,0,560"
"0/1","11,15","26","99","520,0,376"
"0/1","12,10","22","99","344,0,416"
"0/1","9,10","19","99","308,0,300"
"0/1","5,5","10","99","172,0,172"
"0/1","15,6","21","99","182,0,463"
"0/1","7,4","11","99","127,0,249"
"0/1","11,6","17","99","188,0,388"
"0/1","7,9","16","99","304,0,237"
"1/1","2,25","27","28","794,28,0"
"0/1","9,18","27","99","519,0,266"
"0/1","11,15","26","99","474,0,306"
"0/1","9,9","18","99","298,0,300"
"0/1","10,7","17","99","187,0,356"
"0/1","9,7","16","99","242,0,310"
"0/1","5,17","22","99","588,0,142"
"0/1","11,10","21","99","310,0,381"
"0/1","11,11","22","99","315,0,394"
"0/0","30,0","30","90","0,90,1221"
"0/0","25,0","25","66","0,66,889"
"0/1","12,14","26","99","403,0,368"
"0/1","13,16","29","99","560,0,440"
"0/1","10,12","22","99","386,0,321"
"0/1","17,10","27","99","288,0,593"
"0/1","17,12","29","99","390,0,566"
"0/1","11,16","27","99","511,0,324"
"0/1","13,16","29","99","563,0,403"
"0/1","16,12","28","99","377,0,532"
"0/1","15,11","26","99","361,0,521"
"0/1","12,14","26","99","449,0,409"
"0/1","12,11","23","99","368,0,414"
"0/1","12,8","20","99","259,0,429"
"0/1","13,13","26","99","456,0,444"
"0/1","13,11","24","99","343,0,429"
"0/1","9,13","22","99","397,0,269"
"0/1","16,14","30","99","465,0,557"
"0/1","11,10","21","99","310,0,378"
"0/1","9,10","19","99","345,0,317"
"0/1","8,12","20","99","412,0,262"
"0/1","12,6","18","99","195,0,431"
"0/1","9,11","20","99","350,0,302"
"0/1","12,14","26","99","496,0,397"
"0/1","15,13","28","99","428,0,498"
"0/1","11,15","26","99","539,0,332"
"0/1","13,7","20","99","207,0,466"
"0/1","13,12","25","99","378,0,464"
"0/1","15,10","25","99","246,0,537"
"0/1","14,9","23","99","263,0,465"
"0/1","7,16","23","99","568,0,177"
"0/1","17,13","30","99","442,0,532"
"0/1","19,11","30","99","345,0,638"
"0/1","8,6","14","99","178,0,202"
"0/1","9,7","16","99","114,0,231"
"0/1","9,7","16","99","181,0,224"
"0/1","9,7","16","99","193,0,279"
"0/1","13,9","22","99","286,0,417"
"0/1","17,15","32","99","492,0,589"
"0/1","16,18","34","99","624,0,547"
"0/1","11,9","20","99","260,0,390"
"0/1","4,3","7","99","101,0,146"
"0/1","12,11","23","99","375,0,396"
"0/1","11,13","24","99","437,0,374"
"0/1","17,11","28","99","348,0,588"
"0/1","10,22","32","99","763,0,299"
"0/1","17,15","32","99","415,0,523"
"0/1","12,13","25","99","445,0,399"
"0/1","13,6","19","99","187,0,465"
"0/1","12,6","18","99","149,0,440"
"0/1","6,6","12","99","204,0,204"
"0/1","13,12","25","99","385,0,456"
"0/1","16,12","28","99","372,0,569"
"0/1","6,15","21","99","544,0,184"
"0/1","14,26","40","99","906,0,448"
"0/1","14,18","32","99","609,0,437"
"0/1","18,20","38","99","688,0,579"
"0/1","16,11","27","99","288,0,525"
"0/1","15,19","35","99","628,0,499"
"0/1","10,15","26","99","485,0,324"
"0/1","14,19","33","99","545,0,381"
"0/1","21,15","36","99","418,0,627"
"0/1","10,4","14","99","115,0,257"
"0/1","14,7","21","99","193,0,416"
"0/1","12,11","23","99","305,0,414"
"0/1","23,17","40","99","562,0,738"
"0/0","41,0","41","99","0,114,1521"
"0/1","22,18","40","99","490,0,525"
"0/1","20,18","38","99","528,0,491"
"0/1","16,14","30","99","469,0,486"
"0/1","14,14","28","99","445,0,475"
"0/1","7,13","20","99","436,0,191"
"0/1","11,5","16","99","152,0,341"
"0/1","8,9","17","99","315,0,273"
"0/1","15,7","22","99","216,0,531"
"0/1","11,10","21","99","339,0,380"
"0/1","13,11","24","99","376,0,381"
"0/1","13,13","26","99","407,0,437"
"0/1","11,12","23","99","412,0,357"
"0/1","12,14","26","99","431,0,397"
"0/1","20,13","33","99","383,0,642"
"0/1","21,20","41","99","571,0,591"
"0/0","51,3","57","50","0,50,1021"
"0/1","19,21","40","99","661,0,624"
"0/1","20,17","37","99","467,0,638"
"0/1","12,17","29","99","552,0,406"
"0/1","13,19","32","99","626,0,423"
"0/1","13,9","22","99","267,0,445"
"0/1","12,6","18","99","157,0,427"
"0/1","11,14","25","99","462,0,368"
"0/1","19,12","31","99","393,0,673"
"0/1","11,10","21","99","310,0,379"
"0/1","9,5","14","99","124,0,291"
"0/1","15,14","29","99","460,0,457"
"0/1","17,13","30","99","404,0,490"
"0/1","17,18","35","99","503,0,534"
"0/1","15,10","25","99","334,0,514"
"0/1","13,16","29","99","503,0,414"
"0/1","8,13","21","99","457,0,256"
"0/1","18,14","32","99","439,0,562"
"0/1","16,13","29","99","413,0,520"
"0/1","11,21","32","99","705,0,332"
"0/1","17,14","31","99","487,0,561"
"0/1","20,12","32","99","391,0,662"
"0/1","14,22","36","99","750,0,445"
"0/1","14,18","32","99","618,0,444"
"0/1","8,14","23","99","354,0,259"
"0/1","9,10","21","99","194,0,273"
"0/1","20,22","42","99","685,0,614"
"0/1","13,17","30","99","514,0,422"
"0/1","12,14","26","99","461,0,398"
"0/0","34,1","37","20","0,20,645"
"0/1","14,15","29","99","395,0,449"
"0/1","8,12","20","99","392,0,267"
"0/1","10,9","19","99","308,0,352"
"0/1","28,16","44","99","483,0,855"
"0/1","23,12","35","99","385,0,762"
"0/1","23,15","38","99","485,0,783"
"0/1","17,10","27","99","297,0,555"
"0/1","18,17","35","99","581,0,601"
"0/1","11,12","23","99","382,0,339"
"0/1","18,9","27","99","294,0,609"
"0/1","9,8","17","99","237,0,314"
"0/1","14,7","21","99","222,0,481"
"0/0","26,0","26","75","0,75,992"
"0/1","7,11","18","99","369,0,197"
"0/1","8,6","14","99","205,0,279"
"0/1","11,14","25","99","472,0,368"
"0/1","14,17","31","99","535,0,484"
"0/1","15,19","34","99","636,0,454"
"0/1","14,16","30","99","560,0,463"
"0/1","14,15","29","99","486,0,422"
"0/1","21,10","31","99","201,0,639"
"0/1","14,13","27","99","430,0,450"
"0/1","23,18","41","99","592,0,667"
"0/1","14,11","25","99","341,0,449"
"0/1","10,9","19","99","299,0,312"
"0/1","9,17","26","99","569,0,281"
"0/1","17,17","34","99","564,0,536"
"0/1","15,12","27","99","376,0,448"
"0/1","9,10","19","99","315,0,264"
"0/1","18,15","33","99","468,0,541"
"0/1","12,7","19","99","233,0,394"
"0/1","11,11","22","99","309,0,356"
"0/1","9,11","20","99","380,0,288"
"0/1","18,16","34","99","566,0,509"
"0/1","12,17","29","99","600,0,396"
"0/1","12,16","28","99","572,0,393"
"0/1","9,10","19","99","343,0,266"
"0/1","11,12","23","99","376,0,341"
"0/1","10,12","22","99","392,0,309"
"0/1","7,12","19","99","424,0,226"
"0/1","6,10","16","99","282,0,195"
"0/1","9,11","20","99","346,0,273"
"0/1","17,12","29","99","384,0,593"
"0/1","6,9","15","99","312,0,197"
"0/0","20,0","20","60","0,60,808"
"0/1","9,8","17","99","271,0,314"
"0/0","21,0","21","60","0,60,796"
"0/1","13,9","22","99","259,0,378"
"0/0","13,0","14","15","0,15,192"
"0/1","15,19","35","99","657,0,497"
"0/1","6,9","15","99","317,0,194"
"0/1","9,8","17","99","243,0,228"
"0/1","15,17","32","99","515,0,473"
"0/1","15,12","27","99","398,0,536"
"0/1","16,6","22","99","178,0,580"
"0/1","7,16","23","99","514,0,201"
"0/1","17,17","34","99","525,0,513"
"0/1","16,10","26","99","288,0,566"
"0/1","6,15","21","99","383,0,120"
"0/0","19,0","20","48","0,48,644"
"0/0","18,1","19","45","0,45,603"
"0/1","6,11","17","99","358,0,196"
"0/1","11,7","18","99","238,0,326"
"0/1","13,8","21","99","221,0,463"
"0/1","11,17","28","99","605,0,343"
"0/1","10,14","24","99","496,0,316"
"0/1","10,17","27","99","601,0,245"
"0/1","10,17","27","99","593,0,250"
"0/1","10,6","16","99","197,0,358"
"0/1","10,7","17","99","219,0,340"
"0/1","10,9","19","99","276,0,335"
"0/1","11,9","20","99","304,0,363"
"0/1","10,13","23","99","458,0,320"
"0/0","18,0","18","54","0,54,713"
"0/1","12,9","22","99","290,0,378"
"0/1","15,15","30","99","489,0,520"
"0/1","7,20","27","99","691,0,197"
"0/1","8,3","11","86","86,0,273"
"0/1","11,14","25","99","451,0,362"
"0/1","23,26","49","99","844,0,677"
"0/1","23,16","40","99","260,0,659"
"0/1","23,10","33","99","312,0,666"
"0/0","25,0","25","75","0,75,991"
"0/1","5,19","24","60","636,0,60"
"0/1","3,10","13","84","375,0,84"
"0/1","15,9","24","99","290,0,498"
"0/1","7,17","24","99","577,0,137"
"0/0","23,2","25","32","0,32,865"
"0/1","22,13","35","99","237,0,491"
"0/0","20,1","22","30","0,30,373"
"0/0","16,3","19","15","0,15,196"
"0/0","71,5","76","70","0,70,2158"
"0/1","65,11","77","80","80,0,1727"
"1/1","0,12","12","36","479,36,0"
"0/1","39,7","46","53","53,0,1113"
"0/1","38,7","46","59","59,0,1081"
"0/1","39,8","47","53","53,0,1117"
"0/1","32,8","41","99","107,0,948"
"1/1","0,27","27","81","1065,81,0"
"0/0","22,0","22","66","0,66,877"
"1/1","0,30","30","84","1121,84,0"
"1/1","0,35","37","87","1161,87,0"
"0/0","25,0","25","63","0,63,856"
"1/1","0,32","32","84","1112,84,0"
"0/1","11,22","33","99","617,0,270"
"0/0","9,0","12","27","0,27,345"
"0/0","11,1","16","3","0,3,317"
"0/0","19,2","23","51","0,51,656"
"0/1","13,17","30","99","598,0,434"
"1/1","0,25","25","75","983,75,0"
"0/1","3,21","24","46","705,0,46"
"0/1","2,21","23","17","702,0,17"
"0/1","11,8","19","99","248,0,203"
"0/0","20,0","20","57","0,57,753"
"0/0","20,0","20","60","0,60,818"
"0/0","18,0","18","54","0,54,735"
"0/0","18,0","18","54","0,54,740"
"0/1","18,16","34","99","472,0,442"
"0/1","13,14","27","99","427,0,363"
"1/1","0,33","33","93","1255,93,0"
"1/1","1,33","34","53","1149,53,0"
"0/1","20,21","41","99","653,0,608"
"0/1","18,21","39","99","679,0,554"
"0/1","14,11","25","99","306,0,378"
"1/1","0,24","24","63","832,63,0"
"0/1","14,8","22","99","211,0,467"
"1/1","1,23","24","66","865,66,0"
"0/1","10,10","20","99","351,0,202"
"0/1","21,10","31","99","320,0,717"
"0/0","25,0","25","69","0,69,921"
"0/0","20,0","20","57","0,57,775"
"0/1","9,18","27","99","542,0,242"
"0/1","15,12","27","99","359,0,503"
"0/0","16,0","16","48","0,48,634"
"0/0","21,0","21","60","0,60,801"
"0/1","11,10","21","99","310,0,383"
"1/1","0,20","20","54","719,54,0"
"0/1","22,18","40","99","604,0,694"
"0/1","13,17","30","99","512,0,360"
"0/1","21,26","47","99","884,0,708"
"0/1","15,11","26","99","356,0,480"
"0/1","14,10","24","99","256,0,375"
"0/1","17,18","36","99","592,0,558"
"0/1","12,12","24","99","394,0,397"
"0/0","36,0","36","99","0,105,1360"
"0/0","29,2","31","44","0,44,1000"
"0/1","14,15","29","99","463,0,364"
"0/1","11,10","21","99","310,0,377"
"0/1","6,12","18","99","395,0,196"
"1/1","0,28","28","84","1103,84,0"
"0/1","11,7","18","99","156,0,135"
"0/1","14,9","29","85","85,0,197"
"0/1","4,20","24","40","581,0,40"
"0/1","11,9","20","99","297,0,350"
"0/1","19,10","29","99","299,0,572"
"0/1","18,9","27","99","266,0,647"
"0/1","18,15","33","99","503,0,603"
"0/1","14,24","38","99","811,0,453"
"0/1","18,11","29","99","331,0,615"
"0/1","9,9","18","99","305,0,256"
"0/0","36,1","40","63","0,63,785"
"0/1","20,5","25","99","128,0,148"
"0/1","10,16","26","99","534,0,314"
"0/1","13,14","27","99","449,0,434"
"0/1","8,9","17","99","273,0,259"
"0/1","16,21","37","99","735,0,525"
"0/1","9,10","20","99","259,0,232"
"0/1","17,20","37","99","639,0,507"
"0/1","21,23","44","99","757,0,611"
"0/1","11,10","21","99","323,0,380"
"0/0","3,0","3","6","0,6,69"
"0/1","18,12","30","99","385,0,602"
"0/1","21,13","34","99","359,0,700"
"0/1","11,18","29","99","596,0,279"
"0/1","19,19","38","99","618,0,577"
"0/1","11,9","21","99","303,0,314"
"0/1","17,11","29","99","292,0,527"
"0/1","14,14","28","99","468,0,467"
"0/1","14,15","29","99","496,0,424"
"0/1","23,17","40","99","503,0,688"
"0/1","15,16","31","99","506,0,454"
"0/1","21,12","33","99","343,0,723"
"0/1","17,12","29","99","272,0,534"
"0/0","28,0","28","78","0,78,1047"
"0/0","25,0","25","69","0,69,938"
"0/1","19,10","30","99","286,0,416"
"0/1","10,14","24","99","445,0,299"
"0/1","12,10","22","99","323,0,418"
"0/1","16,8","24","99","253,0,519"
"0/1","23,15","38","99","489,0,691"
"0/1","16,11","27","99","327,0,574"
"0/1","16,13","29","99","402,0,493"
"0/1","18,14","32","99","464,0,497"
"0/1","8,5","13","99","161,0,265"
"0/1","17,15","32","99","505,0,506"
"0/1","13,21","34","99","706,0,411"
"0/1","15,20","35","99","620,0,496"
"0/0","20,0","20","51","0,51,633"
"0/0","35,0","35","87","0,87,1174"
"0/0","35,0","35","84","0,84,1127"
"0/0","22,0","22","63","0,63,828"
"0/0","37,0","37","99","0,105,1404"
"0/1","20,11","31","99","344,0,614"
"1/1","1,21","22","51","670,51,0"
"0/1","11,15","26","99","487,0,320"
"0/1","17,8","25","99","242,0,568"
"0/1","24,12","36","99","348,0,767"
"0/0","35,1","36","99","0,99,1297"
"0/1","22,13","35","99","393,0,679"
"0/1","16,14","30","99","399,0,506"
"0/1","15,17","32","99","573,0,395"
"0/1","12,9","21","99","264,0,387"
"0/1","12,15","27","99","452,0,366"
"0/1","14,15","29","99","515,0,448"
"0/1","17,9","26","99","281,0,591"
"0/1","7,15","22","99","499,0,179"
"0/1","18,7","25","99","205,0,480"
"0/1","27,7","34","99","105,0,907"
"0/1","8,5","13","99","165,0,275"
"0/1","12,10","22","99","249,0,387"
"0/1","26,5","31","47","47,0,795"
"0/1","27,5","32","74","74,0,837"
"0/1","13,17","30","99","557,0,370"
"0/1","13,6","19","99","192,0,472"
"0/1","13,10","23","99","318,0,462"
"0/1","11,12","23","99","397,0,335"
"0/1","11,18","29","99","533,0,302"
"0/1","14,8","23","99","137,0,341"
"0/1","20,16","36","99","491,0,636"
"0/1","17,11","28","99","205,0,556"
"0/1","12,15","27","99","458,0,352"
"0/1","14,18","32","99","529,0,406"
"0/1","14,13","27","99","443,0,483"
"0/1","7,8","15","99","250,0,242"
"0/1","15,12","27","99","362,0,514"
"0/1","7,9","16","99","320,0,199"
"0/1","8,15","23","99","498,0,238"
"0/1","15,9","24","99","263,0,464"
"0/1","8,8","16","99","242,0,274"
"0/1","9,7","16","99","237,0,319"
"0/1","9,14","23","99","505,0,295"
"1/1","0,4","4","12","140,12,0"
"0/1","7,10","17","99","361,0,186"
"0/1","5,8","13","99","280,0,160"
"0/1","10,10","20","99","338,0,278"
"0/1","15,10","25","99","208,0,493"
"0/1","3,6","9","96","216,0,96"
"0/1","9,13","22","99","423,0,299"
"0/1","8,12","20","99","390,0,263"
"0/1","15,9","24","99","287,0,449"
"0/1","22,17","39","99","575,0,610"
"0/1","23,13","36","99","414,0,754"
"0/1","23,13","36","99","336,0,740"
"0/1","17,16","33","99","395,0,536"
"0/1","9,14","23","99","467,0,260"
"0/1","9,14","23","99","473,0,300"
"0/1","16,10","26","99","274,0,553"
"0/1","12,8","20","99","235,0,370"
"0/1","6,9","15","99","276,0,197"
"0/1","20,14","34","99","452,0,645"
"0/1","7,8","15","99","276,0,239"
"0/1","15,16","31","99","513,0,468"
"0/1","20,15","35","99","416,0,625"
"0/1","7,18","25","99","655,0,212"
"0/1","13,13","26","99","421,0,409"
"0/1","15,22","37","99","670,0,358"
"0/1","11,8","19","99","260,0,359"
"0/1","9,6","15","99","194,0,313"
"0/1","10,8","18","99","262,0,355"
"0/1","8,11","19","99","393,0,270"
"0/0","17,1","18","45","0,45,538"
"0/1","4,3","7","43","43,0,97"
"0/1","18,20","38","99","648,0,573"
"0/1","9,12","21","99","329,0,315"
"0/1","6,9","15","99","319,0,157"
"0/1","13,14","27","99","473,0,412"
"0/1","13,16","29","99","513,0,435"
"0/1","18,18","36","99","582,0,579"
"0/1","16,17","33","99","482,0,557"
"0/1","7,8","15","99","275,0,158"
"0/1","11,10","21","99","341,0,366"
"0/1","9,13","22","99","455,0,301"
"0/1","15,13","28","99","442,0,489"
"0/1","14,17","31","99","557,0,469"
"0/1","16,15","31","99","470,0,539"
"0/1","23,21","45","99","709,0,734"
"0/1","18,20","38","99","687,0,582"
"0/1","15,11","26","99","330,0,489"
"0/1","9,19","28","99","613,0,284"
"0/1","14,12","26","99","402,0,493"
"0/1","8,12","20","99","411,0,231"
"0/1","8,10","18","99","318,0,274"
"0/1","7,13","20","99","391,0,226"
"0/1","8,12","20","99","393,0,236"
"0/1","10,11","21","99","386,0,312"
"0/1","12,10","22","99","291,0,331"
"0/1","12,12","24","99","364,0,376"
"0/1","11,18","29","99","575,0,350"
"0/1","13,9","22","99","291,0,461"
"0/1","14,10","24","99","256,0,477"
"0/1","10,11","21","99","385,0,276"
"0/1","9,13","22","99","464,0,268"
"0/1","9,16","25","99","568,0,290"
"0/1","10,12","22","99","348,0,237"
"0/1","6,13","19","99","435,0,157"
"0/1","15,19","34","99","603,0,462"
"0/1","14,18","32","99","603,0,383"
"0/1","13,17","30","99","577,0,430"
"0/1","12,9","21","99","283,0,403"
"0/1","13,14","27","99","449,0,368"
"0/1","19,18","37","99","560,0,636"
"0/1","13,31","44","99","1037,0,290"
"0/1","25,13","38","99","395,0,877"
"0/1","16,13","29","99","429,0,517"
"0/1","15,14","30","99","419,0,494"
"0/1","12,6","18","99","190,0,418"
"0/1","9,10","19","99","315,0,302"
"0/1","13,7","20","99","192,0,454"
"0/1","11,11","22","99","363,0,384"
"0/1","6,9","15","99","314,0,190"
"0/1","17,21","38","99","627,0,539"
"0/1","12,12","24","99","420,0,408"
"0/1","13,17","30","99","578,0,399"
"0/1","14,13","27","99","438,0,439"
"0/1","14,11","25","99","345,0,440"
"0/1","18,26","44","99","816,0,555"
"0/1","11,11","22","99","366,0,363"
"0/1","17,9","26","99","279,0,567"
"0/1","16,11","27","99","358,0,561"
"0/1","16,11","27","99","355,0,573"
"0/1","10,16","26","99","532,0,296"
"0/1","12,16","28","99","530,0,405"
"0/1","14,15","29","99","508,0,469"
"0/1","14,15","29","99","524,0,437"
"0/1","15,17","32","99","521,0,439"
"0/1","15,17","32","99","514,0,430"
"0/1","7,13","20","99","452,0,193"
"0/1","8,9","17","99","310,0,232"
"0/1","11,6","17","99","160,0,352"
"0/1","19,13","32","99","410,0,658"
"0/1","21,12","33","99","310,0,718"
"0/1","16,22","38","99","699,0,534"
"0/1","13,25","38","99","882,0,416"
"0/1","10,19","29","99","633,0,315"
"0/1","14,12","26","99","374,0,422"
"0/1","17,15","32","99","513,0,508"
"0/1","23,18","41","99","489,0,702"
"0/1","13,18","31","99","612,0,434"
"0/1","17,21","39","99","702,0,572"
"0/1","18,20","38","99","674,0,579"
"0/1","15,16","31","99","551,0,517"
"0/1","23,12","35","99","376,0,788"
"0/1","22,14","36","99","454,0,741"
"0/1","15,19","34","99","643,0,501"
"0/1","14,24","38","99","752,0,401"
"0/1","12,19","31","99","596,0,368"
"0/1","20,23","43","99","740,0,584"
"0/1","20,22","42","99","707,0,547"
"0/1","17,15","32","99","505,0,534"
"0/1","15,13","28","99","351,0,489"
"0/1","23,16","39","99","298,0,740"
"0/1","12,11","23","99","371,0,361"
"0/1","8,10","18","99","348,0,230"
"0/1","17,19","36","99","570,0,584"
"0/1","17,22","39","99","719,0,543"
"1/1","0,24","24","72","943,72,0"
"0/1","13,10","23","99","257,0,450"
"0/1","13,16","29","99","562,0,435"
"0/1","12,16","28","99","564,0,402"
"0/1","15,16","31","99","563,0,501"
"0/1","10,13","23","99","453,0,338"
"0/1","10,13","23","99","453,0,335"
"0/1","7,11","18","99","378,0,227"
"0/1","14,15","29","99","452,0,404"
"0/1","16,16","32","99","434,0,486"
"0/1","14,16","30","99","542,0,440"
"0/1","15,15","30","99","478,0,470"
"0/1","15,18","33","99","574,0,466"
"0/1","15,11","26","99","366,0,486"
"0/1","14,17","31","99","529,0,443"
"0/1","10,17","27","99","599,0,245"
"0/0","15,0","15","45","0,45,588"
"0/1","12,8","20","99","256,0,393"
"0/1","39,7","54","99","150,0,287"
"0/1","9,11","20","99","387,0,306"
"0/1","21,15","36","99","496,0,642"
"0/1","19,20","39","99","582,0,524"
"0/0","29,0","29","87","0,87,1114"
"0/0","6,2","10","6","0,6,84"
"0/0","6,1","9","12","0,12,152"
"0/0","25,0","25","75","0,75,979"
"0/0","19,0","19","57","0,57,748"
"0/1","7,29","36","99","952,0,175"
"0/1","22,15","37","99","500,0,706"
"0/1","42,8","50","99","122,0,1360"
"0/1","34,5","39","27","27,0,1128"
"0/0","16,0","16","48","0,48,640"
"0/1","8,12","20","99","430,0,199"
"0/0","21,0","21","60","0,60,804"
"0/1","11,6","17","99","160,0,357"
"0/0","16,0","16","45","0,45,610"
"0/0","15,0","15","42","0,42,573"
"0/0","16,0","16","45","0,45,606"
"0/0","16,0","16","48","0,48,648"
"0/0","18,0","18","51","0,51,669"
"0/0","21,0","22","60","0,60,807"
"0/1","21,8","29","99","224,0,750"
"0/1","17,20","37","99","534,0,566"
"0/1","15,15","30","99","519,0,482"
"0/0","27,0","27","81","0,81,1090"
"0/0","27,0","27","81","0,81,1097"
"0/1","34,5","39","15","15,0,1084"
"0/1","39,12","51","99","114,0,1179"
"0/1","34,13","52","99","170,0,938"
"0/1","35,21","56","99","384,0,851"
"0/1","54,10","64","99","146,0,1409"
"0/1","65,12","77","88","88,0,1396"
"0/1","72,12","84","79","79,0,1694"
"0/1","21,7","29","99","129,0,632"
"0/1","9,15","24","99","528,0,279"
"0/1","9,12","21","99","353,0,266"
"0/0","32,0","32","87","0,87,1161"
"0/1","19,15","34","99","513,0,532"
"1/1","2,31","33","81","1093,81,0"
"0/1","14,7","21","99","210,0,491"
"1/1","3,22","25","27","846,27,0"
"0/0","13,0","13","36","0,36,489"
"0/1","3,10","13","78","319,0,78"
"1/1","0,17","17","51","686,51,0"
"0/1","22,9","31","99","105,0,505"
"0/1","23,6","30","97","97,0,603"
"0/1","12,16","28","99","495,0,400"
"0/0","5,0","5","15","0,15,201"
"0/0","45,0","45","99","0,132,1756"
"0/0","37,0","37","99","0,111,1463"
"0/0","26,1","27","41","0,41,952"
"0/1","19,5","24","22","22,0,663"
"0/1","19,5","24","20","20,0,659"
"0/1","17,5","22","20","20,0,603"
"0/1","28,16","44","99","478,0,864"
"0/1","43,7","50","36","36,0,1165"
"0/1","46,12","58","99","121,0,1449"
"0/1","14,17","31","99","549,0,399"
"0/1","16,17","33","99","502,0,522"
"1/1","0,31","31","90","1211,90,0"
"0/1","13,20","33","99","699,0,422"
"0/1","8,9","17","99","276,0,274"
"0/1","17,17","34","99","582,0,529"
"0/1","10,9","19","99","315,0,316"
"0/1","12,14","26","99","418,0,381"
"0/1","8,8","16","99","270,0,263"
"0/1","7,8","15","99","278,0,242"
"0/1","22,12","34","99","383,0,796"
"0/1","16,7","23","99","217,0,513"
"0/1","13,10","23","99","300,0,424"
"0/1","22,9","31","99","254,0,736"
"0/1","14,15","29","99","455,0,472"
"0/1","16,18","34","99","569,0,433"
"0/1","8,17","25","99","605,0,211"
"0/1","16,7","23","99","210,0,581"
"0/1","19,10","29","99","314,0,662"
"0/1","10,8","18","99","214,0,339"
"0/0","29,1","30","30","0,30,353"
"0/1","33,13","46","99","229,0,1094"
"0/1","17,17","34","99","560,0,482"
"0/1","10,8","18","99","271,0,316"
"0/1","8,8","16","99","269,0,282"
"0/1","13,17","30","99","561,0,374"
"0/1","14,15","29","99","462,0,452"
"0/1","13,11","24","99","310,0,405"
"0/1","13,12","25","99","390,0,427"
"0/1","22,20","42","99","632,0,735"
"0/1","14,12","26","99","347,0,451"
"0/1","11,14","25","99","435,0,321"
"0/0","35,0","35","99","0,102,1331"
"0/1","13,14","27","99","479,0,433"
"0/1","12,10","22","99","309,0,419"
"0/1","19,19","38","99","619,0,547"
"0/1","18,17","35","99","526,0,590"
"0/1","15,17","32","99","574,0,421"
"0/1","10,13","23","99","450,0,322"
"0/1","16,6","22","99","169,0,579"
"0/1","8,5","13","99","152,0,280"
"0/1","11,11","22","99","349,0,343"
"0/1","4,6","10","99","207,0,135"
"0/1","18,6","24","99","162,0,615"
"0/1","13,7","20","99","212,0,451"
"0/1","5,8","13","99","278,0,130"
"0/1","8,6","14","99","194,0,271"
"0/1","12,14","26","99","432,0,409"
"0/1","14,10","24","99","333,0,443"
"0/1","14,12","26","99","405,0,493"
"0/1","10,10","20","99","350,0,279"
"0/1","12,8","20","99","221,0,424"
"0/1","10,7","18","99","226,0,343"
"0/1","10,6","16","99","202,0,322"
"0/1","15,11","26","99","331,0,519"
"0/1","13,12","25","99","338,0,451"
"0/1","13,15","28","99","432,0,410"
"0/1","15,19","34","99","650,0,485"
"0/1","19,17","36","99","558,0,558"
"0/1","16,13","29","99","435,0,521"
"0/1","7,7","14","99","249,0,169"
"0/1","15,8","23","99","254,0,525"
"0/1","7,13","20","99","406,0,230"
"0/1","5,7","12","99","207,0,163"
"0/1","10,10","20","99","305,0,307"
"0/1","11,11","22","99","332,0,384"
"0/1","16,15","31","99","477,0,508"
"0/1","11,13","24","99","421,0,375"
"0/1","9,15","24","99","497,0,287"
"0/1","7,10","17","99","343,0,238"
"0/1","16,13","29","99","426,0,534"
"0/1","11,13","24","99","341,0,377"
"0/1","14,15","29","99","455,0,450"
"0/1","10,11","21","99","366,0,293"
"0/1","10,6","16","99","195,0,315"
"0/1","11,14","25","99","395,0,364"
"0/1","10,11","21","99","302,0,262"
"0/1","20,21","41","99","597,0,679"
"0/1","20,22","42","99","754,0,660"
"0/1","14,14","28","99","426,0,316"
"0/1","21,17","38","99","514,0,595"
"0/1","14,15","29","99","445,0,450"
"0/1","12,11","23","99","380,0,400"
"0/1","19,21","40","99","652,0,636"
"0/1","18,15","33","99","438,0,571"
"0/1","18,13","31","99","364,0,513"
"0/1","16,18","34","99","554,0,496"
"0/1","18,26","44","99","830,0,590"
"0/1","11,7","18","99","226,0,390"
"0/0","15,0","15","45","0,45,606"
"0/0","6,0","6","12","0,12,154"
"0/1","21,12","33","99","348,0,699"
"0/1","14,19","33","99","500,0,439"
"0/1","12,18","30","99","568,0,349"
"0/1","21,15","36","99","423,0,689"
"0/1","17,5","22","99","134,0,620"
"0/1","10,10","20","99","298,0,305"
"0/1","26,7","33","99","167,0,923"
"0/1","27,7","34","99","161,0,926"
"0/1","24,5","29","99","108,0,868"
"0/1","29,4","33","62","62,0,1015"
"0/1","28,4","32","65","65,0,995"
"0/1","21,4","25","85","85,0,773"
"0/1","16,5","21","99","132,0,556"
"0/1","17,5","22","99","145,0,479"
"0/1","17,4","21","99","105,0,536"
"0/1","18,4","22","99","102,0,611"
"0/1","19,4","23","99","99,0,647"
"0/1","23,8","31","99","186,0,760"
"0/1","25,8","33","99","193,0,844"
"0/1","25,6","31","99","153,0,852"
"0/1","26,5","31","70","70,0,911"
"0/1","25,4","29","79","79,0,870"
"0/1","23,4","28","79","79,0,826"
"0/0","30,6","36","13","0,13,1092"
"0/0","30,5","36","13","0,13,1072"
"0/1","17,16","33","99","500,0,577"
"0/1","64,10","74","99","128,0,1981"
"0/1","35,6","42","61","61,0,1253"
"0/1","60,10","70","99","198,0,2140"
"0/0","69,0","69","99","0,205,2668"
"0/1","19,6","25","99","157,0,657"
"0/1","24,4","28","82","82,0,778"
"0/1","17,16","33","99","547,0,580"
"0/0","25,0","25","75","0,75,1013"
"0/1","22,20","42","99","638,0,602"
"0/0","41,4","45","20","0,20,1422"
"0/1","38,9","47","99","127,0,1347"
"1/1","0,24","24","72","949,72,0"
"0/1","11,11","22","99","363,0,341"
"0/1","8,13","21","99","469,0,259"
"0/1","10,9","19","99","299,0,338"
"0/1","13,13","26","99","388,0,404"
"0/1","7,13","20","99","450,0,225"
"0/1","12,14","26","99","424,0,346"
"0/1","16,21","37","99","700,0,506"
"0/1","11,12","23","99","414,0,340"
"0/1","14,15","29","99","494,0,431"
"0/1","15,21","36","99","712,0,486"
"0/1","10,19","29","99","635,0,276"
"0/1","18,18","38","99","532,0,528"
"0/0","27,0","28","42","0,42,542"
"0/0","30,1","31","51","0,51,648"
"0/1","5,11","16","99","355,0,160"
"0/1","9,9","18","99","310,0,270"
"0/1","20,16","36","99","503,0,695"
"0/1","10,19","29","99","616,0,270"
"0/1","18,14","32","99","435,0,564"
"0/1","17,11","28","99","344,0,583"
"0/1","19,22","41","99","728,0,565"
"0/1","8,14","22","99","446,0,260"
"0/1","13,12","25","99","368,0,406"
"0/1","19,18","37","99","590,0,645"
"0/1","9,7","16","99","141,0,283"
"0/0","79,6","86","35","0,35,2273"
"0/1","47,6","53","84","84,0,1382"
"0/1","22,6","28","99","135,0,758"
"0/1","16,12","28","99","357,0,479"
"0/0","12,0","12","36","0,36,491"
"0/1","16,16","32","99","519,0,489"
"0/1","15,18","33","99","562,0,448"
"0/1","9,12","21","99","361,0,307"
"0/1","21,22","43","99","633,0,636"
"0/1","6,10","16","99","278,0,185"
"0/1","12,14","26","99","482,0,373"
"0/1","16,16","32","99","472,0,521"
"0/1","7,11","18","99","378,0,195"
"0/1","10,11","21","99","286,0,319"
"0/1","6,10","16","99","364,0,192"
"0/1","7,15","22","99","500,0,168"
"0/1","13,11","24","99","321,0,455"
"0/1","7,26","33","99","658,0,204"
"0/1","7,14","21","99","482,0,222"
"0/1","50,16","66","99","230,0,1312"
"0/1","10,29","39","99","709,0,225"
"0/1","10,11","21","99","299,0,301"
"0/1","5,10","15","64","319,0,64"
"0/1","5,9","14","38","285,0,38"
"0/1","12,14","26","99","193,0,100"
"0/0","46,0","46","99","0,102,1271"
"0/1","13,38","51","99","1018,0,272"
"0/1","46,10","56","99","158,0,1506"
"0/1","10,21","31","99","668,0,293"
"0/1","17,10","27","99","284,0,542"
"0/1","37,14","51","99","331,0,1241"
"0/1","23,13","36","99","299,0,798"
"0/1","17,38","55","99","1375,0,489"
"0/1","14,37","51","99","1272,0,416"
"0/1","18,40","58","99","1346,0,436"
"0/1","36,13","49","99","348,0,1276"
"0/1","55,20","75","99","520,0,1845"
"0/1","58,23","81","99","611,0,1949"
"0/1","62,20","82","99","477,0,2115"
"0/1","10,46","56","99","1649,0,195"
"0/1","13,37","50","99","1322,0,380"
"0/1","50,14","64","99","368,0,1720"
"0/1","19,50","69","99","1740,0,538"
"0/1","22,56","78","99","1893,0,601"
"0/1","17,53","70","99","1719,0,434"
"0/1","40,27","67","99","819,0,1203"
"0/1","15,45","60","99","1389,0,427"
"0/1","28,21","49","99","568,0,920"
"0/1","15,42","57","99","1427,0,358"
"0/1","21,33","54","99","1098,0,590"
"0/1","20,47","67","99","1547,0,499"
"0/1","21,46","67","99","1527,0,512"
"0/1","25,28","53","99","901,0,762"
"0/1","39,14","53","99","370,0,1297"
"0/1","23,33","57","99","1041,0,673"
"0/1","22,39","61","99","1414,0,678"
"0/1","10,45","55","99","1502,0,243"
"0/1","15,50","65","99","1762,0,383"
"0/1","48,16","64","99","445,0,1545"
"0/1","14,33","47","99","1079,0,429"
"0/1","15,35","50","99","1214,0,437"
"0/1","13,39","52","99","1359,0,311"
"0/1","9,33","42","99","1177,0,210"
"0/1","24,14","38","99","417,0,812"
"0/1","10,26","36","99","874,0,266"
"0/1","50,38","88","99","978,0,1660"
"0/1","73,14","87","99","277,0,2174"
"0/1","45,11","56","99","274,0,1499"
"0/1","168,20","190","99","211,0,4795"
"0/1","15,42","57","99","1489,0,393"
"0/1","40,23","63","99","739,0,1329"
"0/1","16,46","63","99","1602,0,451"
"0/1","11,48","59","99","1667,0,276"
"0/1","45,12","57","99","235,0,1499"
"0/1","18,37","56","99","1280,0,453"
"0/1","43,11","54","99","286,0,1518"
"0/1","42,15","57","99","409,0,1459"
"0/1","14,41","55","99","1410,0,408"
"0/1","11,36","47","99","1228,0,315"
"0/1","8,50","58","99","1739,0,155"
"0/1","37,15","52","99","444,0,1238"
"0/1","12,41","53","99","1304,0,283"
"0/1","13,32","45","99","1105,0,393"
"0/1","12,29","41","99","1043,0,354"
"0/1","13,40","53","99","1365,0,308"
"0/1","16,32","48","99","1122,0,428"
"0/1","26,11","37","99","290,0,935"
"0/1","8,32","40","99","1039,0,206"
"0/1","30,10","40","99","288,0,1023"
"0/1","7,41","48","99","1486,0,136"
"0/1","9,44","53","99","1451,0,200"
"0/1","8,42","50","99","1368,0,186"
"0/1","7,35","42","99","1241,0,164"
"0/1","7,30","37","99","1055,0,171"
"0/1","16,24","40","99","814,0,531"
"0/1","27,13","40","99","344,0,948"
"0/1","10,33","43","99","1093,0,266"
"0/1","24,15","39","99","464,0,810"
"0/1","8,43","51","99","1538,0,177"
"0/1","35,19","54","99","511,0,1247"
"0/1","10,27","37","99","923,0,262"
"0/1","25,6","31","99","155,0,927"
"0/1","24,9","33","99","265,0,825"
"0/1","7,24","31","99","835,0,192"
"0/1","8,28","36","99","876,0,197"
"0/1","47,13","60","99","297,0,1639"
"0/1","11,42","53","99","1443,0,260"
"0/1","38,12","50","99","313,0,1210"
"0/1","21,34","55","99","1118,0,554"
"0/1","14,34","48","99","1109,0,433"
"0/1","14,32","46","99","1079,0,440"
"0/1","36,4","40","51","51,0,1257"
"0/1","8,32","40","99","1149,0,170"
"0/1","32,6","38","99","132,0,1119"
"0/1","9,28","37","99","987,0,232"
"0/1","14,24","38","99","727,0,428"
"0/1","13,62","75","99","2025,0,309"
"0/1","22,51","74","99","1614,0,593"
"0/1","10,43","53","99","1555,0,248"
"0/1","39,19","58","99","555,0,1350"
"0/1","17,37","54","99","1168,0,469"
"0/1","12,32","44","99","1109,0,349"
"0/1","11,31","42","99","1072,0,280"
"0/1","12,19","31","99","651,0,392"
"0/1","9,16","25","99","578,0,292"
"0/1","11,26","37","99","896,0,273"
"0/1","12,28","40","99","929,0,360"
"0/1","12,30","42","99","958,0,373"
"0/1","52,12","64","99","329,0,1420"
"0/1","17,59","76","99","1951,0,461"
"0/1","32,27","59","99","854,0,1061"
"0/1","12,34","46","99","1208,0,297"
"0/1","31,16","47","99","472,0,1075"
"0/1","16,8","24","99","178,0,436"
"0/1","12,38","50","99","1348,0,330"
"0/1","23,53","76","99","1691,0,636"
"0/1","18,45","63","99","1522,0,423"
"0/1","18,45","63","99","1571,0,444"
"0/1","47,11","58","99","275,0,1592"
"0/1","14,97","111","99","2956,0,157"
"0/1","41,13","54","99","367,0,1465"
"0/1","18,56","74","99","1887,0,476"
"0/1","29,43","72","99","1447,0,651"
"0/1","19,42","61","99","1514,0,387"
"0/1","7,44","51","99","1464,0,135"
"0/1","10,30","40","99","792,0,219"
"0/1","18,46","64","99","1608,0,516"
"0/1","13,47","60","99","1632,0,324"
"0/1","16,45","61","99","1619,0,440"
"0/1","18,41","59","99","1388,0,478"
"0/1","31,28","59","99","928,0,966"
"0/1","30,9","39","99","220,0,1041"
"0/1","29,11","40","99","258,0,809"
"0/1","22,10","32","99","301,0,760"
"0/1","21,7","28","99","208,0,720"
"0/1","22,9","34","99","178,0,735"
"0/1","29,11","40","54","54,0,771"
"0/1","12,14","26","99","479,0,388"
"0/1","11,16","27","99","530,0,318"
"0/1","14,18","32","99","558,0,397"
"0/1","13,17","30","99","511,0,419"
"0/1","10,15","25","99","502,0,269"
"0/1","12,18","30","99","576,0,351"
"0/1","16,16","32","99","513,0,520"
"0/1","10,17","27","99","527,0,329"
"0/1","8,16","24","99","502,0,257"
"0/1","8,16","24","99","551,0,221"
"0/1","9,15","24","99","514,0,260"
"0/1","15,15","30","99","522,0,511"
"0/1","13,16","29","99","552,0,442"
"0/1","14,12","26","99","372,0,449"
"0/1","13,13","26","99","422,0,412"
"0/1","13,14","27","99","443,0,444"
"0/1","10,19","29","99","631,0,318"
"0/1","8,20","28","99","666,0,236"
"0/1","6,16","22","99","566,0,164"
"0/1","9,12","21","99","419,0,286"
"0/1","13,21","34","99","657,0,372"
"0/1","11,23","34","99","756,0,348"
"0/1","13,19","32","99","665,0,391"
"0/1","16,13","29","99","436,0,509"
"0/1","18,11","29","99","348,0,605"
"0/1","18,8","26","99","250,0,584"
"0/1","19,8","27","99","252,0,601"
"0/1","22,7","29","99","190,0,777"
"0/1","15,23","38","99","762,0,492"
"0/1","16,24","40","99","744,0,523"
"0/1","16,22","38","99","708,0,457"
"0/1","16,19","35","99","613,0,488"
"0/1","14,18","32","99","622,0,465"
"0/1","23,19","42","99","613,0,702"
"0/1","21,16","37","99","502,0,622"
"0/1","13,13","26","99","408,0,415"
"0/1","12,12","24","99","351,0,374"
"0/1","14,12","26","99","360,0,468"
"0/1","8,2","10","53","53,0,250"
"0/1","9,2","11","56","56,0,212"
"0/1","9,3","12","72","72,0,268"
"0/1","15,5","20","99","143,0,496"
"0/1","22,10","32","99","319,0,666"
"0/1","25,9","34","99","266,0,787"
"0/1","27,11","38","99","326,0,920"
"0/1","25,15","40","99","493,0,839"
"0/1","19,12","31","99","374,0,641"
"0/1","17,10","27","99","311,0,597"
"0/1","21,9","30","99","247,0,698"
"0/1","20,9","29","99","178,0,717"
"0/1","12,11","23","99","352,0,418"
"0/1","17,17","34","99","490,0,544"
"0/1","17,17","34","99","492,0,544"
"0/1","12,20","32","99","593,0,363"
"0/1","10,17","27","99","598,0,245"
"0/1","7,18","25","99","596,0,199"
"0/1","10,13","23","99","448,0,308"
"0/1","10,13","23","99","452,0,315"
"0/1","18,13","31","99","382,0,498"
"0/1","18,13","31","99","395,0,455"
"0/1","11,16","27","99","514,0,346"
"0/1","16,19","35","99","592,0,453"
"0/1","16,14","30","99","446,0,447"
"0/1","18,10","28","99","322,0,529"
"0/1","17,15","32","99","504,0,411"
"0/1","16,16","32","99","503,0,530"
"0/1","5,7","12","99","243,0,166"
"0/1","20,19","39","99","618,0,668"
"0/1","14,8","22","99","272,0,400"
"0/1","9,10","19","99","344,0,279"
"0/1","6,14","20","99","471,0,175"
"0/1","7,16","23","99","514,0,216"
"0/1","9,13","22","99","429,0,269"
"0/1","10,17","27","99","571,0,320"
"0/1","5,5","10","99","175,0,170"
"0/1","5,1","6","22","22,0,184"
"0/1","10,9","19","99","305,0,344"
"0/1","7,7","14","99","241,0,247"
"0/1","10,11","21","99","374,0,344"
"0/1","7,14","21","99","495,0,216"
"0/1","9,16","25","99","581,0,289"
"0/1","15,10","25","99","288,0,515"
"0/1","9,6","15","99","199,0,324"
"0/1","13,5","18","99","120,0,426"
"0/1","6,6","12","99","204,0,208"
"0/1","16,14","30","99","458,0,468"
"0/1","10,11","21","99","350,0,341"
"0/1","12,16","28","99","502,0,150"
"0/1","22,47","69","99","1535,0,511"
"0/1","24,48","72","99","1507,0,654"
"0/1","10,24","34","99","632,0,323"
"0/1","26,6","32","76","76,0,887"
"0/1","13,11","24","99","326,0,439"
"0/1","21,10","31","99","282,0,537"
"0/1","14,11","25","99","340,0,463"
"0/1","10,9","19","99","302,0,352"
"0/1","7,10","17","99","316,0,241"
"0/1","11,14","25","99","462,0,379"
"0/1","11,14","25","99","496,0,372"
"0/1","12,16","28","99","507,0,408"
"0/1","11,9","20","99","304,0,387"
"0/1","12,6","18","99","196,0,398"
"0/1","10,5","15","99","160,0,322"
"0/1","7,8","15","99","281,0,197"
"0/1","13,7","20","99","224,0,467"
"0/1","8,13","21","99","465,0,262"
"0/1","11,11","22","99","384,0,347"
"0/1","14,10","24","99","306,0,466"
"0/1","20,12","32","99","379,0,728"
"0/1","9,14","23","99","497,0,300"
"0/1","8,14","22","99","505,0,224"
"0/1","8,14","22","99","513,0,224"
"0/1","8,15","23","99","506,0,264"
"0/1","11,8","19","99","229,0,389"
"0/1","14,9","23","99","299,0,466"
"0/1","6,8","14","99","272,0,200"
"0/1","13,9","22","99","295,0,422"
"0/1","8,11","19","99","387,0,273"
"0/1","8,15","23","99","528,0,248"
"0/1","12,8","20","99","265,0,385"
"0/1","13,8","21","99","259,0,448"
"0/1","9,9","18","99","307,0,308"
"0/1","9,9","18","99","295,0,263"
"0/1","8,9","17","99","304,0,238"
"0/1","7,11","18","99","354,0,236"
"0/1","8,17","25","99","605,0,245"
"0/1","17,6","23","99","171,0,571"
"0/1","10,8","18","99","250,0,299"
"0/1","6,7","13","99","231,0,195"
"0/1","12,7","19","99","193,0,430"
"0/1","10,8","18","99","261,0,362"
"0/1","6,14","20","99","501,0,175"
"0/0","16,0","16","45","0,45,603"
"0/0","26,0","26","75","0,75,1002"
"0/0","27,0","27","81","0,81,1091"
"0/1","13,16","29","99","540,0,402"
"0/1","13,17","30","99","594,0,393"
"0/1","14,17","31","99","556,0,435"
"0/1","15,7","22","99","217,0,492"
"0/1","7,9","16","99","275,0,232"
"0/1","11,8","19","99","272,0,375"
"0/1","10,9","19","99","310,0,345"
"0/1","12,10","22","99","331,0,406"
"0/1","11,8","19","99","272,0,338"
"0/1","7,4","11","99","124,0,249"
"0/1","10,9","19","99","306,0,335"
"0/1","9,10","19","99","303,0,298"
"0/1","12,14","26","99","498,0,303"
"0/1","11,12","23","99","425,0,380"
"0/1","7,13","20","99","401,0,220"
"0/1","9,8","17","99","237,0,301"
"0/1","11,12","23","99","343,0,366"
"0/1","7,14","21","99","477,0,226"
"0/1","8,14","22","99","472,0,257"
"0/1","16,12","28","99","406,0,511"
"0/1","11,14","25","99","415,0,372"
"0/1","9,7","16","99","232,0,311"
"0/1","8,9","17","99","311,0,241"
"0/0","16,3","19","17","0,17,533"
"0/0","15,3","18","17","0,17,523"
"0/0","16,3","19","23","0,23,615"
"0/0","17,3","20","23","0,23,588"
"0/1","17,24","41","99","782,0,569"
"0/1","24,2","26","8","8,0,829"
"0/1","11,16","27","99","539,0,354"
"0/1","12,18","30","99","618,0,356"
"0/1","16,20","36","99","691,0,422"
"0/1","17,20","37","99","639,0,510"
"0/1","8,12","20","99","427,0,267"
"0/1","6,10","16","99","273,0,205"
"0/1","9,4","14","99","104,0,238"
"0/1","10,16","26","99","523,0,245"
"0/1","20,7","27","99","216,0,530"
"0/1","11,10","21","99","273,0,360"
"0/1","21,20","41","99","560,0,668"
"0/1","17,24","41","99","744,0,545"
"0/1","15,19","34","99","595,0,405"
"0/1","12,18","30","99","557,0,358"
"0/1","9,5","14","99","160,0,322"
"0/1","16,9","25","99","294,0,565"
"0/1","14,9","23","99","298,0,473"
"0/1","16,13","31","99","400,0,535"
"0/1","19,13","32","99","431,0,622"
"0/1","17,12","29","99","353,0,558"
"0/1","14,9","23","99","301,0,491"
"0/1","7,11","18","99","353,0,238"
"0/1","9,11","20","99","356,0,266"
"0/1","10,14","24","99","480,0,299"
"0/1","10,14","24","99","455,0,338"
"0/1","8,18","26","99","638,0,238"
"0/1","8,16","24","99","553,0,243"
"0/1","19,13","32","99","341,0,609"
"0/1","11,21","32","99","714,0,346"
"0/0","14,0","14","42","0,42,571"
"0/1","18,18","36","99","570,0,549"
"0/1","13,12","25","99","421,0,384"
"0/1","13,7","20","99","213,0,417"
"0/1","14,10","24","99","317,0,491"
"0/1","16,13","29","99","351,0,549"
"0/1","16,13","29","99","391,0,542"
"0/1","11,16","27","99","528,0,333"
"0/1","12,15","27","99","476,0,340"
"0/1","18,20","39","99","627,0,513"
"0/1","19,19","38","99","618,0,608"
"0/1","12,7","19","99","229,0,340"
"0/1","12,6","18","99","169,0,381"
"0/1","11,10","21","99","340,0,378"
"0/1","7,4","11","99","133,0,178"
"0/1","11,11","22","99","360,0,320"
"0/1","17,12","29","99","390,0,559"
"0/0","24,4","28","28","0,28,905"
"0/1","38,12","50","99","303,0,1053"
"0/1","45,33","78","99","595,0,1270"
"0/1","21,11","32","99","260,0,641"
"0/1","16,4","20","83","83,0,552"
"0/1","33,10","43","99","177,0,1051"
"0/1","28,9","38","99","245,0,792"
"0/1","7,10","17","99","322,0,195"
"0/1","13,44","57","99","1176,0,186"
"0/1","58,12","70","99","193,0,1837"
"0/1","22,15","37","99","465,0,608"
"0/1","22,9","31","99","247,0,653"
"0/1","23,15","38","99","491,0,757"
"0/1","92,12","104","99","184,0,2434"
"0/1","14,8","22","99","167,0,506"
"0/1","13,2","15","22","22,0,482"
"0/1","16,17","33","99","543,0,495"
"0/1","14,16","30","99","486,0,453"
"0/1","21,19","40","99","576,0,567"
"0/1","23,21","44","99","648,0,626"
"0/1","8,8","16","99","222,0,226"
"0/1","41,5","46","3","3,0,1298"
"0/1","16,25","41","99","642,0,318"
"0/1","9,2","11","31","31,0,324"
"0/1","11,2","13","17","17,0,364"
"0/1","21,16","37","99","535,0,719"
"0/1","14,14","28","99","445,0,482"
"0/1","22,16","38","99","463,0,732"
"0/1","25,15","40","99","413,0,845"
"0/1","12,14","26","99","452,0,393"
"0/0","18,0","18","51","0,51,648"
"0/1","18,17","35","99","579,0,535"
"0/1","32,8","41","99","107,0,1140"
"0/1","17,11","28","99","329,0,532"
"0/1","22,20","42","99","636,0,731"
"0/1","17,21","38","99","696,0,541"
"0/1","19,22","41","99","721,0,596"
"0/1","12,16","28","99","500,0,395"
"0/1","16,19","35","99","590,0,541"
"0/1","13,20","33","99","672,0,426"
"0/1","15,25","40","99","815,0,397"
"0/1","14,12","26","99","347,0,431"
"0/1","28,15","43","99","446,0,920"
"0/1","12,16","28","99","520,0,395"
"0/1","22,11","34","99","336,0,649"
"0/1","5,14","19","99","395,0,142"
"0/1","17,25","42","99","818,0,509"
"0/1","21,15","36","99","454,0,645"
"0/1","18,15","33","99","448,0,595"
"0/1","13,5","18","99","148,0,458"
"0/1","24,19","43","99","602,0,727"
"0/1","22,16","38","99","526,0,698"
"0/0","43,2","46","60","0,60,1611"
"0/0","43,2","46","60","0,60,1583"
"0/0","44,2","46","60","0,60,1594"
"0/0","46,2","48","66","0,66,1650"
"0/1","26,18","44","99","543,0,890"
"0/1","22,12","34","99","382,0,749"
"0/0","33,0","33","99","0,99,1306"
"0/1","21,24","45","99","829,0,685"
"0/1","29,27","56","99","887,0,947"
"0/1","24,22","46","99","709,0,767"
"0/1","7,19","26","99","590,0,210"
"0/1","4,14","18","99","439,0,111"
"0/1","17,26","43","99","784,0,556"
"0/1","14,16","30","99","547,0,403"
"0/1","18,14","32","99","398,0,570"
"0/1","16,20","36","99","663,0,327"
"0/1","18,18","36","99","548,0,609"
"0/1","15,6","21","99","185,0,454"
"0/1","9,12","21","99","385,0,307"
"0/1","10,16","26","99","518,0,324"
"0/1","14,16","30","99","563,0,427"
"0/1","31,5","36","59","59,0,1100"
"0/1","5,10","15","99","367,0,158"
"0/1","25,8","33","99","109,0,741"
"0/1","19,15","34","99","463,0,609"
"0/1","7,19","26","99","561,0,221"
"0/1","13,21","34","99","705,0,349"
"0/0","44,0","44","99","0,111,1461"
"0/1","37,5","42","44","44,0,1230"
"0/0","20,1","21","23","0,23,715"
"0/1","14,18","32","99","617,0,441"
"0/1","14,18","32","99","617,0,444"
"0/1","13,15","28","99","485,0,448"
"0/1","10,14","24","99","485,0,320"
"0/1","11,13","24","99","465,0,335"
"0/1","7,10","17","99","356,0,225"
"0/1","7,9","16","99","318,0,232"
"0/1","11,8","19","99","263,0,375"
"0/1","11,14","25","99","483,0,364"
"0/1","14,12","26","99","364,0,441"
"0/1","16,16","32","99","509,0,549"
"0/1","10,15","25","99","441,0,309"
"0/1","21,12","33","99","386,0,682"
"0/1","10,15","25","99","404,0,186"
"0/1","18,14","32","99","463,0,564"
"1/1","1,25","26","60","792,60,0"
"0/1","11,16","27","99","529,0,357"
"0/1","11,17","28","99","598,0,330"
"0/0","27,0","27","72","0,72,894"
"1/1","1,31","32","50","1121,50,0"
"0/1","23,15","38","99","413,0,737"
"0/1","16,20","36","99","655,0,487"
"0/1","6,15","21","99","507,0,176"
"0/1","13,14","27","99","482,0,377"
"0/1","14,10","24","99","247,0,459"
"0/1","11,6","17","99","182,0,398"
"0/1","16,13","29","99","400,0,551"
"0/1","22,17","39","99","528,0,738"
"0/1","24,14","38","99","405,0,779"
"0/0","29,4","33","60","0,60,1095"
"0/1","14,17","31","99","587,0,441"
"0/1","43,6","49","51","51,0,1237"
"0/1","47,16","63","99","165,0,1085"
"0/1","41,15","56","99","193,0,945"
"0/1","10,21","31","99","698,0,315"
"0/1","17,7","24","99","214,0,571"
"0/1","16,18","36","99","298,0,408"
"0/1","17,17","34","99","222,0,430"
"0/1","20,16","36","99","243,0,495"
"0/1","22,11","33","99","307,0,721"
"0/1","14,16","30","99","530,0,410"
"0/1","20,17","37","99","513,0,642"
"0/0","24,1","25","69","0,69,874"
"1/1","0,30","30","87","1142,87,0"
"0/1","7,8","15","99","256,0,238"
"0/1","18,19","37","99","583,0,589"
"0/1","18,16","34","99","510,0,619"
"0/1","13,13","26","99","442,0,401"
"0/1","10,10","20","99","234,0,318"
"0/0","35,0","35","87","0,87,1175"
"0/1","26,14","40","99","271,0,528"
"0/1","17,11","28","99","345,0,550"
"0/1","16,15","31","99","472,0,506"
"0/1","13,19","32","99","604,0,349"
"0/1","10,16","26","99","469,0,253"
"0/1","21,6","33","60","60,0,412"
"0/0","29,0","30","42","0,42,529"
"0/1","19,19","38","99","578,0,567"
"0/1","17,10","28","99","106,0,399"
"0/1","5,26","31","68","749,0,68"
"0/1","12,7","19","99","220,0,368"
"0/1","10,10","20","99","311,0,301"
"0/1","24,11","35","99","343,0,789"
"0/1","18,19","37","99","636,0,554"
"0/1","21,15","36","99","487,0,644"
"0/1","18,9","27","99","283,0,604"
"0/1","18,10","28","99","299,0,592"
"0/1","20,9","30","99","262,0,631"
"0/1","17,18","35","99","600,0,525"
"0/1","14,15","29","99","494,0,421"
"0/0","8,1","9","21","0,21,282"
"0/1","11,22","33","99","728,0,353"
"0/1","19,13","32","99","418,0,618"
"0/1","8,6","14","99","195,0,288"
"0/1","13,16","29","99","515,0,431"
"0/1","11,16","27","99","545,0,369"
"0/1","10,9","19","99","300,0,343"
"0/1","12,6","18","99","152,0,401"
"0/1","16,12","28","99","396,0,529"
"0/1","13,14","27","99","464,0,422"
"0/1","19,16","36","99","432,0,444"
"0/0","31,3","34","44","0,44,960"
"0/1","18,18","36","99","617,0,585"
"0/1","10,12","22","99","321,0,339"
"0/0","30,0","30","75","0,75,960"
"0/1","8,5","13","99","153,0,133"
"0/1","17,16","33","99","406,0,392"
"0/1","15,20","35","99","664,0,493"
"0/1","18,13","31","99","427,0,573"
"0/1","13,9","22","99","295,0,439"
"0/1","18,19","37","99","563,0,557"
"0/1","15,19","34","99","594,0,448"
"0/1","14,12","26","99","415,0,468"
"0/1","15,9","24","99","265,0,532"
"0/1","11,10","21","99","310,0,380"
"0/1","16,2","19","10","10,0,308"
"0/1","16,4","21","46","46,0,322"
"0/1","10,16","26","99","547,0,297"
"0/0","25,0","25","66","0,66,813"
"0/1","4,11","15","56","158,0,56"
"0/0","26,0","26","69","0,69,945"
"0/1","8,13","23","99","201,0,146"
"0/0","20,0","20","60","0,60,771"
"0/1","13,15","28","99","513,0,437"
"1/1","1,17","18","30","358,30,0"
"0/1","14,8","22","99","247,0,498"
"0/1","17,12","29","99","358,0,542"
"0/1","24,16","40","99","491,0,760"
"0/1","13,14","27","99","475,0,372"
"0/1","9,18","28","99","591,0,276"
"0/1","12,10","22","99","213,0,362"
"0/1","14,14","28","99","283,0,405"
"0/1","17,10","27","99","196,0,471"
"0/1","16,15","31","99","341,0,508"
"0/1","12,14","26","99","465,0,412"
"1/1","0,19","19","51","696,51,0"
"0/1","11,7","18","99","233,0,403"
"0/1","8,9","17","99","322,0,239"
"1/1","0,20","20","57","781,57,0"
"0/1","9,12","21","99","361,0,273"
"0/1","10,15","25","99","529,0,294"
"0/1","15,16","32","99","545,0,431"
"0/1","19,13","32","99","419,0,596"
"0/1","20,9","29","99","273,0,635"
"0/1","31,5","36","54","54,0,1036"
"0/1","32,4","36","49","49,0,1057"
"0/1","36,7","43","99","139,0,1101"
"0/1","40,6","46","36","36,0,1358"
"0/1","46,8","54","99","110,0,1492"
"0/1","51,6","57","47","47,0,1540"
"0/1","53,7","60","86","86,0,1475"
"0/1","53,7","60","87","87,0,1518"
"0/1","49,9","58","99","148,0,1427"
"0/1","38,10","48","99","196,0,1160"
"0/1","37,9","46","99","201,0,1098"
"0/1","37,8","45","99","179,0,941"
"0/1","17,14","31","99","453,0,481"
"0/1","8,14","22","99","471,0,266"
"0/1","9,15","24","99","461,0,295"
"0/1","12,11","23","99","368,0,413"
"0/1","8,13","21","99","418,0,230"
"0/1","7,9","16","99","318,0,242"
"0/1","10,13","23","99","422,0,278"
"0/1","12,11","23","99","368,0,310"
"0/1","6,7","13","99","247,0,199"
"0/1","15,10","25","99","328,0,499"
"0/1","22,12","34","99","380,0,788"
"0/1","16,9","25","99","252,0,538"
"0/1","11,5","16","99","154,0,379"
"0/1","26,12","38","99","283,0,519"
"0/1","18,14","32","99","293,0,429"
"0/1","9,24","34","51","528,0,51"
"0/1","16,14","30","99","473,0,525"
"0/1","16,13","29","99","430,0,516"
"0/1","10,19","29","99","502,0,197"
"0/1","12,11","23","99","312,0,420"
"0/1","20,27","47","99","845,0,596"
"0/1","15,15","30","99","447,0,477"
"0/1","16,15","31","99","504,0,522"
"0/1","9,10","19","99","342,0,279"
"0/1","9,10","19","99","256,0,254"
"0/1","11,10","21","99","255,0,385"
"0/1","11,6","17","99","155,0,346"
"0/1","12,11","23","99","346,0,420"
"0/1","11,11","22","99","344,0,375"
"0/1","9,15","24","99","515,0,287"
"0/1","11,10","21","99","323,0,359"
"0/1","15,19","34","99","622,0,463"
"0/1","24,19","43","99","624,0,707"
"0/0","16,1","17","45","0,45,601"
"0/0","16,0","16","42","0,42,545"
"0/1","5,6","11","99","199,0,135"
"0/1","10,13","23","99","334,0,296"
"0/1","20,14","34","99","426,0,673"
"1/1","1,8","9","9","90,9,0"
"0/1","9,9","18","99","282,0,315"
"0/1","13,22","35","99","750,0,361"
"0/1","15,18","33","99","511,0,446"
"0/1","14,9","29","99","251,0,485"
"0/0","29,1","30","36","0,36,904"
"0/1","18,11","29","99","281,0,625"
"0/1","10,11","21","99","380,0,347"
"0/1","19,19","38","99","514,0,627"
"0/1","18,9","27","99","246,0,607"
"0/1","11,21","32","99","727,0,335"
"0/1","7,9","16","99","309,0,236"
"0/1","13,25","38","99","850,0,370"
"0/0","13,0","13","30","0,30,394"
"0/1","15,18","33","99","604,0,508"
"0/1","14,3","17","35","35,0,438"
"0/1","20,12","32","99","380,0,718"
"0/1","14,10","24","99","338,0,457"
"0/1","26,15","41","99","446,0,907"
"0/1","14,5","19","99","111,0,465"
"0/0","44,2","46","99","0,114,1469"
"0/1","34,6","40","52","52,0,1085"
"0/1","35,8","44","99","99,0,1007"
"0/1","29,5","34","40","40,0,774"
"0/0","87,0","87","99","0,238,3093"
"0/1","74,10","86","99","144,0,2458"
"0/1","42,28","70","99","676,0,1275"
"0/1","48,17","65","99","321,0,1496"
"0/1","25,24","49","99","749,0,668"
"0/0","35,0","35","90","0,90,1185"
"0/0","35,0","35","87","0,87,1100"
"0/0","31,0","32","75","0,75,972"
"1/1","1,16","17","45","594,45,0"
"0/1","21,3","24","81","81,0,224"
"0/1","20,4","25","78","78,0,201"
"0/0","14,1","15","30","0,30,349"
"0/1","30,9","46","99","181,0,596"
"0/1","11,4","15","69","69,0,326"
"0/1","6,7","13","99","203,0,163"
"0/1","7,10","17","99","356,0,238"
"0/1","13,18","31","99","593,0,397"
"0/0","28,0","28","81","0,81,1066"
"0/1","6,10","16","99","356,0,190"
"0/1","17,10","27","99","326,0,588"
"0/1","10,19","29","99","640,0,315"
"0/1","31,5","36","86","86,0,1062"
"0/1","30,5","35","53","53,0,952"
"0/1","8,8","16","99","270,0,281"
"0/1","13,9","23","99","267,0,466"
"0/1","2,10","12","35","325,0,35"
"0/1","11,7","18","99","230,0,375"
"0/1","19,16","35","99","501,0,547"
"0/1","17,17","34","99","547,0,511"
"0/1","11,13","24","99","440,0,332"
"0/1","10,10","20","99","355,0,240"
"0/1","19,18","37","99","475,0,623"
"0/1","15,13","28","99","382,0,525"
"0/1","10,18","28","99","603,0,266"
"0/1","13,11","24","99","370,0,454"
"0/1","10,14","24","99","474,0,338"
"0/1","15,18","34","99","503,0,510"
"0/1","13,7","20","99","205,0,333"
"0/1","15,17","32","99","403,0,481"
"0/1","19,14","33","99","453,0,541"
"0/1","15,17","32","99","551,0,506"
"0/1","13,18","31","99","588,0,350"
"0/1","12,12","24","99","406,0,406"
"0/1","12,10","22","99","303,0,419"
"0/0","37,0","37","57","0,57,719"
"0/1","15,14","29","99","462,0,515"
"0/0","33,0","33","87","0,87,1180"
"0/1","15,12","27","99","362,0,447"
"0/1","6,9","17","47","240,0,47"
"0/1","16,5","21","99","100,0,578"
"0/1","10,5","15","99","160,0,317"
"0/1","16,15","31","99","505,0,529"
"0/1","12,16","28","99","505,0,386"
"0/1","7,17","24","99","572,0,177"
"0/1","10,14","24","99","476,0,285"
"0/1","13,19","32","99","528,0,353"
"0/1","19,18","37","99","490,0,527"
"0/1","15,16","31","99","532,0,432"
"0/0","35,0","35","99","0,105,1410"
"0/1","10,12","22","99","403,0,340"
"0/1","11,10","21","99","315,0,353"
"0/1","18,13","31","99","417,0,553"
"0/1","24,18","42","99","534,0,774"
"0/1","11,16","27","99","563,0,332"
"0/1","8,10","18","99","356,0,268"
"0/1","30,15","45","99","242,0,665"
"0/1","4,4","9","99","126,0,101"
"0/1","12,15","27","99","409,0,384"
"0/1","12,10","22","99","248,0,354"
"0/1","19,11","30","99","313,0,587"
"0/1","14,13","27","99","452,0,492"
"0/1","12,8","20","78","78,0,309"
"0/0","15,0","15","45","0,45,598"
"0/0","17,0","17","48","0,48,638"
"0/0","17,0","17","48","0,48,647"
"0/0","18,0","18","48","0,48,631"
"0/0","17,0","18","51","0,51,677"
"0/0","18,0","18","51","0,51,652"
"0/0","20,1","22","54","0,54,700"
"0/0","24,0","24","60","0,60,746"
"1/1","3,2","5","3","37,3,0"
"0/1","11,13","24","99","374,0,300"
"0/1","13,12","25","99","411,0,417"
"0/1","14,18","32","99","552,0,405"
"0/1","19,17","36","99","576,0,626"
"0/1","19,15","34","99","490,0,651"
"0/1","15,13","28","99","429,0,505"
"0/1","14,16","30","99","550,0,439"
"0/1","22,17","39","99","570,0,763"
"0/1","13,12","25","99","311,0,377"
"0/1","14,12","26","99","286,0,429"
"0/1","13,11","24","99","282,0,434"
"0/1","12,11","23","99","287,0,406"
"0/1","12,11","23","99","283,0,377"
"0/1","13,9","22","99","243,0,415"
"0/1","13,7","20","99","162,0,281"
"0/1","5,4","9","51","51,0,149"
"0/1","13,6","19","99","178,0,427"
"0/1","18,4","22","99","103,0,596"
"0/1","11,7","18","99","226,0,358"
"0/1","18,6","24","99","163,0,640"
"0/1","15,6","21","99","180,0,528"
"0/1","10,12","22","99","426,0,329"
"0/1","16,15","31","99","517,0,469"
"0/1","18,14","32","99","476,0,591"
"0/1","7,12","20","99","355,0,192"
"0/1","21,22","43","99","731,0,634"
"0/1","16,12","28","99","323,0,525"
"0/1","13,21","34","99","620,0,431"
"0/0","26,0","26","78","0,78,1050"
"0/0","27,0","27","81","0,81,1080"
"0/0","30,0","30","87","0,87,1177"
"0/1","14,14","28","99","439,0,452"
"0/1","20,12","32","99","383,0,695"
"0/1","12,18","30","99","545,0,385"
"0/1","16,25","41","99","822,0,493"
"0/1","7,10","17","99","359,0,241"
"0/1","5,15","20","99","512,0,145"
"0/1","8,11","19","99","355,0,263"
"0/1","11,9","20","99","279,0,335"
"0/1","15,18","33","99","527,0,511"
"0/1","15,16","31","99","560,0,408"
"0/1","24,12","36","99","344,0,771"
"0/1","18,20","38","99","671,0,500"
"0/1","19,15","34","99","448,0,651"
"0/1","15,13","28","99","434,0,507"
"0/1","22,21","43","99","631,0,698"
"0/1","14,18","32","99","574,0,355"
"0/1","13,15","28","99","434,0,401"
"0/1","8,10","18","99","272,0,271"
"1/1","0,10","10","24","295,24,0"
"0/0","6,0","6","12","0,12,150"
"0/1","57,24","81","99","665,0,1511"
"0/1","41,64","105","99","1997,0,1241"
"0/0","42,2","44","99","0,111,1439"
"0/0","48,2","50","99","0,123,1539"
"0/0","45,2","47","99","0,114,1440"
"0/0","44,1","45","81","0,81,1333"
"0/0","40,2","43","79","0,79,1280"
"0/0","42,1","44","99","0,108,1364"
"0/0","40,0","40","99","0,108,1425"
"0/0","20,2","22","15","0,15,730"
"0/0","7,0","7","15","0,15,177"
"0/0","8,0","8","9","0,9,103"
"0/1","5,10","15","99","328,0,157"
"0/1","16,25","41","99","446,0,309"
"0/1","25,16","41","99","501,0,842"
"0/1","22,23","45","99","725,0,653"
"0/1","21,15","36","99","414,0,652"
"0/1","14,17","31","99","601,0,436"
"0/1","37,9","46","99","128,0,1293"
"0/1","11,13","24","99","463,0,329"
"0/1","8,16","24","99","553,0,260"
"0/1","11,9","20","99","271,0,378"
"0/1","12,17","29","99","554,0,368"
"0/1","18,18","36","99","513,0,580"
"0/1","21,16","37","99","453,0,696"
"0/0","11,2","13","24","0,24,304"
"0/1","11,13","24","99","428,0,376"
"0/1","11,7","18","99","231,0,349"
"0/1","10,11","21","99","360,0,306"
"0/1","10,19","29","99","593,0,298"
"0/1","16,8","24","99","208,0,577"
"0/1","7,14","21","99","463,0,177"
"0/1","14,23","37","99","707,0,437"
"0/1","18,19","37","99","606,0,576"
"0/1","9,13","22","99","468,0,287"
"0/1","13,12","25","99","420,0,419"
"0/1","13,16","29","99","524,0,436"
"0/1","12,13","25","99","448,0,412"
"0/1","16,5","21","99","129,0,570"
"0/1","18,14","32","99","473,0,598"
"0/1","21,24","45","99","700,0,654"
"0/1","9,13","22","99","466,0,241"
"0/1","12,9","21","99","306,0,376"
"0/1","18,17","35","99","572,0,566"
"0/1","18,12","30","99","357,0,549"
"0/1","12,10","23","99","337,0,420"
"0/0","6,2","10","12","0,12,146"
"0/1","13,14","27","99","489,0,357"
"0/1","15,12","27","99","375,0,529"
"0/1","17,18","35","99","535,0,533"
"0/1","8,15","23","99","466,0,246"
"0/1","15,9","24","99","166,0,229"
"0/1","11,21","32","99","684,0,328"
"0/1","16,20","36","99","608,0,523"
"0/1","16,10","26","99","289,0,529"
"0/1","12,21","33","99","736,0,291"
"1/1","0,28","29","75","986,75,0"
"0/1","15,18","33","99","605,0,463"
"0/1","16,17","33","99","578,0,518"
"0/1","13,11","25","59","92,0,59"
"0/1","7,3","10","90","90,0,220"
"0/1","13,16","29","99","541,0,369"
"0/1","10,17","27","99","551,0,311"
"0/1","21,13","34","99","426,0,673"
"0/1","9,13","24","10","292,0,10"
"0/0","16,3","19","21","0,21,264"
"0/0","7,0","7","12","0,12,146"
"0/0","27,0","27","78","0,78,986"
"0/1","19,16","35","99","533,0,650"
"0/1","16,13","29","99","311,0,532"
"0/0","12,0","12","36","0,36,488"
"0/0","24,1","27","35","0,35,851"
"0/1","3,7","10","92","247,0,92"
"0/1","15,16","32","99","554,0,506"
"0/1","11,11","22","99","376,0,339"
"0/1","14,13","27","99","431,0,479"
"0/1","12,10","22","99","277,0,309"
"0/1","2,18","20","17","662,0,17"
"0/1","26,15","41","99","432,0,833"
"0/1","27,12","39","99","372,0,869"
"0/1","28,23","51","99","711,0,872"
"0/1","28,23","51","99","651,0,886"
"0/1","16,17","33","99","585,0,487"
"0/1","17,20","37","99","654,0,579"
"0/1","7,8","15","99","247,0,242"
"0/1","13,13","26","99","369,0,396"
"0/1","11,13","24","99","422,0,376"
"0/0","30,0","30","78","0,78,1053"
"0/0","31,0","31","81","0,81,1088"
"0/1","13,27","40","99","881,0,396"
"0/1","12,7","19","99","228,0,396"
"0/1","18,17","35","99","542,0,612"
"0/1","11,21","32","99","698,0,307"
"0/1","15,17","32","99","546,0,430"
"0/1","20,10","30","99","256,0,681"
"0/1","15,11","26","99","320,0,532"
"0/1","11,7","18","99","226,0,365"
"0/1","16,17","33","99","586,0,538"
"0/1","17,16","33","99","512,0,577"
"0/0","18,0","18","48","0,48,601"
"0/0","19,1","20","54","0,54,690"
"0/1","15,25","40","99","801,0,436"
"0/1","12,20","32","99","686,0,403"
"0/1","12,18","30","99","583,0,328"
"0/1","19,14","33","99","464,0,668"
"0/0","5,0","5","15","0,15,193"
"0/0","25,0","25","60","0,60,709"
"0/1","11,5","16","99","155,0,391"
"0/1","16,15","31","99","460,0,455"
"0/1","8,24","32","99","723,0,195"
"0/1","9,7","16","99","205,0,320"
"0/1","8,6","14","99","201,0,280"
"0/1","7,5","12","99","138,0,203"
"0/1","15,13","28","99","432,0,482"
"0/1","17,10","27","99","296,0,478"
"0/1","11,12","23","99","417,0,364"
"0/1","12,9","21","99","276,0,392"
"0/1","12,7","20","99","168,0,290"
"0/1","15,5","20","99","152,0,400"
"0/1","17,5","23","65","65,0,527"
"0/1","21,17","38","99","528,0,631"
"0/1","27,18","45","99","516,0,890"
"0/1","23,20","43","99","543,0,604"
"0/1","13,3","16","74","74,0,470"
"0/1","9,10","19","99","337,0,298"
"0/1","4,5","9","99","180,0,136"
"0/1","12,4","16","99","115,0,444"
"0/1","13,15","28","99","508,0,401"
"0/1","19,8","27","99","209,0,658"
"0/0","24,0","24","69","0,69,933"
"0/1","20,10","30","60","60,0,655"
"0/1","20,9","29","99","121,0,283"
"0/1","18,11","29","55","55,0,261"
"0/1","10,13","23","99","402,0,308"
"0/1","14,18","32","99","593,0,453"
"0/1","17,11","28","99","367,0,517"
"0/1","8,8","17","99","231,0,269"
"0/1","14,19","33","99","605,0,398"
"0/1","17,10","27","99","269,0,555"
"0/1","5,9","16","99","145,0,132"
"0/1","7,10","17","99","301,0,239"
"0/1","23,15","38","99","385,0,773"
"0/1","13,5","18","99","149,0,467"
"0/1","10,9","19","99","312,0,320"
"0/1","12,10","22","99","343,0,421"
"0/1","13,15","28","99","433,0,367"
"0/1","10,14","24","99","426,0,219"
"0/1","10,14","24","99","465,0,209"
"0/1","20,20","40","99","566,0,649"
"0/0","11,0","11","24","0,24,317"
"0/1","8,10","18","99","311,0,270"
"0/1","12,7","19","99","230,0,383"
"0/1","20,12","32","99","388,0,705"
"0/1","27,17","44","99","510,0,903"
"0/1","17,18","35","99","500,0,528"
"0/1","19,25","44","99","830,0,611"
"0/1","19,14","33","99","413,0,642"
"0/1","15,14","29","99","273,0,462"
"0/0","30,0","30","78","0,78,1038"
"0/1","9,16","25","99","561,0,285"
"0/1","11,14","25","99","444,0,372"
"0/1","13,13","26","99","373,0,380"
"0/1","8,14","22","99","495,0,236"
"0/1","11,11","22","99","379,0,334"
"0/1","10,22","32","99","745,0,204"
"0/1","13,20","33","99","635,0,386"
"0/1","11,15","26","99","163,0,183"
"0/1","17,12","29","99","384,0,543"
"0/0","22,1","23","36","0,36,469"
"0/0","33,0","33","75","0,75,992"
"0/1","39,15","55","99","107,0,1308"
"0/1","36,14","51","98","98,0,1220"
"1/1","2,28","32","54","684,54,0"
"0/1","11,10","21","99","341,0,384"
"0/1","7,9","16","99","319,0,241"
"0/0","25,0","25","72","0,72,981"
"0/1","14,13","27","99","452,0,488"
"0/1","11,15","26","99","534,0,364"
"0/1","12,17","29","99","559,0,382"
"0/0","29,0","29","81","0,81,1064"
"0/0","18,0","18","48","0,48,638"
"0/1","14,25","39","99","841,0,395"
"0/1","18,21","39","99","640,0,546"
"0/1","24,10","37","99","230,0,488"
"0/1","8,14","22","99","490,0,263"
"0/1","23,6","29","99","100,0,732"
"0/1","25,11","36","99","318,0,840"
"0/1","18,18","36","99","456,0,564"
"0/1","20,16","36","99","512,0,663"
"0/1","17,20","37","99","643,0,512"
"0/1","16,17","33","99","489,0,473"
"0/1","15,16","31","99","509,0,501"
"0/1","14,15","29","99","492,0,468"
"0/1","15,25","40","99","868,0,415"
"0/1","13,15","28","99","498,0,438"
"0/1","14,4","18","99","105,0,512"
"0/1","16,12","28","99","341,0,557"
"0/1","20,10","30","99","251,0,697"
"0/1","14,16","30","99","505,0,457"
"0/1","15,16","31","99","516,0,505"
"0/1","10,12","22","99","307,0,345"
"0/1","4,9","13","99","318,0,123"
"0/1","15,15","30","99","468,0,509"
"0/1","21,8","29","99","237,0,712"
"0/1","17,20","37","99","649,0,490"
"0/1","10,18","28","99","505,0,230"
"0/1","20,13","33","99","400,0,530"
"0/1","10,14","24","99","476,0,282"
"0/1","23,19","42","99","570,0,781"
"0/1","21,15","36","99","475,0,676"
"0/1","12,19","31","99","556,0,354"
"0/1","12,14","26","99","388,0,404"
"0/1","11,15","26","99","474,0,359"
"0/1","28,17","45","99","416,0,694"
"0/1","14,11","25","99","325,0,382"
"0/1","23,14","37","99","419,0,533"
"0/1","13,16","29","99","259,0,357"
"0/1","12,15","28","99","430,0,274"
"0/0","29,0","29","75","0,75,955"
"0/1","34,6","40","94","94,0,1041"
"0/1","57,20","77","99","339,0,1489"
"0/1","40,15","55","99","271,0,951"
"0/1","35,11","50","99","200,0,967"
"0/1","39,13","60","99","325,0,659"
"0/1","51,15","66","3","3,0,1272"
"0/1","46,12","58","99","198,0,821"
"0/1","16,9","26","99","283,0,239"
"0/1","22,12","34","99","307,0,368"
"0/1","15,24","39","99","596,0,450"
"0/1","24,18","42","99","481,0,555"
"0/1","16,4","20","99","107,0,413"
"0/1","13,4","17","73","73,0,324"
"0/1","9,9","18","99","144,0,287"
"0/1","11,12","23","99","267,0,165"
"0/1","23,5","28","99","120,0,564"
"0/1","15,14","29","99","342,0,495"
"0/1","36,19","55","99","582,0,934"
"0/1","16,16","32","99","464,0,460"
"0/1","17,15","32","99","486,0,482"
"0/1","24,17","41","99","469,0,493"
"0/1","13,12","25","99","227,0,394"
"0/1","25,12","37","99","328,0,604"
"0/1","22,11","33","99","323,0,394"
"0/1","21,9","33","99","174,0,452"
"0/1","17,8","25","99","232,0,491"
"0/1","12,18","32","99","587,0,346"
"0/1","28,12","40","99","259,0,705"
"0/1","10,13","23","99","285,0,313"
"0/1","18,11","29","99","292,0,588"
"0/1","7,14","21","99","490,0,185"
"0/1","12,14","26","99","339,0,395"
"0/1","12,16","28","99","334,0,387"
"0/1","14,13","27","99","425,0,355"
"0/1","17,19","36","99","580,0,425"
"0/1","10,12","22","99","382,0,332"
"0/1","4,7","11","99","213,0,132"
"0/1","8,4","12","99","129,0,252"
"0/1","6,8","14","99","286,0,161"
"0/1","18,14","32","99","267,0,367"
"0/1","22,20","42","99","611,0,612"
"0/1","18,14","32","99","434,0,552"
"0/0","16,0","16","39","0,39,520"
"0/1","17,11","28","99","357,0,420"
"0/1","11,14","25","99","469,0,376"
"0/1","7,12","19","99","361,0,229"
"0/0","13,0","13","39","0,39,534"
"0/1","3,11","14","86","370,0,86"
"0/1","11,8","19","99","231,0,395"
"0/1","8,11","19","99","380,0,265"
"0/1","13,4","18","95","95,0,212"
"0/1","11,13","24","99","442,0,361"
"0/1","13,13","26","99","421,0,293"
"0/1","10,18","28","99","520,0,219"
"0/1","5,7","12","15","15,0,86"
"0/1","17,12","29","99","374,0,578"
"0/1","12,7","19","99","228,0,404"
"0/1","8,8","16","99","245,0,277"
"0/1","18,11","29","99","320,0,634"
"0/1","9,14","23","99","493,0,295"
"0/1","10,7","17","99","239,0,355"
"0/1","7,12","19","99","411,0,226"
"0/0","15,0","15","45","0,45,606"
"0/1","9,9","18","99","267,0,261"
"0/1","16,12","28","99","357,0,316"
"0/1","14,12","26","99","384,0,492"
"0/1","9,3","12","50","50,0,228"
"0/1","17,14","31","99","471,0,514"
"0/1","17,16","33","99","548,0,578"
"0/0","19,1","21","17","0,17,659"
"0/1","21,16","37","99","456,0,628"
"0/1","10,8","18","99","272,0,350"
"0/1","15,15","30","99","432,0,493"
"0/1","9,9","18","99","303,0,307"
"0/1","15,16","31","99","549,0,469"
"0/1","13,17","30","99","586,0,429"
"0/1","12,17","29","99","591,0,392"
"0/1","13,17","30","99","588,0,424"
"0/1","13,14","27","99","449,0,436"
"0/1","18,13","31","99","426,0,586"
"0/1","24,16","40","99","446,0,793"
"0/1","23,15","38","99","446,0,700"
"0/1","10,17","27","99","600,0,229"
"0/0","17,0","17","48","0,48,655"
"0/1","6,12","18","99","433,0,188"
"0/1","7,11","18","99","397,0,232"
"0/1","10,8","18","99","262,0,352"
"0/1","10,9","19","99","303,0,342"
"0/1","8,8","16","99","248,0,225"
"0/1","11,10","21","99","310,0,373"
"0/1","12,11","23","99","333,0,410"
"0/1","9,10","19","99","301,0,310"
"0/1","9,15","24","99","464,0,257"
"0/1","15,16","31","99","513,0,454"
"0/1","14,14","28","99","475,0,473"
"0/1","10,16","26","99","549,0,324"
"0/1","12,12","24","99","414,0,405"
"0/1","8,23","31","99","371,0,265"
"0/1","13,11","24","99","380,0,378"
"0/1","12,20","32","99","553,0,330"
"0/1","23,17","40","99","436,0,676"
"0/0","24,0","24","63","0,63,862"
"0/0","28,0","28","78","0,78,1035"
"0/0","19,0","19","54","0,54,729"
"0/1","21,6","27","13","13,0,717"
"0/0","13,1","14","24","0,24,291"
"0/0","11,1","12","27","0,27,306"
"0/1","40,7","47","67","67,0,1240"
"0/1","43,7","50","65","65,0,1409"
"0/1","20,33","53","99","974,0,483"
"0/1","34,12","46","99","174,0,1138"
"0/1","34,16","50","99","250,0,1155"
"0/1","23,9","32","99","109,0,779"
"0/1","20,9","29","99","284,0,518"
"1/1","6,27","33","45","838,45,0"
"1/1","6,27","33","16","843,16,0"
"0/1","28,19","47","99","137,0,775"
"0/0","27,0","27","60","0,60,772"
"0/1","18,15","33","99","279,0,509"
"0/1","22,5","27","42","42,0,450"
"0/1","106,22","132","99","214,0,2573"
"0/1","96,22","125","99","355,0,2048"
"0/1","91,28","119","99","722,0,2171"
"0/1","91,28","119","99","576,0,2648"
"0/0","141,0","141","99","0,364,4623"
"0/1","111,35","146","99","729,0,3198"
"0/1","115,23","138","99","361,0,3516"
"0/0","99,0","99","99","0,256,3165"
"0/1","62,16","78","99","209,0,1598"
"0/0","84,0","84","99","0,211,2592"
"0/1","78,10","88","38","38,0,2210"
"0/1","60,33","93","99","949,0,1494"
"0/1","70,13","83","99","201,0,1673"
"0/1","60,11","71","36","36,0,1844"
"0/1","60,19","81","99","291,0,1570"
"0/1","68,9","77","47","47,0,1839"
"0/1","45,11","56","91","91,0,1234"
"0/0","30,0","31","72","0,72,913"
"0/1","18,3","21","71","71,0,364"
"1/1","0,21","21","33","425,33,0"
"0/1","11,16","27","99","514,0,359"
"0/1","12,16","28","99","507,0,391"
"0/1","4,8","12","99","265,0,129"
"0/1","11,7","18","99","214,0,327"
"0/1","16,19","35","99","555,0,535"
"1/1","1,29","30","41","1000,41,0"
"0/0","15,0","15","36","0,36,457"
"0/0","15,0","15","39","0,39,491"
"0/0","15,0","15","36","0,36,461"
"0/0","14,1","15","36","0,36,457"
"0/0","13,0","13","36","0,36,447"
"0/1","14,18","32","99","523,0,419"
"0/1","16,22","38","99","692,0,508"
"0/0","20,1","21","51","0,51,649"
"0/0","9,0","9","24","0,24,325"
"0/0","15,0","18","27","0,27,342"
"0/0","19,0","19","45","0,45,556"
"0/0","19,0","19","42","0,42,545"
"0/1","18,11","29","99","362,0,581"
"0/1","10,13","23","99","455,0,295"
"0/1","6,6","12","99","206,0,208"
"0/1","15,19","34","99","576,0,492"
"0/1","16,20","36","99","633,0,533"
"0/1","20,22","42","99","698,0,543"
"0/1","16,13","29","99","318,0,451"
"0/1","21,17","39","99","558,0,652"
"0/1","15,17","32","99","569,0,462"
"0/1","21,16","37","99","512,0,716"
"0/1","7,11","18","99","274,0,190"
"0/1","9,18","27","99","618,0,282"
"0/1","9,16","25","99","532,0,288"
"0/1","11,6","17","99","184,0,403"
"0/1","11,9","20","99","275,0,389"
"0/0","14,0","14","39","0,39,518"
"0/1","11,10","21","99","334,0,342"
"0/1","20,8","28","99","229,0,580"
"0/1","10,8","18","99","232,0,358"
"0/1","18,9","27","99","269,0,557"
"0/1","20,14","34","99","422,0,689"
"0/1","9,17","26","99","511,0,279"
"0/1","9,13","22","99","401,0,257"
"0/1","11,12","23","99","378,0,361"
"0/1","3,22","25","48","814,0,48"
"0/1","7,11","18","99","395,0,238"
"0/1","10,14","24","99","478,0,305"
"0/1","14,10","24","99","317,0,484"
"0/1","10,16","26","99","553,0,331"
"0/1","9,19","28","99","574,0,275"
"0/1","12,17","29","99","518,0,374"
"0/1","13,14","27","99","403,0,372"
"0/1","5,12","17","99","399,0,142"
"0/1","16,9","25","99","270,0,539"
"0/1","24,5","29","82","82,0,691"
"0/1","7,3","10","73","73,0,205"
"0/0","12,3","17","27","0,27,339"
"0/1","15,23","38","99","801,0,451"
"0/1","12,10","22","99","294,0,412"
"0/1","14,16","30","99","511,0,411"
"0/1","14,13","27","99","436,0,437"
"0/1","6,6","12","99","201,0,204"
"0/1","7,7","14","99","232,0,230"
"0/1","5,11","16","99","395,0,157"
"0/1","12,11","23","99","381,0,391"
"0/0","23,0","23","60","0,60,744"
"0/1","17,17","34","99","483,0,474"
"0/1","12,8","20","99","190,0,380"
"0/1","26,14","40","99","132,0,586"
"0/1","21,5","26","99","121,0,759"
"0/1","34,11","45","99","185,0,1177"
"0/1","17,14","31","99","473,0,579"
"0/1","16,16","32","99","563,0,469"
"0/1","28,6","34","66","66,0,822"
"0/1","31,8","39","99","109,0,1035"
"0/1","30,6","36","29","29,0,873"
"0/1","11,8","19","99","260,0,356"
"0/1","20,18","38","99","593,0,680"
"0/1","12,12","24","99","414,0,403"
"0/1","14,15","31","99","424,0,359"
"0/1","19,10","29","99","289,0,594"
"0/1","15,9","24","99","270,0,494"
"0/1","5,22","27","99","713,0,116"
"0/1","41,6","53","99","114,0,390"
"0/1","9,12","21","99","418,0,268"
"0/1","11,19","30","99","616,0,351"
"0/1","9,13","22","99","434,0,293"
"0/1","16,9","25","99","235,0,517"
"0/1","10,12","22","99","355,0,346"
"0/0","32,0","32","90","0,90,1219"
"0/1","20,7","28","99","197,0,575"
"0/1","20,15","35","99","489,0,649"
"0/1","12,14","26","99","486,0,372"
"0/1","8,12","20","99","398,0,272"
"0/1","14,13","27","99","394,0,410"
"0/1","11,11","22","99","372,0,362"
"1/1","3,35","38","53","1164,53,0"
"0/1","21,17","38","99","428,0,711"
"0/1","4,4","8","98","120,0,98"
"0/1","11,13","24","99","396,0,381"
"0/1","10,13","23","99","402,0,317"
"0/1","11,14","25","99","417,0,372"
"0/1","18,20","38","99","636,0,571"
"0/1","5,13","18","81","345,0,81"
"0/0","16,0","17","39","0,39,513"
"0/1","14,13","27","99","359,0,418"
"0/1","15,23","38","99","630,0,445"
"0/1","18,12","30","99","365,0,610"
"0/1","7,18","25","99","638,0,212"
"0/1","7,12","19","99","280,0,197"
"0/1","24,14","38","99","419,0,804"
"0/1","21,11","32","99","313,0,731"
"0/1","7,10","17","98","98,0,158"
"0/1","25,9","34","99","151,0,793"
"0/1","17,16","33","99","531,0,556"
"0/1","22,15","37","99","420,0,698"
"0/1","16,16","32","99","548,0,475"
"0/1","14,18","32","99","562,0,391"
"0/1","12,18","31","99","414,0,326"
"0/1","11,19","30","99","613,0,217"
"0/1","10,20","30","99","620,0,270"
"0/1","11,16","27","99","493,0,285"
"0/1","11,16","27","99","542,0,272"
"0/1","9,26","35","99","767,0,221"
"0/1","7,13","20","99","422,0,211"
"0/1","18,19","37","99","584,0,585"
"0/1","19,13","32","99","427,0,464"
"0/0","31,0","31","81","0,81,986"
"0/1","35,10","46","99","223,0,811"
"0/1","26,11","37","99","296,0,879"
"0/1","22,10","32","99","280,0,655"
"0/1","15,9","24","99","257,0,432"
"0/1","7,15","22","99","526,0,102"
"0/1","16,13","29","99","321,0,555"
"0/1","15,10","25","99","326,0,515"
"0/1","14,12","26","99","347,0,429"
"0/1","12,14","26","99","355,0,384"
"0/1","12,17","29","99","465,0,368"
"0/1","10,12","22","99","371,0,242"
"0/1","12,15","27","99","353,0,325"
"0/1","7,16","23","99","405,0,171"
"0/1","18,18","36","99","544,0,510"
"0/1","24,22","46","99","687,0,760"
"0/1","8,14","22","99","376,0,257"
"0/1","12,14","26","99","480,0,361"
"0/1","14,13","27","99","387,0,460"
"0/1","14,12","27","99","367,0,406"
"0/1","7,11","18","99","311,0,223"
"0/1","20,11","31","99","334,0,694"
"0/0","19,4","24","39","0,39,498"
"0/0","10,0","10","24","0,24,282"
"0/0","10,0","10","24","0,24,313"
"0/0","8,1","9","18","0,18,245"
"0/1","13,16","29","99","509,0,429"
"0/1","23,18","41","99","561,0,716"
"0/1","22,10","32","99","301,0,742"
"0/1","13,12","25","99","368,0,412"
"0/1","10,11","21","99","264,0,340"
"0/1","1,3","4","28","99,0,28"
"0/1","19,19","38","99","655,0,615"
"0/1","10,10","20","99","316,0,321"
"0/1","9,6","15","99","204,0,302"
"0/1","4,12","16","77","436,0,77"
"0/1","3,6","9","99","184,0,99"
"0/1","7,6","13","99","204,0,235"
"0/0","25,1","26","66","0,66,874"
"0/0","29,1","30","72","0,72,956"
"0/1","18,17","35","99","481,0,585"
"0/1","17,12","29","99","359,0,526"
"0/1","17,11","28","99","356,0,570"
"0/1","12,15","27","99","471,0,401"
"0/1","18,19","37","99","555,0,556"
"0/1","8,22","30","99","757,0,235"
"0/1","12,21","33","99","631,0,371"
"0/1","14,11","25","99","356,0,342"
"0/1","16,17","33","99","547,0,480"
"0/1","20,15","35","99","501,0,575"
"0/1","5,15","20","57","445,0,57"
"0/1","18,5","23","99","136,0,612"
"1/1","0,8","9","21","272,21,0"
"1/1","0,7","9","21","265,21,0"
"0/1","13,20","33","99","602,0,350"
"0/1","4,11","15","99","321,0,120"
"0/1","8,11","19","99","350,0,270"
"0/1","10,9","19","99","268,0,348"
"0/1","13,15","28","99","507,0,395"
"0/1","12,9","21","99","289,0,414"
"0/1","10,8","18","99","271,0,348"
"0/1","11,12","23","99","410,0,323"
"0/1","14,14","28","99","427,0,442"
"0/1","9,12","21","99","410,0,306"
"0/1","18,17","35","99","589,0,510"
"0/1","7,18","25","99","586,0,133"
"0/0","11,0","11","33","0,33,414"
"0/1","17,13","30","99","356,0,532"
"0/1","11,13","24","99","372,0,316"
"0/1","19,11","30","99","331,0,603"
"0/0","7,0","7","21","0,21,282"
"0/0","7,0","7","21","0,21,284"
"0/0","8,0","8","24","0,24,317"
"0/0","8,0","8","24","0,24,327"
"0/0","8,0","8","24","0,24,322"
"0/0","8,0","8","24","0,24,327"
"0/0","8,0","8","24","0,24,318"
"0/0","8,0","8","24","0,24,324"
"0/0","9,0","9","27","0,27,346"
"0/0","9,0","9","27","0,27,356"
"0/0","9,0","9","27","0,27,352"
"0/0","9,0","9","27","0,27,364"
"0/0","9,0","9","27","0,27,364"
"0/0","9,0","9","27","0,27,366"
"0/0","10,0","10","30","0,30,401"
"0/0","11,0","11","30","0,30,396"
"0/0","11,0","11","27","0,27,334"
"0/0","11,0","11","30","0,30,359"
"0/0","12,0","12","36","0,36,440"
"0/0","13,0","13","39","0,39,492"
"0/1","7,15","22","99","517,0,220"
"0/1","15,15","30","99","514,0,479"
"0/1","10,15","25","99","350,0,327"
"0/1","18,10","29","99","276,0,427"
"0/0","14,0","14","36","0,36,455"
"0/1","13,8","21","99","259,0,452"
"0/1","16,18","34","99","542,0,496"
"0/1","14,16","31","99","563,0,385"
"0/1","10,8","18","99","166,0,332"
"0/1","19,16","35","99","484,0,606"
"0/1","18,12","30","99","351,0,532"
"0/1","18,19","37","99","630,0,586"
"0/1","12,12","24","99","342,0,409"
"0/1","14,2","16","26","26,0,408"
"0/1","13,5","21","99","117,0,298"
"0/1","9,10","19","99","357,0,310"
"0/1","16,18","34","99","637,0,473"
"0/1","4,7","11","99","251,0,115"
"0/1","11,13","24","99","372,0,372"
"0/0","35,0","35","99","0,99,1328"
"0/1","11,9","20","99","201,0,265"
"0/1","14,20","34","99","584,0,457"
"0/1","13,13","26","99","368,0,365"
"1/1","0,24","24","69","919,69,0"
"0/1","7,14","21","99","395,0,223"
"0/1","29,9","39","99","227,0,808"
"0/1","11,27","38","99","537,0,281"
"0/1","17,18","35","99","408,0,544"
"0/0","39,1","41","63","0,63,1142"
"0/1","49,12","61","99","198,0,1208"
"0/1","32,12","48","99","102,0,797"
"0/1","44,17","61","99","135,0,997"
"0/1","58,14","72","99","169,0,1087"
"0/1","53,18","71","99","174,0,1116"
"0/1","59,17","76","99","379,0,1025"
"0/1","60,14","74","99","217,0,1376"
"0/0","53,7","60","1","0,1,1334"
"0/1","38,13","51","99","220,0,1013"
"0/1","41,13","54","99","232,0,984"
"0/1","15,14","30","99","433,0,392"
"0/1","18,6","24","99","151,0,523"
"0/1","18,17","35","99","466,0,578"
"0/1","20,13","33","99","346,0,518"
"0/1","5,8","14","18","246,0,18"
"0/1","12,7","19","99","235,0,389"
"0/1","13,9","22","99","275,0,335"
"0/1","15,12","28","99","369,0,482"
"0/1","16,21","37","99","679,0,519"
"0/1","14,19","33","99","581,0,437"
"0/1","16,19","35","99","656,0,460"
"0/1","3,19","22","8","586,0,8"
"0/0","17,2","23","15","0,15,196"
"0/0","18,4","23","15","0,15,190"
"0/0","18,3","23","15","0,15,193"
"0/0","19,4","23","18","0,18,214"
"0/1","15,15","30","99","493,0,497"
"0/0","33,2","35","74","0,74,1250"
"0/1","18,19","37","99","643,0,535"
"0/1","20,14","34","99","453,0,662"
"0/1","13,9","22","99","288,0,454"
"0/1","7,12","19","99","349,0,228"
"0/1","3,8","11","86","290,0,86"
"0/0","6,1","7","15","0,15,190"
"0/1","11,13","24","99","447,0,307"
"0/1","10,15","25","99","528,0,280"
"0/1","14,22","36","99","731,0,430"
"0/1","23,24","47","99","787,0,788"
"0/1","14,13","27","99","427,0,462"
"0/1","13,26","39","99","686,0,394"
"0/1","9,11","20","99","214,0,309"
"0/1","19,10","29","99","307,0,632"
"0/1","13,21","34","99","666,0,428"
"0/1","12,14","26","99","490,0,416"
"0/1","6,8","14","99","278,0,203"
"0/1","12,12","24","99","373,0,421"
"0/1","16,16","32","99","522,0,506"
"0/1","12,9","21","99","301,0,427"
"0/1","7,7","14","99","238,0,211"
"0/1","16,16","33","99","456,0,486"
"0/1","23,17","40","99","565,0,809"
"0/1","20,21","41","99","650,0,581"
"0/1","15,17","32","99","598,0,425"
"0/1","17,18","35","99","593,0,577"
"0/1","9,9","18","99","269,0,321"
"0/1","15,16","31","99","482,0,519"
"0/1","14,18","32","99","626,0,436"
"0/1","14,11","25","99","349,0,454"
"0/1","10,13","23","99","356,0,349"
"0/1","8,8","16","99","274,0,275"
"0/1","22,14","36","99","394,0,683"
"0/1","17,13","30","99","403,0,557"
"0/1","16,11","27","99","330,0,568"
"0/1","10,12","22","99","411,0,333"
"0/1","4,11","15","84","367,0,84"
"0/1","8,9","17","99","315,0,242"
"0/1","9,11","20","99","384,0,297"
"0/1","12,17","29","99","536,0,342"
"0/1","10,11","21","99","347,0,349"
"0/1","13,11","24","99","373,0,409"
"0/1","11,14","25","99","456,0,363"
"0/1","7,8","15","99","269,0,242"
"0/1","48,18","66","93","93,0,894"
"0/1","31,22","57","99","148,0,581"
"0/1","19,23","50","99","573,0,170"
"0/1","21,13","34","99","132,0,441"
"0/1","16,15","31","99","437,0,445"
"0/1","10,14","24","99","461,0,298"
"0/1","15,9","24","99","291,0,471"
"0/1","12,13","25","99","405,0,399"
"0/1","7,8","15","99","207,0,226"
"0/1","9,10","19","99","336,0,239"
"0/1","16,18","34","99","555,0,486"
"0/1","10,9","19","99","297,0,272"
"0/1","11,7","18","99","223,0,340"
"0/1","12,5","17","99","148,0,405"
"0/1","19,12","31","99","389,0,613"
"0/1","16,9","25","99","280,0,534"
"0/1","15,11","26","99","367,0,443"
"0/1","13,14","27","99","485,0,428"
"0/1","12,16","28","99","558,0,344"
"0/1","13,21","34","99","682,0,392"
"0/1","18,14","32","99","451,0,595"
"0/1","12,18","30","99","594,0,385"
"0/1","22,16","38","99","522,0,714"
"0/1","16,11","27","99","322,0,527"
"0/1","11,10","21","99","343,0,378"
"0/1","18,13","31","99","405,0,528"
"0/1","11,23","34","99","817,0,265"
"0/1","21,15","36","99","468,0,731"
"0/1","17,12","29","99","403,0,596"
"0/1","12,14","26","99","432,0,343"
"0/1","10,7","17","99","235,0,348"
"0/1","10,9","19","99","308,0,343"
"0/1","10,2","12","44","44,0,322"
"0/1","10,20","30","99","702,0,307"
"0/1","13,22","35","99","746,0,362"
"0/1","23,20","43","99","656,0,741"
"0/1","22,23","45","99","751,0,714"
"0/1","19,14","33","99","475,0,607"
"0/1","16,17","33","99","491,0,452"
"0/1","7,18","25","99","557,0,210"
"0/1","10,24","34","99","831,0,311"
"0/1","24,13","37","99","416,0,799"
"0/1","12,20","32","99","695,0,349"
"0/1","9,10","19","99","344,0,276"
"0/1","11,12","23","99","422,0,378"
"0/1","8,9","17","99","306,0,266"
"0/1","15,21","36","99","726,0,496"
"0/1","18,12","30","99","395,0,604"
"0/1","14,10","24","99","325,0,457"
"0/1","11,14","25","99","363,0,375"
"0/1","10,16","26","99","555,0,291"
"0/1","14,9","23","99","296,0,492"
"0/1","13,13","26","99","437,0,423"
"0/1","17,16","33","99","472,0,525"
"0/1","12,17","29","99","486,0,301"
"0/1","11,16","27","99","530,0,242"
"0/1","10,16","26","99","492,0,332"
"0/1","12,19","31","99","638,0,357"
"0/1","11,16","27","99","546,0,336"
"0/1","9,16","25","99","565,0,237"
"0/1","11,15","26","99","458,0,371"
"0/1","14,8","22","99","261,0,486"
"0/1","18,9","27","99","237,0,637"
"0/1","25,15","40","99","399,0,719"
"0/1","16,16","32","99","502,0,528"
"0/1","15,14","29","99","451,0,445"
"0/1","16,22","38","99","712,0,497"
"0/1","10,15","25","99","462,0,312"
"0/1","10,15","25","99","512,0,318"
"0/1","15,14","29","99","424,0,450"
"0/1","15,12","27","99","342,0,404"
"0/1","14,13","27","99","285,0,465"
"0/1","14,11","25","99","357,0,471"
"0/1","5,9","14","99","244,0,159"
"0/1","32,9","41","99","102,0,268"
"0/1","11,15","26","99","431,0,374"
"0/1","9,11","20","99","364,0,262"
"0/1","7,9","16","99","286,0,195"
"0/1","13,18","31","99","592,0,358"
"0/1","10,4","14","99","121,0,372"
"0/1","27,14","41","99","442,0,753"
"0/1","23,18","42","99","590,0,743"
"0/1","20,18","38","99","492,0,564"
"0/1","16,12","28","99","373,0,551"
"0/1","18,18","36","99","533,0,579"
"0/1","18,18","36","99","599,0,548"
"0/1","21,11","32","99","230,0,610"
"0/1","15,17","32","99","493,0,413"
"0/1","24,11","35","99","325,0,841"
"0/1","24,7","31","41","41,0,795"
"0/1","9,12","21","99","373,0,309"
"0/1","9,11","20","99","365,0,269"
"0/1","12,8","20","99","222,0,393"
"0/1","13,8","21","99","216,0,387"
"0/1","10,10","20","99","313,0,344"
"0/1","12,10","22","99","320,0,424"
"0/1","23,16","39","99","497,0,608"
"0/1","20,20","40","99","508,0,628"
"0/1","21,5","26","99","130,0,618"
"0/1","16,14","30","99","365,0,362"
"0/1","15,5","21","46","46,0,449"
"0/0","35,1","36","53","0,53,1085"
"0/1","16,13","29","99","347,0,470"
"0/1","18,16","34","99","421,0,522"
"0/1","16,10","26","99","324,0,528"
"0/1","18,15","33","99","473,0,600"
"0/1","18,20","38","99","618,0,559"
"0/1","13,16","29","99","490,0,378"
"0/1","10,16","26","99","522,0,307"
"0/1","5,10","15","99","294,0,124"
"0/1","12,10","22","99","337,0,375"
"0/1","10,13","23","99","457,0,297"
"0/1","11,11","22","99","350,0,353"
"0/1","7,11","18","99","388,0,191"
"0/1","8,10","18","99","317,0,278"
"0/1","7,9","16","99","329,0,194"
"0/1","12,8","20","99","259,0,424"
"0/0","13,0","13","36","0,36,497"
"0/1","10,11","21","99","372,0,344"
"0/1","9,8","17","99","269,0,305"
"0/1","13,14","28","99","415,0,342"
"0/1","21,4","25","84","84,0,710"
"0/1","20,4","24","81","81,0,677"
"0/1","32,8","43","99","110,0,870"
"0/1","30,9","39","99","216,0,591"
"0/1","15,21","36","99","606,0,407"
"0/1","6,14","20","99","472,0,156"
"0/1","15,15","30","99","528,0,407"
"0/1","8,9","17","99","273,0,240"
"0/1","11,4","15","99","112,0,400"
"0/1","22,15","37","99","385,0,750"
"0/1","21,14","35","99","428,0,681"
"0/1","23,28","51","99","822,0,571"
"0/1","8,9","17","99","284,0,234"
"0/1","12,19","34","99","602,0,352"
"0/1","11,23","34","99","696,0,253"
"0/1","15,12","27","99","396,0,522"
"0/1","14,10","24","99","326,0,461"
"0/1","10,14","24","99","430,0,310"
"0/0","14,0","14","39","0,39,507"
"0/0","17,0","17","48","0,48,638"
"0/0","17,0","17","48","0,48,621"
"0/0","20,0","20","54","0,54,712"
"0/0","24,0","24","63","0,63,854"
"0/0","24,0","24","60","0,60,822"
"0/0","23,0","23","63","0,63,842"
"0/0","23,0","23","60","0,60,813"
"0/1","14,19","33","99","628,0,448"
"0/1","12,25","37","99","800,0,372"
"0/1","15,19","34","99","635,0,508"
"0/1","18,12","30","99","395,0,541"
"0/1","12,25","37","99","883,0,300"
"0/1","19,16","35","99","456,0,642"
"0/1","16,14","30","99","433,0,451"
"0/1","14,5","19","99","158,0,182"
"0/1","12,11","23","99","375,0,420"
"0/1","11,5","16","99","162,0,359"
"0/1","6,12","18","99","426,0,187"
"0/1","18,22","40","99","739,0,580"
"0/1","8,27","35","99","887,0,169"
"0/1","7,10","17","99","350,0,238"
"0/1","8,6","14","99","205,0,250"
"0/1","16,16","32","99","506,0,547"
"0/1","21,19","40","99","589,0,681"
"0/1","15,15","30","99","514,0,517"
"0/1","23,16","39","99","533,0,728"
"0/1","36,11","47","99","252,0,1101"
"0/0","38,1","39","82","0,82,1331"
"0/0","10,0","10","30","0,30,385"
"0/1","9,14","23","99","463,0,295"
"0/1","8,13","21","99","448,0,256"
"0/1","11,16","27","99","538,0,371"
"0/0","27,2","29","72","0,72,905"
"0/1","42,73","118","99","1751,0,804"
"0/1","24,3","27","17","17,0,717"
"0/1","23,3","26","16","16,0,712"
"0/1","24,3","27","14","14,0,749"
"0/1","10,14","24","99","490,0,320"
"0/1","22,12","36","65","299,0,65"
"0/1","21,19","40","99","637,0,602"
"0/1","16,11","27","99","318,0,366"
"0/1","20,20","40","99","592,0,639"
"0/1","20,9","29","99","231,0,711"
"0/1","13,15","28","99","483,0,402"
"0/1","11,14","25","99","415,0,358"
"0/1","17,20","37","99","572,0,553"
"0/1","19,19","38","99","593,0,550"
"0/1","13,14","27","99","441,0,396"
"0/1","12,17","29","99","514,0,335"
"0/1","15,14","29","99","415,0,443"
"0/1","16,19","35","99","644,0,477"
"0/1","9,17","26","99","594,0,243"
"0/1","11,11","22","99","294,0,375"
"0/1","17,15","32","99","395,0,497"
"0/1","19,12","31","99","368,0,612"
"0/1","12,14","26","99","443,0,304"
"0/1","14,23","37","99","594,0,449"
"0/1","20,12","32","99","346,0,658"
"0/1","14,18","32","99","586,0,449"
"0/1","22,16","38","99","443,0,638"
"0/1","17,21","38","99","654,0,525"
"0/1","15,15","30","99","474,0,505"
"0/1","18,24","42","99","765,0,519"
"0/1","15,13","28","99","423,0,519"
"0/1","12,15","27","99","513,0,393"
"0/1","21,13","34","99","333,0,662"
"0/1","11,16","27","99","474,0,361"
"0/1","11,14","25","99","404,0,364"
"0/1","10,14","24","99","453,0,326"
"0/1","11,5","16","99","112,0,385"
"0/1","10,12","22","99","375,0,339"
"0/1","15,16","31","99","552,0,489"
"0/1","21,20","41","99","665,0,720"
"0/1","23,17","40","99","520,0,811"
"0/1","20,16","36","99","506,0,702"
"0/1","8,24","32","99","775,0,245"
"0/1","8,15","23","99","486,0,243"
"0/1","12,13","25","99","371,0,381"
"0/1","14,13","27","99","409,0,449"
"0/1","12,13","25","99","374,0,375"
"0/1","12,15","27","99","484,0,369"
"0/1","9,10","19","99","350,0,271"
"0/1","10,9","19","99","313,0,345"
"0/1","8,11","19","99","386,0,236"
"0/1","6,15","21","99","547,0,177"
"0/1","13,9","22","99","267,0,429"
"0/1","11,10","21","99","303,0,317"
"0/1","13,9","22","99","289,0,462"
"0/1","9,9","18","99","311,0,309"
"0/1","15,10","26","99","269,0,477"
"0/1","5,6","11","99","207,0,170"
"0/1","16,10","26","99","332,0,488"
"0/1","7,14","21","99","443,0,222"
"0/0","25,1","26","23","0,23,619"
"0/1","23,25","48","99","685,0,637"
"0/1","26,13","39","99","314,0,854"
"0/1","15,19","37","99","446,0,171"
"0/1","15,9","24","99","304,0,430"
"0/1","9,10","19","99","349,0,287"
"0/1","15,11","26","99","374,0,493"
"0/1","15,9","24","99","301,0,500"
"0/1","11,13","24","99","463,0,333"
"0/1","7,12","19","99","431,0,233"
"0/1","8,11","19","99","388,0,267"
"0/1","22,20","42","99","673,0,723"
"0/1","7,9","16","99","244,0,239"
"0/1","11,6","17","99","191,0,405"
"0/1","10,9","19","99","312,0,353"
"0/1","11,10","21","99","347,0,391"
"0/1","11,12","23","99","374,0,332"
"0/1","9,12","21","99","352,0,253"
"0/1","8,12","20","99","427,0,246"
"0/1","17,5","22","99","131,0,541"
"0/1","18,7","26","99","218,0,545"
"0/1","15,10","25","99","335,0,494"
"0/1","20,17","37","99","531,0,619"
"0/1","13,13","26","99","401,0,406"
"0/1","9,12","23","99","263,0,262"
"0/1","15,19","34","99","644,0,468"
"0/1","18,18","36","99","571,0,543"
"0/1","21,20","42","99","592,0,531"
"0/1","25,8","33","91","91,0,809"
"0/1","18,19","37","99","505,0,531"
"0/1","19,19","38","99","619,0,590"
"0/1","18,13","31","99","406,0,497"
"0/1","21,12","33","99","382,0,612"
"0/1","15,18","33","99","550,0,474"
"0/1","12,15","27","99","498,0,356"
"0/1","11,30","41","99","758,0,264"
"0/1","19,25","50","99","382,0,407"
"0/1","22,19","50","99","345,0,414"
"0/1","46,16","62","99","429,0,1124"
"0/1","18,16","34","99","442,0,493"
"0/1","18,20","38","99","606,0,346"
"0/1","11,18","29","99","451,0,178"
"0/1","26,10","36","99","275,0,718"
"0/1","8,13","21","99","454,0,260"
"0/1","19,13","32","99","435,0,631"
"0/1","9,11","20","99","334,0,289"
"0/1","11,14","25","99","454,0,369"
"0/1","12,10","22","99","339,0,414"
"0/1","7,8","15","99","272,0,203"
"0/1","16,18","34","99","570,0,514"
"0/1","8,14","22","99","496,0,222"
"0/1","9,18","27","99","564,0,294"
"0/1","12,11","23","99","358,0,406"
"0/1","11,13","24","99","353,0,378"
"0/1","8,10","18","99","353,0,275"
"0/1","14,17","31","99","591,0,468"
"0/1","18,11","29","99","363,0,588"
"0/1","16,17","33","99","577,0,547"
"0/1","4,11","15","99","404,0,115"
"0/1","9,5","14","99","160,0,316"
"0/1","8,6","14","99","207,0,277"
"0/1","18,12","30","99","397,0,644"
"0/1","16,18","34","99","547,0,553"
"0/1","9,7","16","99","237,0,280"
"0/1","4,10","14","99","296,0,127"
"0/1","15,7","22","99","220,0,432"
"0/1","14,7","21","99","223,0,384"
"0/1","9,6","15","99","197,0,261"
"0/1","8,11","19","99","353,0,248"
"0/1","12,12","24","99","378,0,368"
"0/1","11,11","22","99","334,0,346"
"0/1","11,11","22","99","345,0,321"
"0/1","10,8","18","99","226,0,347"
"0/1","11,19","30","99","684,0,354"
"0/1","16,12","28","99","391,0,554"
"0/1","12,9","21","99","242,0,348"
"0/1","16,2","18","7","7,0,306"
"0/1","24,14","38","99","363,0,732"
"0/1","6,26","32","99","828,0,106"
"0/1","7,11","18","99","377,0,228"
"0/1","22,15","37","99","465,0,717"
"0/1","20,19","39","99","617,0,609"
"0/1","15,12","27","99","372,0,463"
"0/1","12,16","28","99","440,0,392"
"0/1","14,9","23","99","300,0,500"
"0/1","14,9","23","99","300,0,497"
"0/1","12,8","20","99","268,0,395"
"0/1","10,13","23","99","424,0,321"
"0/1","16,10","26","99","311,0,563"
"0/1","13,12","25","99","368,0,452"
"0/1","11,13","24","99","412,0,372"
"0/1","8,12","20","99","409,0,227"
"0/1","8,9","17","99","285,0,271"
"0/1","19,10","29","99","270,0,694"
"0/1","21,21","42","99","722,0,649"
"0/1","19,20","39","99","651,0,566"
"0/1","21,10","31","99","320,0,706"
"0/1","20,11","31","99","341,0,721"
"0/1","11,10","21","99","307,0,379"
"0/1","18,6","24","99","173,0,643"
"0/1","13,9","22","99","306,0,408"
"0/1","14,9","23","99","300,0,386"
"0/1","17,9","26","99","287,0,560"
"0/1","13,8","21","99","269,0,412"
"0/1","17,12","29","99","399,0,570"
"0/1","12,20","32","99","659,0,342"
"0/1","8,18","26","99","581,0,210"
"0/1","16,14","30","99","405,0,552"
"0/1","9,10","19","99","347,0,307"
"0/1","9,10","19","99","342,0,312"
"0/1","10,6","16","99","192,0,350"
"0/1","10,8","18","99","251,0,353"
"0/1","7,11","18","99","385,0,229"
"0/1","11,15","26","99","524,0,371"
"0/1","17,10","27","99","328,0,605"
"0/1","15,11","26","99","371,0,529"
"0/1","12,13","25","99","432,0,401"
"0/1","20,18","38","99","584,0,600"
"0/1","9,11","20","99","358,0,270"
"0/0","16,0","16","48","0,48,648"
"0/1","6,8","14","99","272,0,203"
"0/1","9,9","18","99","319,0,241"
"0/1","8,5","13","99","160,0,275"
"0/1","8,17","25","99","546,0,223"
"0/1","14,3","17","75","75,0,466"
"0/1","13,18","31","99","534,0,379"
"0/1","12,11","23","99","309,0,400"
"0/1","9,9","18","99","321,0,271"
"0/1","11,9","20","99","310,0,353"
"0/1","9,5","14","99","126,0,313"
"0/1","8,5","13","99","164,0,278"
"0/1","12,11","23","99","347,0,423"
"0/1","11,12","23","99","386,0,386"
"0/1","12,10","22","99","350,0,340"
"0/1","8,5","13","99","170,0,281"
"0/1","12,13","25","99","446,0,404"
"0/1","9,13","22","99","424,0,251"
"0/1","6,8","14","99","249,0,198"
"0/1","13,12","25","99","414,0,434"
"0/1","5,9","14","99","311,0,155"
"0/1","9,7","16","99","201,0,304"
"0/1","6,14","20","99","473,0,179"
"0/1","16,15","31","99","511,0,550"
"0/1","20,20","40","99","654,0,664"
"0/1","17,11","28","99","362,0,609"
"0/1","16,11","27","99","306,0,564"
"0/1","23,21","44","99","616,0,756"
"0/1","16,13","29","99","419,0,493"
"0/0","31,0","31","93","0,93,1194"
"0/0","31,0","31","90","0,90,1189"
"0/1","9,15","24","99","499,0,290"
"0/1","15,15","30","99","517,0,517"
"0/1","15,8","23","99","261,0,495"
"0/1","15,8","23","99","259,0,487"
"0/1","14,20","34","99","652,0,440"
"0/1","13,12","25","99","330,0,386"
"0/1","19,13","32","99","405,0,610"
"0/1","13,15","28","99","484,0,455"
"0/1","18,15","33","99","497,0,581"
"0/1","16,14","30","99","484,0,548"
"0/1","25,16","41","99","522,0,782"
"0/1","15,12","27","99","411,0,491"
"0/1","4,12","16","78","396,0,78"
"0/1","13,16","29","99","519,0,426"
"0/1","9,5","14","99","154,0,321"
"0/1","5,18","23","99","605,0,131"
"0/1","10,14","24","99","492,0,332"
"0/1","12,9","21","99","312,0,358"
"0/1","15,12","27","99","389,0,462"
"0/1","15,11","26","99","372,0,465"
"0/1","11,8","20","99","237,0,386"
"0/1","10,4","14","99","123,0,364"
"0/1","14,16","30","99","489,0,468"
"0/1","18,15","33","99","479,0,563"
"0/1","14,12","26","99","366,0,371"
"0/1","18,17","35","99","521,0,619"
"0/1","15,13","28","99","425,0,495"
"0/0","16,2","23","45","0,45,537"
"0/1","9,14","23","99","443,0,254"
"0/1","14,12","26","99","417,0,452"
"0/1","17,8","25","99","214,0,479"
"0/1","16,12","28","99","405,0,424"
"0/1","11,2","13","47","47,0,368"
"0/1","7,2","9","55","55,0,252"
"0/1","13,18","31","99","532,0,403"
"0/1","13,16","29","99","527,0,442"
"0/0","28,0","28","78","0,78,1034"
"0/0","29,0","29","84","0,84,1112"
"0/1","8,18","26","99","533,0,245"
"0/1","7,7","14","99","240,0,241"
"0/1","23,19","42","99","618,0,685"
"0/1","13,11","24","99","336,0,362"
"0/1","7,10","17","99","327,0,197"
"0/1","19,6","25","99","171,0,597"
"0/1","7,10","17","99","284,0,238"
"0/1","9,5","14","99","132,0,294"
"0/1","5,5","10","99","169,0,169"
"0/1","9,7","16","99","208,0,243"
"0/0","7,0","7","21","0,21,261"
"0/1","12,20","32","99","602,0,356"
"0/1","13,5","18","99","139,0,475"
"0/1","14,3","17","72","72,0,510"
"0/1","4,12","16","99","435,0,115"
"0/1","8,15","23","99","539,0,214"
"0/1","13,15","28","99","464,0,380"
"1/1","4,21","25","17","638,17,0"
"0/1","18,23","42","99","678,0,534"
"0/1","12,4","16","99","111,0,405"
"0/1","9,7","16","99","188,0,313"
"0/1","12,11","23","99","278,0,427"
"0/1","5,15","20","99","551,0,147"
"0/1","18,10","28","99","320,0,646"
"0/1","20,18","38","99","557,0,664"
"0/1","7,9","16","99","321,0,208"
"0/1","8,11","19","99","349,0,260"
"0/1","22,15","37","99","434,0,696"
"0/1","9,11","20","99","303,0,308"
"0/1","17,11","28","99","348,0,570"
"0/1","16,15","31","99","457,0,561"
"0/1","25,10","35","99","293,0,754"
"0/1","9,7","16","99","235,0,285"
"0/1","10,10","20","99","302,0,336"
"0/1","11,9","20","99","305,0,316"
"0/1","14,15","29","99","489,0,454"
"0/1","10,11","21","99","353,0,337"
"0/1","14,11","25","99","374,0,455"
"0/1","11,9","20","99","302,0,390"
"0/1","11,8","19","99","219,0,388"
"0/1","9,9","18","99","304,0,309"
"0/1","17,11","28","99","348,0,605"
"0/1","14,11","25","99","372,0,494"
"0/1","14,11","25","99","377,0,481"
"0/1","22,13","35","99","306,0,730"
"0/1","18,11","29","99","357,0,652"
"0/1","23,11","34","99","352,0,795"
"0/1","20,13","33","99","405,0,638"
"0/1","13,14","27","99","395,0,406"
"0/1","20,13","33","99","336,0,581"
"0/1","15,18","33","99","560,0,457"
"0/1","4,14","18","99","491,0,109"
"0/1","9,14","23","99","475,0,277"
"0/1","18,18","37","99","582,0,468"
"0/1","18,13","31","99","398,0,489"
"0/1","16,16","32","99","507,0,387"
"0/1","9,24","33","99","860,0,243"
"0/1","20,23","43","99","670,0,554"
"0/1","23,5","28","99","110,0,747"
"0/1","18,4","22","88","88,0,540"
"0/1","10,7","17","99","188,0,362"
"0/1","9,8","17","99","260,0,295"
"0/1","18,10","28","99","328,0,606"
"0/1","17,13","30","99","442,0,560"
"0/1","15,15","30","99","491,0,484"
"0/1","13,10","23","99","223,0,404"
"0/1","11,11","22","99","375,0,363"
"0/1","13,21","34","99","674,0,378"
"0/1","17,16","33","99","498,0,438"
"0/1","15,17","33","99","359,0,355"
"0/1","11,11","22","99","262,0,217"
"0/1","12,9","21","99","264,0,153"
"0/1","6,10","16","99","160,0,193"
"0/0","21,0","21","60","0,60,801"
"0/0","22,0","22","66","0,66,868"
"0/0","23,0","23","66","0,66,883"
"0/0","24,0","24","66","0,66,887"
"0/0","24,0","24","69","0,69,915"
"0/0","24,0","24","66","0,66,887"
"0/1","9,10","19","99","321,0,303"
"0/1","18,12","30","99","259,0,567"
"0/1","13,15","28","99","474,0,354"
"0/1","13,15","28","99","477,0,405"
"0/1","11,7","18","99","231,0,383"
"0/1","9,7","16","99","233,0,316"
"0/1","10,8","18","99","234,0,273"
"0/1","12,8","20","99","259,0,369"
"0/1","10,7","17","99","227,0,348"
"0/1","19,22","41","99","730,0,637"
"0/1","9,7","16","99","241,0,319"
"0/1","20,16","36","99","494,0,667"
"0/1","82,14","96","99","162,0,2028"
"0/1","74,24","98","99","313,0,1705"
"0/1","71,16","87","99","235,0,1740"
"0/1","7,12","19","99","396,0,212"
"1/2","0,11,12","23","99","849,440,407,410,0,374"
"0/0","42,0","42","93","0,93,1212"
"0/0","43,0","43","99","0,105,1361"
"0/0","44,0","45","99","0,108,1373"
"0/0","35,0","43","99","0,100,1303"
"0/0","40,1","41","99","0,105,1355"
"0/0","27,0","28","60","0,60,786"
"0/0","29,2","31","53","0,53,1036"
"0/0","28,3","31","10","0,10,966"
"0/0","30,0","30","84","0,84,1085"
"0/0","26,2","28","38","0,38,898"
"0/0","26,1","27","72","0,72,952"
"0/0","21,1","23","57","0,57,716"
"0/1","10,19","29","99","615,0,253"
"0/1","26,7","33","94","94,0,678"
"0/1","16,19","35","99","601,0,545"
"0/1","29,8","40","83","83,0,215"
"0/1","24,13","37","99","340,0,839"
"0/1","25,12","37","99","332,0,814"
"0/1","14,13","27","99","271,0,409"
"0/1","5,29","34","99","685,0,119"
"0/0","10,0","10","24","0,24,292"
"0/1","12,15","27","99","438,0,316"
"0/1","23,17","40","99","506,0,771"
"0/1","19,16","35","99","551,0,545"
"0/1","15,5","20","99","111,0,476"
"0/1","7,15","22","99","344,0,135"
"0/1","9,6","15","99","197,0,322"
"0/1","11,12","23","99","369,0,373"
"0/1","10,10","20","99","341,0,340"
"0/1","26,21","47","99","477,0,809"
"0/1","17,28","45","99","915,0,393"
"0/0","45,3","48","9","0,9,1438"
"0/1","17,8","28","99","173,0,430"
"0/1","17,14","31","99","420,0,538"
"0/1","11,14","25","99","386,0,372"
"0/0","10,0","10","27","0,27,365"
"0/0","27,2","30","12","0,12,845"
"0/0","41,1","43","99","0,99,1259"
"0/0","39,0","39","99","0,99,1307"
"0/0","43,0","43","99","0,108,1415"
"0/0","44,0","44","99","0,114,1491"
"0/0","40,0","41","99","0,108,1403"
"0/0","43,0","43","99","0,117,1517"
"0/0","26,0","26","63","0,63,837"
"0/0","28,0","28","72","0,72,965"
"0/0","27,0","27","66","0,66,877"
"0/0","31,0","31","87","0,87,1134"
"0/0","32,0","32","87","0,87,1152"
"0/0","30,0","30","78","0,78,1046"
"0/0","30,0","30","84","0,84,1111"
"0/0","30,0","30","87","0,87,1158"
"0/1","12,12","24","99","324,0,389"
"0/1","15,13","28","99","437,0,481"
"0/1","10,15","25","99","494,0,293"
"0/1","12,14","26","99","296,0,330"
"0/1","9,9","18","99","240,0,238"
"0/1","9,11","20","99","390,0,300"
"0/1","10,11","21","99","380,0,332"
"0/1","12,9","21","99","293,0,420"
"0/1","13,5","18","99","153,0,472"
"0/1","14,12","26","99","372,0,486"
"0/1","16,12","28","99","380,0,501"
"0/1","10,11","21","99","377,0,321"
"0/1","16,14","30","99","435,0,506"
"0/1","11,7","18","99","218,0,389"
"0/1","13,12","25","99","408,0,451"
"0/1","10,11","21","99","335,0,341"
"0/1","11,12","24","99","298,0,321"
"0/0","23,0","23","57","0,57,678"
"0/1","17,19","36","99","627,0,535"
"0/1","15,22","37","99","716,0,400"
"0/1","21,5","26","99","123,0,689"
"0/1","15,20","35","99","691,0,472"
"0/1","5,8","13","99","241,0,151"
"0/1","8,10","18","99","315,0,182"
"0/1","12,18","30","99","568,0,398"
"0/1","9,18","28","99","637,0,284"
"0/1","5,19","24","99","699,0,135"
"0/1","13,11","24","99","367,0,411"
"0/1","17,21","38","99","728,0,535"
"0/0","36,0","36","99","0,99,1321"
"0/1","13,11","24","99","366,0,411"
"0/1","14,11","25","99","366,0,499"
"0/1","7,9","16","99","321,0,241"
"1/1","0,27","27","81","1089,81,0"
"0/1","12,19","31","99","636,0,363"
"1/1","1,51","53","77","1444,77,0"
"0/1","14,4","18","75","75,0,449"
"0/1","24,15","39","99","488,0,491"
"0/0","3,0","3","9","0,9,125"
"1/1","2,28","32","78","1028,78,0"
"0/1","17,17","34","99","538,0,520"
"0/1","19,18","37","99","561,0,637"
"0/1","11,10","21","99","345,0,345"
"0/1","8,33","41","99","1033,0,192"
"0/1","45,15","60","99","258,0,1416"
"0/1","45,12","57","99","265,0,1321"
"0/1","38,22","60","99","385,0,976"
"0/1","8,7","15","99","245,0,250"
"0/1","16,10","27","99","311,0,478"
"0/1","12,12","24","99","375,0,406"
"0/1","13,10","23","99","325,0,457"
"0/1","21,13","34","99","391,0,670"
"0/1","1,4","5","17","142,0,17"
"1/1","0,4","4","12","153,12,0"
"0/1","7,13","20","99","460,0,227"
"0/1","18,18","36","99","428,0,556"
"0/1","18,10","28","61","61,0,389"
"0/1","11,24","35","99","757,0,230"
"0/1","52,19","71","99","427,0,1794"
"0/1","15,12","27","99","416,0,455"
"0/1","15,18","33","99","584,0,453"
"0/1","3,9","12","86","319,0,86"
"0/0","18,1","19","21","0,21,656"
"0/0","16,1","17","18","0,18,603"
"0/1","7,15","22","99","537,0,207"
"0/1","6,9","15","99","268,0,197"
"0/1","10,14","24","99","448,0,237"
"0/1","19,15","34","99","475,0,579"
"0/1","11,14","25","99","454,0,367"
"0/1","21,9","30","99","263,0,657"
"0/1","23,12","35","99","373,0,740"
"0/1","15,4","19","63","63,0,559"
"0/1","15,5","20","93","93,0,551"
"0/1","15,6","21","99","109,0,549"
"0/0","46,0","46","99","0,123,1612"
"0/1","14,12","26","99","402,0,419"
"0/1","28,30,0","58","99","960,0,745,1029,832,1861"
"0/0","34,5","40","19","0,19,1061"
"0/1","14,17","31","99","577,0,451"
"0/0","18,0","18","48","0,48,590"
"0/1","3,1","4","28","28,0,70"
"0/1","13,9","22","99","168,0,352"
"0/0","20,0","20","39","0,39,522"
"0/1","17,7","24","99","220,0,438"
"0/1","13,29","42","99","771,0,133"
"0/1","75,9","84","77","77,0,2135"
"0/1","46,17","63","99","380,0,1222"
"0/1","52,9","61","99","183,0,1235"
"0/1","13,16","29","99","505,0,437"
"0/1","20,18","38","99","583,0,498"
"0/1","21,12","33","99","383,0,656"
"0/1","16,19","35","99","640,0,487"
"0/1","12,28","40","99","879,0,276"
"0/1","21,19","40","99","429,0,391"
"0/0","38,1","39","90","0,90,1187"
"0/0","38,1","39","53","0,53,1104"
"0/1","18,19","37","99","611,0,600"
"0/1","17,17","34","99","567,0,545"
"0/1","28,8","36","99","106,0,861"
"0/1","36,20","56","50","50,0,628"
"0/1","42,22","64","99","335,0,772"
"0/1","38,16","54","99","304,0,670"
"0/1","20,10","30","99","255,0,631"
"0/0","29,0","29","84","0,84,1081"
"1/1","0,21","21","60","806,60,0"
"1/1","0,31","31","90","1190,90,0"
"0/1","11,15","26","99","478,0,272"
"0/1","8,2","10","35","35,0,281"
"0/1","11,2","13","26","26,0,403"
"0/1","11,2","13","26","26,0,400"
"0/1","15,3","18","53","53,0,519"
"0/1","23,4","27","63","63,0,831"
"0/1","29,9","38","99","222,0,1033"
"0/1","31,7","38","99","167,0,1090"
"0/1","30,7","37","99","162,0,989"
"0/1","18,3","21","26","26,0,646"
"0/1","13,3","16","37","37,0,476"
"0/1","16,3","19","28","28,0,575"
"0/1","16,3","19","31","31,0,581"
"0/1","15,3","18","68","68,0,544"
"0/1","14,3","17","71","71,0,491"
"0/1","20,6","26","99","125,0,701"
"0/1","25,4","29","73","73,0,908"
"0/0","23,0","23","66","0,66,877"
"0/1","29,4","33","62","62,0,1017"
"0/0","26,2","28","3","0,3,920"
"0/0","25,2","28","0","0,0,886"
"0/0","27,2","29","7","0,7,966"
"0/0","29,1","30","44","0,44,1038"
"0/0","29,1","30","41","0,41,1002"
"0/0","26,1","27","35","0,35,926"
"0/1","20,10","30","99","282,0,695"
"0/1","21,10","31","99","277,0,729"
"0/1","21,6","27","99","133,0,701"
"0/1","19,7","26","99","176,0,616"
"0/1","18,7","25","99","172,0,581"
"0/1","22,5","27","99","121,0,768"
"0/1","22,5","27","99","125,0,781"
"0/1","24,5","29","84","84,0,847"
"0/1","24,5","30","99","110,0,855"
"0/1","26,7","33","99","178,0,958"
"0/1","27,6","33","99","136,0,995"
"0/0","62,0","62","99","0,181,2370"
"0/1","19,14","33","99","469,0,578"
"0/1","11,13","24","99","396,0,366"
"0/1","17,19","36","99","653,0,550"
"0/0","35,1","36","65","0,65,1253"
"0/1","16,11","27","99","328,0,566"
"0/1","13,13","27","99","396,0,351"
"0/1","16,21","37","99","683,0,465"
"0/1","14,20","35","99","550,0,309"
"0/1","25,24","49","99","732,0,620"
"0/1","43,13","56","99","297,0,1379"
"0/1","45,14","59","99","314,0,1518"
"0/1","23,14","37","99","456,0,767"
"0/1","19,26","45","99","759,0,576"
"0/1","13,16","29","99","547,0,390"
"0/1","13,21","34","99","698,0,418"
"0/1","17,14","31","99","468,0,554"
"0/1","5,12","17","99","404,0,152"
"0/1","16,10","26","99","332,0,558"
"0/1","9,12","21","99","360,0,301"
"0/1","13,11","24","99","364,0,445"
"0/0","32,0","32","84","0,84,1113"
"0/1","25,4","30","8","8,0,732"
"0/1","20,9","29","99","255,0,649"
"0/1","61,14","75","99","210,0,1960"
"0/1","45,9","54","99","175,0,1512"
"0/1","42,9","51","99","156,0,1298"
"0/1","40,9","49","99","186,0,1255"
"0/1","8,6","14","99","205,0,279"
"0/1","4,14","18","99","473,0,114"
"0/1","13,24","37","99","678,0,411"
"0/1","11,17","28","99","563,0,320"
"0/1","8,17","25","99","557,0,254"
"0/1","10,17","27","99","601,0,285"
"0/1","12,14","26","99","450,0,412"
"0/1","22,14","36","99","432,0,761"
"0/1","12,15","27","99","498,0,283"
"0/1","18,22","40","99","694,0,561"
"0/1","21,18","39","99","597,0,690"
"0/1","12,10","22","99","301,0,414"
"0/1","12,11","23","99","364,0,415"
"0/1","10,6","16","99","195,0,286"
"0/1","23,6","29","99","155,0,823"
"0/1","11,18","29","99","640,0,268"
"0/1","16,16","32","99","459,0,483"
"0/1","9,9","18","99","256,0,313"
"0/1","7,13","20","99","455,0,217"
"0/1","54,8","62","35","35,0,1673"
"0/1","84,21","105","99","475,0,2501"
"0/1","82,24","106","99","448,0,2616"
"0/1","12,14","26","99","442,0,389"
"0/1","14,8","22","99","222,0,463"
"0/1","11,11","22","99","363,0,370"
"0/1","9,8","17","99","267,0,310"
"0/1","12,8","20","99","270,0,355"
"0/1","15,14","29","99","445,0,467"
"0/1","13,18","31","99","603,0,436"
"0/1","6,10","16","99","344,0,194"
"0/1","10,13","23","99","443,0,295"
"0/1","16,23","39","99","725,0,476"
"0/1","21,14","35","99","445,0,708"
"0/1","10,16","26","99","533,0,288"
"0/1","18,12","30","99","389,0,473"
"0/1","34,7","41","99","130,0,1216"
"0/1","30,10","40","99","257,0,1023"
"0/1","51,9","60","99","129,0,1752"
"0/1","46,12","58","99","254,0,1366"
"0/1","44,13","57","99","292,0,1371"
"0/1","45,11","57","99","113,0,1554"
"0/1","35,6","41","73","73,0,1256"
"0/1","72,15","88","99","339,0,2112"
"0/1","37,28","65","99","750,0,1080"
"0/1","17,7","24","99","170,0,433"
"0/1","15,6","21","99","147,0,304"
"1/1","0,5","5","15","193,15,0"
"1/1","0,4","4","12","157,12,0"
"1/2","0,8,31","40","98","1078,905,890,173,0,98"
"0/0","47,2","50","99","0,114,1428"
"0/1","15,33","50","99","947,0,234"
"0/0","49,0","50","99","0,123,1551"
"1/1","5,55","60","27","1837,27,0"
"0/1","51,6","58","37","37,0,1571"
"0/1","7,56","63","42","1838,0,42"
"0/0","35,2","37","31","0,31,1214"
"0/1","26,8","35","99","207,0,866"
"0/1","7,37","44","99","1308,0,150"
"0/1","36,9","45","99","195,0,1285"
"0/1","38,11","49","99","257,0,1225"
"0/1","22,9","31","99","272,0,802"
"0/1","26,5","31","99","102,0,815"
"0/1","56,11","67","99","171,0,1164"
"0/1","13,16","29","99","544,0,436"
"0/1","15,16","31","99","478,0,467"
"0/1","12,21","33","99","690,0,353"
"0/1","16,18","34","99","624,0,503"
"0/0","41,1","42","96","0,96,1573"
"0/1","21,5","26","99","125,0,744"
"0/1","17,11","28","99","346,0,601"
"0/1","8,18","26","99","542,0,248"
"0/1","14,19","33","99","669,0,406"
"0/1","12,8","20","99","250,0,411"
"0/1","12,8","20","99","255,0,390"
"0/1","10,6","16","99","199,0,349"
"0/1","11,11","22","99","348,0,273"
"0/1","10,24","34","99","839,0,265"
"0/1","7,19","26","99","654,0,177"
"0/1","19,11","30","99","321,0,591"
"0/1","17,19","36","99","617,0,560"
"0/1","18,16","34","99","490,0,604"
"0/1","19,14","33","99","354,0,663"
"0/1","19,10","29","99","278,0,664"
"0/1","17,12","29","99","380,0,555"
"0/1","16,13","29","99","420,0,523"
"0/1","19,25","44","99","881,0,578"
"0/1","18,6","24","99","176,0,610"
"0/1","12,13","25","99","442,0,393"
"0/1","21,17","38","99","581,0,641"
"0/1","35,14","49","99","370,0,1100"
"0/1","14,3","17","66","66,0,453"
"0/1","13,2","15","38","38,0,409"
"0/0","22,0","22","60","0,60,790"
"0/0","22,0","22","60","0,60,786"
"0/1","8,12","20","99","336,0,266"
"0/1","22,23","45","99","739,0,629"
"0/1","21,9","30","99","231,0,716"
"0/1","19,17","36","99","528,0,551"
"0/1","19,17","36","99","553,0,586"
"0/1","19,17","36","99","549,0,577"
"0/1","19,18","37","99","579,0,570"
"0/1","16,17","33","99","470,0,430"
"0/1","17,35","52","99","971,0,510"
"0/1","13,2","15","35","35,0,395"
"0/1","4,25","29","76","819,0,76"
"0/0","29,0","29","84","0,84,1076"
"0/1","5,23","28","85","771,0,85"
"0/1","6,25","31","99","786,0,105"
"0/1","8,29","37","99","849,0,184"
"0/1","10,32","42","99","831,0,245"
"0/1","12,30","43","99","803,0,303"
"0/1","7,21","29","99","539,0,109"
"0/1","5,14","19","99","481,0,131"
"0/1","11,23","34","99","624,0,330"
"0/1","10,25","36","99","784,0,253"
"0/1","11,24","35","99","771,0,308"
"0/1","10,26","37","99","821,0,284"
"0/1","13,30","43","99","855,0,337"
"0/1","12,24","39","99","652,0,326"
"0/1","12,18","33","99","485,0,319"
"0/1","10,8","18","99","137,0,341"
"0/1","7,28","38","99","603,0,164"
"0/1","6,28","34","92","911,0,92"
"0/1","7,27","34","99","902,0,100"
"0/1","9,28","37","99","887,0,196"
"0/1","9,24","33","99","725,0,233"
"0/1","16,18","34","99","558,0,471"
"0/1","18,19","37","99","461,0,578"
"0/1","12,16","28","99","545,0,340"
"0/1","11,14","25","99","443,0,294"
"0/1","13,14","27","99","471,0,358"
"0/1","17,12","29","99","316,0,520"
"0/1","27,11","38","99","298,0,848"
"0/1","28,11","39","99","302,0,860"
"0/1","23,10","33","99","309,0,774"
"0/1","11,13","24","99","426,0,331"
"0/1","17,13","30","99","381,0,516"
"0/1","16,10","26","99","319,0,492"
"0/1","14,8","22","99","243,0,454"
"0/1","14,8","22","99","247,0,443"
"0/1","15,9","24","99","290,0,471"
"0/1","14,13","27","99","445,0,421"
"0/1","16,11","27","99","368,0,552"
"0/1","19,17","36","99","573,0,621"
"0/1","18,18","36","99","572,0,616"
"0/1","10,14","25","99","424,0,267"
"0/1","10,15","25","99","500,0,276"
"0/1","8,15","23","99","514,0,251"
"0/1","10,14","24","99","456,0,335"
"0/1","12,17","29","99","554,0,375"
"0/1","17,12","29","99","402,0,504"
"0/1","21,13","34","99","414,0,578"
"0/1","15,17","32","99","459,0,410"
"0/1","14,15","29","99","476,0,402"
"0/1","13,18","31","99","569,0,219"
"0/1","10,14","24","99","459,0,309"
"0/1","17,11","28","99","261,0,517"
"0/1","17,10","27","99","225,0,552"
"0/1","18,10","28","99","192,0,591"
"0/1","18,13","31","99","297,0,608"
"0/1","20,5","25","10","10,0,705"
"0/1","6,5","11","99","125,0,215"
"0/1","9,3","12","38","38,0,289"
"0/1","13,9","22","99","275,0,453"
"0/1","9,14","23","99","393,0,296"
"0/1","9,11","20","99","327,0,307"
"0/1","11,21","32","99","611,0,354"
"0/1","12,15","27","99","457,0,400"
"0/1","15,13","28","99","236,0,520"
"0/1","18,9","27","99","128,0,583"
"0/1","13,8","21","99","243,0,407"
"0/1","14,8","22","99","199,0,494"
"0/1","9,12","21","99","394,0,302"
"0/1","10,11","21","99","332,0,349"
"0/1","13,12","25","99","400,0,415"
"0/1","7,13","20","99","428,0,187"
"0/1","15,11","26","99","281,0,489"
"0/1","21,3","24","31","31,0,731"
"0/1","24,6","30","99","139,0,775"
"0/1","19,6","25","99","157,0,612"
"0/1","16,8","24","99","205,0,538"
"0/1","10,5","15","99","109,0,353"
"0/1","8,8","16","99","202,0,276"
"0/1","10,6","16","99","138,0,322"
"0/1","12,6","18","99","99,0,439"
"0/1","12,11","23","99","278,0,363"
"0/1","7,8","15","99","119,0,256"
"0/1","8,10","18","99","147,0,286"
"0/1","7,10","17","99","196,0,213"
"0/1","10,12","22","99","334,0,310"
"0/1","11,12","23","99","320,0,319"
"0/1","11,11","22","99","338,0,282"
"0/1","13,13","26","99","301,0,448"
"0/1","13,9","22","99","287,0,419"
"0/1","18,6","24","99","131,0,616"
"0/1","17,8","25","98","98,0,554"
"0/1","21,6","27","93","93,0,595"
"0/1","16,11","27","99","260,0,571"
"0/1","19,9","28","99","214,0,683"
"0/1","15,12","27","99","335,0,455"
"0/1","12,4","16","65","65,0,441"
"0/1","13,4","17","62","62,0,467"
"0/1","13,4","17","64","64,0,454"
"0/1","9,8","17","99","229,0,295"
"0/1","8,9","17","99","274,0,261"
"0/1","15,4","20","44","44,0,563"
"0/1","16,4","20","44","44,0,560"
"0/1","9,11","20","99","158,0,277"
"0/1","9,10","19","99","158,0,270"
"0/1","10,10","20","99","158,0,266"
"0/1","16,15","31","99","302,0,403"
"0/1","20,15","35","99","316,0,522"
"0/1","15,13","28","99","187,0,483"
"0/1","14,15","29","99","309,0,337"
"0/1","14,14","28","99","333,0,255"
"0/1","11,16","27","99","358,0,304"
"0/1","11,16","27","99","400,0,298"
"0/1","11,15","26","99","362,0,304"
"0/1","15,18","33","99","345,0,358"
"0/1","14,12","26","99","193,0,267"
"0/1","21,10","31","99","226,0,462"
"0/1","21,14","35","99","418,0,637"
"0/1","21,13","34","99","393,0,650"
"0/1","11,12","23","99","392,0,296"
"0/1","12,12","24","99","375,0,371"
"0/1","16,8","24","99","186,0,498"
"0/1","16,8","24","99","182,0,489"
"0/1","18,12","30","99","299,0,569"
"0/1","21,10","31","99","303,0,637"
"0/1","16,15","31","99","476,0,501"
"0/1","15,13","28","99","434,0,472"
"0/1","14,17","31","99","552,0,451"
"0/1","14,17","31","99","554,0,469"
"0/0","41,0","41","99","0,120,1598"
"0/0","37,0","37","99","0,99,1311"
"0/0","34,0","34","93","0,93,1233"
"0/0","35,0","35","99","0,102,1331"
"0/1","15,18,0","33","99","590,0,448,632,499,1131"
"0/1","16,20","36","99","623,0,542"
"0/1","15,13","28","99","435,0,484"
"0/1","14,13","27","99","429,0,456"
"0/1","15,11","26","99","315,0,513"
"0/1","17,18","35","99","545,0,495"
"0/1","12,22","34","99","664,0,366"
"0/1","13,18","31","99","601,0,405"
"0/1","13,17","30","99","556,0,409"
"0/1","15,55","70","99","1788,0,404"
"0/1","9,9","18","99","165,0,288"
"0/1","8,8","16","99","170,0,251"
"0/1","14,15","29","99","445,0,370"
"0/1","14,13","27","99","423,0,415"
"0/1","18,13","31","99","383,0,609"
"0/1","15,15","30","99","510,0,452"
"0/1","12,20","32","99","629,0,349"
"0/1","8,23","31","99","755,0,240"
"0/1","6,12","18","99","395,0,196"
"0/1","21,11","32","99","262,0,691"
"0/1","18,14","32","99","431,0,634"
"0/1","17,16","33","99","475,0,585"
"0/1","15,19","34","99","630,0,410"
"0/1","19,13","32","99","334,0,642"
"0/1","17,10","27","99","283,0,572"
"0/1","18,9","27","99","255,0,601"
"0/0","30,0","30","90","0,90,1182"
"0/1","19,11","30","99","342,0,665"
"0/0","30,1","31","53","0,53,1119"
"0/1","20,11","33","99","345,0,661"
"0/0","32,2","34","38","0,38,1203"
"0/1","22,14","36","99","413,0,747"
"0/1","23,11","34","99","337,0,752"
"0/0","31,3","34","3","0,3,1091"
"0/1","20,20","40","99","620,0,494"
"0/1","24,14","38","99","385,0,639"
"0/1","18,12","30","99","393,0,496"
"0/1","13,14","27","99","484,0,406"
"0/1","7,11","18","99","392,0,219"
"0/1","14,9","23","99","280,0,497"
"0/1","13,13","26","99","448,0,414"
"0/1","17,15","32","99","505,0,582"
"0/1","20,15","35","99","454,0,695"
"0/1","18,16","34","99","540,0,596"
"0/1","16,16","32","99","515,0,502"
"0/1","17,16","33","99","462,0,542"
"0/1","13,18","31","99","627,0,424"
"0/1","14,18","32","99","619,0,445"
"0/1","11,18","29","99","605,0,335"
"0/1","10,18","28","99","601,0,271"
"0/1","10,16","26","99","531,0,238"
"0/1","12,13","25","99","364,0,314"
"0/1","13,13","26","99","363,0,405"
"0/1","10,17","28","99","499,0,274"
"0/1","10,19","29","99","603,0,236"
"0/1","11,14","26","99","475,0,322"
"0/1","12,21","33","99","605,0,321"
"0/1","10,15","25","99","495,0,294"
"0/1","16,13","29","99","388,0,531"
"0/1","17,8","25","99","230,0,595"
"0/1","16,5","21","99","142,0,464"
"0/1","13,6","19","99","174,0,446"
"0/1","15,9","24","99","283,0,511"
"0/1","13,11","24","99","367,0,408"
"0/1","13,13","27","99","343,0,374"
"0/1","17,13","30","99","376,0,518"
"0/1","15,13","28","99","379,0,485"
"0/1","18,12","30","99","352,0,586"
"0/1","14,10","24","99","326,0,411"
"0/1","14,12","26","99","407,0,352"
"0/1","16,13","29","99","389,0,378"
"0/1","16,14","30","99","353,0,384"
"0/1","8,6","15","99","183,0,270"
"0/1","7,7","14","99","223,0,212"
"0/1","7,7","14","99","220,0,231"
"0/1","8,13","21","99","423,0,201"
"0/1","6,10","18","99","296,0,177"
"0/1","7,9","17","99","295,0,188"
"0/1","7,8","15","99","240,0,127"
"0/1","8,6","14","99","203,0,161"
"0/1","6,10","19","99","297,0,182"
"0/1","8,17","26","99","605,0,203"
"0/1","8,22","30","99","721,0,218"
"0/1","11,21","33","99","663,0,318"
"0/1","10,19","29","99","669,0,224"
"0/1","14,19","33","99","649,0,394"
"0/1","14,19","33","99","661,0,370"
"0/1","14,19","33","99","654,0,362"
"0/0","19,0","19","39","0,39,500"
"0/0","74,5","79","81","0,81,1540"
"0/1","45,16","61","95","95,0,1046"
"0/1","37,20","57","99","281,0,706"
"0/1","15,18","33","99","484,0,420"
"0/1","16,18","34","99","521,0,521"
"0/1","15,17","33","99","527,0,434"
"0/1","17,19","36","99","640,0,471"
"0/1","14,17","31","99","576,0,468"
"0/1","13,17","30","99","545,0,428"
"0/1","15,17","32","99","506,0,499"
"0/1","15,17","32","99","552,0,484"
"0/1","14,14","28","99","431,0,455"
"0/1","16,9","25","99","295,0,496"
"0/1","15,10","25","99","294,0,492"
"0/1","15,11","26","99","328,0,526"
"0/1","16,11","27","99","326,0,565"
"0/1","13,13","26","99","455,0,400"
"0/1","11,14","25","99","489,0,366"
"0/1","13,16","29","99","517,0,427"
"0/1","13,13","26","99","456,0,383"
"0/1","13,13","26","99","454,0,388"
"0/1","17,12","29","99","403,0,541"
"0/1","15,9","24","99","283,0,508"
"0/1","16,7","23","99","222,0,480"
"0/1","8,7","15","99","240,0,272"
"0/1","8,10","18","99","346,0,268"
"0/1","11,10","21","99","344,0,364"
"0/1","13,14","27","99","452,0,451"
"0/1","12,13","25","99","417,0,414"
"0/1","14,10","24","99","338,0,420"
"0/1","11,7","18","99","223,0,378"
"0/1","10,7","17","99","225,0,306"
"0/1","10,11","21","99","392,0,309"
"0/1","8,14","22","99","498,0,243"
"0/1","7,10","17","99","356,0,235"
"0/1","12,6","18","99","159,0,432"
"0/1","16,11","27","99","332,0,538"
"0/1","13,16","29","99","457,0,445"
"0/1","14,14","28","99","409,0,486"
"0/1","12,13","25","99","428,0,406"
"0/1","11,10","21","99","272,0,382"
"0/1","10,8","18","99","224,0,356"
"0/1","11,9","20","99","265,0,375"
"0/1","13,8","21","99","244,0,460"
"0/1","12,8","20","99","264,0,414"
"0/1","12,11","23","99","300,0,413"
"0/1","12,8","20","99","222,0,419"
"0/1","17,11","28","99","352,0,539"
"0/1","17,11","28","99","366,0,496"
"0/1","17,11","28","99","324,0,529"
"0/1","16,13","29","99","434,0,481"
"0/1","16,13","29","99","401,0,490"
"0/1","14,14","28","99","458,0,449"
"0/1","16,13","29","99","401,0,531"
"0/1","16,12","28","99","372,0,502"
"0/1","15,12","27","99","371,0,456"
"0/1","15,9","24","99","246,0,499"
"0/1","14,5","19","99","136,0,486"
"0/1","16,7","23","99","166,0,563"
"0/1","14,9","23","99","244,0,506"
"0/1","13,14","27","99","489,0,408"
"0/1","14,15","29","99","485,0,477"
"0/1","13,14","27","99","421,0,452"
"0/1","11,12","23","99","342,0,376"
"0/1","10,13","23","99","371,0,336"
"0/1","11,13","24","99","406,0,367"
"0/1","15,17","32","99","475,0,453"
"0/1","16,18","34","99","556,0,507"
"0/1","17,18","35","99","587,0,545"
"0/1","14,15","29","99","482,0,477"
"0/1","15,14","29","99","414,0,440"
"0/1","13,14","27","99","382,0,396"
"0/1","11,17","28","99","555,0,348"
"0/1","12,14","26","99","460,0,340"
"0/1","13,10","23","99","330,0,457"
"0/1","13,11","24","99","379,0,455"
"0/1","18,17","35","99","538,0,553"
"0/1","10,12","22","99","318,0,345"
"0/1","15,12","27","99","400,0,488"
"0/1","13,18","31","99","562,0,446"
"0/1","10,18","28","99","598,0,319"
"0/1","9,17","26","99","566,0,288"
"0/1","9,14","23","99","418,0,301"
"0/1","9,15","24","99","456,0,296"
"0/1","9,16","25","99","524,0,298"
"0/1","8,16","24","99","564,0,257"
"0/1","9,4","13","99","124,0,328"
"0/1","9,2","11","50","50,0,330"
"0/1","11,3","14","78","78,0,393"
"0/1","9,5","14","99","155,0,324"
"0/1","10,8","18","99","271,0,338"
"0/1","11,10","21","99","292,0,384"
"0/1","11,10","21","99","297,0,387"
"0/1","10,11","21","99","359,0,304"
"0/1","11,14","25","99","471,0,301"
"0/1","11,16","27","99","569,0,287"
"0/1","9,13","22","99","456,0,294"
"0/0","21,0","21","60","0,60,807"
"0/1","10,9","19","99","307,0,342"
"0/1","7,9","16","99","285,0,245"
"0/1","10,11","21","99","358,0,304"
"0/1","12,14","26","99","468,0,406"
"0/1","12,13","25","99","443,0,410"
"0/1","12,11","23","99","378,0,391"
"0/1","11,9","20","99","307,0,371"
"0/1","9,9","18","99","279,0,306"
"0/1","5,11","16","99","404,0,152"
"0/1","12,13","25","99","461,0,372"
"0/1","13,12","25","99","417,0,440"
"0/1","14,9","23","99","261,0,488"
"0/1","12,11","23","99","371,0,380"
"0/1","10,12","23","99","395,0,336"
"0/1","12,12","24","99","388,0,404"
"0/1","13,14","27","99","469,0,392"
"0/1","17,18","35","99","576,0,508"
"0/1","17,18","35","99","477,0,553"
"0/1","14,13","27","99","369,0,421"
"0/1","16,14","30","99","350,0,515"
"0/1","19,14","33","99","451,0,580"
"0/1","13,8","21","99","197,0,437"
"0/1","13,7","20","99","171,0,440"
"0/1","12,7","19","99","180,0,406"
"0/1","11,8","19","99","212,0,364"
"0/1","11,9","20","99","262,0,361"
"0/1","13,14","27","99","464,0,436"
"0/1","10,15","25","99","423,0,303"
"0/1","11,14","25","99","415,0,293"
"0/1","11,12","23","99","352,0,296"
"0/1","13,8","21","99","194,0,374"
"0/1","15,6","21","99","183,0,511"
"0/1","15,9","24","99","275,0,505"
"0/1","15,15","30","99","488,0,470"
"0/1","17,19","36","99","651,0,477"
"0/1","18,19","37","99","578,0,556"
"0/1","18,19","37","99","639,0,575"
"0/1","17,22","39","99","690,0,552"
"0/1","17,17","34","99","500,0,563"
"0/1","15,13","28","99","421,0,492"
"0/1","18,12","30","99","387,0,629"
"0/1","19,12","31","99","378,0,656"
"0/1","20,13","33","99","407,0,685"
"0/1","13,9","22","99","282,0,454"
"0/1","11,8","19","99","263,0,392"
"0/1","11,21","32","99","658,0,320"
"0/1","14,23","37","99","737,0,413"
"0/1","13,19","32","99","650,0,411"
"0/1","33,11","44","99","276,0,547"
"0/1","25,15","40","99","316,0,559"
"0/1","22,18","40","99","345,0,526"
"0/1","14,14","29","99","425,0,415"
"0/1","14,28","42","99","917,0,393"
"0/1","22,13","35","99","362,0,738"
"0/1","20,11","31","99","281,0,595"
"0/1","12,14","26","99","446,0,336"
"0/1","14,16","30","99","455,0,373"
"0/1","14,21","35","99","579,0,266"
"0/1","17,11","28","99","262,0,554"
"0/1","34,10","44","99","133,0,1033"
"0/1","11,13","24","99","231,0,171"
"0/1","11,9","20","99","129,0,222"
"0/1","11,11","22","99","200,0,175"
"0/1","10,11","21","99","207,0,152"
"0/1","9,10","19","99","205,0,229"
"0/1","10,11","21","99","227,0,265"
"0/1","16,19","35","99","645,0,497"
"0/1","22,12","34","99","351,0,655"
"0/1","37,4","41","41","41,0,1219"
"0/1","41,12","53","99","107,0,1424"
"0/1","80,9","90","30","30,0,2417"
"0/1","82,8","91","33","33,0,2467"
"0/1","22,57","79","99","1726,0,415"
"0/1","44,10","54","99","135,0,1488"
"0/1","38,7","45","99","124,0,1211"
"0/1","13,7","20","99","148,0,318"
"0/1","15,9","26","99","134,0,401"
"0/1","11,6","17","68","68,0,386"
"0/1","8,5","13","50","50,0,275"
"0/1","10,7","17","65","65,0,342"
"0/1","18,20","38","99","565,0,525"
"0/1","19,17","36","99","547,0,602"
"0/1","10,17","27","99","566,0,290"
"0/1","13,7","21","99","152,0,317"
"0/1","17,15","32","99","378,0,463"
"0/1","19,16","35","99","422,0,590"
"0/1","19,12","31","99","307,0,662"
"0/1","19,9","28","99","282,0,580"
"0/1","15,14","29","99","465,0,521"
"0/1","16,14","31","99","457,0,559"
"0/1","16,25","41","99","842,0,509"
"0/1","16,20","36","99","647,0,539"
"0/1","17,22","39","99","706,0,437"
"0/1","21,20","41","99","609,0,710"
"0/1","14,16","30","99","501,0,395"
"0/1","12,13","25","99","422,0,400"
"0/1","22,13","35","99","379,0,708"
"0/1","11,11","22","99","368,0,365"
"0/1","16,10","26","99","291,0,466"
"0/1","9,11","20","99","357,0,302"
"0/0","37,0","37","99","0,105,1378"
"0/0","38,0","38","99","0,108,1427"
"0/0","34,0","34","96","0,96,1242"
"0/0","36,0","36","99","0,108,1406"
"0/1","36,10","47","99","213,0,369"
"0/0","22,0","22","66","0,66,849"
"0/0","21,0","21","63","0,63,843"
"0/0","32,0","32","90","0,90,1167"
"0/0","53,0","53","99","0,157,2070"
"0/0","45,0","45","99","0,123,1641"
"0/0","47,0","47","99","0,129,1684"
"0/0","44,0","44","99","0,126,1636"
"0/0","44,0","44","99","0,120,1538"
"0/0","43,0","43","99","0,117,1532"
"0/1","54,11","65","99","213,0,1552"
"0/1","58,24","85","99","369,0,1659"
"0/1","30,21","51","99","590,0,956"
"0/1","14,12","26","99","369,0,478"
"0/0","19,0","19","48","0,48,613"
"0/1","9,11","20","99","384,0,294"
"0/1","20,24","44","99","722,0,630"
"0/1","13,3","16","70","70,0,389"
"0/0","31,5","36","29","0,29,994"
"0/1","18,14","32","99","433,0,586"
"0/1","11,10","21","99","340,0,381"
"0/1","13,17","30","99","574,0,428"
"0/1","13,8","21","99","260,0,455"
"0/1","10,17","27","99","495,0,327"
"0/1","18,11","29","99","291,0,590"
"0/1","19,17","36","99","535,0,556"
"0/1","7,9","16","99","314,0,231"
"0/1","14,17","31","99","548,0,434"
"0/1","9,14","23","99","502,0,293"
"0/1","16,13","29","99","329,0,474"
"0/1","15,18","33","99","508,0,477"
"0/1","13,16","29","99","523,0,397"
"0/1","18,15","33","99","484,0,483"
"0/1","14,21","35","99","734,0,444"
"0/1","22,13","35","99","424,0,735"
"0/1","19,11","30","99","317,0,625"
"0/1","18,13","31","99","402,0,607"
"0/1","12,10","22","99","331,0,409"
"0/1","18,19","37","99","639,0,557"
"0/1","23,17","40","99","402,0,593"
"0/1","20,20","40","99","469,0,625"
"0/1","18,9","27","99","257,0,447"
"0/1","21,15","37","99","198,0,454"
"0/1","27,10","37","99","231,0,476"
"0/1","9,9","18","99","263,0,316"
"0/1","11,12","23","99","411,0,368"
"0/1","22,7","29","59","59,0,705"
"0/1","21,7","28","54","54,0,711"
"0/1","13,18","31","99","562,0,386"
"0/1","10,15","25","99","504,0,323"
"0/1","12,10","22","99","323,0,406"
"0/1","12,6","18","99","191,0,392"
"0/1","8,15","23","99","489,0,260"
"0/1","17,14","31","99","471,0,566"
"0/1","10,9","19","99","302,0,346"
"0/1","13,4","17","75","75,0,479"
"0/1","39,6","45","52","52,0,976"
"0/0","31,2","33","24","0,24,1065"
"0/1","16,12","28","99","335,0,554"
"0/1","12,24","36","99","809,0,362"
"0/1","20,16","36","99","476,0,565"
"0/1","14,17","31","99","511,0,449"
"0/1","12,14","26","99","453,0,299"
"0/1","6,11","17","99","393,0,191"
"0/1","4,5","9","99","142,0,138"
"0/1","17,9","26","99","288,0,600"
"0/1","12,9","21","99","307,0,424"
"0/1","9,15","24","99","461,0,270"
"0/1","15,26","41","99","846,0,451"
"0/1","19,17","36","99","550,0,561"
"0/1","15,13","28","99","444,0,448"
"0/1","23,13","36","99","383,0,784"
"0/1","19,16","35","99","530,0,595"
"0/1","28,22","50","99","625,0,965"
"0/0","32,0","32","87","0,87,1123"
"0/0","31,0","31","87","0,87,1118"
"0/1","15,11","26","99","371,0,504"
"0/1","15,13","28","99","421,0,526"
"0/1","7,4","11","84","84,0,182"
"0/1","13,13","26","99","375,0,391"
"0/1","13,11","24","99","378,0,378"
"0/1","8,8","16","99","229,0,250"
"0/1","9,7","16","99","196,0,290"
"0/1","7,11","18","99","409,0,150"
"0/1","5,15","20","59","543,0,59"
"0/1","18,8","26","99","246,0,656"
"0/1","10,10","20","99","320,0,317"
"0/1","20,11","31","99","331,0,649"
"0/1","25,18","43","99","523,0,788"
"0/1","25,17","42","99","414,0,812"
"0/1","24,20","44","99","599,0,717"
"0/1","18,13","31","99","387,0,555"
"0/1","22,22","44","99","638,0,670"
"0/1","9,11","20","99","323,0,249"
"0/1","17,9","26","99","303,0,438"
"0/1","15,9","24","99","295,0,279"
"0/1","21,12","33","99","320,0,451"
"0/1","9,15","24","99","415,0,300"
"0/1","8,15","23","99","509,0,247"
"0/1","10,12","22","99","408,0,325"
"0/1","15,11","26","99","363,0,525"
"0/1","20,8","28","99","129,0,575"
"0/1","17,6","23","94","94,0,534"
"0/1","14,5","19","67","67,0,445"
"0/1","13,15","28","99","511,0,254"
"0/1","20,12","32","99","297,0,585"
"0/1","16,13","29","99","410,0,526"
"0/1","19,22","41","99","691,0,619"
"0/1","14,12","26","99","359,0,458"
"0/1","14,12","26","99","364,0,458"
"0/0","24,1","25","69","0,69,948"
"0/1","14,16","30","99","400,0,415"
"0/1","12,14","26","99","492,0,362"
"0/1","9,9","18","99","313,0,306"
"0/1","9,11","20","99","382,0,300"
"0/1","5,9","14","99","318,0,161"
"0/1","8,11","19","99","349,0,267"
"0/1","7,14","21","99","464,0,179"
"0/1","15,25","40","99","682,0,437"
"0/1","15,19","34","99","580,0,449"
"0/1","11,6","17","99","193,0,356"
"0/1","18,18","36","99","501,0,608"
"0/1","9,15","24","99","526,0,292"
"0/1","16,18","34","99","601,0,501"
"0/1","14,19","33","99","598,0,457"
"0/1","10,16","26","99","539,0,319"
"0/1","11,20","31","99","610,0,347"
"0/1","13,21","35","99","659,0,300"
"0/1","14,15","29","99","490,0,446"
"0/0","22,1","23","18","0,18,734"
"0/1","25,25","50","99","766,0,826"
"0/1","13,13","26","99","448,0,449"
"0/1","15,11","27","99","384,0,453"
"0/1","21,24","46","99","731,0,658"
"0/1","14,16","30","99","457,0,423"
"0/1","14,13","27","99","369,0,477"
"0/1","11,18","29","99","565,0,332"
"0/1","10,9","19","99","313,0,349"
"0/1","12,8","20","99","265,0,385"
"0/1","9,8","17","93","281,0,93"
"0/0","45,0","45","99","0,108,1346"
"0/1","12,11","23","99","382,0,428"
"0/1","11,28","39","99","989,0,328"
"0/1","15,17","32","99","563,0,503"
"0/1","20,15","35","99","419,0,615"
"0/1","18,20","38","99","657,0,451"
"0/1","19,20","39","99","678,0,450"
"0/1","18,16","34","99","537,0,616"
"0/1","8,14","22","99","507,0,256"
"0/1","12,10","22","99","323,0,413"
"0/1","16,9","25","99","295,0,575"
"0/1","10,32","42","99","955,0,247"
"0/1","17,28","45","99","773,0,410"
"0/1","20,19","39","99","604,0,540"
"0/1","13,7","20","99","193,0,435"
"0/1","21,19","40","99","625,0,604"
"0/1","17,16","33","99","543,0,506"
"0/1","15,18","33","99","574,0,484"
"0/1","6,7","13","99","238,0,201"
"0/1","8,14","22","99","476,0,249"
"0/1","8,17","25","99","586,0,224"
"0/1","13,12","25","99","386,0,420"
"0/1","11,12","23","99","406,0,362"
"0/1","9,14","23","99","499,0,301"
"0/1","12,11","23","99","330,0,386"
"0/1","17,15","32","99","478,0,554"
"0/1","23,23","46","99","729,0,602"
"0/1","16,19","38","99","571,0,372"
"0/1","19,19","38","99","601,0,468"
"0/1","18,17","35","99","529,0,441"
"0/1","18,17","35","99","492,0,499"
"0/1","12,14","26","99","452,0,362"
"0/1","14,20","34","99","626,0,381"
"0/1","13,27","40","99","870,0,402"
"0/1","12,20","32","99","594,0,351"
"0/1","23,13","36","99","402,0,760"
"0/1","22,22","44","99","718,0,725"
"0/1","15,18","33","99","532,0,474"
"0/1","15,15","30","99","467,0,439"
"0/1","16,13","29","99","315,0,551"
"0/1","13,10","23","99","323,0,445"
"0/1","18,23","41","99","674,0,588"
"0/1","18,16","34","99","513,0,622"
"0/1","21,5","26","99","127,0,682"
"0/1","21,5","26","99","129,0,642"
"0/1","19,5","24","99","133,0,583"
"0/1","20,2","22","11","11,0,686"
"0/1","3,4","7","96","129,0,96"
"0/1","9,6","15","99","202,0,306"
"0/1","13,10","23","99","272,0,460"
"0/1","12,12","24","99","332,0,413"
"0/1","18,13","31","99","430,0,541"
"0/1","8,10","18","99","356,0,275"
"0/1","19,9","28","99","283,0,636"
"0/1","15,14","29","99","455,0,445"
"0/1","13,10","23","99","297,0,432"
"0/1","13,13","26","99","379,0,397"
"0/1","10,12","22","99","363,0,307"
"0/1","12,7","19","99","228,0,437"
"0/1","9,14","23","99","488,0,298"
"0/1","11,11","22","99","366,0,365"
"0/1","20,13","33","99","407,0,702"
"0/1","22,17","39","99","565,0,737"
"0/1","22,23","45","99","750,0,730"
"0/1","12,15","27","99","477,0,382"
"0/1","23,19","42","99","647,0,725"
"0/1","19,26","45","99","777,0,584"
"0/1","17,24","41","99","739,0,500"
"0/1","17,20","37","99","651,0,556"
"0/1","9,18","28","99","591,0,255"
"1/1","0,26","26","72","928,72,0"
"0/1","22,15","37","99","425,0,359"
"0/1","16,15","31","99","504,0,533"
"0/1","17,21","38","99","656,0,485"
"0/1","12,15","27","99","416,0,375"
"0/1","12,12","24","99","368,0,420"
"0/1","17,17","34","99","563,0,535"
"0/1","26,14","40","99","432,0,881"
"0/1","7,22","29","99","681,0,165"
"0/1","10,17","27","99","458,0,276"
"0/1","8,5","13","99","166,0,287"
"0/1","6,13","19","99","455,0,180"
"0/1","13,11","24","99","378,0,418"
"0/1","19,15","34","99","461,0,623"
"0/1","17,15","32","99","464,0,554"
"0/1","13,11","24","99","352,0,439"
"0/1","13,13","26","99","401,0,437"
"0/1","16,20","36","99","638,0,540"
"0/1","18,16","34","99","558,0,521"
"0/1","8,8","16","99","275,0,276"
"0/1","13,8","21","99","260,0,356"
"0/1","11,8","19","99","263,0,333"
"0/1","15,15","30","99","475,0,524"
"0/1","17,13","30","99","427,0,595"
"0/1","17,12","29","99","393,0,531"
"0/1","20,19","39","99","655,0,601"
"0/1","12,14","26","99","480,0,406"
"0/1","12,17","29","99","504,0,378"
"0/1","17,16","33","99","452,0,556"
"0/1","20,18","38","99","536,0,687"
"0/1","15,14","29","99","441,0,495"
"0/1","16,16","32","99","508,0,467"
"0/1","21,13","34","99","213,0,334"
"0/0","22,0","22","57","0,57,690"
"0/1","16,19","36","99","469,0,425"
"0/1","17,24","41","99","767,0,565"
"0/1","15,16","31","99","457,0,264"
"0/1","14,20","34","99","707,0,307"
"0/1","16,21","37","99","573,0,495"
"0/1","12,12","25","99","374,0,380"
"0/1","12,11","23","99","307,0,314"
"0/1","9,12","21","99","393,0,266"
"0/1","13,10","23","99","333,0,413"
"0/1","12,13","25","99","372,0,380"
"0/0","21,0","21","57","0,57,779"
"0/1","15,17","32","99","518,0,511"
"0/1","33,8","41","99","128,0,936"
"0/0","36,2","38","45","0,45,1272"
"0/1","15,22","37","99","673,0,434"
"0/1","6,9","15","99","321,0,188"
"0/1","16,12","28","99","397,0,482"
"0/1","12,11","23","99","341,0,415"
"0/1","12,11","23","99","366,0,417"
"0/1","8,4","12","99","129,0,256"
"0/1","16,15","31","99","411,0,452"
"0/1","17,7","25","99","177,0,566"
"0/1","15,7","22","99","146,0,507"
"0/1","7,5","12","99","151,0,249"
"0/1","7,5","12","99","140,0,210"
"0/1","12,8","20","99","273,0,380"
"0/1","9,9","18","99","312,0,282"
"0/1","8,9","17","99","313,0,263"
"0/1","7,6","13","99","174,0,198"
"0/1","11,7","18","99","189,0,396"
"0/1","10,7","17","99","236,0,358"
"0/1","14,8","22","99","210,0,468"
"0/1","7,12","19","99","429,0,215"
"0/1","15,12","27","99","401,0,483"
"0/1","14,15","29","99","412,0,408"
"0/1","49,15","64","99","403,0,1744"
"0/0","73,0","73","99","0,214,2830"
"0/1","12,12","24","99","397,0,400"
"0/1","13,7","21","99","182,0,387"
"0/1","7,9","16","99","325,0,148"
"0/1","20,15","35","99","457,0,682"
"0/1","21,15","36","99","461,0,725"
"0/1","21,10","31","99","308,0,733"
"0/1","11,15","26","99","495,0,376"
"0/1","19,19","38","99","595,0,583"
"0/1","20,10","30","99","291,0,622"
"0/1","11,17","28","99","536,0,371"
"0/1","15,16","31","99","524,0,459"
"0/1","25,3","28","44","44,0,821"
"0/1","19,9","28","99","244,0,691"
"0/1","10,15","25","99","471,0,338"
"0/1","7,9","16","99","281,0,198"
"0/1","8,11","19","99","341,0,231"
"0/1","9,16","25","99","541,0,294"
"0/1","14,11","25","99","374,0,418"
"0/0","22,0","22","54","0,54,738"
"0/1","12,16","28","99","559,0,393"
"0/1","7,14","21","99","438,0,216"
"0/1","18,11","29","99","357,0,610"
"0/1","18,14","32","99","442,0,611"
"0/1","15,8","23","99","242,0,544"
"0/1","26,6","32","78","78,0,847"
"0/1","13,16","29","99","547,0,418"
"0/1","23,12","35","99","378,0,414"
"0/1","11,11","22","99","353,0,261"
"0/0","22,0","22","63","0,63,869"
"0/1","10,4","16","86","86,0,283"
"0/0","43,0","46","99","0,117,1498"
"0/1","33,9","42","99","144,0,1188"
"0/1","16,14","30","99","409,0,567"
"0/1","16,18","34","99","623,0,537"
"0/1","8,7","15","99","232,0,284"
"0/1","9,15","24","99","492,0,298"
"0/1","11,12","23","99","405,0,375"
"0/1","16,14","30","99","444,0,480"
"0/1","8,17","25","99","587,0,240"
"0/1","12,10","22","99","333,0,424"
"0/1","12,12","24","99","396,0,371"
"0/1","11,11","22","99","376,0,371"
"0/1","26,23","49","99","708,0,795"
"0/0","15,0","15","39","0,39,516"
"0/1","10,14","24","99","421,0,289"
"0/1","14,14","29","99","461,0,405"
"0/1","21,18","39","99","563,0,675"
"0/1","13,6","19","99","193,0,433"
"0/1","14,10","24","99","326,0,488"
"0/1","14,8","22","99","244,0,505"
"0/1","13,11","24","99","362,0,427"
"0/1","10,13","23","99","421,0,324"
"0/1","13,13","26","99","354,0,419"
"0/1","13,13","26","99","398,0,424"
"0/1","15,12","27","99","373,0,457"
"0/1","10,17","27","99","585,0,258"
"0/1","15,21","36","99","684,0,488"
"0/1","17,18","35","99","627,0,489"
"0/1","11,11","22","99","347,0,366"
"0/1","14,9","23","99","284,0,367"
"0/1","14,8","22","99","248,0,446"
"0/1","14,12","26","99","352,0,447"
"0/1","16,10","26","99","334,0,522"
"0/1","21,11","32","99","294,0,704"
"0/1","14,13","27","99","440,0,423"
"0/1","9,14","23","99","497,0,297"
"0/1","12,7","19","99","223,0,423"
"0/1","17,14","31","99","395,0,591"
"0/1","16,15","31","99","474,0,561"
"0/1","11,14","25","99","442,0,328"
"0/1","8,10","18","99","342,0,269"
"0/1","7,14","21","99","506,0,220"
"0/1","9,11","20","99","387,0,300"
"0/1","11,3","14","81","81,0,371"
"0/1","14,6","20","99","190,0,467"
"0/1","14,8","22","99","264,0,469"
"0/1","13,15","28","99","474,0,419"
"0/1","7,17","25","99","576,0,200"
"0/0","10,0","10","27","0,27,324"
"0/1","8,15","23","99","491,0,254"
"0/1","12,13","25","99","427,0,410"
"0/1","13,7","20","99","180,0,452"
"0/1","16,13","29","99","408,0,509"
"0/1","13,16","29","99","557,0,403"
"0/1","15,12","27","99","379,0,515"
"0/1","15,12","27","99","376,0,536"
"0/1","9,10","19","99","351,0,236"
"0/1","12,9","21","99","297,0,382"
"0/1","24,3","27","43","43,0,770"
"0/1","23,3","26","48","48,0,776"
"0/1","14,10","24","99","325,0,504"
"0/1","24,10","34","99","277,0,763"
"0/1","15,19","34","99","635,0,451"
"0/1","14,11","25","99","363,0,439"
"0/1","15,11","26","99","313,0,503"
"0/1","7,13","20","99","357,0,192"
"0/1","10,10","20","99","307,0,297"
"0/1","12,9","21","99","278,0,351"
"0/1","11,8","19","99","229,0,388"
"0/1","11,8","19","99","229,0,392"
"0/1","7,9","16","99","304,0,232"
"0/1","10,10","20","99","349,0,356"
"0/1","14,11","25","99","377,0,461"
"0/1","9,12","21","99","361,0,308"
"0/1","14,11","25","99","329,0,492"
"0/1","12,18","30","99","607,0,334"
"0/1","9,8","17","99","278,0,308"
"0/1","10,4","14","99","129,0,289"
"0/1","11,4","15","99","121,0,365"
"0/1","8,15","23","99","457,0,261"
"1/1","0,17","17","51","676,51,0"
"0/1","13,9","22","99","304,0,418"
"0/1","14,7","21","99","189,0,464"
"0/1","16,15","31","99","496,0,556"
"0/1","7,9","16","99","259,0,240"
"0/1","10,9","19","99","278,0,344"
"0/1","14,11","25","99","374,0,347"
"0/1","9,7","16","99","237,0,322"
"0/1","7,5","12","99","169,0,239"
"0/1","11,11","22","99","307,0,384"
"0/1","13,9","22","99","304,0,416"
"0/1","11,15","26","99","462,0,285"
"0/1","16,16","32","99","516,0,498"
"0/1","14,14","28","99","432,0,491"
"0/1","16,9","25","99","294,0,553"
"0/1","8,19","27","99","668,0,240"
"0/1","6,12","18","99","393,0,183"
"0/1","7,15","22","99","485,0,219"
"0/1","10,18","28","99","580,0,325"
"0/1","13,17","30","99","523,0,404"
"0/1","14,12","26","99","386,0,414"
"0/1","14,14","28","99","442,0,444"
"0/1","12,6","18","99","137,0,417"
"0/1","9,6","15","99","161,0,238"
"0/1","15,12","27","99","375,0,463"
"0/1","13,12","25","99","399,0,455"
"0/1","2,13","15","29","464,0,29"
"0/1","10,6","16","99","189,0,359"
"0/1","14,9","23","99","252,0,458"
"0/1","15,18","33","99","606,0,495"
"0/1","45,8","53","99","144,0,1412"
"0/1","9,10","19","99","315,0,272"
"0/1","10,9","19","99","306,0,347"
"0/1","12,8","20","99","270,0,398"
"0/1","13,6","19","99","136,0,460"
"0/1","7,8","15","99","282,0,245"
"0/1","14,11","25","99","372,0,427"
"0/1","11,10","21","99","334,0,377"
"0/1","16,11","27","99","362,0,533"
"0/1","9,8","17","99","274,0,275"
"0/1","12,14","26","99","465,0,403"
"0/1","15,6","21","99","182,0,463"
"0/1","15,5","22","99","106,0,414"
"0/1","11,3","17","62","62,0,358"
"0/1","17,9","26","99","134,0,497"
"0/1","29,10","39","99","115,0,761"
"0/1","26,11","39","99","114,0,645"
"0/1","33,6","39","81","81,0,1116"
"0/1","21,24","45","99","701,0,502"
"0/1","15,19","34","99","531,0,431"
"0/1","14,16","30","99","465,0,431"
"0/1","9,14","23","99","474,0,262"
"0/1","13,8","21","99","273,0,400"
"0/1","13,5","18","99","150,0,451"
"0/1","11,13","24","99","441,0,365"
"0/1","17,8","25","99","248,0,574"
"0/1","14,16","30","99","493,0,444"
"0/1","12,16","28","99","447,0,367"
"0/1","14,14","28","99","381,0,461"
"0/1","12,22","34","99","690,0,303"
"0/1","11,22","33","99","748,0,268"
"0/1","20,9","30","99","244,0,684"
"0/1","21,16","37","99","505,0,691"
"0/1","13,8","21","99","249,0,458"
"0/1","12,16","28","99","431,0,400"
"0/1","12,6","18","99","140,0,405"
"0/1","11,12","23","99","376,0,306"
"0/1","13,11","24","99","364,0,450"
"0/1","19,20","39","99","514,0,569"
"0/1","8,5","13","99","164,0,284"
"0/1","8,11","19","99","386,0,257"
"0/1","13,15","28","99","485,0,375"
"0/1","7,7","14","99","232,0,248"
"0/1","7,4","11","99","124,0,250"
"0/1","11,6","17","99","192,0,378"
"0/1","10,12","22","99","393,0,297"
"0/1","5,14","19","99","436,0,156"
"0/1","21,12","33","99","326,0,732"
"0/1","10,12","22","99","331,0,340"
"0/1","17,15","32","99","443,0,548"
"0/1","16,20","36","99","665,0,451"
"0/1","11,13","24","99","400,0,368"
"0/1","9,11","20","99","387,0,299"
"0/1","17,10","27","99","335,0,495"
"0/1","25,6","31","84","84,0,760"
"0/1","24,10","34","99","298,0,599"
"0/1","11,16","28","99","505,0,259"
"0/1","27,16","43","99","390,0,859"
"0/1","28,15","43","99","390,0,841"
"0/1","11,6","17","99","182,0,340"
"0/1","22,7","30","62","62,0,323"
"0/0","17,1","22","18","0,18,218"
"0/0","12,0","17","30","0,30,337"
"0/1","15,8","23","99","251,0,500"
"0/1","6,15","21","99","505,0,185"
"0/1","10,9","19","99","284,0,324"
"0/1","15,4","19","99","100,0,529"
"0/1","17,11","28","99","314,0,599"
"0/0","7,0","7","12","0,12,151"
"0/1","14,12","26","99","412,0,487"
"0/1","10,17","27","99","555,0,311"
"0/1","17,12","29","99","397,0,514"
"0/1","15,12","27","99","403,0,491"
"0/0","8,0","12","12","0,12,137"
"0/1","16,21","37","99","623,0,537"
"0/1","7,11","18","99","383,0,192"
"0/1","25,18","43","99","578,0,869"
"0/1","18,20","38","99","614,0,620"
"0/1","26,7","33","99","189,0,911"
"0/1","24,5","29","99","116,0,852"
"0/0","8,1","10","6","0,6,82"
"0/1","15,8","23","99","248,0,537"
"1/1","1,32","33","59","1178,59,0"
"0/1","10,10","20","99","312,0,344"
"0/0","33,0","33","96","0,96,1287"
"0/1","21,10","31","99","286,0,697"
"0/1","11,9","20","99","304,0,381"
"0/1","18,13","31","99","395,0,590"
"0/0","20,0","20","57","0,57,758"
"0/0","38,0","38","99","0,114,1533"
"0/1","15,17","32","99","509,0,471"
"0/1","12,18","30","99","531,0,390"
"0/1","14,18","32","99","594,0,434"
"0/1","15,13","28","99","451,0,378"
"0/1","12,19","31","99","614,0,400"
"0/1","16,16","32","99","545,0,537"
"0/1","20,15","35","99","499,0,614"
"0/1","16,21","37","99","704,0,489"
"0/1","13,13","26","99","375,0,452"
"0/1","16,13","29","99","406,0,560"
"0/1","16,10","26","99","266,0,539"
"0/1","16,13","29","99","440,0,544"
"0/1","18,15","33","99","477,0,586"
"0/1","14,8","22","99","264,0,464"
"0/1","8,13","21","99","463,0,227"
"0/1","14,9","23","99","298,0,496"
"0/1","8,14","22","99","510,0,226"
"0/1","12,13","25","99","452,0,403"
"0/1","13,16","29","99","551,0,439"
"0/1","15,17","32","99","549,0,516"
"0/1","10,19","29","99","628,0,319"
"0/1","17,13","30","99","424,0,601"
"0/1","19,21","40","99","724,0,612"
"0/1","14,16","30","99","558,0,466"
"0/1","15,14","29","99","480,0,512"
"0/1","21,7","28","99","175,0,690"
"0/1","22,7","29","99","162,0,702"
"0/1","9,13","22","99","439,0,228"
"0/1","15,14","29","99","446,0,471"
"0/1","13,15","28","99","480,0,408"
"0/1","15,11","26","99","366,0,486"
"0/1","14,11","25","99","374,0,449"
"0/1","15,14","29","99","451,0,471"
"0/1","23,16","39","99","436,0,742"
"0/1","7,8","15","99","240,0,204"
"0/1","13,17","30","99","569,0,397"
"0/1","11,6","17","99","177,0,385"
"0/1","12,12","24","99","397,0,402"
"0/1","14,20","35","99","644,0,389"
"0/1","12,3","15","80","80,0,412"
"0/1","7,11","18","99","370,0,186"
"0/1","9,14","23","99","204,0,146"
"0/1","13,9","22","99","274,0,443"
"0/1","11,13","24","99","445,0,357"
"0/1","17,7","24","99","168,0,613"
"0/1","17,11","28","99","368,0,557"
"0/1","12,13","25","99","450,0,341"
"0/1","13,14","27","99","409,0,450"
"0/1","21,18","39","99","591,0,724"
"0/1","19,15","34","99","465,0,632"
"0/1","22,11","33","99","278,0,690"
"0/1","17,15","32","99","519,0,508"
"0/1","9,9","18","99","303,0,268"
"0/1","14,7","21","99","206,0,501"
"0/1","13,13","26","99","417,0,410"
"0/1","12,12","24","99","425,0,414"
"0/1","13,14","27","99","456,0,459"
"0/1","7,9","16","99","322,0,237"
"0/1","6,15","21","99","546,0,184"
"0/1","17,18","35","99","601,0,571"
"0/1","20,10","30","99","295,0,659"
"0/1","9,7","16","99","192,0,322"
"0/1","6,9","15","99","304,0,200"
"0/1","9,8","17","99","254,0,306"
"0/1","15,11","26","99","312,0,531"
"0/1","13,13","26","99","448,0,414"
"0/1","8,7","15","99","211,0,273"
"0/1","15,14","29","99","483,0,431"
"0/1","15,17","32","99","518,0,438"
"0/1","19,12","31","99","362,0,555"
"0/1","21,17","38","99","534,0,663"
"0/1","18,17","35","99","552,0,579"
"0/1","17,16","34","99","519,0,543"
"0/1","19,15","34","99","449,0,571"
"0/1","18,13","31","99","382,0,583"
"0/1","10,12","22","99","407,0,331"
"0/1","7,13","20","99","460,0,220"
"0/1","6,8","14","99","280,0,201"
"0/1","9,10","19","99","280,0,300"
"0/1","18,20","38","99","601,0,562"
"0/1","23,19","42","99","586,0,781"
"0/1","20,18","38","99","539,0,683"
"0/1","13,19","32","99","639,0,394"
"0/1","15,15","30","99","503,0,491"
"0/1","17,9","26","99","287,0,559"
"0/1","16,16","32","99","554,0,558"
"0/1","17,17","34","99","591,0,552"
"0/1","13,13","26","99","457,0,407"
"0/1","11,14","25","99","494,0,289"
"0/1","11,8","19","99","268,0,384"
"0/1","13,8","21","99","262,0,446"
"0/1","13,12","25","99","412,0,437"
"0/1","17,22","39","99","779,0,399"
"0/1","19,17","36","99","588,0,569"
"0/1","19,15","34","99","504,0,641"
"0/1","11,17","28","99","494,0,358"
"0/1","13,15","28","99","442,0,410"
"0/1","12,16","28","99","528,0,363"
"0/1","17,11","28","99","312,0,574"
"0/1","10,18","28","99","609,0,318"
"0/1","8,11","19","99","378,0,249"
"0/1","13,13","26","99","399,0,406"
"0/1","15,13","28","99","408,0,506"
"0/1","14,10","24","99","293,0,402"
"0/1","12,11","23","99","371,0,411"
"0/1","7,15","22","99","502,0,221"
"0/1","9,17","26","99","549,0,243"
"0/1","8,17","25","99","499,0,214"
"0/1","12,11","23","99","341,0,417"
"0/1","12,9","21","99","267,0,426"
"0/1","2,13","15","35","489,0,35"
"0/1","4,11","15","99","348,0,123"
"0/1","10,10","20","99","350,0,349"
"0/1","14,14","28","99","455,0,423"
"0/1","19,9","28","99","266,0,623"
"0/1","18,17","35","99","554,0,562"
"0/1","10,6","16","99","192,0,349"
"0/1","7,16","23","99","551,0,184"
"0/1","9,13","22","99","420,0,295"
"0/1","12,10","22","99","330,0,414"
"0/1","13,15","28","99","488,0,413"
"0/1","20,19","39","99","654,0,582"
"0/1","17,14","31","99","471,0,535"
"0/1","10,20","30","99","723,0,275"
"0/1","8,9","17","99","307,0,276"
"0/1","22,2","27","35","35,0,443"
"0/1","8,3","11","45","65,0,45"
"0/1","7,4","11","47","104,0,47"
"0/1","17,11","28","99","300,0,554"
"0/1","13,12","25","99","380,0,458"
"0/1","8,13","21","99","427,0,260"
"0/1","12,13","25","99","417,0,412"
"0/1","10,15","25","99","529,0,332"
"0/1","16,9","25","99","287,0,542"
"0/0","24,0","24","72","0,72,960"
"0/0","26,0","26","75","0,75,987"
"0/1","12,12","24","99","381,0,409"
"0/1","18,15","33","99","433,0,593"
"0/1","23,19","43","99","572,0,676"
"0/1","21,18","39","99","567,0,666"
"0/0","32,0","32","93","0,93,1232"
"0/0","29,0","29","84","0,84,1132"
"0/0","37,0","37","99","0,108,1449"
"0/1","10,8","18","99","260,0,335"
"0/1","21,14","35","99","425,0,683"
"0/1","3,22","25","11","736,0,11"
"0/0","22,0","22","63","0,63,835"
"0/1","8,14","22","99","466,0,254"
"0/1","17,17","34","99","557,0,518"
"0/1","13,20","33","99","584,0,383"
"0/1","16,15","31","99","447,0,475"
"0/1","21,18","39","99","581,0,590"
"0/0","36,0","36","93","0,93,1211"
"0/1","17,12","29","99","392,0,603"
"0/1","10,15","25","99","416,0,321"
"0/1","9,3","12","83","83,0,333"
"0/1","7,7","14","99","243,0,238"
"0/1","13,21","34","99","714,0,301"
"0/1","21,20","41","99","554,0,622"
"0/0","23,0","23","69","0,69,934"
"1/1","0,39","39","99","1407,105,0"
"0/0","14,0","14","42","0,42,540"
"0/1","14,9","23","99","293,0,488"
"0/1","7,8","15","99","272,0,235"
"0/1","25,17","42","99","506,0,825"
"0/1","22,14","36","99","425,0,788"
"0/1","50,8","58","56","56,0,1542"
"0/1","16,19","35","99","558,0,490"
"0/1","19,26","45","99","793,0,618"
"0/1","15,14","29","99","427,0,388"
"0/1","19,18","37","99","584,0,649"
"0/1","19,14","33","99","439,0,606"
"0/1","17,21","38","99","713,0,494"
"0/0","23,0","23","69","0,69,927"
"0/1","15,15","30","99","484,0,479"
"0/1","11,10","21","99","340,0,383"
"0/1","12,5","17","99","154,0,402"
"0/1","5,9","14","99","293,0,160"
"0/1","6,13","19","99","385,0,189"
"0/1","7,13","20","99","428,0,218"
"0/1","13,13","26","99","446,0,452"
"0/1","22,17","39","99","525,0,703"
"0/1","24,20","44","99","633,0,771"
"0/1","10,18","28","99","590,0,313"
"0/1","15,19","34","99","589,0,408"
"0/1","14,12","26","99","403,0,488"
"0/1","19,8","27","99","170,0,667"
"0/1","12,17","30","99","596,0,329"
"0/1","14,25","39","99","849,0,451"
"0/1","10,15","25","99","521,0,304"
"0/1","19,20","39","99","610,0,607"
"0/1","11,17","28","99","595,0,355"
"0/1","13,13","26","99","419,0,439"
"0/1","17,15","32","99","472,0,535"
"0/1","11,15","26","99","496,0,301"
"0/1","22,15","37","99","462,0,726"
"0/1","17,17","34","99","532,0,567"
"0/1","24,20","44","99","585,0,723"
"0/1","20,19","39","99","552,0,605"
"0/1","14,15","29","99","478,0,477"
"0/1","9,14","23","99","495,0,293"
"0/1","6,8","14","99","275,0,202"
"0/1","17,13","30","99","449,0,446"
"0/1","10,16","26","99","496,0,301"
"0/1","26,3","29","22","22,0,930"
"0/1","24,3","27","31","31,0,823"
"0/1","10,6","16","99","189,0,356"
"0/1","17,16","33","99","550,0,519"
"0/1","12,17","29","99","528,0,406"
"0/1","12,17","29","99","563,0,397"
"0/1","6,8","14","99","254,0,171"
"0/1","10,10","20","99","350,0,345"
"0/1","8,11","19","99","360,0,272"
"0/1","19,18","37","99","563,0,602"
"0/1","20,14","34","99","374,0,663"
"0/0","37,0","37","99","0,102,1333"
"0/1","8,22","30","99","756,0,240"
"0/1","17,15","32","99","511,0,580"
"0/1","21,6","27","99","122,0,443"
"0/1","19,8","27","99","133,0,343"
"0/1","17,9","27","99","147,0,334"
"0/1","18,9","30","99","229,0,225"
"0/1","23,10","33","99","200,0,338"
"0/1","8,8","16","99","247,0,284"
"0/1","23,29","52","99","968,0,733"
"0/1","9,10","19","99","344,0,260"
"0/1","21,14","35","99","454,0,670"
"0/1","12,17","29","99","549,0,396"
"0/1","19,14","33","99","393,0,569"
"0/1","19,21","40","99","569,0,632"
"0/1","13,17","30","99","546,0,395"
"0/1","22,13","35","99","376,0,713"
"0/1","17,9","26","99","274,0,602"
"0/1","10,11","21","99","380,0,341"
"0/1","11,16","27","99","517,0,331"
"0/1","9,6","15","99","115,0,321"
"0/1","15,9","24","99","288,0,465"
"0/1","14,14","28","99","418,0,454"
"0/1","13,18","31","99","634,0,354"
"0/1","12,14","26","99","467,0,391"
"0/1","33,6","39","62","62,0,966"
"0/1","13,12","25","99","406,0,397"
"0/0","26,0","26","48","0,48,559"
"0/1","13,12","25","99","417,0,415"
"0/1","9,9","18","99","253,0,316"
"0/1","19,7","26","99","177,0,625"
"0/1","15,8","23","99","243,0,515"
"0/1","9,4","13","99","127,0,263"
"0/1","35,5","40","30","30,0,1175"
"0/1","34,6","47","71","71,0,843"
"0/1","31,9","43","99","128,0,882"
"0/1","30,7","41","36","36,0,891"
"0/1","26,8","38","99","126,0,826"
"0/1","27,8","36","99","134,0,805"
"0/1","15,10","25","99","329,0,475"
"0/1","8,4","12","99","129,0,291"
"0/1","16,19","36","99","647,0,471"
"0/1","20,14","35","99","320,0,663"
"0/1","9,11","20","99","357,0,304"
"0/1","12,10","22","99","336,0,415"
"0/1","10,8","18","99","253,0,331"
"0/1","17,14","31","99","456,0,571"
"0/1","16,14","30","99","468,0,498"
"0/1","9,18","27","99","598,0,280"
"0/1","39,9","49","28","28,0,1177"
"0/1","39,17","62","99","195,0,1224"
"0/1","43,21","64","99","303,0,1254"
"0/1","34,45","79","99","718,0,1007"
"0/1","30,38","68","99","618,0,844"
"0/1","54,11","66","99","233,0,1176"
"0/1","50,11","62","99","214,0,1015"
"0/1","26,25","51","99","341,0,624"
"0/1","26,29","55","99","305,0,573"
"0/1","23,32","55","99","392,0,397"
"0/1","11,9","20","99","208,0,193"
"0/1","19,4","23","59","59,0,540"
"0/1","21,9","30","99","277,0,677"
"0/1","8,22","30","99","681,0,246"
"0/1","18,19","37","99","566,0,567"
"0/0","35,2","37","65","0,65,1293"
"0/1","23,15","38","99","385,0,759"
"0/0","40,0","40","99","0,114,1505"
"0/0","40,0","40","99","0,114,1498"
"0/0","38,0","38","99","0,108,1428"
"0/0","39,0","39","99","0,111,1477"
"0/0","34,2","36","59","0,59,1233"
"0/1","20,15","35","99","497,0,638"
"0/1","21,15","36","99","485,0,723"
"0/1","23,19","42","99","617,0,768"
"0/1","23,20","43","99","618,0,782"
"0/1","19,14","33","99","426,0,676"
"0/1","22,18","40","99","590,0,719"
"0/1","22,18","40","99","598,0,702"
"0/1","17,22","39","99","746,0,505"
"0/1","14,25","39","99","734,0,357"
"0/1","19,20","39","99","624,0,606"
"0/1","20,15","35","99","469,0,700"
"0/1","20,17","37","99","562,0,659"
"0/1","18,18","36","99","608,0,614"
"0/1","18,21","39","99","712,0,600"
"0/1","21,22","43","99","728,0,680"
"0/1","24,19","43","99","626,0,814"
"0/1","21,18","39","99","604,0,669"
"0/1","21,10","31","99","301,0,713"
"0/1","26,19","45","99","611,0,813"
"0/1","20,14","34","99","442,0,688"
"0/1","18,12","30","99","320,0,600"
"0/1","21,16","37","99","484,0,704"
"0/1","13,14","27","99","448,0,442"
"0/1","11,13","25","99","450,0,379"
"0/1","17,15","32","99","448,0,544"
"0/1","13,16","29","99","492,0,378"
"0/1","13,18","31","99","546,0,344"
"0/1","18,19","37","99","534,0,522"
"0/1","14,22","36","99","689,0,432"
"0/1","15,23","38","99","727,0,482"
"0/1","12,25","37","99","761,0,353"
"0/1","15,21","36","99","715,0,441"
"0/0","64,0","64","99","0,181,2392"
"0/1","37,17","54","99","529,0,1253"
"0/1","36,17","53","99","530,0,1236"
"0/1","22,22","44","99","746,0,762"
"0/1","41,7","48","99","144,0,1393"
"0/1","44,13","57","99","270,0,1520"
"0/0","10,0","10","27","0,27,356"
"0/0","11,0","11","30","0,30,405"
"0/1","16,19","35","99","552,0,404"
"1/1","1,13","15","36","465,36,0"
"0/1","6,8","15","99","280,0,175"
"0/0","24,0","24","72","0,72,959"
"0/0","27,0","27","78","0,78,1025"
"0/0","26,0","26","78","0,78,1023"
"0/0","24,0","24","72","0,72,962"
"0/0","26,0","26","78","0,78,1032"
"0/1","18,12","30","99","357,0,573"
"0/1","19,24","43","99","704,0,555"
"0/1","35,10","50","99","205,0,1005"
"0/1","37,16","55","99","266,0,1002"
"0/1","34,8","43","99","101,0,946"
"0/1","24,5","29","99","110,0,786"
"0/1","4,2","6","56","56,0,139"
"0/1","14,7","21","99","217,0,506"
"0/1","14,12","26","99","378,0,504"
"0/1","17,9","26","99","272,0,494"
"0/1","9,11","20","99","389,0,240"
"0/1","13,15","28","99","469,0,405"
"0/1","11,12","23","99","421,0,376"
"0/1","9,15","24","99","500,0,288"
"0/1","14,15","29","99","469,0,475"
"0/1","9,12","21","99","414,0,301"
"0/1","10,8","18","99","191,0,353"
"0/1","35,7","46","99","125,0,946"
"0/1","29,9","40","99","111,0,835"
"0/1","26,8","36","99","133,0,810"
"0/1","25,7","32","49","49,0,733"
"0/1","24,5","29","8","8,0,680"
"0/1","23,9","32","99","196,0,703"
"0/1","27,9","36","99","188,0,774"
"0/1","28,7","36","99","127,0,910"
"0/1","13,17","30","99","475,0,416"
"0/1","11,13","24","99","415,0,372"
"0/1","14,22","36","99","659,0,445"
"0/1","12,14","26","99","429,0,355"
"1/1","0,19","19","54","718,54,0"
"0/1","14,13","27","99","400,0,458"
"0/1","19,11","30","99","344,0,636"
"0/1","12,11","23","99","349,0,352"
"0/1","11,15","26","99","528,0,358"
"0/1","10,7","17","99","219,0,323"
"0/1","13,13","26","99","394,0,452"
"0/1","18,17","35","99","542,0,598"
"1/1","1,25","26","60","768,60,0"
"0/1","42,4","47","9","9,0,1350"
"0/1","22,10","33","99","142,0,493"
"0/1","30,22","52","99","625,0,768"
"0/0","22,1","23","24","0,24,821"
"0/1","10,26","36","99","879,0,253"
"0/1","11,16","27","99","514,0,357"
"0/1","9,17","26","99","557,0,282"
"0/1","11,25","36","99","747,0,271"
"0/1","11,25","36","99","780,0,286"
"0/1","11,26","37","99","912,0,291"
"0/1","11,25","36","99","863,0,282"
"0/1","23,17","41","99","525,0,734"
"0/1","23,16","39","99","482,0,682"
"0/1","27,8","35","99","139,0,849"
"0/1","25,7","32","99","173,0,833"
"0/1","19,15","34","99","497,0,521"
"0/1","20,15","35","99","438,0,582"
"0/1","21,11","33","99","276,0,619"
"0/1","14,14","28","99","441,0,359"
"0/1","10,20","30","99","625,0,318"
"0/1","12,20","32","99","614,0,388"
"0/1","23,10","33","99","316,0,748"
"0/1","10,22","32","99","739,0,293"
"0/1","26,13","39","99","345,0,812"
"0/1","12,16","28","99","552,0,361"
"0/1","12,12","24","99","386,0,359"
"0/1","11,12","23","99","342,0,303"
"0/1","12,12","28","99","400,0,288"
"0/0","30,0","30","81","0,81,1054"
"0/1","18,13","31","99","354,0,484"
"0/1","9,13","22","99","322,0,242"
"0/1","18,11","29","99","298,0,507"
"0/1","13,15","28","99","493,0,427"
"0/1","21,15","36","99","408,0,736"
"0/1","24,20","44","99","677,0,799"
"0/0","27,0","27","63","0,63,787"
"0/0","25,2","27","60","0,60,725"
"0/0","31,0","31","87","0,87,1098"
"0/0","26,3","29","60","0,60,785"
"0/1","13,10","23","99","341,0,434"
"0/1","20,16","36","99","507,0,620"
"0/1","12,15","27","99","517,0,403"
"0/0","12,2","14","24","0,24,299"
"0/1","21,18","39","99","528,0,660"
"0/1","25,9","34","99","263,0,775"
"0/1","12,18","30","99","504,0,382"
"0/1","14,7","21","99","216,0,497"
"0/1","11,16","27","99","555,0,328"
"0/1","15,20","35","99","644,0,488"
"0/1","8,13","22","99","386,0,198"
"0/1","13,11","24","99","265,0,342"
"0/1","6,11","17","99","394,0,148"
"0/1","12,8","20","99","229,0,348"
"0/1","15,14","29","99","428,0,451"
"0/1","15,17","32","99","427,0,433"
"0/1","11,15","26","99","439,0,364"
"0/1","19,18","37","99","514,0,513"
"0/1","11,16","27","99","455,0,320"
"0/1","12,13","25","99","407,0,356"
"0/1","15,21","36","99","725,0,445"
"0/1","10,15","25","99","494,0,319"
"0/1","7,16","24","99","538,0,174"
"0/1","7,7","14","99","230,0,238"
"0/1","14,10","24","99","303,0,500"
"0/0","29,0","29","87","0,87,1122"
"0/1","11,12","23","99","389,0,337"
"0/1","9,14","23","99","497,0,293"
"0/1","20,9","29","99","267,0,631"
"0/1","14,15","29","99","515,0,398"
"0/1","9,12","21","99","411,0,259"
"0/1","13,13","26","99","455,0,433"
"0/1","14,13","27","99","436,0,480"
"0/1","11,11","22","99","341,0,383"
"0/1","10,13","23","99","455,0,328"
"0/1","12,12","24","99","388,0,415"
"0/0","21,0","21","57","0,57,726"
"0/0","21,0","21","60","0,60,757"
"0/1","8,6","14","99","171,0,288"
"0/1","11,10","21","99","342,0,347"
"0/1","10,13","23","99","452,0,304"
"0/1","10,9","19","99","280,0,235"
"0/1","4,16","20","61","153,0,61"
"0/1","23,18","41","99","521,0,766"
"0/1","21,21","42","99","705,0,685"
"0/1","21,7","28","99","162,0,670"
"0/1","18,9","27","99","255,0,586"
"0/1","11,10","21","99","309,0,347"
"0/1","17,18","35","99","580,0,586"
"0/1","17,8","25","23","23,0,434"
"0/0","7,0","7","12","0,12,150"
"0/0","7,0","7","12","0,12,155"
"0/1","19,16","35","99","485,0,547"
"0/1","20,14","34","99","385,0,644"
"0/1","22,19","41","99","610,0,696"
"0/1","17,12","29","99","389,0,459"
"0/1","17,10","27","99","322,0,461"
"0/1","14,17","31","99","521,0,413"
"0/1","11,10","21","99","300,0,344"
"0/1","11,10","21","99","331,0,386"
"0/1","17,12","29","99","361,0,582"
"0/1","12,7","19","99","231,0,396"
"0/0","23,0","23","63","0,63,856"
"0/0","18,0","18","54","0,54,714"
"0/0","18,0","18","54","0,54,726"
"0/0","15,0","15","42","0,42,561"
"0/0","13,0","13","39","0,39,528"
"0/0","13,0","13","39","0,39,514"
"0/1","10,12","22","99","340,0,336"
"0/1","12,16","28","99","490,0,388"
"0/1","9,6","16","99","129,0,204"
"0/1","11,6","17","99","157,0,398"
"0/1","18,44","62","99","1356,0,542"
"0/1","12,18","30","99","555,0,397"
"0/1","11,18","29","99","563,0,321"
"0/1","10,19","29","99","683,0,319"
"0/1","18,27","45","99","885,0,600"
"0/1","34,15","49","99","448,0,1192"
"0/1","14,38","52","99","1199,0,419"
"0/1","33,5","38","30","30,0,1092"
"0/1","34,5","39","74","74,0,1169"
"0/1","29,12","41","99","341,0,922"
"0/1","30,17","47","99","541,0,997"
"0/1","13,24","37","99","858,0,399"
"0/1","30,11","41","99","324,0,1034"
"0/1","40,6","46","99","103,0,1392"
"0/1","36,16","52","99","418,0,1214"
"0/1","35,18","53","99","542,0,1212"
"0/1","16,36","52","99","1232,0,502"
"0/1","21,16","37","99","500,0,670"
"0/1","33,11","44","99","282,0,1132"
"0/1","12,36","48","99","1230,0,346"
"0/1","16,9","25","99","258,0,589"
"0/1","20,5","25","99","132,0,731"
"0/1","21,13","34","99","363,0,720"
"0/1","20,13","34","99","360,0,702"
"0/1","14,9","23","99","294,0,495"
"0/1","17,9","26","99","288,0,608"
"0/1","21,14","35","99","373,0,691"
"0/1","17,11","28","99","327,0,601"
"0/1","28,18","46","99","563,0,993"
"0/1","25,14","39","99","459,0,827"
"0/1","21,13","34","99","419,0,747"
"0/1","6,12","18","99","433,0,155"
"0/1","18,13","31","99","434,0,559"
"0/1","15,16","31","99","554,0,519"
"0/1","7,6","13","99","211,0,214"
"0/1","8,5","13","99","166,0,257"
"0/1","11,5","16","99","149,0,384"
"0/1","14,11","25","99","372,0,457"
"0/1","7,10","17","99","364,0,200"
"0/1","13,13","26","99","449,0,416"
"0/1","11,15","26","99","518,0,365"
"0/1","12,15","27","99","536,0,375"
"0/1","10,10","20","99","313,0,347"
"0/1","9,8","17","99","190,0,285"
"0/1","12,11","23","99","331,0,420"
"0/1","7,9","16","99","309,0,236"
"0/1","3,4","7","99","142,0,104"
"0/1","6,9","15","99","325,0,150"
"0/1","18,19","37","99","565,0,582"
"0/1","19,26","45","99","826,0,594"
"0/1","16,14","30","99","445,0,431"
"0/1","16,11","27","99","324,0,495"
"0/1","14,13","27","99","370,0,486"
"0/1","12,13","25","99","356,0,379"
"0/1","6,14","20","99","503,0,182"
"0/1","12,19","31","99","602,0,385"
"0/1","21,19","40","99","568,0,659"
"0/1","16,18","34","99","624,0,528"
"0/1","25,11","36","99","315,0,822"
"0/1","22,11","33","99","271,0,712"
"0/1","14,12","26","99","390,0,370"
"0/1","24,12","36","99","371,0,824"
"0/1","24,13","37","99","422,0,744"
"0/1","21,12","33","99","381,0,696"
"0/1","22,13","35","99","423,0,685"
"0/1","10,3","13","83","83,0,368"
"0/1","4,10","14","99","360,0,112"
"0/1","8,11","19","99","356,0,275"
"0/1","10,9","19","99","304,0,343"
"0/1","20,18","38","99","586,0,624"
"0/1","21,20","41","99","641,0,650"
"0/1","19,17","36","99","502,0,615"
"0/1","21,19","40","99","605,0,694"
"0/1","20,18","38","99","570,0,654"
"0/1","16,24","40","99","796,0,531"
"0/1","20,12","32","99","376,0,681"
"0/1","18,20","38","99","671,0,562"
"0/1","17,26","43","99","861,0,540"
"0/1","27,16","43","99","518,0,911"
"0/1","12,19","31","99","665,0,342"
"0/1","13,16","29","99","533,0,389"
"0/1","13,12","25","99","406,0,396"
"0/1","14,22","36","99","654,0,455"
"0/1","13,15","28","99","482,0,426"
"0/1","15,19","34","99","606,0,424"
"0/1","13,12","25","99","411,0,445"
"0/1","15,11","26","99","365,0,522"
"0/1","14,15","29","99","523,0,399"
"0/1","15,22","37","99","675,0,518"
"0/1","14,22","36","99","709,0,452"
"0/1","10,21","32","99","675,0,278"
"0/1","16,22","38","99","726,0,445"
"0/1","33,19","52","99","586,0,988"
"0/1","23,22","45","99","668,0,745"
"0/1","15,21","36","99","426,0,418"
"0/1","24,8","32","99","176,0,571"
"0/0","6,0","6","18","0,18,220"
"0/0","12,0","12","24","0,24,287"
"0/1","18,5","23","99","108,0,573"
"0/1","15,15","30","99","471,0,513"
"0/1","17,10","27","99","248,0,615"
"0/1","5,8","13","99","249,0,130"
"0/1","17,8","25","99","226,0,564"
"0/0","6,0","6","15","0,15,189"
"0/1","8,11","19","99","346,0,234"
"0/1","25,21","46","99","703,0,794"
"0/1","9,8","17","99","268,0,310"
"0/1","8,15","23","99","469,0,243"
"0/1","16,18","34","99","567,0,519"
"0/1","10,7","17","99","224,0,356"
"0/1","8,5","13","99","166,0,272"
"0/1","11,14","25","99","479,0,374"
"0/1","16,20","36","99","635,0,478"
"0/1","20,17","37","99","509,0,612"
"0/0","3,0","3","6","0,6,79"
"0/1","17,18","36","99","617,0,501"
"0/1","13,14","27","99","434,0,429"
"0/1","11,18","29","99","537,0,296"
"0/1","9,19","28","99","680,0,285"
"0/1","11,9","20","99","261,0,379"
"0/1","19,15","34","99","457,0,605"
"0/1","6,7","13","53","53,0,176"
"0/1","14,9","23","99","241,0,446"
"0/1","13,9","22","99","304,0,424"
"0/1","9,13","22","99","466,0,266"
"0/1","5,9","14","99","275,0,160"
"0/1","7,6","13","99","204,0,241"
"0/1","14,7","21","99","217,0,496"
"0/1","16,18","34","99","533,0,534"
"0/1","14,11","25","99","364,0,432"
"0/1","11,16","27","99","564,0,300"
"0/1","14,17","31","99","510,0,469"
"0/1","11,17","28","99","465,0,364"
"0/1","11,6","19","99","109,0,232"
"0/1","19,19","38","99","657,0,615"
"0/1","15,8","23","99","260,0,536"
"0/1","11,15","26","99","471,0,307"
"0/1","13,15","28","99","515,0,435"
"0/1","8,15","23","99","510,0,263"
"0/1","14,9","23","99","293,0,473"
"0/1","19,7","26","99","177,0,473"
"0/1","16,9","25","99","261,0,366"
"0/1","29,12","41","99","342,0,806"
"0/1","22,11","36","99","236,0,510"
"0/1","29,17","46","99","476,0,861"
"0/1","14,16","30","99","464,0,366"
"0/1","19,20","39","99","652,0,573"
"0/1","17,20","37","99","644,0,543"
"0/1","18,15","34","99","468,0,541"
"0/1","10,16","26","99","575,0,333"
"0/1","13,15","28","99","496,0,390"
"0/1","7,19","26","99","618,0,155"
"0/1","14,21","35","99","699,0,462"
"0/1","7,13","20","99","472,0,206"
"0/1","14,10","24","99","296,0,492"
"0/1","8,16","24","99","424,0,228"
"0/1","7,13","20","99","415,0,185"
"0/1","12,8","20","99","173,0,430"
"0/1","15,17","32","99","526,0,500"
"0/1","16,8","24","99","202,0,523"
"0/1","11,16","27","99","545,0,362"
"0/1","21,26","47","99","835,0,621"
"0/1","43,8","51","99","101,0,1131"
"0/1","32,19","51","99","494,0,729"
"0/1","43,7","50","63","63,0,1166"
"0/1","22,14","36","99","401,0,662"
"0/1","21,11","32","99","326,0,682"
"0/1","21,11","32","99","348,0,648"
"0/1","21,12","33","99","374,0,690"
"0/1","60,14","74","99","117,0,1681"
"0/1","55,17","72","99","496,0,1189"
"0/1","48,17","65","99","187,0,1503"
"0/0","50,0","50","99","0,111,1460"
"0/1","19,16","36","99","502,0,415"
"0/1","18,19","37","99","623,0,539"
"0/1","9,9","18","99","278,0,302"
"0/1","11,11","22","99","370,0,329"
"0/1","7,9","16","99","322,0,232"
"0/1","9,14","23","99","465,0,298"
"0/1","24,17","41","99","558,0,775"
"0/1","27,11","38","99","326,0,898"
"0/1","17,18","35","99","588,0,541"
"0/1","14,19","33","99","582,0,469"
"0/1","14,15","29","99","501,0,463"
"0/1","10,18","29","99","600,0,227"
"0/1","16,22","38","99","663,0,387"
"0/1","22,11","33","99","301,0,748"
"0/1","9,14","23","99","454,0,266"
"0/1","13,7","20","99","192,0,472"
"0/1","10,19","29","99","681,0,282"
"0/1","15,12","27","99","398,0,459"
"0/1","15,16","31","99","456,0,507"
"0/1","16,23","39","99","784,0,484"
"0/1","17,16","33","99","509,0,512"
"0/1","11,9","20","99","287,0,386"
"0/1","14,4","18","99","100,0,424"
"0/1","16,21","37","99","656,0,492"
"0/1","17,15","32","99","511,0,546"
"0/1","15,16","31","99","508,0,492"
"0/1","9,9","18","99","269,0,314"
"0/1","16,19","35","99","618,0,511"
"0/1","19,15","34","99","426,0,626"
"0/1","23,21","44","99","655,0,660"
"0/1","15,14","29","99","470,0,512"
"0/1","13,23","36","99","763,0,374"
"0/1","17,19","36","99","556,0,371"
"0/1","13,8","21","99","256,0,451"
"0/1","12,11","23","99","366,0,421"
"0/1","20,18","38","99","562,0,689"
"0/1","13,13","26","99","418,0,412"
"0/1","6,12","18","99","408,0,189"
"0/1","12,20","32","99","685,0,301"
"0/0","17,0","17","45","0,45,575"
"0/0","17,0","17","45","0,45,567"
"0/0","18,0","18","45","0,45,552"
"0/0","18,0","18","45","0,45,560"
"0/0","18,0","18","45","0,45,568"
"0/0","19,0","19","51","0,51,649"
"0/0","19,0","19","51","0,51,655"
"0/0","19,0","19","48","0,48,611"
"0/0","19,0","19","51","0,51,652"
"0/0","22,0","22","54","0,54,666"
"0/0","22,0","22","57","0,57,714"
"0/0","22,0","22","60","0,60,760"
"0/0","24,0","24","63","0,63,821"
"0/1","10,16","26","99","514,0,319"
"0/1","14,17","31","99","567,0,438"
"0/1","11,12","23","99","421,0,351"
"0/1","12,11","23","99","358,0,420"
"0/1","16,15","31","99","434,0,530"
"0/0","69,2","71","99","0,139,2601"
"0/1","7,12","19","99","390,0,185"
"0/1","25,14","39","99","427,0,838"
"0/1","16,8","24","99","258,0,547"
"0/0","26,0","26","78","0,78,1033"
"0/0","20,0","20","51","0,51,679"
"0/1","14,8","22","99","186,0,486"
"0/1","32,6","38","77","77,0,632"
"0/1","17,16","36","99","191,0,396"
"0/1","92,10","102","61","61,0,3241"
"0/1","92,10","102","79","79,0,3281"
"0/1","92,10","103","84","84,0,3087"
"0/1","36,7","43","99","119,0,1242"
"0/1","22,18","40","99","607,0,644"
"0/1","22,8","30","99","176,0,646"
"0/1","21,11","32","99","329,0,601"
"0/1","18,9","27","99","304,0,398"
"0/1","11,8","19","99","232,0,275"
"0/1","12,4","16","99","107,0,387"
"0/1","13,4","17","99","114,0,435"
"0/1","9,11","21","99","381,0,302"
"1/1","2,19","21","20","723,20,0"
"0/1","16,3","19","74","74,0,375"
"0/1","12,7","19","99","233,0,375"
"0/1","11,9","20","99","309,0,344"
"0/1","12,11","23","99","338,0,387"
"0/0","22,0","22","63","0,63,833"
"0/1","11,7","18","99","226,0,375"
"0/1","10,9","19","99","293,0,318"
"0/1","11,11","22","99","371,0,301"
"0/1","11,9","20","99","273,0,306"
"0/1","8,9","17","99","269,0,274"
"0/1","14,11","25","99","305,0,419"
"0/1","10,10","20","99","358,0,182"
"0/1","12,10","22","99","345,0,219"
"0/1","17,10","27","99","340,0,406"
"0/1","20,12","32","99","383,0,440"
"0/1","16,13","29","99","409,0,429"
"0/1","17,10","27","99","341,0,530"
"0/1","18,6","24","99","174,0,487"
"0/1","15,12","27","99","408,0,457"
"0/1","12,8","20","99","275,0,352"
"0/1","12,6","18","99","151,0,369"
"0/1","20,13","33","99","150,0,312"
"0/1","23,15","39","99","236,0,450"
"0/1","16,20","37","99","668,0,493"
"0/1","12,10","22","99","290,0,395"
"0/1","11,9","21","99","229,0,380"
"0/1","20,18","38","99","564,0,613"
"0/1","19,27","46","99","907,0,622"
"0/1","17,23","40","99","707,0,555"
"0/1","12,14","26","99","485,0,366"
"0/1","27,8","35","99","185,0,796"
"0/1","12,11","23","99","377,0,412"
"0/1","21,16","37","99","523,0,688"
"0/1","12,9","21","99","305,0,378"
"0/1","11,14","25","99","483,0,353"
"0/1","9,16","25","99","455,0,292"
"0/1","7,7","14","99","238,0,241"
"0/1","8,9","17","99","319,0,276"
"0/1","18,12","30","99","360,0,584"
"0/1","15,10","25","99","326,0,493"
"0/1","10,5","15","99","160,0,352"
"0/0","4,0","4","12","0,12,145"
"0/1","24,14","38","99","329,0,759"
"0/1","15,9","24","99","262,0,462"
"0/1","10,6","18","99","168,0,330"
"0/1","17,16","33","99","382,0,520"
"0/1","14,16","30","99","515,0,461"
"0/0","31,0","31","90","0,90,1191"
"0/0","31,0","31","87","0,87,1163"
"0/1","17,12","29","99","396,0,596"
"0/1","11,12","25","99","299,0,248"
"0/1","9,8","17","99","276,0,305"
"0/1","15,17","32","99","537,0,407"
"0/1","29,17","46","99","541,0,966"
"0/1","17,17","34","99","566,0,564"
"0/1","10,15","25","99","498,0,289"
"0/1","17,22","39","99","708,0,542"
"0/1","14,9","23","99","290,0,485"
"0/1","10,17","27","99","481,0,248"
"0/1","15,19","34","99","649,0,478"
"0/0","11,0","11","24","0,24,308"
"0/1","5,14","19","99","444,0,152"
"0/1","15,7","22","99","171,0,520"
"0/0","28,0","28","78","0,78,1032"
"0/1","15,11","26","99","279,0,345"
"0/0","32,0","32","87","0,87,1147"
"0/1","17,18","35","99","481,0,512"
"0/0","20,0","20","57","0,57,744"
"0/1","14,16","30","99","535,0,454"
"0/1","8,9","17","99","287,0,227"
"0/1","13,24","37","99","845,0,370"
"0/1","11,18","29","99","605,0,362"
"0/1","11,16","27","99","541,0,376"
"0/1","9,7","16","99","201,0,319"
"0/1","10,6","16","99","157,0,341"
"0/1","12,15","27","99","526,0,328"
"0/1","10,11","21","99","384,0,272"
"0/1","7,12","19","99","419,0,217"
"0/1","14,8","24","99","213,0,417"
"0/1","17,15","32","99","511,0,523"
"0/1","17,14","31","99","466,0,587"
"0/0","26,0","26","75","0,75,969"
"0/1","5,5","10","25","110,0,25"
"0/1","26,20","46","99","515,0,801"
"0/1","12,8","20","99","230,0,398"
"0/0","28,2","30","66","0,66,789"
"0/1","13,5","18","99","153,0,283"
"0/1","5,7","12","99","246,0,129"
"0/0","20,0","20","51","0,51,689"
"0/1","16,11","27","99","377,0,411"
"0/1","7,11","18","99","376,0,190"
"0/1","6,13","19","99","418,0,178"
"0/1","12,7","19","99","211,0,396"
"0/1","12,4","16","76","76,0,368"
"0/1","10,13","23","99","416,0,249"
"0/1","5,2","7","62","62,0,184"
"0/1","3,10","13","87","328,0,87"
"0/1","12,13","25","99","393,0,328"
"0/1","11,14","25","99","484,0,364"
"0/1","13,9","22","99","280,0,425"
"0/1","9,15","24","99","463,0,299"
"0/1","15,16","31","99","514,0,473"
"0/1","7,15","22","99","501,0,223"
"0/1","13,10","23","99","328,0,418"
"0/1","19,16","35","99","446,0,630"
"0/1","6,8","14","99","273,0,198"
"0/0","22,0","22","54","0,54,721"
"0/1","14,11","25","99","377,0,451"
"0/1","13,22","35","99","742,0,409"
"0/1","4,14","18","99","422,0,106"
"0/1","15,6","21","99","176,0,498"
"0/1","12,15","27","99","522,0,363"
"0/0","34,0","34","99","0,99,1325"
"0/1","16,19","35","99","656,0,533"
"0/1","11,17","28","99","314,0,305"
"0/1","20,6","26","99","127,0,384"
"0/0","21,0","21","36","0,36,461"
"0/1","13,13","26","99","437,0,403"
"0/1","12,13","25","99","411,0,412"
"0/1","18,18","36","99","605,0,524"
"0/1","22,30","52","99","984,0,692"
"0/1","11,22","33","99","719,0,346"
"0/1","20,12","32","99","399,0,690"
"0/1","16,11","27","99","367,0,492"
"0/1","20,5","25","30","30,0,614"
"1/1","0,15","15","18","213,18,0"
"0/1","40,5","45","13","13,0,1198"
"0/1","9,8","17","99","186,0,263"
"0/1","13,9","24","99","254,0,176"
"0/1","12,18","31","99","578,0,236"
"0/1","13,18","31","99","508,0,363"
"0/1","9,21","30","99","755,0,263"
"0/1","17,19","36","99","577,0,582"
"0/1","22,20","42","99","630,0,647"
"0/1","13,24","37","99","698,0,353"
"0/1","11,9","20","99","302,0,310"
"0/1","14,13","27","99","388,0,415"
"0/1","22,24","46","99","543,0,581"
"0/1","20,20","40","99","644,0,608"
"0/1","10,16","26","99","530,0,254"
"0/1","23,16","39","99","453,0,702"
"0/0","30,1","31","32","0,32,836"
"0/1","9,12","21","99","371,0,291"
"0/2","33,1,24","58","99","697,784,1839,0,1055,989"
"0/1","31,13","44","99","342,0,1003"
"0/1","28,12","40","99","318,0,943"
"0/1","5,10","15","99","314,0,160"
"0/1","16,16","32","99","549,0,473"
"0/0","21,0","21","54","0,54,736"
"0/1","8,14","22","99","479,0,256"
"0/1","11,4","15","99","118,0,399"
"0/1","12,8","20","99","229,0,415"
"0/1","8,8","16","99","264,0,233"
"0/1","10,6","16","99","194,0,315"
"0/1","9,8","17","99","256,0,313"
"0/1","13,11","24","99","383,0,416"
"0/1","18,12","30","99","372,0,608"
"0/1","12,13","25","99","411,0,373"
"0/1","7,12","19","99","427,0,223"
"0/1","11,9","20","99","290,0,379"
"0/1","7,15","22","99","494,0,175"
"0/1","11,12","23","99","420,0,334"
"0/1","15,7","22","99","193,0,534"
"0/0","29,0","29","78","0,78,1014"
"0/1","17,12","29","99","356,0,590"
"0/1","9,9","18","99","300,0,305"
"0/1","21,6","27","99","127,0,571"
"0/2","16,1,7","24","99","149,182,564,0,382,367"
"0/1","15,16","31","99","514,0,499"
"0/1","14,18","32","99","554,0,408"
"0/1","5,24","29","42","788,0,42"
"0/0","24,2","28","3","0,3,743"
"0/1","13,10","23","99","303,0,408"
"0/1","19,14","33","99","453,0,674"
"0/1","15,8","23","99","186,0,448"
"0/0","17,0","17","48","0,48,607"
"0/1","7,11","18","99","354,0,185"
"0/1","18,11","29","99","355,0,615"
"0/1","24,8","32","99","105,0,860"
"0/1","34,3","37","18","18,0,1074"
"0/1","30,9","39","99","134,0,927"
"0/1","30,17","47","99","371,0,983"
"0/1","31,5","36","56","56,0,978"
"0/1","15,10","25","99","257,0,463"
"0/1","21,18","39","99","611,0,602"
"0/1","13,14","27","99","496,0,372"
"0/1","10,10","20","99","342,0,346"
"0/1","17,16","33","99","482,0,513"
"0/1","18,14","32","99","460,0,594"
"0/1","12,5","17","99","151,0,423"
"0/1","10,14","24","99","497,0,337"
"0/1","16,15","31","99","406,0,512"
"0/1","12,10","22","99","343,0,383"
"0/1","15,15","30","99","507,0,480"
"0/1","16,21","37","99","664,0,538"
"0/1","16,24","40","99","782,0,518"
"1/1","1,12","13","33","397,33,0"
"0/1","7,17","24","99","231,0,166"
"0/1","14,14","28","99","448,0,469"
"0/1","11,12","23","99","380,0,363"
"0/1","11,9","20","99","304,0,376"
"0/1","8,16","24","99","543,0,240"
"0/1","17,13","30","99","440,0,563"
"0/1","10,4","14","99","118,0,347"
"0/1","13,7","20","99","230,0,423"
"0/1","16,11","27","99","368,0,570"
"0/1","19,13","32","99","374,0,660"
"0/1","20,15","35","99","492,0,628"
"0/1","15,16","31","99","557,0,513"
"0/1","12,14","26","99","488,0,408"
"0/1","15,15","30","99","525,0,405"
"0/1","19,18","37","99","577,0,646"
"0/1","15,18","35","99","549,0,512"
"0/1","48,17","65","99","271,0,1461"
"0/1","48,17","65","99","264,0,1321"
"0/1","68,17","85","99","218,0,2228"
"0/1","29,8","37","99","109,0,1027"
"0/1","15,5","20","99","137,0,430"
"0/1","10,14","24","99","466,0,265"
"0/1","12,16","28","99","561,0,388"
"0/1","32,6","38","99","120,0,1060"
"0/1","13,4","17","99","99,0,339"
"1/1","1,20","22","48","616,48,0"
"0/1","12,12","24","99","315,0,383"
"0/1","8,10","18","99","353,0,270"
"0/1","10,6","16","99","184,0,353"
"0/0","28,0","28","81","0,81,1069"
"0/1","17,14","31","99","467,0,553"
"0/1","16,16","32","99","524,0,486"
"0/1","4,16","20","99","492,0,100"
"0/1","10,20","30","99","672,0,234"
"0/1","8,8","16","99","188,0,264"
"0/1","21,18","39","99","525,0,717"
"0/1","20,11","32","99","357,0,382"
"0/1","12,13","25","99","189,0,208"
"0/1","19,6","25","68","68,0,545"
"0/0","19,0","19","54","0,54,641"
"0/0","17,0","17","45","0,45,520"
"0/0","15,0","15","42","0,42,502"
"0/0","15,0","15","42","0,42,532"
"0/1","12,11","23","99","306,0,340"
"0/1","22,20","42","99","592,0,676"
"0/1","17,16","33","99","499,0,531"
"0/1","26,12","38","99","377,0,813"
"0/1","9,11","20","99","341,0,313"
"0/1","3,10","14","46","153,0,46"
"0/0","34,0","35","78","0,78,952"
"0/1","11,15","26","99","484,0,360"
"0/1","10,15","25","99","535,0,327"
"0/1","9,10","19","99","345,0,276"
"0/1","14,19","33","99","614,0,394"
"0/1","22,17","39","99","492,0,744"
"0/1","15,8","23","99","111,0,424"
"0/1","19,15","34","99","469,0,594"
"0/0","32,0","33","81","0,81,1042"
"0/1","28,19","47","99","580,0,909"
"0/1","15,17","33","99","597,0,471"
"0/1","13,17","30","99","566,0,438"
"0/1","70,18","88","47","47,0,1855"
"0/1","13,10","23","99","300,0,326"
"0/1","67,18","85","99","362,0,2355"
"0/1","60,19","79","99","283,0,1994"
"0/1","77,10","87","99","134,0,2612"
"0/1","49,15","64","99","386,0,1728"
"0/1","57,16","73","99","406,0,2012"
"0/1","74,14","88","99","261,0,2602"
"0/1","64,11","76","99","209,0,2081"
"0/1","73,19","92","99","442,0,2353"
"0/1","62,11","73","99","222,0,1999"
"0/1","71,12","83","99","237,0,2417"
"0/1","39,16","55","99","451,0,1290"
"0/1","21,14","35","99","458,0,613"
"0/1","15,21","36","99","706,0,481"
"0/1","13,24","37","99","813,0,381"
"0/1","18,22","40","99","757,0,562"
"0/1","14,16","30","99","540,0,339"
"0/1","23,14","37","99","362,0,720"
"0/1","23,8","31","99","218,0,747"
"0/1","15,19","34","99","633,0,487"
"0/1","11,27","38","99","950,0,337"
"0/1","22,9","31","99","270,0,746"
"0/1","24,21","45","99","672,0,751"
"0/1","17,18","35","99","581,0,565"
"0/1","11,1","14","9","9,0,298"
"0/0","20,0","20","54","0,54,738"
"0/0","23,0","23","66","0,66,895"
"0/0","14,0","14","39","0,39,508"
"0/1","11,6","17","99","154,0,376"
"0/0","25,0","25","75","0,75,1009"
"0/0","24,0","24","72","0,72,958"
"0/0","24,0","24","72","0,72,955"
"0/1","13,8","21","99","231,0,418"
"0/0","24,0","24","69","0,69,905"
"0/0","26,0","26","75","0,75,1001"
"0/0","25,0","25","72","0,72,968"
"0/0","26,0","26","72","0,72,966"
"0/0","24,0","24","66","0,66,872"
"0/0","26,0","26","72","0,72,965"
"0/0","26,0","26","72","0,72,949"
"0/1","10,14","24","99","445,0,325"
"0/1","13,15","28","99","514,0,445"
"0/0","42,0","42","99","0,117,1521"
"0/1","13,26","39","99","755,0,421"
"0/1","25,15","40","99","456,0,759"
"0/1","37,5","42","57","57,0,1199"
"0/0","27,0","27","75","0,75,1006"
"0/0","26,0","26","75","0,75,985"
"0/0","25,0","25","69","0,69,925"
"0/0","26,0","26","72","0,72,955"
"0/0","18,0","18","48","0,48,648"
"0/0","17,0","17","48","0,48,644"
"0/0","21,0","21","54","0,54,722"
"0/1","6,13","19","99","449,0,190"
"0/1","6,13","19","99","418,0,195"
"0/0","17,0","17","51","0,51,675"
"0/0","16,0","16","48","0,48,639"
"0/0","15,0","15","45","0,45,616"
"0/1","17,7","24","99","218,0,533"
"0/1","13,8","21","99","259,0,456"
"0/1","9,9","18","99","282,0,299"
"0/0","22,0","22","63","0,63,844"
"0/0","22,0","22","60","0,60,809"
"0/0","22,0","22","60","0,60,806"
"0/1","11,11","22","99","349,0,341"
"0/0","23,0","23","60","0,60,813"
"0/0","24,0","24","63","0,63,835"
"0/0","22,0","22","60","0,60,807"
"0/0","17,0","17","51","0,51,650"
"0/0","16,0","16","48","0,48,616"
"0/0","18,0","18","54","0,54,700"
"0/1","16,10","26","99","292,0,575"
"0/0","18,0","18","51","0,51,694"
"0/1","16,8","24","99","242,0,334"
"0/1","16,11","27","99","364,0,469"
"0/0","27,0","27","75","0,75,975"
"0/0","25,0","25","72","0,72,956"
"0/0","25,0","25","66","0,66,889"
"0/0","21,0","21","63","0,63,844"
"0/1","15,10","25","99","341,0,453"
"0/0","29,0","29","81","0,81,1074"
"0/1","36,10","46","99","186,0,1086"
"0/1","15,27","43","99","809,0,498"
"0/1","18,14","32","99","328,0,600"
"0/1","9,8","17","99","275,0,315"
"0/1","8,16","24","99","551,0,206"
"0/1","9,16","25","99","548,0,287"
"0/1","12,10","22","99","315,0,392"
"0/1","15,12","27","99","374,0,497"
"0/1","15,11","26","99","351,0,528"
"0/1","11,17","28","99","526,0,356"
"0/0","17,0","17","51","0,51,673"
"0/0","18,0","18","54","0,54,707"
"0/1","15,13","28","99","439,0,489"
"0/1","15,9","24","99","270,0,508"
"0/1","8,15","23","99","486,0,233"
"0/1","12,10","22","99","307,0,421"
"0/1","9,12","21","99","329,0,313"
"0/1","10,7","17","99","228,0,327"
"0/1","12,19","31","99","578,0,350"
"0/1","12,13","25","99","436,0,414"
"0/1","7,20","27","99","680,0,211"
"0/1","18,6","24","99","125,0,600"
"0/1","21,18","39","99","488,0,564"
"0/1","18,15","33","99","490,0,574"
"0/1","18,9","27","99","283,0,641"
"0/1","15,15","30","99","482,0,442"
"0/1","14,9","23","99","249,0,494"
"0/1","12,9","21","99","300,0,420"
"0/1","3,4","8","22","123,0,22"
"0/1","3,6","10","56","123,0,56"
"0/1","6,4","10","59","94,0,59"
"0/1","7,16","23","99","561,0,206"
"0/1","9,20","29","99","709,0,270"
"0/1","12,10","22","99","337,0,347"
"0/1","13,17","30","99","566,0,443"
"0/1","8,12","20","99","426,0,267"
"0/1","14,14","28","99","421,0,477"
"0/1","14,7","21","99","172,0,511"
"0/1","13,15","28","99","371,0,354"
"0/1","11,6","17","99","191,0,383"
"0/1","13,13","26","99","347,0,384"
"0/1","16,16","32","99","478,0,516"
"0/1","12,11","23","99","378,0,415"
"0/1","21,10","31","99","278,0,595"
"0/1","10,19","29","99","678,0,261"
"0/1","10,8","18","99","275,0,353"
"0/1","11,9","20","99","255,0,359"
"0/1","14,13","27","99","434,0,471"
"0/1","8,6","14","99","196,0,240"
"0/1","8,16","24","99","543,0,255"
"0/1","15,12","27","99","400,0,503"
"0/1","10,4","15","78","78,0,288"
"0/1","14,11","25","99","329,0,463"
"0/1","9,19","28","99","650,0,246"
"0/1","13,13","27","99","435,0,375"
"0/1","17,27","44","99","860,0,560"
"0/1","6,23","31","99","493,0,145"
"0/1","16,18","36","99","520,0,252"
"0/1","13,11","30","99","244,0,225"
"0/1","7,13","20","78","176,0,78"
"0/1","6,7","13","99","241,0,197"
"0/1","9,16","25","99","490,0,251"
"0/1","14,17","31","99","569,0,310"
"0/1","17,13","30","99","271,0,574"
"0/1","17,17","34","99","505,0,560"
"0/1","12,18","30","99","500,0,384"
"0/1","15,17","32","99","521,0,473"
"0/1","11,14","25","99","457,0,380"
"0/1","12,13","25","99","390,0,370"
"0/1","7,14","21","99","481,0,162"
"0/1","11,14","25","99","393,0,267"
"0/1","12,16","28","99","479,0,391"
"0/1","12,13","25","99","436,0,326"
"0/1","13,16","29","99","558,0,421"
"0/1","6,9","15","99","313,0,199"
"0/1","17,17","34","99","584,0,565"
"0/1","17,10","27","99","329,0,565"
"0/1","17,10","27","99","320,0,595"
"0/1","13,10","23","99","331,0,454"
"0/1","12,13","25","99","443,0,412"
"0/1","15,4","19","99","108,0,413"
"0/1","213,37","250","99","718,0,7335"
"0/1","220,29","249","99","296,0,7525"
"0/1","207,43","250","99","924,0,6766"
"0/1","205,45","250","99","982,0,7026"
"0/1","206,44","250","99","965,0,7063"
"0/1","211,39","250","99","734,0,7420"
"0/1","212,38","250","99","656,0,7415"
